season	population	alive	births	deaths	mean_lifetime_score	best_lifetime_score	mean_age	max_age
0	holistic	60	1	1	0.07621158847423737	2.9251010885055337	26.633333333333333	59
0	conventional	60	0	0	0.16693373595051642	3.348029078041101	27.883333333333333	59
1	holistic	60	1	1	0.04274208318513705	1.426746035273094	26.633333333333333	56
1	conventional	60	1	1	0.08045950878688038	2.1457982665821964	27.883333333333333	59
2	holistic	60	0	0	0.053183105057835064	1.7885037390287515	27.633333333333333	57
2	conventional	60	8	8	0.24695142721402838	2.0586715895117447	24.133333333333333	59
3	holistic	60	0	0	0.05443310861031415	1.5405225919220764	28.633333333333333	58
3	conventional	60	7	7	0.4091676732299733	3.4701485784315467	22.55	59
4	holistic	60	2	2	0.07211435040389245	1.7932209063833178	29.033333333333335	59
4	conventional	60	5	5	0.3662444358742061	2.5964669873608544	20.733333333333334	57
5	holistic	60	4	4	0.06421334210762134	1.624592159405192	26.966666666666665	57
5	conventional	60	4	4	0.46302369506820457	4.514278766681715	20.566666666666666	58
6	holistic	60	0	0	0.05705961419068327	1.5055418234609361	27.966666666666665	58
6	conventional	60	4	4	0.48242225123436017	3.0072038627227906	20.3	58
7	holistic	60	1	1	0.07714682072579233	1.2924529108647458	28.916666666666668	59
7	conventional	60	6	6	0.5466399513760496	2.27743148450602	20.05	59
8	holistic	60	3	3	0.10859091773064107	1.4154748301198359	27.416666666666668	59
8	conventional	60	5	5	0.5733196463484934	2.3953437669543134	18.95	57
9	holistic	60	3	3	0.1564849006599814	3.6747624418382343	27.283333333333335	58
9	conventional	60	7	7	0.5940265997442059	3.8940160021638617	17.5	58
10	holistic	60	1	1	0.12564235287061468	2.173490516513437	28.183333333333334	59
10	conventional	60	4	4	0.7010734296440952	4.37258720400601	17.983333333333334	59
11	holistic	20	4	44	0.48361291202284684	2.0078302994354935	13.6	41
11	conventional	60	6	6	0.8005778324420861	4.883895200457996	16.433333333333334	59
12	holistic	23	4	1	0.6010896171393698	2.847886983728898	12.521739130434783	42
12	conventional	60	4	4	0.6973582463451972	4.3643901388723885	16.216666666666665	59
13	holistic	27	4	0	0.502315413052286	2.8527807195280346	11.518518518518519	43
13	conventional	60	3	3	0.6360657842734667	3.6045030883942886	16.1	57
14	holistic	33	7	1	0.5354316484887861	2.8428106079731026	9.06060606060606	44
14	conventional	60	2	2	0.7003517101155381	3.3565978858550762	16.916666666666668	58
15	holistic	43	12	2	0.7718499033408198	5.855747673467511	6.5813953488372094	44
15	conventional	60	4	4	0.716474614263035	3.0229905066829406	17.666666666666668	59
16	holistic	53	14	4	0.6301273099895274	4.176573681262104	5.773584905660377	45
16	conventional	60	4	4	0.7060307860375867	3.401641140866898	16.6	55
17	holistic	60	10	3	0.5595191528392864	3.0072658155782803	5.716666666666667	46
17	conventional	60	5	5	0.6820942801594384	2.437913337221035	17.166666666666668	56
18	holistic	60	5	5	0.7310763367083963	2.896985285308877	6.15	47
18	conventional	60	5	5	0.6814608006751561	2.599349039507728	17.783333333333335	57
19	holistic	60	6	6	0.9138589413461254	4.210075773673821	6.766666666666667	48
19	conventional	60	3	3	0.6925137875166183	2.5642201343196596	18.3	58
20	holistic	60	5	5	1.0030995340240558	3.365642002287581	7.433333333333334	49
20	conventional	60	1	1	0.7202734787683577	2.271918979617229	19.283333333333335	59
21	holistic	60	4	4	1.0984605418328515	3.79532548170396	8.166666666666666	50
21	conventional	60	2	2	0.7532578211929207	2.148391789760924	19.25	57
22	holistic	60	1	1	1.199443396576304	4.61828608827825	9.1	51
22	conventional	60	3	3	0.6787863742391541	1.9727128432409986	19.5	58
23	holistic	60	2	2	1.131518009215383	3.670382227160881	9.966666666666667	52
23	conventional	60	1	1	0.7466419230030037	2.5859932950893505	20.466666666666665	59
24	holistic	60	3	3	1.0872276906203535	3.2043150542130157	9.9	53
24	conventional	60	4	4	0.6917564872674603	1.852267538220523	20.233333333333334	59
25	holistic	60	0	0	1.1599869948417343	3.6010206907941056	10.9	54
25	conventional	60	4	4	0.6918567300019558	1.9811545963123738	20.083333333333332	59
26	holistic	60	0	0	1.2227059693935975	3.099325974888614	11.9	55
26	conventional	60	4	4	0.7033229165420606	2.0132668712974944	19.783333333333335	59
27	holistic	60	1	1	1.1927382455203985	2.596355202011691	12.766666666666667	56
27	conventional	60	4	4	0.6860465364933184	1.8265597772552495	18.716666666666665	59
28	holistic	60	1	1	1.2527046786019396	5.859661121456754	13.7	57
28	conventional	60	5	5	0.7162974088482419	1.9319402450310685	17.616666666666667	52
29	holistic	60	1	1	1.2538294598260473	3.8414939176840286	13.95	58
29	conventional	60	1	1	0.8164168563949706	2.4823680138775766	18.566666666666666	53
30	holistic	60	0	0	1.2195603233211822	2.5259258456946747	14.95	59
30	conventional	60	2	2	0.8165862955447163	1.9901544084707108	19.5	54
31	holistic	60	2	2	1.2605705714470905	3.1090658655686596	14.7	44
31	conventional	60	1	1	0.8586112638870657	2.3946096915999924	20.433333333333334	55
32	holistic	60	0	0	1.2691067815947212	2.6097164128879773	15.7	45
32	conventional	60	0	0	0.8380771903814047	2.406208604750692	21.433333333333334	56
33	holistic	60	0	0	1.266599480629531	2.503496031637865	16.7	46
33	conventional	60	0	0	0.8341453556495407	2.27184045196355	22.433333333333334	57
34	holistic	60	0	0	1.2423626468631643	2.6159354546210376	17.7	47
34	conventional	60	3	3	0.7986804807669378	1.8556526988354127	22.2	58
35	holistic	60	0	0	1.2334601964240506	2.673640716240985	18.7	48
35	conventional	60	0	0	0.8713633248429431	6.3988510862636945	23.2	59
36	holistic	60	1	1	1.2255971543595041	2.5946081657778697	19.216666666666665	49
36	conventional	60	3	3	0.8356815695622994	3.447631392527948	23.083333333333332	52
37	holistic	60	0	0	1.2314831154493873	2.522043178825164	20.216666666666665	50
37	conventional	60	0	0	0.886109435155438	2.4632037867084864	24.083333333333332	53
38	holistic	60	0	0	1.2425953034954025	2.5750886848293457	21.216666666666665	51
38	conventional	60	1	1	0.8300584232339442	1.9714964328088447	24.866666666666667	54
39	holistic	60	0	0	1.2491096765788166	2.574941587308991	22.216666666666665	52
39	conventional	60	0	0	0.8259758588243135	1.9727872100867647	25.866666666666667	55
40	holistic	60	0	0	1.261493405454131	2.484067003400393	23.216666666666665	53
40	conventional	60	1	1	0.8315647162347305	1.951558581527224	26.8	56
41	holistic	60	0	0	1.2460225177724082	2.497037852217501	24.216666666666665	54
41	conventional	60	2	2	0.8240294543985427	1.8605461777244803	27.7	57
42	holistic	60	0	0	1.2402409269417543	2.439810543077351	25.216666666666665	55
42	conventional	60	0	0	0.8171348925772587	1.8539060780127474	28.7	58
43	holistic	60	0	0	1.23426303574744	2.353732263721818	26.216666666666665	56
43	conventional	60	1	1	0.7996695631642354	1.8546937082883586	29.666666666666668	59
44	holistic	60	0	0	1.2239672624605118	2.3697891433306597	27.216666666666665	57
44	conventional	60	2	2	0.7982404106665612	1.8837277282263503	29.616666666666667	58
45	holistic	60	0	0	1.2433070511229507	2.3227797327095336	28.216666666666665	58
45	conventional	60	0	0	0.7887898462587564	1.6649009960552739	30.616666666666667	59
46	holistic	60	0	0	1.2388141692046404	2.2783782937374526	29.216666666666665	59
46	conventional	60	4	4	0.7778704465703229	1.669551017509039	28.583333333333332	55
47	holistic	60	2	2	1.221490301129918	2.325316524891206	28.216666666666665	42
47	conventional	60	1	1	0.7672351075314865	1.6026118782841232	29.533333333333335	56
48	holistic	60	0	0	1.2508453478041335	2.877457713602663	29.216666666666665	43
48	conventional	60	2	2	0.7435540507990958	1.627275963679074	29.666666666666668	57
49	holistic	60	0	0	1.2318412782790673	2.2153064729088623	30.216666666666665	44
49	conventional	60	2	2	0.8208967914032101	2.738511063830678	30.583333333333332	58
50	holistic	60	0	0	1.2042874250023443	2.18338454306876	31.216666666666665	45
50	conventional	60	3	3	0.7914488723976898	2.6270844899035013	31.083333333333332	59
51	holistic	60	1	1	1.1945068811141992	2.135801042962824	32.15	46
51	conventional	60	3	3	0.8323307206487004	3.424907786707605	30.05	58
52	holistic	60	0	0	1.19829535850124	2.0923348975933758	33.15	47
52	conventional	60	0	0	0.8628294217881346	4.92460266523514	31.05	59
53	holistic	60	0	0	1.251326575335426	2.7538015865930845	34.15	48
53	conventional	60	4	4	0.7920033978150599	3.4221405877716387	29.983333333333334	54
54	holistic	60	0	0	1.2310751393228994	2.0779765341098315	35.15	49
54	conventional	60	1	1	0.8666329317729287	2.67030860840625	30.933333333333334	55
55	holistic	60	0	0	1.2306827860395633	2.0709032924485955	36.15	50
55	conventional	60	1	1	0.7998282214014815	2.2392668320631	31.9	56
56	holistic	60	0	0	1.2300996197052518	2.0636862238530296	37.15	51
56	conventional	60	1	1	0.8359622201291778	2.0307591561373814	32.85	57
57	holistic	60	0	0	1.245061071426757	2.149641191427983	38.15	52
57	conventional	60	1	1	0.8836046313521051	2.26708252990344	33.8	58
58	holistic	60	0	0	1.241802509240483	2.2317121169312384	39.15	53
58	conventional	60	0	0	0.8439734037281889	2.162295805865268	34.8	59
59	holistic	60	0	0	1.2289611656498312	2.2886025465986597	40.15	54
59	conventional	60	2	2	0.8074663093804217	1.7319298256423108	34.733333333333334	57
60	holistic	60	0	0	1.2282145754877463	2.2582716944083483	41.15	55
60	conventional	60	0	0	0.84325576791325	1.6523328918285825	35.733333333333334	58
61	holistic	60	0	0	1.225270921688545	2.3336377581051133	42.15	56
61	conventional	60	0	0	0.8212245715766425	1.4923306996446886	36.733333333333334	59
62	holistic	60	0	0	1.2374635439776542	2.303537448767202	43.15	57
62	conventional	60	4	4	0.7695331231424642	1.3975520908212413	34.63333333333333	59
63	holistic	60	0	0	1.230959987007188	2.314566132604154	44.15	58
63	conventional	60	4	4	0.7398210104774106	1.418903035594474	33.55	59
64	holistic	60	0	0	1.222213915257647	2.3252644367414224	45.15	59
64	conventional	60	3	3	0.7453416755327764	1.4908397469843113	32.81666666666667	59
65	holistic	60	2	2	1.2038253194241597	2.2969956521184143	44.15	57
65	conventional	60	3	3	0.7818552441165024	1.519419776763686	31.8	58
66	holistic	60	0	0	1.2361243622698777	2.3830263361573683	45.15	58
66	conventional	60	1	1	0.818730423514663	2.49205945220548	32.733333333333334	59
67	holistic	60	0	0	1.2379163362201486	2.337361302921509	46.15	59
67	conventional	60	3	3	0.7488153332211029	1.4515650889199778	30.733333333333334	59
68	holistic	60	1	1	1.2150839274570564	2.2923979699464057	46.15	58
68	conventional	60	1	1	0.7410795140830648	1.5462267392362639	30.733333333333334	59
69	holistic	60	1	1	1.2461017885744796	2.320593941522417	47.083333333333336	59
69	conventional	60	4	4	0.7281473345677626	1.6313282050560989	28.666666666666668	59
70	holistic	60	1	1	1.2220882945306895	2.2950683843553152	47.083333333333336	59
70	conventional	60	4	4	0.7607368074304525	3.5376153843180185	26.616666666666667	59
71	holistic	60	3	3	1.1610892404866668	2.2701124790782026	45.083333333333336	59
71	conventional	60	2	2	0.7860539482178234	3.536764237564537	26.6	59
72	holistic	60	1	1	1.162331618124526	2.2630658187595474	45.083333333333336	59
72	conventional	60	3	3	0.7867334410454024	2.872665080364873	25.483333333333334	59
73	holistic	60	2	2	1.093961969868899	2.0128813993989203	44.083333333333336	59
73	conventional	60	1	1	0.7687503590891859	2.413291002758456	25.483333333333334	59
74	holistic	60	5	5	1.0843398239352449	2.6783008197160605	40.083333333333336	59
74	conventional	60	2	2	0.8250230730323664	2.9506113995213026	25.366666666666667	58
75	holistic	60	5	5	0.9691784798913009	2.045163757608444	36.083333333333336	59
75	conventional	60	2	2	0.8650419380020662	3.462222699397774	26.183333333333334	59
76	holistic	60	7	7	0.8970803673307939	2.0038151087195075	31.05	59
76	conventional	60	5	5	0.7527774329255391	2.407806587628507	24.95	59
77	holistic	60	6	6	1.0728605793550137	4.82061412060467	26.05	59
77	conventional	60	3	3	0.6948725573161963	2.0568981828489465	22.95	59
78	holistic	60	5	5	1.0839798407175167	4.332850300319801	22.983333333333334	59
78	conventional	60	6	6	0.6778043079045114	1.8872280633379783	21.8	58
79	holistic	60	5	5	1.1425248204016702	5.810157563877462	20.866666666666667	59
79	conventional	60	4	4	0.64611669576599	1.8254516073179838	22.433333333333334	59
80	holistic	60	6	6	1.0920099322713468	3.8062546301778717	17.75	59
80	conventional	60	5	5	0.6286703176641023	1.741942521626779	21.783333333333335	58
81	holistic	60	4	4	1.043994831755531	2.8015449738847225	14.75	59
81	conventional	60	4	4	0.7634117112820287	3.4521809752533845	22.616666666666667	59
82	holistic	60	2	2	1.147734010362572	4.826314003373822	14.616666666666667	59
82	conventional	60	5	5	0.7685497843817732	2.366666824009002	22.25	57
83	holistic	60	3	3	1.1519912286323442	2.8458185644083844	13.55	59
83	conventional	60	0	0	0.7921244013536844	2.8416950023049967	23.25	58
84	holistic	60	4	4	1.1894375347712345	6.793430936842565	12.416666666666666	57
84	conventional	60	2	2	0.6832192775481069	2.09974387184223	24.166666666666668	59
85	holistic	60	0	0	1.202882956128918	4.343054644649874	13.416666666666666	58
85	conventional	60	3	3	0.7407602209693931	2.1420567571142692	23.116666666666667	58
86	holistic	60	0	0	1.2888147589394356	5.177406960271493	14.416666666666666	59
86	conventional	60	2	2	0.7817660861577725	1.889563858220218	23.916666666666668	59
87	holistic	60	2	2	1.2006556921624023	3.845003928437793	14.366666666666667	59
87	conventional	60	3	3	0.7723986646370526	2.031139669572942	21.916666666666668	59
88	holistic	60	3	3	1.2626944074883053	4.886141605995086	14.183333333333334	59
88	conventional	60	4	4	0.7359641826877849	2.06701954581485	20.833333333333332	59
89	holistic	60	1	1	1.2516248507026204	3.88649238478887	14.183333333333334	58
89	conventional	60	4	4	0.7061052930360886	2.0172097707697265	20.733333333333334	59
90	holistic	60	1	1	1.2646953473434834	3.3881891002067426	15.05	59
90	conventional	60	3	3	0.7849469262520677	3.5075360723637097	19.7	56
91	holistic	60	2	2	1.2767530906582936	3.554242307112626	14.05	55
91	conventional	60	2	2	0.7539497360911855	2.212431544030825	20.616666666666667	57
92	holistic	60	0	0	1.3082829991536726	4.581226156886591	15.05	56
92	conventional	60	1	1	0.703273201231016	2.043596862955888	21.55	58
93	holistic	60	0	0	1.3075071914170608	4.172608901174943	16.05	57
93	conventional	60	3	3	0.6595395207637605	1.7500660987241434	22.416666666666668	59
94	holistic	60	0	0	1.2812905731971937	3.3964800645515396	17.05	58
94	conventional	60	5	5	0.6851250947422282	1.724847146362725	21.216666666666665	58
95	holistic	60	1	1	1.3176928328224098	3.5885202645254495	17.983333333333334	59
95	conventional	60	2	2	0.7649052561520375	1.6989231287976136	21.566666666666666	59
96	holistic	60	1	1	1.2915809564475835	3.49223590403279	17.983333333333334	49
96	conventional	60	3	3	0.8140000109239206	3.5564424926573612	21.25	58
97	holistic	60	0	0	1.2829865071243325	3.4208183863575887	18.983333333333334	50
97	conventional	60	0	0	0.8527871221391826	2.3788385876552365	22.25	59
98	holistic	60	1	1	1.2834258036532786	3.0302308655368178	19.85	51
98	conventional	60	1	1	0.8128322315973745	2.0498822700118757	22.25	50
99	holistic	60	1	1	1.268683173765628	2.8196388908452037	20.783333333333335	52
99	conventional	60	2	2	0.75142076122444	1.6325972858024551	23.083333333333332	51
100	holistic	60	0	0	1.288463968627263	2.8284474181735266	21.783333333333335	53
100	conventional	60	1	1	0.7794177862300314	1.7870704319306818	24.016666666666666	52
101	holistic	60	0	0	1.3388498955245614	2.787662885977413	22.783333333333335	54
101	conventional	60	1	1	0.8271060269784738	4.32047628872343	24.983333333333334	53
102	holistic	60	0	0	1.3329330265392174	2.5903456854639884	23.783333333333335	55
102	conventional	60	0	0	0.7796452363078719	2.863808125103344	25.983333333333334	54
103	holistic	60	1	1	1.3185898003143905	2.687622978575407	24.716666666666665	56
103	conventional	60	2	2	0.7916445256005769	1.6829395560482145	26.75	55
104	holistic	60	0	0	1.3683574059830825	3.8687528979145176	25.716666666666665	57
104	conventional	60	0	0	0.8035153592591122	1.5429253823441704	27.75	56
105	holistic	60	0	0	1.3334932267545847	2.7068689033156272	26.716666666666665	58
105	conventional	60	0	0	0.7681862162949612	1.7055542897047735	28.75	57
106	holistic	60	0	0	1.3208365610365043	2.5828741604170724	27.716666666666665	59
106	conventional	60	0	0	0.7559516236270631	1.5079377053684009	29.75	58
107	holistic	60	1	1	1.3367059333709916	3.624303142133942	27.716666666666665	56
107	conventional	60	1	1	0.7517494334196816	1.8954666652560104	30.683333333333334	59
108	holistic	60	0	0	1.4083602508514348	4.778249439825695	28.716666666666665	57
108	conventional	60	2	2	0.7506152038979391	1.5263305497998991	29.683333333333334	59
109	holistic	60	0	0	1.3564973069618205	2.7191109470409143	29.716666666666665	58
109	conventional	60	2	2	0.7320098145187449	1.4942735660539055	28.683333333333334	59
110	holistic	60	0	0	1.371313293110852	3.312627788041843	30.716666666666665	59
110	conventional	60	2	2	0.7339645108063255	1.5298648819321792	27.683333333333334	57
111	holistic	60	1	1	1.3546488350107126	3.258801561964269	30.716666666666665	46
111	conventional	60	1	1	0.7520793816897561	1.5903612756061483	28.633333333333333	58
112	holistic	60	0	0	1.3577795481955295	3.002380651578677	31.716666666666665	47
112	conventional	60	1	1	0.7155865961334436	1.60715367384405	29.583333333333332	59
113	holistic	60	0	0	1.3711215105539032	2.9903171775699326	32.71666666666667	48
113	conventional	60	4	4	0.7295720647232288	2.26086768375873	27.933333333333334	56
114	holistic	60	0	0	1.372093382298316	3.3438703234388254	33.71666666666667	49
114	conventional	60	0	0	0.7424272024389474	2.3235353756129693	28.933333333333334	57
115	holistic	60	1	1	1.3742254066164277	3.555288260460504	34.65	50
115	conventional	60	1	1	0.6858733581372023	1.486745144917509	29.816666666666666	58
116	holistic	60	0	0	1.3663985890950552	3.348903431084187	35.65	51
116	conventional	60	3	3	0.6999867212873659	1.7176793136980366	30.65	59
117	holistic	60	0	0	1.3656887350193796	3.458156706202733	36.65	52
117	conventional	60	1	1	0.6533030164266798	1.3888031900077273	30.65	58
118	holistic	60	0	0	1.409859518127702	3.6189438577893345	37.65	53
118	conventional	60	2	2	0.686260551148497	1.7315308866720998	31.583333333333332	59
119	holistic	60	0	0	1.4065868680107259	3.447349296392344	38.65	54
119	conventional	60	4	4	0.6825960355443846	1.6451219213842203	31.483333333333334	56
120	holistic	60	0	0	1.3882511886935744	3.2370742483191197	39.65	55
120	conventional	60	2	2	0.6981109723334166	1.5254434051367716	32.166666666666664	57
121	holistic	60	0	0	1.380962131712016	3.1608079816248003	40.65	56
121	conventional	60	2	2	0.7058495193745232	1.3800748133210976	33.1	58
122	holistic	60	0	0	1.3858368868013717	3.0929961324205677	41.65	57
122	conventional	60	0	0	0.7473212637089123	3.4100012350015065	34.1	59
123	holistic	60	0	0	1.3781608863072847	3.1431183839396204	42.65	58
123	conventional	60	4	4	0.6763395714218492	1.407833251261755	31.1	59
124	holistic	60	0	0	1.3904177269143978	3.089491596139568	43.65	59
124	conventional	60	1	1	0.6587981433417575	1.4128983817097807	31.1	59
125	holistic	60	1	1	1.363836048125351	3.0634519176559563	43.65	57
125	conventional	60	2	2	0.6475111428720836	1.339620224793148	31.066666666666666	59
126	holistic	60	0	0	1.3542347091648494	3.278086703521415	44.65	58
126	conventional	60	3	3	0.6317225745238754	1.6165101577104053	30.483333333333334	59
127	holistic	60	0	0	1.3784581335150035	3.268480136850758	45.65	59
127	conventional	60	3	3	0.7054148918466451	2.5871211828190788	30.416666666666668	59
128	holistic	60	1	1	1.352109726052185	3.2805273343656602	45.65	59
128	conventional	60	2	2	0.7143976148406127	2.244544569443982	30.366666666666667	59
129	holistic	60	1	1	1.4041671272924332	4.8979073801746225	45.65	59
129	conventional	60	2	2	0.6490739745517352	1.798117969570464	30.266666666666666	59
130	holistic	60	1	1	1.3675541597459921	3.396469875443308	45.65	59
130	conventional	60	3	3	0.7746292489353893	2.4786588827877716	29.183333333333334	59
131	holistic	60	3	3	1.2928380446517052	3.193932237825568	43.65	59
131	conventional	60	2	2	0.6721038613297795	1.9105012890786355	28.183333333333334	59
132	holistic	60	1	1	1.3126574423209583	3.2065942830463334	43.65	59
132	conventional	60	2	2	0.6921952528131805	1.7268318231354025	28.1	58
133	holistic	60	2	2	1.2638071580167687	3.2187261481540648	42.65	59
133	conventional	60	1	1	0.6704402247947209	1.6819359048998925	29.05	59
134	holistic	60	3	3	1.1985623728526629	3.2872717652406176	41.583333333333336	59
134	conventional	60	2	2	0.6688695454692242	2.096314192026543	29.016666666666666	59
135	holistic	60	5	5	1.2501842624786073	3.9117324130523095	38.516666666666666	59
135	conventional	60	1	1	0.6200211368665237	1.8586043919263753	29.016666666666666	59
136	holistic	60	6	6	1.1375842223517958	3.412502214603787	34.45	59
136	conventional	60	6	6	0.6631248351824583	1.8200255883538963	27.666666666666668	59
137	holistic	60	6	6	1.1945884350061111	3.1376246702444206	30.383333333333333	59
137	conventional	60	2	2	0.716726273638477	2.280304181378777	27.55	59
138	holistic	60	6	6	1.2178032568143455	4.9169415665330165	26.316666666666666	59
138	conventional	60	3	3	0.7374300070610309	2.265341073192239	25.833333333333332	59
139	holistic	60	6	6	1.1585295578479238	3.2308654278505875	23.183333333333334	59
139	conventional	60	4	4	0.7582028433316561	2.065887721165165	24.45	59
140	holistic	60	4	4	1.31119226728655	5.782197809028088	20.183333333333334	59
140	conventional	60	4	4	0.711007299981137	1.578881456945612	23.383333333333333	59
141	holistic	60	6	6	1.1849452098990787	4.785431218895113	17.916666666666668	59
141	conventional	60	4	4	0.6860368786073999	1.6609321191767479	23.066666666666666	59
142	holistic	60	3	3	1.2653600246460361	3.9008404077417103	17.783333333333335	59
142	conventional	60	6	6	0.6058621944631856	1.5935330858442522	21.883333333333333	58
143	holistic	60	4	4	1.2294929169411328	3.4005856733689406	15.716666666666667	59
143	conventional	60	4	4	0.693528445338094	1.4358079093118747	22.6	59
144	holistic	60	4	4	1.3268963223247294	3.233244690538465	14.583333333333334	57
144	conventional	60	5	5	0.6832040931102485	1.6277984359091167	22.216666666666665	59
145	holistic	60	1	1	1.399005152316835	3.222100525448649	15.516666666666667	58
145	conventional	60	3	3	0.7031498531423362	2.3607273194768146	21.183333333333334	59
146	holistic	60	1	1	1.5622888111298292	5.850339274946468	16.45	59
146	conventional	60	2	2	0.7417033109425228	5.413376554605817	21.1	58
147	holistic	60	3	3	1.4884709332614279	4.183549200275976	15.183333333333334	59
147	conventional	60	5	5	0.7160841415816949	2.4175442845343036	21.833333333333332	59
148	holistic	60	3	3	1.5420680614934466	5.791952011241545	13.183333333333334	59
148	conventional	60	2	2	0.7036611028050708	1.7373324512964128	21.733333333333334	59
149	holistic	60	1	1	1.5503163655689227	4.495803372253868	13.183333333333334	58
149	conventional	60	3	3	0.6287953901429788	1.4035346437864593	20.65	59
150	holistic	60	1	1	1.5714698591346732	3.457902126335202	14.05	59
150	conventional	60	4	4	0.5914835961659844	1.8068198935627724	20.3	56
151	holistic	60	2	2	1.470793532845494	3.1388541865635324	13.983333333333333	55
151	conventional	60	2	2	0.6636876546172383	1.5426748910101868	21.183333333333334	57
152	holistic	60	1	1	1.4784905088303941	3.1326878256501094	14.916666666666666	56
152	conventional	60	1	1	0.7107152515292543	4.526192001989753	22.15	58
153	holistic	60	0	0	1.439752162803671	3.195412860670456	15.916666666666666	57
153	conventional	60	2	2	0.7324715467284363	2.8709363589555204	23.066666666666666	59
154	holistic	60	1	1	1.473213419066257	3.352455867627826	16.85	58
154	conventional	60	6	6	0.6811893175274271	2.0469228515607023	19.683333333333334	59
155	holistic	60	1	1	1.4182131579942554	3.062198948823471	17.783333333333335	59
155	conventional	60	3	3	0.744174536288345	2.4459038852174277	19.433333333333334	59
156	holistic	60	2	2	1.4544357694375685	2.9044272628663377	17.65	58
156	conventional	60	3	3	0.7607323431019172	2.0155183735245936	19.2	57
157	holistic	60	0	0	1.5159312491821855	2.8609866628593092	18.65	59
157	conventional	60	0	0	0.8010371202043363	2.229009074216748	20.2	58
158	holistic	60	1	1	1.4666265170497959	2.8795005266126337	18.65	55
158	conventional	60	3	3	0.7744923823698435	2.9348561570655227	20.933333333333334	59
159	holistic	60	0	0	1.486240990202893	2.84379872964897	19.65	56
159	conventional	60	1	1	0.8843692772503502	2.8569931142335396	20.933333333333334	59
160	holistic	60	0	0	1.527689436103068	2.8619348922308148	20.65	57
160	conventional	60	1	1	0.9027932337632542	2.6234652462298738	20.933333333333334	57
161	holistic	60	0	0	1.4968310512740632	2.8622558439957646	21.65	58
161	conventional	60	0	0	0.8057433353831782	2.1090897382885	21.933333333333334	58
162	holistic	60	0	0	1.5099810714393465	2.9133301326302714	22.65	59
162	conventional	60	0	0	0.8441685371997869	1.8418737508850644	22.933333333333334	59
163	holistic	60	1	1	1.4700538266544068	2.5894101883599783	22.65	56
163	conventional	60	1	1	0.8211081507076698	1.9643915597917267	22.933333333333334	53
164	holistic	60	0	0	1.4942116675121508	2.6135298981367225	23.65	57
164	conventional	60	1	1	0.8433676393067895	1.9870111124817504	23.7	54
165	holistic	60	0	0	1.4877735820147053	2.584814564744437	24.65	58
165	conventional	60	0	0	0.8590328431660149	1.8593166946968818	24.7	55
166	holistic	60	0	0	1.4967306159919695	2.558194231856301	25.65	59
166	conventional	60	2	2	0.811201232809425	1.7427776619527857	25.5	56
167	holistic	60	2	2	1.4646669802484522	2.602877871711552	25.583333333333332	52
167	conventional	60	2	2	0.7650503855810296	1.7730879224812839	26.2	57
168	holistic	60	0	0	1.4563999636371048	2.5108005761114986	26.583333333333332	53
168	conventional	60	1	1	0.8624861575532072	2.4047365620351586	27.166666666666668	58
169	holistic	60	0	0	1.4669067657347266	2.4890840141408463	27.583333333333332	54
169	conventional	60	0	0	0.8448553132539482	1.9628805494797232	28.166666666666668	59
170	holistic	60	0	0	1.4620281579657393	2.437301565286129	28.583333333333332	55
170	conventional	60	2	2	0.795522511880937	1.609976278071984	28.133333333333333	57
171	holistic	60	2	2	1.4613840913674503	2.449630428919412	29.45	56
171	conventional	60	1	1	0.7824021348653775	1.562225548188882	29.116666666666667	58
172	holistic	60	0	0	1.4575130961233984	2.490910577339479	30.45	57
172	conventional	60	0	0	0.757572786976839	1.5565355944361723	30.116666666666667	59
173	holistic	60	0	0	1.482687609106401	2.5293113577449393	31.45	58
173	conventional	60	3	3	0.7525500267016957	1.554923073172342	29.083333333333332	58
174	holistic	60	1	1	1.4766334125419294	2.4822895825540514	31.833333333333332	59
174	conventional	60	0	0	0.8675845384261244	3.744688653231039	30.083333333333332	59
175	holistic	60	2	2	1.469921298515458	2.4376986380158856	31.766666666666666	50
175	conventional	60	1	1	0.8387665342701796	2.710841002462589	30.083333333333332	57
176	holistic	60	0	0	1.5428812102065237	4.841998883561008	32.766666666666666	51
176	conventional	60	1	1	0.8491460890194047	1.7395721513688314	31.033333333333335	58
177	holistic	60	0	0	1.5226685044792463	3.337684769886368	33.766666666666666	52
177	conventional	60	1	1	0.8425653986603938	1.7252531652539762	32.016666666666666	59
178	holistic	60	1	1	1.504431391272811	2.5094414735247796	34.7	53
178	conventional	60	1	1	0.8294023912524904	1.5073861954192982	32.016666666666666	59
179	holistic	60	1	1	1.5320811213466528	2.5012400941642685	35.63333333333333	54
179	conventional	60	1	1	0.8144849674499548	1.4998588067858483	32.016666666666666	59
180	holistic	60	0	0	1.607850627728113	5.837728548408472	36.63333333333333	55
180	conventional	60	3	3	0.8409202007719162	3.548777465965636	30.966666666666665	59
181	holistic	60	0	0	1.5674497454853658	4.334224775938129	37.63333333333333	56
181	conventional	60	4	4	0.8885907407606896	4.4960966617940334	29.066666666666666	58
182	holistic	60	0	0	1.5534435277261995	3.167363430699614	38.63333333333333	57
182	conventional	60	0	0	0.8939785513811263	3.9941875711306873	30.066666666666666	59
183	holistic	60	0	0	1.54262162138905	2.39822676675495	39.63333333333333	58
183	conventional	60	3	3	0.8030708670575304	2.8251585375458794	29.983333333333334	57
184	holistic	60	0	0	1.5389840550733873	2.4260311346327783	40.63333333333333	59
184	conventional	60	0	0	0.828042475574918	1.9930290940764945	30.983333333333334	58
185	holistic	60	1	1	1.51537250689279	2.436065146031019	40.63333333333333	57
185	conventional	60	0	0	0.8453064307966299	2.2958256207186274	31.983333333333334	59
186	holistic	60	0	0	1.5051235076161922	2.3724384056454393	41.63333333333333	58
186	conventional	60	2	2	0.838245707411308	2.192987709162064	30.983333333333334	59
187	holistic	60	0	0	1.5039667470239455	2.3525949815593967	42.63333333333333	59
187	conventional	60	3	3	0.7988007589548616	2.073923529940929	29.966666666666665	59
188	holistic	60	1	1	1.4590823796758674	2.4169748997604144	42.63333333333333	59
188	conventional	60	3	3	0.7300740978981277	2.092686523563321	28.85	59
189	holistic	60	2	2	1.4381325482305996	2.426373187707175	42.56666666666667	58
189	conventional	60	2	2	0.6998264195778913	1.9841087729444946	28.816666666666666	59
190	holistic	60	0	0	1.5073310801078676	2.390793697221432	43.56666666666667	59
190	conventional	60	4	4	0.6858651543839315	1.9559256153278017	28.7	59
191	holistic	60	1	1	1.5039313977527082	2.378534102704742	43.56666666666667	57
191	conventional	60	2	2	0.7866055703098703	1.8209219325061174	28.633333333333333	55
192	holistic	60	0	0	1.527528796346476	2.6201939856968273	44.56666666666667	58
192	conventional	60	0	0	0.9478289918267645	4.575551001922289	29.633333333333333	56
193	holistic	60	0	0	1.5198345392312018	2.50138414593508	45.56666666666667	59
193	conventional	60	1	1	0.8717787467246355	2.2109962137926007	30.466666666666665	57
194	holistic	60	2	2	1.4373106131947	2.5284753496752916	44.56666666666667	59
194	conventional	60	0	0	0.8527706812532881	2.026750971937603	31.466666666666665	58
195	holistic	60	3	3	1.3449888854014829	2.4944746078195505	42.56666666666667	59
195	conventional	60	0	0	0.8746220721275674	2.067744688866445	32.46666666666667	59
196	holistic	60	6	6	1.2947053042581822	2.9596365922526386	37.56666666666667	59
196	conventional	60	3	3	0.8284901216156213	1.7732816283529673	30.466666666666665	59
197	holistic	60	3	3	1.3469210791322803	3.422426013936665	35.56666666666667	59
197	conventional	60	1	1	0.8127109726348075	1.678943238930841	30.466666666666665	58
198	holistic	60	6	6	1.3757546946888062	3.262684995081226	32.46666666666667	59
198	conventional	60	2	2	0.8242380523866635	1.7673922386864906	31.4	59
199	holistic	60	5	5	1.2977459425956999	3.454721586691596	28.466666666666665	59
199	conventional	60	2	2	0.8400595766018545	2.5358297235230407	30.4	59
200	holistic	60	2	2	1.309092686145348	2.823634619444606	27.466666666666665	59
200	conventional	60	2	2	0.8245079322031399	2.5644315168365868	30.366666666666667	58
201	holistic	60	5	5	1.2319639129026823	2.903978374001085	23.466666666666665	59
201	conventional	60	0	0	0.8582027761742632	2.028268550832902	31.366666666666667	59
202	holistic	60	3	3	1.3298146262075354	4.829924244047411	23.333333333333332	59
202	conventional	60	4	4	0.8402865467421765	1.9278065659604209	29.316666666666666	58
203	holistic	60	7	7	1.3626638680248662	4.839725081098759	20.133333333333333	59
203	conventional	60	0	0	0.8801053735464811	1.7808621102840563	30.316666666666666	59
204	holistic	60	4	4	1.1640598641941164	3.6104592324119826	17.133333333333333	59
204	conventional	60	3	3	0.8200950474126831	1.8487669089930672	29.283333333333335	59
205	holistic	60	3	3	1.1139860127732224	3.1460037567387933	17.016666666666666	59
205	conventional	60	3	3	0.7502146879037189	1.730316498843836	28.183333333333334	58
206	holistic	60	2	2	1.2932278862350055	4.842270634238854	16.883333333333333	59
206	conventional	60	0	0	0.894929957701048	2.326020815177855	29.183333333333334	59
207	holistic	60	3	3	1.2706642953377196	4.346070764630947	15.816666666666666	59
207	conventional	60	4	4	0.7642137964791083	1.7510721993832905	26.183333333333334	59
208	holistic	60	3	3	1.206835565378625	2.8455387221508492	15.683333333333334	59
208	conventional	60	2	2	0.7131619859506128	1.6190192628966988	26.166666666666668	59
209	holistic	60	1	1	1.2926153922333135	3.3476971614912188	15.683333333333334	58
209	conventional	60	1	1	0.7417574461929047	1.6160969854288572	26.166666666666668	59
210	holistic	60	1	1	1.3304650247529062	3.446825748349666	16.616666666666667	59
210	conventional	60	3	3	0.7671230881859611	1.569942412018794	26.05	59
211	holistic	60	2	2	1.316684836497713	3.6802547304336493	16.55	59
211	conventional	60	3	3	0.7696664193420124	3.496364817256005	25.633333333333333	58
212	holistic	60	1	1	1.2523379170846525	3.131404095547061	16.55	58
212	conventional	60	1	1	0.7416143181085868	1.9214995582776309	26.55	59
213	holistic	60	0	0	1.282330053878627	3.0968463382731573	17.55	59
213	conventional	60	4	4	0.7940401314294456	2.048116820063324	25.766666666666666	59
214	holistic	60	1	1	1.2350583696809212	2.847655811609075	17.55	59
214	conventional	60	2	2	0.7832754651380316	1.8730971308614546	24.766666666666666	59
215	holistic	60	2	2	1.3107462884666785	3.835042362751959	17.483333333333334	59
215	conventional	60	6	6	0.8464401778790674	3.2322467539786377	23.45	59
216	holistic	60	2	2	1.3870593522002288	5.897229905905359	16.483333333333334	58
216	conventional	60	3	3	1.022069066736744	3.5882290017557277	22.383333333333333	58
217	holistic	60	0	0	1.3810560071318316	4.397697654063197	17.483333333333334	59
217	conventional	60	1	1	0.9656950710783838	3.5823309279698288	23.183333333333334	59
218	holistic	60	1	1	1.2938114434074113	3.088825921336119	17.483333333333334	47
218	conventional	60	3	3	0.8624521530978871	2.322830403599694	21.183333333333334	59
219	holistic	60	0	0	1.3058615859464977	2.9663818271430205	18.483333333333334	48
219	conventional	60	2	2	0.9212779040245177	2.224527542906904	21.15	59
220	holistic	60	0	0	1.2648203989916145	2.9364866008563553	19.483333333333334	49
220	conventional	60	1	1	0.8556492851799075	2.184135479648206	21.15	54
221	holistic	60	0	0	1.284550198289139	3.3857319100814616	20.483333333333334	50
221	conventional	60	1	1	0.8700010206485957	2.091217865411799	22.1	55
222	holistic	60	0	0	1.2660595195611684	3.341696858778912	21.483333333333334	51
222	conventional	60	1	1	0.8372779893088925	1.8739630243946281	22.966666666666665	56
223	holistic	60	0	0	1.2564655444633708	3.3031792355765077	22.483333333333334	52
223	conventional	60	1	1	0.8716773348331334	2.0186714734936375	23.933333333333334	57
224	holistic	60	0	0	1.2728172666465736	3.331846154806086	23.483333333333334	53
224	conventional	60	0	0	0.8654452147269078	2.6322230462198455	24.933333333333334	58
225	holistic	60	0	0	1.2848630169828648	3.4729209291325343	24.483333333333334	54
225	conventional	60	1	1	0.8581972430660303	2.619155812658408	25.766666666666666	59
226	holistic	60	0	0	1.283623736180314	3.420720408147656	25.483333333333334	55
226	conventional	60	1	1	0.8302194499513876	2.2811542539465943	25.766666666666666	59
227	holistic	60	0	0	1.2894664046693163	3.376720394392024	26.483333333333334	56
227	conventional	60	3	3	0.8773013457513632	1.9529441134266992	24.2	57
228	holistic	60	0	0	1.3075813729421901	3.6238546204596926	27.483333333333334	57
228	conventional	60	0	0	0.8751517923955728	1.927357077388327	25.2	58
229	holistic	60	0	0	1.310075086666367	3.5713061109352093	28.483333333333334	58
229	conventional	60	1	1	0.8822963753843162	1.8902512298913823	26.166666666666668	59
230	holistic	60	0	0	1.3211978767044543	3.7139364541329565	29.483333333333334	59
230	conventional	60	1	1	0.8196496607618952	1.7240339283333126	26.166666666666668	57
231	holistic	60	1	1	1.316811403432647	3.8391175812482223	29.483333333333334	56
231	conventional	60	2	2	0.8396677102512442	2.513520285110957	27.016666666666666	58
232	holistic	60	0	0	1.311253417898444	3.839023078226397	30.483333333333334	57
232	conventional	60	1	1	0.8322453910013827	1.7870367331255523	27.966666666666665	59
233	holistic	60	0	0	1.3047376357484923	3.7335331850596285	31.483333333333334	58
233	conventional	60	3	3	0.7665432625978004	1.8032426451682044	26.933333333333334	58
234	holistic	60	0	0	1.3144515835045187	3.9886820025552856	32.483333333333334	59
234	conventional	60	1	1	0.9148653559604998	6.487765400283639	27.916666666666668	59
235	holistic	60	3	3	1.294212157434505	3.934017602338708	31.85	57
235	conventional	60	1	1	0.9041894802355916	2.9761373980591848	27.916666666666668	57
236	holistic	60	0	0	1.3751496822387317	4.84517139515497	32.85	58
236	conventional	60	1	1	0.8911722786609223	2.37973630764391	28.833333333333332	58
237	holistic	60	0	0	1.3486108353512694	3.8394009413470753	33.85	59
237	conventional	60	0	0	0.9055050862984407	2.3899919321130105	29.833333333333332	59
238	holistic	60	1	1	1.3239595901025518	3.92264415805947	33.85	59
238	conventional	60	1	1	0.868450702113914	2.1281077349172888	29.833333333333332	59
239	holistic	60	1	1	1.308627692336406	3.838795406534775	33.85	51
239	conventional	60	1	1	0.8565932689986149	1.792489267635983	29.833333333333332	59
240	holistic	60	0	0	1.377859200631364	3.7999916765115804	34.85	52
240	conventional	60	3	3	0.8128308075609062	1.7235833584150795	28.816666666666666	59
241	holistic	60	0	0	1.3671741903736414	3.6532830591703878	35.85	53
241	conventional	60	3	3	0.8496938380876402	2.641302131385846	27.716666666666665	58
242	holistic	60	0	0	1.374968618935734	4.01695935060519	36.85	54
242	conventional	60	1	1	0.8670854893232722	4.4730613339146235	28.7	59
243	holistic	60	0	0	1.3947124228344916	4.183205037288462	37.85	55
243	conventional	60	5	5	0.8127833995410219	3.109132508769422	27.1	57
244	holistic	60	0	0	1.406687761370671	4.205039545319569	38.85	56
244	conventional	60	1	1	0.8994899617814981	3.444429286921313	28.066666666666666	58
245	holistic	60	0	0	1.4072242288283583	4.225525417266446	39.85	57
245	conventional	60	2	2	0.8781388893902613	1.8437155698831469	29.0	59
246	holistic	60	0	0	1.389706971131409	4.307670409643119	40.85	58
246	conventional	60	2	2	0.8886106329757969	2.678970386373772	28.966666666666665	58
247	holistic	60	0	0	1.3845007949293566	4.202754343260006	41.85	59
247	conventional	60	0	0	0.9152763782148818	2.368904385689855	29.966666666666665	59
248	holistic	60	1	1	1.361442718076079	4.103891406455886	41.85	59
248	conventional	60	1	1	0.8492335290977754	1.930332695414973	29.966666666666665	59
249	holistic	60	2	2	1.341941207929257	4.124668210926331	40.85	58
249	conventional	60	4	4	0.8166984600185131	1.9942511824955993	28.85	59
250	holistic	60	0	0	1.3748328243046362	4.0612687646018335	41.85	59
250	conventional	60	3	3	0.7980034544926937	2.1564503649510343	27.766666666666666	59
251	holistic	60	1	1	1.3420586984958083	3.9744058135002107	41.85	57
251	conventional	60	3	3	0.7661323900832308	1.6096080990207104	27.716666666666665	55
252	holistic	60	0	0	1.3358121487884689	4.102295683620736	42.85	58
252	conventional	60	0	0	0.8300249310520454	2.1200165308033925	28.716666666666665	56
253	holistic	60	1	1	1.3232256450893038	4.018683702674837	43.78333333333333	59
253	conventional	60	2	2	0.8305096790434915	1.9401916567838247	29.65	57
254	holistic	60	1	1	1.3182817081409057	3.914095653117503	43.78333333333333	59
254	conventional	60	0	0	0.8822815649310509	2.5767481825718925	30.65	58
255	holistic	60	3	3	1.2992762814781997	3.863539134749239	41.78333333333333	59
255	conventional	60	1	1	0.8973842394158329	3.5734353063647477	31.616666666666667	59
256	holistic	60	5	5	1.2740658359563877	4.79192800721843	37.78333333333333	59
256	conventional	60	1	1	0.8691528557556203	2.580241387060726	31.616666666666667	59
257	holistic	60	3	3	1.2030674444221812	3.7458852343987346	35.78333333333333	59
257	conventional	60	1	1	0.8460726273676429	2.1643116291904594	31.616666666666667	59
258	holistic	60	3	3	1.1619744886209655	3.748121344427804	33.78333333333333	59
258	conventional	60	2	2	0.8415690465541116	2.186053171830736	31.583333333333332	58
259	holistic	60	4	4	1.2211122022828924	3.8391793954393836	32.583333333333336	59
259	conventional	60	1	1	0.8704067790556994	2.471910662436973	32.516666666666666	59
260	holistic	60	3	3	1.1768177232949457	3.7523220640531068	31.516666666666666	59
260	conventional	60	3	3	0.8365755840319652	1.9963469096091033	31.483333333333334	58
261	holistic	60	5	5	1.2218689128401328	3.9476781220912884	29.316666666666666	59
261	conventional	60	0	0	0.7794885852728958	1.8928079719529274	32.483333333333334	59
262	holistic	60	2	2	1.249643462083685	3.7349851502916587	28.316666666666666	59
262	conventional	60	5	5	0.7653199052013889	1.9175388266189914	30.916666666666668	58
263	holistic	60	8	8	1.232500783470743	5.766100080549828	23.183333333333334	59
263	conventional	60	0	0	0.8075652905602507	2.5513906840964347	31.916666666666668	59
264	holistic	60	2	2	1.2737646708919277	3.6390619919031657	22.183333333333334	59
264	conventional	60	4	4	0.7473112924610015	1.9080636365326602	30.85	59
265	holistic	60	5	5	1.2149871383073179	3.5646146760323267	20.05	59
265	conventional	60	3	3	0.6998372045448754	1.7921040177387508	29.8	58
266	holistic	60	2	2	1.510797934430419	4.81372457563243	19.983333333333334	59
266	conventional	60	2	2	0.801696852393085	3.0171189966369707	30.733333333333334	59
267	holistic	60	2	2	1.4178247103018968	3.575368715469676	18.983333333333334	59
267	conventional	60	3	3	0.7783164312785377	2.186033572263018	30.666666666666668	59
268	holistic	60	3	3	1.4409476671124968	4.842935458049261	16.983333333333334	59
268	conventional	60	4	4	0.7706216368103429	2.3425260612729075	29.316666666666666	58
269	holistic	60	1	1	1.3667550425151582	3.729758748750466	16.983333333333334	59
269	conventional	60	2	2	0.7224754445967749	1.8817970756796962	29.383333333333333	59
270	holistic	60	1	1	1.3449454681567625	3.7407223153334876	16.983333333333334	59
270	conventional	60	6	6	0.7018759479089526	1.5175294000827926	27.283333333333335	59
271	holistic	60	2	2	1.3915300896488676	3.7509142244033726	16.85	59
271	conventional	60	5	5	0.7003203008592899	1.9037094758773059	25.95	58
272	holistic	60	2	2	1.4059513079516923	3.701453070301342	16.783333333333335	58
272	conventional	60	3	3	0.8469034555820157	4.549712218499481	26.4	59
273	holistic	60	0	0	1.480090932069008	5.671231475931553	17.783333333333335	59
273	conventional	60	2	2	0.9265727426291341	5.385284139787391	26.366666666666667	59
274	holistic	60	2	2	1.4383954600265807	4.2092232187953975	17.65	59
274	conventional	60	1	1	0.8935369683046381	3.3966115433242265	26.366666666666667	59
275	holistic	60	2	2	1.4003522212321828	4.772129021072934	16.65	59
275	conventional	60	6	6	0.7645664243666277	2.449568856130244	23.183333333333334	59
276	holistic	60	3	3	1.3442066347983401	3.488199303573112	15.466666666666667	58
276	conventional	60	4	4	0.8326766875693778	6.302067094892694	21.133333333333333	58
277	holistic	60	0	0	1.3168175946388352	3.3484467634561765	16.466666666666665	59
277	conventional	60	1	1	0.9750607020614218	3.4448312437906643	22.033333333333335	59
278	holistic	60	2	2	1.318616610490989	3.2775913158285124	16.4	43
278	conventional	60	3	3	0.9030529345431356	2.445601465007464	21.0	59
279	holistic	60	0	0	1.3370331558992947	3.155395654465176	17.4	44
279	conventional	60	3	3	0.8953649898056762	3.2313677012209774	20.8	59
280	holistic	60	2	2	1.32313934091529	3.291962318997789	18.266666666666666	45
280	conventional	60	2	2	0.8956118638489079	1.7992393794610653	20.666666666666668	58
281	holistic	60	0	0	1.3060989763606397	3.329284682543389	19.266666666666666	46
281	conventional	60	0	0	0.9544353234480466	2.450837461429888	21.666666666666668	59
282	holistic	60	0	0	1.3524900960248833	3.3124954128747364	20.266666666666666	47
282	conventional	60	4	4	0.9091285529735983	1.9878448718490878	21.433333333333334	59
283	holistic	60	1	1	1.364725205202782	3.238827645578295	20.866666666666667	48
283	conventional	60	1	1	0.903561631206988	2.324164255527518	21.433333333333334	58
284	holistic	60	0	0	1.350239951857905	3.2626251313902013	21.866666666666667	49
284	conventional	60	1	1	0.9202678463317356	2.8472008457918614	22.4	59
285	holistic	60	0	0	1.3539377426878196	3.3278508281957704	22.866666666666667	50
285	conventional	60	2	2	1.0188251751033859	3.001748723885587	22.166666666666668	58
286	holistic	60	0	0	1.3642130841337157	3.1792379880307338	23.866666666666667	51
286	conventional	60	0	0	0.9753540965787603	2.171170974667761	23.166666666666668	59
287	holistic	60	0	0	1.3703890868322581	3.0708517992554154	24.866666666666667	52
287	conventional	60	1	1	0.9300874897009341	2.138219967683055	23.166666666666668	57
288	holistic	60	0	0	1.3488333541525441	3.1058353981897127	25.866666666666667	53
288	conventional	60	0	0	0.8885192070680837	1.9257150500999636	24.166666666666668	58
289	holistic	60	0	0	1.3347150525612628	3.0550819441849626	26.866666666666667	54
289	conventional	60	0	0	0.9273562912041595	2.030742865231695	25.166666666666668	59
290	holistic	60	0	0	1.333480971211785	2.94702634520484	27.866666666666667	55
290	conventional	60	1	1	0.9169472255420331	2.048116572381137	25.166666666666668	57
291	holistic	60	1	1	1.343055096515758	3.041758542243831	28.683333333333334	56
291	conventional	60	0	0	0.9759927133161911	2.194380797608021	26.166666666666668	58
292	holistic	60	0	0	1.4075489859772814	3.782016107654432	29.683333333333334	57
292	conventional	60	0	0	0.9592209169020443	2.0281516488756965	27.166666666666668	59
293	holistic	60	0	0	1.3684981530558393	3.053362420228967	30.683333333333334	58
293	conventional	60	2	2	0.9386841528716127	1.8823456729893155	27.116666666666667	59
294	holistic	60	0	0	1.36378329072863	3.2943589446202566	31.683333333333334	59
294	conventional	60	2	2	0.9472151187134009	2.2629047902499018	26.966666666666665	58
295	holistic	60	3	3	1.3240698946182836	3.2479409048164336	29.683333333333334	57
295	conventional	60	0	0	0.9503739867429152	1.7359757924695276	27.966666666666665	59
296	holistic	60	0	0	1.3552113428660304	3.1450445090615	30.683333333333334	58
296	conventional	60	2	2	0.8959066865035271	1.7664519177268896	27.933333333333334	58
297	holistic	60	0	0	1.344702253339927	3.0772372717452865	31.683333333333334	59
297	conventional	60	1	1	0.8785472718098621	1.7939000631485562	28.866666666666667	59
298	holistic	60	1	1	1.323237956773771	3.1242181075323257	31.683333333333334	59
298	conventional	60	2	2	0.9022328552107423	2.4090000596539514	28.833333333333332	58
299	holistic	60	1	1	1.2959348874850014	3.0337151148380164	31.683333333333334	51
299	conventional	60	2	2	0.8860772987357725	1.9120855741369838	29.766666666666666	59
300	holistic	60	0	0	1.288775770106742	2.9741630820135736	32.68333333333333	52
300	conventional	60	4	4	0.8850356353220451	3.625860126002446	27.733333333333334	59
301	holistic	60	0	0	1.2845038266970947	2.994409820733796	33.68333333333333	53
301	conventional	60	2	2	0.7864595348496258	1.653733243502559	27.716666666666665	58
302	holistic	60	1	1	1.280968184714529	2.9641014685930758	34.61666666666667	54
302	conventional	60	1	1	0.834884343397632	1.9596364176514893	28.683333333333334	59
303	holistic	60	0	0	1.2845137708598537	2.965883534688375	35.61666666666667	55
303	conventional	60	4	4	0.803949971176883	1.6266535128786994	27.6	57
304	holistic	60	0	0	1.2757353985272664	2.9637033504411225	36.61666666666667	56
304	conventional	60	1	1	0.8970256125929946	7.354889647744073	28.583333333333332	58
305	holistic	60	0	0	1.2875126780254582	3.011739851853271	37.61666666666667	57
305	conventional	60	3	3	0.8353796863527542	4.370175587823545	28.866666666666667	59
306	holistic	60	0	0	1.270751412428489	2.9840943970573197	38.61666666666667	58
306	conventional	60	2	2	0.7935254371250138	3.7123482927920555	28.766666666666666	58
307	holistic	60	1	1	1.2769021538280225	2.9866233819986028	39.416666666666664	59
307	conventional	60	2	2	0.7880836920252356	2.6141058257414467	29.7	59
308	holistic	60	1	1	1.2732548024308687	2.9560488988667317	39.416666666666664	59
308	conventional	60	3	3	0.8058472066426685	2.158088164365535	29.6	59
309	holistic	60	1	1	1.2960008355154105	3.0621207910189345	39.416666666666664	55
309	conventional	60	4	4	0.787371738342253	1.7933452913367331	28.433333333333334	59
310	holistic	60	0	0	1.2779297299489252	3.118308463564146	40.416666666666664	56
310	conventional	60	4	4	0.7525454780907475	2.4449552501482152	27.25	59
311	holistic	60	0	0	1.2874045121272517	3.172841563172458	41.416666666666664	57
311	conventional	60	3	3	0.7574056277246968	1.7702680484572682	27.166666666666668	58
312	holistic	60	0	0	1.315926395187369	3.3445726516585355	42.416666666666664	58
312	conventional	60	1	1	0.9036788886576962	2.5049689804304256	28.066666666666666	59
313	holistic	60	0	0	1.302542471874885	3.3334879793068963	43.416666666666664	59
313	conventional	60	1	1	0.841351330349738	1.8815375085118327	28.066666666666666	56
314	holistic	60	2	2	1.2680113790083973	3.26482681358739	43.3	59
314	conventional	60	1	1	0.8082859989154214	1.846490762688601	29.0	57
315	holistic	60	2	2	1.2307681534739898	3.2174702509964823	42.3	59
315	conventional	60	1	1	0.8531800452708216	2.483330270605512	29.883333333333333	58
316	holistic	60	4	4	1.203150446185999	3.1719763454901906	39.3	59
316	conventional	60	2	2	0.8505740601231969	2.1001624754425436	30.066666666666666	59
317	holistic	60	2	2	1.1613685989833902	3.1827768412108095	38.3	59
317	conventional	60	1	1	0.8263798315852664	2.2419856450143243	30.066666666666666	59
318	holistic	60	4	4	1.0976528220896147	3.175326493892239	36.233333333333334	59
318	conventional	60	3	3	0.8213208516743882	3.324503852296356	29.883333333333333	59
319	holistic	60	3	3	1.1747012127987204	3.1507199617967228	36.11666666666667	59
319	conventional	60	1	1	0.8269905865143664	3.201646385609321	29.883333333333333	57
320	holistic	60	5	5	1.1113970499970511	3.1440105254019755	33.983333333333334	59
320	conventional	60	3	3	0.8650847673552527	3.2586211682691784	30.633333333333333	58
321	holistic	60	4	4	1.1072902876678359	4.015706353753939	31.916666666666668	59
321	conventional	60	0	0	0.8880963255177334	3.020352991383694	31.633333333333333	59
322	holistic	60	1	1	1.1060204652234638	3.1829801681290775	31.916666666666668	59
322	conventional	60	2	2	0.8668987496493625	2.7435456628718877	30.633333333333333	58
323	holistic	60	9	9	0.923505084523106	3.05872433560007	25.716666666666665	59
323	conventional	60	2	2	0.8610678176689915	3.0306892948136106	30.783333333333335	59
324	holistic	60	3	3	1.1148130897617932	4.58133910972391	24.65	59
324	conventional	60	1	1	0.8461112827478784	2.8981957881369507	30.783333333333335	59
325	holistic	60	6	6	0.9556027533417271	3.359838064437594	21.516666666666666	59
325	conventional	60	1	1	0.7932107403348533	2.630408787401068	30.783333333333335	59
326	holistic	60	1	1	1.1198969317074325	7.752721165679787	21.516666666666666	59
326	conventional	60	2	2	0.806250127545326	2.7796644518856346	30.516666666666666	59
327	holistic	60	4	4	1.0510016475788997	4.734578576327715	20.383333333333333	59
327	conventional	60	1	1	0.8062136375140548	2.5381320157202816	30.516666666666666	59
328	holistic	60	3	3	1.086987636526297	6.075849410514226	19.316666666666666	59
328	conventional	60	4	4	0.7797140916523965	2.540564291905929	30.25	59
329	holistic	60	2	2	1.169873622346149	7.889794684194725	19.25	59
329	conventional	60	3	3	0.7724656297456068	2.3361060742079998	30.2	59
330	holistic	60	2	2	1.148942979832536	5.39368046350233	19.2	59
330	conventional	60	5	5	0.8355136952957453	4.365257762573122	29.116666666666667	59
331	holistic	60	2	2	1.085589713328469	4.565202163847681	18.2	59
331	conventional	60	3	3	0.7975439634156667	3.512663399962718	27.983333333333334	59
332	holistic	60	2	2	1.0269671185393399	4.731866867891012	17.2	58
332	conventional	60	2	2	0.8206285470300971	3.014328577483682	27.95	59
333	holistic	60	0	0	1.01513217554894	4.110411846652328	18.2	59
333	conventional	60	2	2	0.8755670076230703	2.7317836953197454	27.833333333333332	58
334	holistic	60	2	2	0.9948017350243598	4.067543600849082	18.066666666666666	59
334	conventional	60	3	3	0.8143770226759808	2.257848349231197	28.716666666666665	59
335	holistic	60	4	4	1.0076820820676413	3.6153390918952915	16.933333333333334	59
335	conventional	60	6	6	0.716177435026273	2.131614645487087	24.683333333333334	59
336	holistic	60	2	2	1.085136669089748	6.648835169116275	16.8	58
336	conventional	60	3	3	0.8135775601340608	4.348681032777243	23.65	59
337	holistic	60	1	1	1.0963644110024218	4.010918639878206	17.666666666666668	59
337	conventional	60	3	3	0.8366957033452104	2.4898324957397415	23.566666666666666	59
338	holistic	60	3	3	1.083067334110304	4.100610596956718	16.6	58
338	conventional	60	4	4	0.8640475698044674	4.461723048474352	22.45	59
339	holistic	60	2	2	1.0723694436063373	3.991367606613848	17.466666666666665	59
339	conventional	60	8	8	0.743250574231219	2.498559332842537	20.983333333333334	59
340	holistic	60	1	1	1.0769790175708163	3.984786695138578	17.466666666666665	57
340	conventional	60	3	3	0.7972531791304288	3.3573633266697787	20.866666666666667	58
341	holistic	60	2	2	1.1054908943797934	3.9013753817793475	18.366666666666667	58
341	conventional	60	1	1	0.8461185542948862	2.1607572208234753	21.833333333333332	59
342	holistic	60	1	1	1.134902573556354	3.9728780186874713	19.3	59
342	conventional	60	7	7	0.7378812809327961	1.9871941745500024	19.466666666666665	59
343	holistic	60	1	1	1.1564404527707517	4.034765433236749	19.3	52
343	conventional	60	5	5	0.8531469289289777	6.320689510156116	19.233333333333334	59
344	holistic	60	0	0	1.1481317886811275	4.0264752828208605	20.3	53
344	conventional	60	2	2	0.8392004012293152	4.520905586358949	19.2	59
345	holistic	60	0	0	1.1314394575482594	3.9603795665800683	21.3	54
345	conventional	60	4	4	0.788507052944362	2.529605406971267	18.8	58
346	holistic	60	0	0	1.1679833226400962	3.9570974002613735	22.3	55
346	conventional	60	0	0	0.7973156593603032	2.873390651859838	19.8	59
347	holistic	60	1	1	1.1580219089947559	4.006593709196278	23.166666666666668	56
347	conventional	60	1	1	0.8218029579766738	2.2949227133041172	19.8	54
348	holistic	60	1	1	1.1700907173450623	4.001482043520419	23.766666666666666	57
348	conventional	60	2	2	0.8342306498693888	2.1443156533076433	20.683333333333334	55
349	holistic	60	1	1	1.1647831677481166	3.9022795080657366	24.633333333333333	58
349	conventional	60	3	3	0.8026873507508901	2.0437508241724447	21.5	56
350	holistic	60	0	0	1.141209638251681	3.811022692305281	25.633333333333333	59
350	conventional	60	2	2	0.7532449144076516	1.7244750151798351	22.4	57
351	holistic	60	1	1	1.1179016615468889	3.7714205087723243	25.633333333333333	56
351	conventional	60	3	3	0.8027244406664127	2.535440057862151	23.216666666666665	58
352	holistic	60	1	1	1.1375488359866488	3.7352532877625926	26.566666666666666	57
352	conventional	60	0	0	0.8236374852988269	1.8997322851812823	24.216666666666665	59
353	holistic	60	0	0	1.1185795947012251	3.661790830858011	27.566666666666666	58
353	conventional	60	2	2	0.8208422041082347	1.9442333724888312	24.183333333333334	59
354	holistic	60	0	0	1.1346423943657529	3.515805060111739	28.566666666666666	59
354	conventional	60	1	1	0.8521071362098123	1.970728267980956	24.183333333333334	57
355	holistic	60	3	3	1.1144085696992216	3.7154482905781614	27.5	56
355	conventional	60	1	1	0.8747018624029521	1.7978346833088508	25.15	58
356	holistic	60	0	0	1.1400591155074011	3.6863377301109925	28.5	57
356	conventional	60	0	0	0.84898738780798	1.832958727316834	26.15	59
357	holistic	60	0	0	1.1929016220118451	3.6247026583674735	29.5	58
357	conventional	60	4	4	0.8215801273712195	1.7633921525598013	25.816666666666666	58
358	holistic	60	0	0	1.1575752571565905	3.5673355639101327	30.5	59
358	conventional	60	1	1	0.8037028712884744	1.717084285947203	26.7	59
359	holistic	60	2	2	1.145017427945024	3.48137870146964	30.433333333333334	57
359	conventional	60	1	1	0.8208505903188164	1.7801553592754282	26.7	56
360	holistic	60	20	20	0.7969939651405132	3.4320564129337088	20.683333333333334	52
360	conventional	60	21	21	0.5399696460942671	1.7287033209977998	18.0	57
361	holistic	60	0	0	0.9187859241752439	4.434086410691366	21.683333333333334	53
361	conventional	60	1	1	0.8194024119472708	6.537253736269536	18.983333333333334	58
362	holistic	60	1	1	0.9237613540741488	3.371408696780506	22.65	54
362	conventional	60	6	6	0.8324492250969553	3.5418403751642837	19.733333333333334	59
363	holistic	60	1	1	0.9391066659208506	3.329433455627944	23.583333333333332	55
363	conventional	60	3	3	1.0292219794087825	4.0106684740284	18.1	58
364	holistic	60	8	8	0.9392223068990285	3.262023216508898	24.05	56
364	conventional	60	0	0	0.9205412238476112	4.099999752734939	19.1	59
365	holistic	60	0	0	1.0302528462765053	3.306154184381994	25.05	57
365	conventional	60	4	4	0.9122029301460856	3.750088984828885	18.966666666666665	57
366	holistic	60	2	2	1.0026856961035937	3.242839035982162	25.95	58
366	conventional	60	0	0	0.9968556001791401	3.516615305538016	19.966666666666665	58
367	holistic	60	0	0	1.0125375842998705	3.2597014776161157	26.95	59
367	conventional	60	1	1	0.9911154607985141	3.28706414097434	20.933333333333334	59
368	holistic	60	2	2	1.0662752074822026	3.250777828574736	26.883333333333333	59
368	conventional	60	3	3	0.9478114979404209	3.9460162438207314	20.25	58
369	holistic	60	1	1	1.077889730067821	3.2667050101838675	26.883333333333333	55
369	conventional	60	1	1	1.0198976698756486	4.499875028989638	21.216666666666665	59
370	holistic	60	0	0	1.112125275602864	3.2580504525119247	27.883333333333333	56
370	conventional	60	2	2	0.8745910843914573	2.8480087145995596	20.216666666666665	57
371	holistic	60	0	0	1.078067102576682	3.202824506583319	28.883333333333333	57
371	conventional	60	3	3	0.8421404608622862	2.621302623540763	20.95	58
372	holistic	60	2	2	1.0787915819791682	3.195984399859091	29.683333333333334	58
372	conventional	60	1	1	0.8860637283875619	5.4482369977213585	21.75	59
373	holistic	60	0	0	1.0569310069327817	3.167301655546851	30.683333333333334	59
373	conventional	60	4	4	0.7697298677452153	2.442287643726114	21.433333333333334	57
374	holistic	60	2	2	1.0519071364198989	3.1185364785369067	30.433333333333334	58
374	conventional	60	1	1	0.8135614815784433	2.275313710920308	22.383333333333333	58
375	holistic	60	0	0	1.0816227289255562	3.071414168888146	31.433333333333334	59
375	conventional	60	2	2	0.7541629305429733	2.0797627701604777	23.283333333333335	59
376	holistic	60	2	2	1.0889791767909318	3.047067460892803	31.366666666666667	58
376	conventional	60	4	4	0.7434349834702092	1.9717598045628488	22.85	59
377	holistic	60	0	0	1.0870552203128718	3.0035044178789803	32.36666666666667	59
377	conventional	60	2	2	0.7976501338530151	4.279399266420556	22.766666666666666	59
378	holistic	60	3	3	1.0390490985879137	3.0022699288029076	31.3	59
378	conventional	60	5	5	0.7000415994128772	1.7722566639704271	22.583333333333332	59
379	holistic	60	2	2	0.9742529250859285	2.94144041977843	30.3	59
379	conventional	60	3	3	0.814042567095423	3.4072455075109067	22.533333333333335	59
380	holistic	60	4	4	0.9536425876904052	2.9599177334023206	28.233333333333334	59
380	conventional	60	1	1	0.8069682060111242	2.9156609776194187	22.533333333333335	52
381	holistic	60	3	3	0.9736775587965452	2.996567298586309	27.183333333333334	58
381	conventional	60	2	2	0.7864202114523141	2.162840936682608	23.45	53
382	holistic	60	0	0	1.0213646517133204	3.0318213471430364	28.183333333333334	59
382	conventional	60	0	0	0.7731912490134794	1.5274446168546687	24.45	54
383	holistic	60	4	4	1.0480984199732404	2.9930922097969206	26.116666666666667	58
383	conventional	60	0	0	0.776325714566098	1.6093203445949604	25.45	55
384	holistic	60	1	1	1.0279643977953539	2.937856363249393	27.066666666666666	59
384	conventional	60	0	0	0.7370796220647968	1.4705554509831342	26.45	56
385	holistic	60	6	6	0.9204713658335775	2.9196123002119254	23.033333333333335	58
385	conventional	60	0	0	0.7547058040550977	1.6489661105595972	27.45	57
386	holistic	60	0	0	1.1135901181009553	4.231185404570837	24.033333333333335	59
386	conventional	60	1	1	0.7689392188167739	1.7510861144315224	28.366666666666667	58
387	holistic	60	3	3	1.0694664710509774	2.9531538306200598	23.966666666666665	59
387	conventional	60	0	0	0.8158193800223944	2.50461251529286	29.366666666666667	59
388	holistic	60	3	3	0.9758682773424663	2.119231331437706	22.8	59
388	conventional	60	1	1	0.7844525913178249	1.7176739875665115	29.366666666666667	59
389	holistic	60	2	2	0.9408552103028546	2.333518119326321	22.733333333333334	59
389	conventional	60	2	2	0.7305247381816928	1.7028775122018307	28.366666666666667	58
390	holistic	60	2	2	0.9001557132390826	2.058193657241906	21.733333333333334	58
390	conventional	60	0	0	0.7264783576366263	1.6558687857641654	29.366666666666667	59
391	holistic	60	1	1	0.9823127790402	2.056686720723289	22.633333333333333	59
391	conventional	60	4	4	0.7112546460794105	2.428667476861204	28.016666666666666	59
392	holistic	60	2	2	1.0016419690032754	2.1963408069877697	22.566666666666666	58
392	conventional	60	3	3	0.779579698747252	3.452887326420792	27.95	57
393	holistic	60	1	1	0.9962743275659717	2.213353972461547	23.5	59
393	conventional	60	2	2	0.8541330464661251	5.492554916630268	28.666666666666668	58
394	holistic	60	1	1	0.9440037614853032	2.1297295548529656	23.5	59
394	conventional	60	0	0	0.8537299845303987	3.476152614827364	29.666666666666668	59
395	holistic	60	2	2	0.9632079345777645	2.116214594412781	23.366666666666667	59
395	conventional	60	1	1	0.8610913261390991	2.6297743694100726	29.666666666666668	59
396	holistic	60	3	3	0.9233260674001275	2.1967463339144873	23.166666666666668	58
396	conventional	60	3	3	0.8307562511642014	2.609636742359773	29.6	59
397	holistic	60	0	0	0.9871635644243797	2.830610665494113	24.166666666666668	59
397	conventional	60	1	1	0.7801453702642117	2.209897966647878	29.6	58
398	holistic	60	1	1	0.9782189976562121	2.346218551496878	24.166666666666668	58
398	conventional	60	3	3	0.7765443269685324	1.992338454243984	30.516666666666666	59
399	holistic	60	2	2	1.0321224699169504	3.7516635003145793	25.016666666666666	59
399	conventional	60	1	1	0.7875559159368483	2.332626666947105	30.516666666666666	59
400	holistic	60	2	2	1.0644411406177448	3.252194645445885	24.95	59
400	conventional	60	1	1	0.7624706552977025	1.7744288775240669	30.516666666666666	58
401	holistic	60	1	1	1.023403751760489	2.4194618196029634	24.95	59
401	conventional	60	1	1	0.7779700057914936	1.6853804375954946	31.466666666666665	59
402	holistic	60	1	1	1.0335602503458978	2.327671772827337	24.95	55
402	conventional	60	2	2	0.7585184112156216	1.8269574156218829	30.466666666666665	59
403	holistic	60	2	2	1.0697942945372956	2.3504534317611254	25.783333333333335	56
403	conventional	60	2	2	0.703203978125616	1.6445354579081508	29.466666666666665	59
404	holistic	60	0	0	1.1405767863900622	2.8122561718993326	26.783333333333335	57
404	conventional	60	1	1	0.7380177795759243	2.4266771799167017	29.466666666666665	57
405	holistic	60	0	0	1.1043853026444772	2.2817153748646217	27.783333333333335	58
405	conventional	60	2	2	0.6899805901516454	1.5116342988187708	30.366666666666667	58
406	holistic	60	1	1	1.10772549231929	2.2679407006337886	28.35	59
406	conventional	60	0	0	0.7734661460952265	2.2044488499269237	31.366666666666667	59
407	holistic	60	1	1	1.1086547373821363	2.2580629233319636	28.35	55
407	conventional	60	3	3	0.7654420054361232	1.706949469522089	31.016666666666666	59
408	holistic	60	0	0	1.1281269353589605	2.811175365834156	29.35	56
408	conventional	60	1	1	0.7790883719110914	1.6240081659593153	31.016666666666666	59
409	holistic	60	0	0	1.1338240172785008	2.6864999937887837	30.35	57
409	conventional	60	1	1	0.7656039460101899	1.7327173915446965	31.016666666666666	59
410	holistic	60	1	1	1.1525803087212403	2.689486832905859	31.283333333333335	58
410	conventional	60	3	3	0.7689987207875646	1.5788182459193727	30.916666666666668	57
411	holistic	60	1	1	1.2191483014422657	4.606955783965658	32.21666666666667	59
411	conventional	60	1	1	0.7958266709316835	1.9694801367038726	31.866666666666667	58
412	holistic	60	1	1	1.208573340093854	3.6180280236364357	32.21666666666667	57
412	conventional	60	0	0	0.7826687417425647	1.6356264306028585	32.86666666666667	59
413	holistic	60	0	0	1.1905696354157047	2.956899519198005	33.21666666666667	58
413	conventional	60	2	2	0.7789855309890553	1.8502448659308732	32.81666666666667	56
414	holistic	60	0	0	1.1640784598273746	2.5467700184679543	34.21666666666667	59
414	conventional	60	1	1	0.7726393059269213	1.9974100874038119	33.733333333333334	57
415	holistic	60	1	1	1.140582886316788	2.6238723897338816	34.21666666666667	55
415	conventional	60	1	1	0.8684072103572853	4.281703595982357	34.65	58
416	holistic	60	0	0	1.129031117535299	2.6278135006852392	35.21666666666667	56
416	conventional	60	0	0	0.8425359865135964	2.7854186237629817	35.65	59
417	holistic	60	0	0	1.1511259429537206	2.6907825291585468	36.21666666666667	57
417	conventional	60	4	4	0.8366580875048898	2.6105914438183824	34.3	58
418	holistic	60	0	0	1.1609953869130694	2.6903256609726194	37.21666666666667	58
418	conventional	60	0	0	0.8679939356226626	2.270612044272982	35.3	59
419	holistic	60	1	1	1.1544576807290825	2.847817117678131	38.15	59
419	conventional	60	3	3	0.8956561962901411	2.869168488295191	35.11666666666667	59
420	holistic	60	11	11	0.9688231344166998	2.789879730534933	28.15	57
420	conventional	60	11	11	0.7405686290630644	2.442981019933818	25.116666666666667	59
421	holistic	60	0	0	1.002644961854849	2.859559204214315	29.15	58
421	conventional	60	5	5	0.8276589952938423	3.2169742396052308	24.983333333333334	59
422	holistic	60	1	1	1.1062774241692508	3.7720328265784135	30.116666666666667	59
422	conventional	60	5	5	0.8090600908390918	2.409296312604029	21.95	59
423	holistic	60	3	3	1.082226163006658	3.0982156389277296	30.016666666666666	59
423	conventional	60	1	1	0.991431903885505	3.0232998069733394	21.95	58
424	holistic	60	8	8	1.0154977325400691	3.5169238046115217	25.683333333333334	58
424	conventional	60	1	1	1.0194332656246108	2.993966971970911	22.916666666666668	59
425	holistic	60	0	0	1.1120989476627383	2.7676654906340747	26.683333333333334	59
425	conventional	60	3	3	0.9675164456454539	2.445999998859147	21.866666666666667	57
426	holistic	60	3	3	1.0251719399311077	2.6014964817809676	25.616666666666667	58
426	conventional	60	0	0	0.876685811010977	2.3611622250442967	22.866666666666667	58
427	holistic	60	0	0	1.041940220708613	2.908947688349596	26.616666666666667	59
427	conventional	60	2	2	0.9484418817237159	2.4754272727671	23.716666666666665	59
428	holistic	60	4	4	1.0287691131604229	2.6417304660663796	26.45	59
428	conventional	60	3	3	0.8511817040097296	2.315512873024646	22.616666666666667	57
429	holistic	60	2	2	1.038867280745687	2.433786129400722	26.35	57
429	conventional	60	4	4	0.9303529222811142	3.376989903771928	22.8	58
430	holistic	60	1	1	1.0894246540852186	2.225002169620742	27.316666666666666	58
430	conventional	60	1	1	0.8613084233156995	3.3199507501322874	23.766666666666666	59
431	holistic	60	1	1	1.056934255798889	2.2920869657862575	28.183333333333334	59
431	conventional	60	6	6	0.9041467295153335	2.9638531373250667	23.583333333333332	58
432	holistic	60	1	1	1.0288230548434676	2.3927507037364046	28.183333333333334	58
432	conventional	60	1	1	0.9792032287112282	3.2545566606303624	24.4	59
433	holistic	60	2	2	1.107489715320988	2.304305504141508	29.05	59
433	conventional	60	1	1	1.0425260395487317	3.390665082480499	24.4	58
434	holistic	60	1	1	1.1106089133029056	2.4189799108858163	29.05	58
434	conventional	60	0	0	1.0153290916574265	2.242159400553104	25.4	59
435	holistic	60	0	0	1.137069550209783	2.2640285128787196	30.05	59
435	conventional	60	2	2	0.9284656002493487	2.0710739500854385	25.216666666666665	59
436	holistic	60	1	1	1.1509071790126937	2.2525858525919444	30.05	58
436	conventional	60	4	4	0.8486396230489109	1.857071853998032	22.966666666666665	58
437	holistic	60	0	0	1.1985851511184673	2.7646601759582943	31.05	59
437	conventional	60	1	1	0.9186241692259854	1.8591922908572305	23.933333333333334	59
438	holistic	60	1	1	1.172109583131467	2.265003172200171	31.05	59
438	conventional	60	4	4	0.8912674011606219	2.3592516006798125	22.383333333333333	59
439	holistic	60	1	1	1.1977599114522164	3.875363510333659	31.05	59
439	conventional	60	3	3	0.9085641807578859	2.194245863378234	21.333333333333332	59
440	holistic	60	3	3	1.0932776836900786	2.381014933952012	29.05	59
440	conventional	60	3	3	0.9309658278560314	2.1097738610766656	20.933333333333334	59
441	holistic	60	2	2	1.1370152343465192	4.7408832769547535	28.05	58
441	conventional	60	2	2	0.8485781622638701	2.223861538165554	20.833333333333332	55
442	holistic	60	0	0	1.1713949767165066	3.743469958091822	29.05	59
442	conventional	60	1	1	0.8293584297764973	2.1911935068903827	21.783333333333335	56
443	holistic	60	4	4	1.1179555447232596	3.4099034689584022	26.65	59
443	conventional	60	2	2	0.8583906802503105	2.074690277128802	22.666666666666668	57
444	holistic	60	1	1	1.1326583605698608	2.874217371856967	26.65	59
444	conventional	60	0	0	0.925766433217652	5.335867782548717	23.666666666666668	58
445	holistic	60	4	4	1.1713141837922634	2.845876565489483	25.516666666666666	58
445	conventional	60	3	3	0.890080823546256	2.4730755660904906	24.4	59
446	holistic	60	0	0	1.3115403750986265	3.791012888836132	26.516666666666666	59
446	conventional	60	1	1	0.8877045796419636	3.39906692319156	24.4	57
447	holistic	60	2	2	1.2955640774654025	2.7915600447399247	25.516666666666666	59
447	conventional	60	0	0	0.8899853802897059	2.7636276013500924	25.4	58
448	holistic	60	2	2	1.2461023122761532	2.871723149872887	25.183333333333334	59
448	conventional	60	0	0	0.8800853332401921	2.517205420070633	26.4	59
449	holistic	60	1	1	1.3981342626472284	7.816982851526006	25.183333333333334	59
449	conventional	60	1	1	0.8730982266726698	2.2254665035074286	26.4	58
450	holistic	60	2	2	1.2644100226002661	4.316875992202714	24.183333333333334	59
450	conventional	60	1	1	0.8616382213460272	2.06859816295148	27.316666666666666	59
451	holistic	60	1	1	1.2451940210389743	4.152976527548417	24.183333333333334	59
451	conventional	60	2	2	0.8715123052150765	2.229185212728284	26.316666666666666	59
452	holistic	60	1	1	1.2917846344120294	3.088782354846315	24.183333333333334	59
452	conventional	60	3	3	0.9336145089186448	4.183851939571345	25.15	59
453	holistic	60	2	2	1.2453649328959078	3.3625265626014342	24.116666666666667	58
453	conventional	60	1	1	0.8219517327825844	1.8565316388492064	25.15	55
454	holistic	60	1	1	1.224421519081527	3.175562261822827	25.05	59
454	conventional	60	3	3	0.823821401640266	1.7629312797738312	26.0	56
455	holistic	60	2	2	1.2811439241157911	3.4801587481340652	25.0	59
455	conventional	60	0	0	0.9641101241643086	3.1943983418433084	27.0	57
456	holistic	60	1	1	1.3574926279169182	5.857007316033886	25.0	58
456	conventional	60	1	1	0.8910336773860066	2.9371966530388374	27.833333333333332	58
457	holistic	60	0	0	1.3575909012791252	3.2212926887427717	26.0	59
457	conventional	60	0	0	0.9122300864111524	2.787650813860189	28.833333333333332	59
458	holistic	60	1	1	1.3482995720587725	3.1362753125746075	26.0	59
458	conventional	60	1	1	0.9291552642943082	2.1930426149801203	28.833333333333332	59
459	holistic	60	2	2	1.3212750394140125	3.1163022498384088	25.0	59
459	conventional	60	1	1	0.9363858666363009	2.19313110331124	28.833333333333332	59
460	holistic	60	2	2	1.3076373555437089	3.071552143527891	24.933333333333334	59
460	conventional	60	1	1	0.912333293478733	2.068318529946074	28.833333333333332	57
461	holistic	60	1	1	1.4032474832280515	4.5120314093063385	24.933333333333334	59
461	conventional	60	0	0	0.9988530992714982	2.3456589027010764	29.833333333333332	58
462	holistic	60	2	2	1.366049072134748	3.292892491703557	24.9	59
462	conventional	60	0	0	0.9885889094694491	1.7001725699732948	30.833333333333332	59
463	holistic	60	2	2	1.3141170745834765	3.22580850629112	23.9	53
463	conventional	60	2	2	0.9450244379651599	2.1931124388629	29.833333333333332	59
464	holistic	60	0	0	1.3302936976127042	3.1340056131133505	24.9	54
464	conventional	60	1	1	0.9681648557868499	2.023429349546718	29.833333333333332	59
465	holistic	60	0	0	1.3368236061561631	3.2272701103608044	25.9	55
465	conventional	60	2	2	0.9666471627091001	2.2429970658298215	28.833333333333332	58
466	holistic	60	0	0	1.3583540142656993	3.093662666717317	26.9	56
466	conventional	60	0	0	1.014743259818651	5.245264226600408	29.833333333333332	59
467	holistic	60	2	2	1.3675818437041103	3.0308933430227003	27.766666666666666	57
467	conventional	60	2	2	0.9850738278545573	3.2402271754222522	29.8	56
468	holistic	60	0	0	1.3883089327319815	3.282108387986377	28.766666666666666	58
468	conventional	60	0	0	1.0014880315366015	3.1420722049912415	30.8	57
469	holistic	60	0	0	1.375640458137795	3.2620552342341766	29.766666666666666	59
469	conventional	60	0	0	0.9736118176185374	2.1366224995444325	31.8	58
470	holistic	60	1	1	1.3514121355377255	3.2436080010300388	29.766666666666666	59
470	conventional	60	0	0	0.9611521258487211	1.6277613378081435	32.8	59
