# RBT-116 design adversary, steer_probe.py: 30 genomes (disjoint 16-draw batteries) per body
# PW caricature; v0 0.25, heading noise 1.0, eat from root 0.35 m, T threshold 0.05 m/s
body          STEERS  SMELL-USE  NONE   mean F   mean dT  mean T_intact  mean T_decoy  food_intact  zero-veto-draws  STEERS-if-no-veto
blind          0.00       0.00  1.00   +0.000    +0.000         -0.076        -0.076         0.46    16.0    0.00
ortho-a0.6     0.00       0.00  1.00   -0.058    +0.002         -0.059        -0.060         0.23    15.2    0.00
ortho-a0.9     0.00       0.00  1.00   -0.140    +0.004         -0.049        -0.053         0.09    15.3    0.00
ortho-a1.2     0.00       0.00  1.00   -0.183    -0.001         -0.043        -0.042         0.01    15.3    0.00
klino-b3       0.00       0.00  1.00   -0.083    -0.014         -0.037        -0.023         0.08    15.0    0.00
klino-b8       0.00       0.00  1.00   -0.046    -0.008         -0.022        -0.013         0.00    15.6    0.00
steer2-k6      0.27       0.00  0.73   +1.294    +0.365         +0.352        -0.013         1.84    10.2    0.63
steer2-k32     0.30       0.00  0.70   +1.419    +0.415         +0.397        -0.018         1.98    10.0    0.70
steer1-k2      0.00       0.00  1.00   +0.092    +0.094         +0.024        -0.070         0.40    14.1    0.00
steer1-k8      0.00       0.00  1.00   +0.427    +0.296         +0.240        -0.056         0.87    11.5    0.20
orbit-a0.9     0.00       0.00  1.00   -0.102    +0.009         -0.006        -0.015         0.07    15.3    0.00
sweep-a0.9     0.00       0.00  1.00   -0.050    +0.000         +0.000        +0.000         0.04    15.7    0.00
ars-0.50       0.00       0.00  1.00   -0.283    -0.058         -0.186        -0.127         0.00    14.7    0.00
ars-0.60       0.00       0.00  1.00   -0.338    -0.045         -0.186        -0.141         0.07    14.5    0.00
ars-0.70       0.00       0.00  1.00   -0.273    -0.039         -0.196        -0.157         0.18    14.8    0.00
