# RBT-102 structural carriage -- runs/RBT-106/HP-4

seed 4; state.json season 600 of 600; fauna: conventional (fixed_body 'pioneer'); window seasons 300-599
genomes saved at birth: 1742; living names without a genome: 0

## Positive control (before any number)

  20 window genomes (seed 102); installs ((1.0, 1.0), (8.0, -1.0)) (w, sign)
  installed motif detected 40 of 40; install invalid 0; bare genomes carrying 11 of 20
  positive control: PASSED

## Carriage per season (living conventional fauna)

| season | alive | carriers | fraction | mean depth |
|---|---|---|---|---|
| 0 | 60 | 30 | 0.5000 | 0.0 |
| 1 | 60 | 30 | 0.5000 | 0.0 |
| 2 | 60 | 32 | 0.5333 | 0.1 |
| 3 | 60 | 33 | 0.5500 | 0.2 |
| 4 | 60 | 32 | 0.5333 | 0.4 |
| 5 | 60 | 28 | 0.4667 | 0.5 |
| 6 | 60 | 27 | 0.4500 | 0.6 |
| 7 | 60 | 25 | 0.4167 | 0.7 |
| 8 | 60 | 21 | 0.3500 | 0.9 |
| 9 | 60 | 20 | 0.3333 | 1.1 |
| 10 | 60 | 24 | 0.4000 | 1.1 |
| 11 | 60 | 25 | 0.4167 | 1.1 |
| 12 | 60 | 26 | 0.4333 | 1.2 |
| 13 | 60 | 28 | 0.4667 | 1.2 |
| 14 | 60 | 27 | 0.4500 | 1.2 |
| 15 | 60 | 24 | 0.4000 | 1.3 |
| 16 | 60 | 24 | 0.4000 | 1.3 |
| 17 | 60 | 28 | 0.4667 | 1.3 |
| 18 | 60 | 27 | 0.4500 | 1.4 |
| 19 | 60 | 31 | 0.5167 | 1.4 |
| 20 | 60 | 31 | 0.5167 | 1.4 |
| 21 | 60 | 30 | 0.5000 | 1.5 |
| 22 | 60 | 29 | 0.4833 | 1.5 |
| 23 | 60 | 31 | 0.5167 | 1.6 |
| 24 | 60 | 32 | 0.5333 | 1.4 |
| 25 | 60 | 30 | 0.5000 | 1.6 |
| 26 | 60 | 30 | 0.5000 | 1.6 |
| 27 | 60 | 30 | 0.5000 | 1.6 |
| 28 | 60 | 29 | 0.4833 | 1.6 |
| 29 | 60 | 29 | 0.4833 | 1.6 |
| 30 | 60 | 29 | 0.4833 | 1.6 |
| 31 | 60 | 29 | 0.4833 | 1.6 |
| 32 | 60 | 29 | 0.4833 | 1.6 |
| 33 | 60 | 29 | 0.4833 | 1.6 |
| 34 | 60 | 29 | 0.4833 | 1.6 |
| 35 | 60 | 29 | 0.4833 | 1.7 |
| 36 | 60 | 29 | 0.4833 | 1.7 |
| 37 | 60 | 29 | 0.4833 | 1.7 |
| 38 | 60 | 29 | 0.4833 | 1.7 |
| 39 | 60 | 29 | 0.4833 | 1.7 |
| 40 | 60 | 29 | 0.4833 | 1.7 |
| 41 | 60 | 29 | 0.4833 | 1.7 |
| 42 | 60 | 27 | 0.4500 | 1.7 |
| 43 | 60 | 27 | 0.4500 | 1.8 |
| 44 | 60 | 28 | 0.4667 | 1.8 |
| 45 | 60 | 27 | 0.4500 | 1.8 |
| 46 | 60 | 27 | 0.4500 | 1.8 |
| 47 | 60 | 27 | 0.4500 | 1.8 |
| 48 | 60 | 27 | 0.4500 | 1.8 |
| 49 | 60 | 29 | 0.4833 | 1.9 |
| 50 | 60 | 27 | 0.4500 | 1.9 |
| 51 | 60 | 27 | 0.4500 | 1.9 |
| 52 | 60 | 27 | 0.4500 | 1.9 |
| 53 | 60 | 28 | 0.4667 | 1.9 |
| 54 | 60 | 28 | 0.4667 | 1.9 |
| 55 | 60 | 29 | 0.4833 | 1.9 |
| 56 | 60 | 29 | 0.4833 | 1.9 |
| 57 | 60 | 28 | 0.4667 | 2.0 |
| 58 | 60 | 27 | 0.4500 | 2.0 |
| 59 | 60 | 28 | 0.4667 | 2.0 |
| 60 | 60 | 28 | 0.4667 | 2.0 |
| 61 | 60 | 28 | 0.4667 | 2.0 |
| 62 | 60 | 28 | 0.4667 | 2.0 |
| 63 | 60 | 29 | 0.4833 | 2.0 |
| 64 | 60 | 29 | 0.4833 | 2.2 |
| 65 | 60 | 31 | 0.5167 | 2.2 |
| 66 | 60 | 31 | 0.5167 | 2.2 |
| 67 | 60 | 34 | 0.5667 | 2.2 |
| 68 | 60 | 30 | 0.5000 | 2.4 |
| 69 | 60 | 31 | 0.5167 | 2.4 |
| 70 | 60 | 31 | 0.5167 | 2.5 |
| 71 | 60 | 30 | 0.5000 | 2.6 |
| 72 | 60 | 28 | 0.4667 | 2.7 |
| 73 | 60 | 28 | 0.4667 | 2.9 |
| 74 | 60 | 29 | 0.4833 | 2.9 |
| 75 | 60 | 29 | 0.4833 | 2.9 |
| 76 | 60 | 29 | 0.4833 | 3.0 |
| 77 | 60 | 30 | 0.5000 | 3.0 |
| 78 | 60 | 30 | 0.5000 | 3.0 |
| 79 | 60 | 31 | 0.5167 | 3.1 |
| 80 | 60 | 31 | 0.5167 | 3.2 |
| 81 | 60 | 31 | 0.5167 | 3.3 |
| 82 | 60 | 32 | 0.5333 | 3.3 |
| 83 | 60 | 31 | 0.5167 | 3.3 |
| 84 | 60 | 30 | 0.5000 | 3.4 |
| 85 | 60 | 30 | 0.5000 | 3.4 |
| 86 | 60 | 30 | 0.5000 | 3.5 |
| 87 | 60 | 30 | 0.5000 | 3.4 |
| 88 | 60 | 31 | 0.5167 | 3.5 |
| 89 | 60 | 32 | 0.5333 | 3.5 |
| 90 | 60 | 31 | 0.5167 | 3.5 |
| 91 | 60 | 32 | 0.5333 | 3.5 |
| 92 | 60 | 32 | 0.5333 | 3.5 |
| 93 | 60 | 32 | 0.5333 | 3.4 |
| 94 | 60 | 32 | 0.5333 | 3.4 |
| 95 | 60 | 33 | 0.5500 | 3.5 |
| 96 | 60 | 34 | 0.5667 | 3.5 |
| 97 | 60 | 32 | 0.5333 | 3.5 |
| 98 | 60 | 32 | 0.5333 | 3.5 |
| 99 | 60 | 32 | 0.5333 | 3.5 |
| 100 | 60 | 33 | 0.5500 | 3.5 |
| 101 | 60 | 32 | 0.5333 | 3.5 |
| 102 | 60 | 33 | 0.5500 | 3.6 |
| 103 | 60 | 33 | 0.5500 | 3.5 |
| 104 | 60 | 32 | 0.5333 | 3.6 |
| 105 | 60 | 33 | 0.5500 | 3.6 |
| 106 | 60 | 34 | 0.5667 | 3.7 |
| 107 | 60 | 34 | 0.5667 | 3.6 |
| 108 | 60 | 34 | 0.5667 | 3.6 |
| 109 | 60 | 35 | 0.5833 | 3.7 |
| 110 | 60 | 36 | 0.6000 | 3.8 |
| 111 | 60 | 36 | 0.6000 | 3.8 |
| 112 | 60 | 36 | 0.6000 | 3.8 |
| 113 | 60 | 36 | 0.6000 | 3.8 |
| 114 | 60 | 37 | 0.6167 | 3.8 |
| 115 | 60 | 36 | 0.6000 | 3.8 |
| 116 | 60 | 36 | 0.6000 | 3.8 |
| 117 | 60 | 37 | 0.6167 | 3.8 |
| 118 | 60 | 38 | 0.6333 | 3.9 |
| 119 | 60 | 38 | 0.6333 | 4.0 |
| 120 | 60 | 38 | 0.6333 | 4.0 |
| 121 | 60 | 37 | 0.6167 | 4.0 |
| 122 | 60 | 37 | 0.6167 | 4.0 |
| 123 | 60 | 38 | 0.6333 | 4.1 |
| 124 | 60 | 37 | 0.6167 | 4.2 |
| 125 | 60 | 37 | 0.6167 | 4.2 |
| 126 | 60 | 35 | 0.5833 | 4.3 |
| 127 | 60 | 34 | 0.5667 | 4.3 |
| 128 | 60 | 36 | 0.6000 | 4.4 |
| 129 | 60 | 37 | 0.6167 | 4.5 |
| 130 | 60 | 37 | 0.6167 | 4.5 |
| 131 | 60 | 38 | 0.6333 | 4.7 |
| 132 | 60 | 37 | 0.6167 | 4.7 |
| 133 | 60 | 38 | 0.6333 | 4.9 |
| 134 | 60 | 38 | 0.6333 | 4.9 |
| 135 | 60 | 38 | 0.6333 | 4.8 |
| 136 | 60 | 38 | 0.6333 | 4.9 |
| 137 | 60 | 37 | 0.6167 | 5.0 |
| 138 | 60 | 37 | 0.6167 | 5.1 |
| 139 | 60 | 37 | 0.6167 | 5.2 |
| 140 | 60 | 36 | 0.6000 | 5.3 |
| 141 | 60 | 37 | 0.6167 | 5.3 |
| 142 | 60 | 42 | 0.7000 | 5.5 |
| 143 | 60 | 42 | 0.7000 | 5.6 |
| 144 | 60 | 42 | 0.7000 | 5.6 |
| 145 | 60 | 41 | 0.6833 | 5.6 |
| 146 | 60 | 41 | 0.6833 | 5.6 |
| 147 | 60 | 41 | 0.6833 | 5.7 |
| 148 | 60 | 43 | 0.7167 | 5.8 |
| 149 | 60 | 43 | 0.7167 | 5.9 |
| 150 | 60 | 43 | 0.7167 | 5.9 |
| 151 | 60 | 43 | 0.7167 | 5.9 |
| 152 | 60 | 43 | 0.7167 | 5.9 |
| 153 | 60 | 42 | 0.7000 | 6.0 |
| 154 | 60 | 42 | 0.7000 | 6.0 |
| 155 | 60 | 42 | 0.7000 | 6.0 |
| 156 | 60 | 42 | 0.7000 | 6.0 |
| 157 | 60 | 42 | 0.7000 | 6.0 |
| 158 | 60 | 42 | 0.7000 | 6.0 |
| 159 | 60 | 43 | 0.7167 | 6.0 |
| 160 | 60 | 44 | 0.7333 | 6.0 |
| 161 | 60 | 46 | 0.7667 | 6.2 |
| 162 | 60 | 46 | 0.7667 | 6.2 |
| 163 | 60 | 45 | 0.7500 | 6.2 |
| 164 | 60 | 45 | 0.7500 | 6.2 |
| 165 | 60 | 45 | 0.7500 | 6.2 |
| 166 | 60 | 45 | 0.7500 | 6.3 |
| 167 | 60 | 45 | 0.7500 | 6.3 |
| 168 | 60 | 45 | 0.7500 | 6.3 |
| 169 | 60 | 43 | 0.7167 | 6.3 |
| 170 | 60 | 44 | 0.7333 | 6.3 |
| 171 | 60 | 44 | 0.7333 | 6.2 |
| 172 | 60 | 44 | 0.7333 | 6.4 |
| 173 | 60 | 44 | 0.7333 | 6.4 |
| 174 | 60 | 44 | 0.7333 | 6.4 |
| 175 | 60 | 44 | 0.7333 | 6.4 |
| 176 | 60 | 44 | 0.7333 | 6.4 |
| 177 | 60 | 44 | 0.7333 | 6.4 |
| 178 | 60 | 44 | 0.7333 | 6.4 |
| 179 | 60 | 44 | 0.7333 | 6.4 |
| 180 | 60 | 45 | 0.7500 | 6.5 |
| 181 | 60 | 45 | 0.7500 | 6.5 |
| 182 | 60 | 46 | 0.7667 | 6.5 |
| 183 | 60 | 46 | 0.7667 | 6.5 |
| 184 | 60 | 46 | 0.7667 | 6.6 |
| 185 | 60 | 45 | 0.7500 | 6.7 |
| 186 | 60 | 47 | 0.7833 | 6.6 |
| 187 | 60 | 46 | 0.7667 | 6.7 |
| 188 | 60 | 45 | 0.7500 | 6.8 |
| 189 | 60 | 46 | 0.7667 | 6.8 |
| 190 | 60 | 48 | 0.8000 | 6.9 |
| 191 | 60 | 48 | 0.8000 | 7.0 |
| 192 | 60 | 49 | 0.8167 | 7.0 |
| 193 | 60 | 50 | 0.8333 | 7.1 |
| 194 | 60 | 51 | 0.8500 | 7.1 |
| 195 | 60 | 51 | 0.8500 | 7.1 |
| 196 | 60 | 51 | 0.8500 | 7.4 |
| 197 | 60 | 49 | 0.8167 | 7.4 |
| 198 | 60 | 51 | 0.8500 | 7.4 |
| 199 | 60 | 51 | 0.8500 | 7.5 |
| 200 | 60 | 52 | 0.8667 | 7.6 |
| 201 | 60 | 51 | 0.8500 | 7.8 |
| 202 | 60 | 51 | 0.8500 | 7.7 |
| 203 | 60 | 51 | 0.8500 | 8.1 |
| 204 | 60 | 51 | 0.8500 | 8.0 |
| 205 | 60 | 53 | 0.8833 | 7.9 |
| 206 | 60 | 54 | 0.9000 | 8.1 |
| 207 | 60 | 54 | 0.9000 | 8.2 |
| 208 | 60 | 54 | 0.9000 | 8.2 |
| 209 | 60 | 54 | 0.9000 | 8.2 |
| 210 | 60 | 54 | 0.9000 | 8.2 |
| 211 | 60 | 54 | 0.9000 | 8.2 |
| 212 | 60 | 54 | 0.9000 | 8.2 |
| 213 | 60 | 54 | 0.9000 | 8.2 |
| 214 | 60 | 54 | 0.9000 | 8.2 |
| 215 | 60 | 54 | 0.9000 | 8.2 |
| 216 | 60 | 54 | 0.9000 | 8.2 |
| 217 | 60 | 54 | 0.9000 | 8.2 |
| 218 | 60 | 54 | 0.9000 | 8.2 |
| 219 | 60 | 54 | 0.9000 | 8.2 |
| 220 | 60 | 54 | 0.9000 | 8.2 |
| 221 | 60 | 54 | 0.9000 | 8.2 |
| 222 | 60 | 54 | 0.9000 | 8.2 |
| 223 | 60 | 54 | 0.9000 | 8.2 |
| 224 | 60 | 54 | 0.9000 | 8.2 |
| 225 | 60 | 54 | 0.9000 | 8.2 |
| 226 | 60 | 54 | 0.9000 | 8.2 |
| 227 | 60 | 54 | 0.9000 | 8.2 |
| 228 | 60 | 54 | 0.9000 | 8.2 |
| 229 | 60 | 55 | 0.9167 | 8.3 |
| 230 | 60 | 55 | 0.9167 | 8.3 |
| 231 | 60 | 56 | 0.9333 | 8.3 |
| 232 | 60 | 56 | 0.9333 | 8.3 |
| 233 | 60 | 55 | 0.9167 | 8.4 |
| 234 | 60 | 55 | 0.9167 | 8.4 |
| 235 | 60 | 55 | 0.9167 | 8.4 |
| 236 | 60 | 55 | 0.9167 | 8.5 |
| 237 | 60 | 55 | 0.9167 | 8.6 |
| 238 | 60 | 55 | 0.9167 | 8.6 |
| 239 | 60 | 55 | 0.9167 | 8.6 |
| 240 | 60 | 55 | 0.9167 | 8.6 |
| 241 | 60 | 54 | 0.9000 | 8.6 |
| 242 | 60 | 54 | 0.9000 | 8.6 |
| 243 | 60 | 54 | 0.9000 | 8.5 |
| 244 | 60 | 54 | 0.9000 | 8.6 |
| 245 | 60 | 53 | 0.8833 | 8.6 |
| 246 | 60 | 55 | 0.9167 | 8.7 |
| 247 | 60 | 55 | 0.9167 | 8.7 |
| 248 | 60 | 56 | 0.9333 | 8.7 |
| 249 | 60 | 55 | 0.9167 | 8.8 |
| 250 | 60 | 55 | 0.9167 | 8.8 |
| 251 | 60 | 55 | 0.9167 | 9.0 |
| 252 | 60 | 55 | 0.9167 | 8.9 |
| 253 | 60 | 54 | 0.9000 | 9.1 |
| 254 | 60 | 54 | 0.9000 | 9.1 |
| 255 | 60 | 54 | 0.9000 | 9.1 |
| 256 | 60 | 55 | 0.9167 | 9.2 |
| 257 | 60 | 55 | 0.9167 | 9.2 |
| 258 | 60 | 55 | 0.9167 | 9.3 |
| 259 | 60 | 54 | 0.9000 | 9.3 |
| 260 | 60 | 54 | 0.9000 | 9.4 |
| 261 | 60 | 53 | 0.8833 | 9.8 |
| 262 | 60 | 53 | 0.8833 | 9.7 |
| 263 | 60 | 53 | 0.8833 | 9.7 |
| 264 | 60 | 53 | 0.8833 | 9.8 |
| 265 | 60 | 52 | 0.8667 | 9.8 |
| 266 | 60 | 51 | 0.8500 | 9.8 |
| 267 | 60 | 51 | 0.8500 | 9.9 |
| 268 | 60 | 50 | 0.8333 | 9.9 |
| 269 | 60 | 51 | 0.8500 | 10.2 |
| 270 | 60 | 51 | 0.8500 | 10.3 |
| 271 | 60 | 52 | 0.8667 | 10.2 |
| 272 | 60 | 52 | 0.8667 | 10.2 |
| 273 | 60 | 51 | 0.8500 | 10.4 |
| 274 | 60 | 51 | 0.8500 | 10.3 |
| 275 | 60 | 49 | 0.8167 | 10.3 |
| 276 | 60 | 50 | 0.8333 | 10.3 |
| 277 | 60 | 50 | 0.8333 | 10.3 |
| 278 | 60 | 50 | 0.8333 | 10.3 |
| 279 | 60 | 50 | 0.8333 | 10.3 |
| 280 | 60 | 50 | 0.8333 | 10.3 |
| 281 | 60 | 49 | 0.8167 | 10.3 |
| 282 | 60 | 49 | 0.8167 | 10.3 |
| 283 | 60 | 49 | 0.8167 | 10.3 |
| 284 | 60 | 49 | 0.8167 | 10.3 |
| 285 | 60 | 49 | 0.8167 | 10.3 |
| 286 | 60 | 49 | 0.8167 | 10.3 |
| 287 | 60 | 50 | 0.8333 | 10.4 |
| 288 | 60 | 50 | 0.8333 | 10.4 |
| 289 | 60 | 50 | 0.8333 | 10.5 |
| 290 | 60 | 50 | 0.8333 | 10.4 |
| 291 | 60 | 50 | 0.8333 | 10.7 |
| 292 | 60 | 50 | 0.8333 | 10.5 |
| 293 | 60 | 50 | 0.8333 | 10.7 |
| 294 | 60 | 50 | 0.8333 | 10.6 |
| 295 | 60 | 49 | 0.8167 | 10.6 |
| 296 | 60 | 49 | 0.8167 | 10.7 |
| 297 | 60 | 49 | 0.8167 | 10.7 |
| 298 | 60 | 49 | 0.8167 | 10.7 |
| 299 | 60 | 49 | 0.8167 | 10.6 |
| 300 | 60 | 49 | 0.8167 | 10.6 |
| 301 | 60 | 50 | 0.8333 | 10.6 |
| 302 | 60 | 50 | 0.8333 | 10.6 |
| 303 | 60 | 50 | 0.8333 | 10.6 |
| 304 | 60 | 50 | 0.8333 | 10.7 |
| 305 | 60 | 50 | 0.8333 | 10.7 |
| 306 | 60 | 50 | 0.8333 | 10.7 |
| 307 | 60 | 50 | 0.8333 | 10.7 |
| 308 | 60 | 50 | 0.8333 | 10.8 |
| 309 | 60 | 49 | 0.8167 | 11.0 |
| 310 | 60 | 49 | 0.8167 | 11.0 |
| 311 | 60 | 50 | 0.8333 | 11.0 |
| 312 | 60 | 50 | 0.8333 | 11.1 |
| 313 | 60 | 49 | 0.8167 | 11.1 |
| 314 | 60 | 49 | 0.8167 | 11.1 |
| 315 | 60 | 49 | 0.8167 | 11.1 |
| 316 | 60 | 49 | 0.8167 | 11.3 |
| 317 | 60 | 49 | 0.8167 | 11.3 |
| 318 | 60 | 49 | 0.8167 | 11.3 |
| 319 | 60 | 49 | 0.8167 | 11.4 |
| 320 | 60 | 48 | 0.8000 | 11.4 |
| 321 | 60 | 48 | 0.8000 | 11.4 |
| 322 | 60 | 50 | 0.8333 | 11.6 |
| 323 | 60 | 50 | 0.8333 | 11.7 |
| 324 | 60 | 48 | 0.8000 | 11.7 |
| 325 | 60 | 46 | 0.7667 | 12.0 |
| 326 | 60 | 45 | 0.7500 | 12.0 |
| 327 | 60 | 47 | 0.7833 | 12.1 |
| 328 | 60 | 45 | 0.7500 | 12.1 |
| 329 | 60 | 43 | 0.7167 | 12.1 |
| 330 | 60 | 43 | 0.7167 | 12.1 |
| 331 | 60 | 43 | 0.7167 | 12.3 |
| 332 | 60 | 42 | 0.7000 | 12.3 |
| 333 | 60 | 41 | 0.6833 | 12.1 |
| 334 | 60 | 42 | 0.7000 | 12.4 |
| 335 | 60 | 44 | 0.7333 | 12.4 |
| 336 | 60 | 41 | 0.6833 | 12.3 |
| 337 | 60 | 40 | 0.6667 | 12.4 |
| 338 | 60 | 41 | 0.6833 | 12.5 |
| 339 | 60 | 40 | 0.6667 | 12.4 |
| 340 | 60 | 39 | 0.6500 | 12.3 |
| 341 | 60 | 40 | 0.6667 | 12.3 |
| 342 | 60 | 39 | 0.6500 | 12.6 |
| 343 | 60 | 41 | 0.6833 | 12.6 |
| 344 | 60 | 39 | 0.6500 | 12.4 |
| 345 | 60 | 39 | 0.6500 | 12.3 |
| 346 | 60 | 39 | 0.6500 | 12.3 |
| 347 | 60 | 38 | 0.6333 | 12.3 |
| 348 | 60 | 38 | 0.6333 | 12.3 |
| 349 | 60 | 39 | 0.6500 | 12.5 |
| 350 | 60 | 38 | 0.6333 | 12.3 |
| 351 | 60 | 38 | 0.6333 | 12.3 |
| 352 | 60 | 37 | 0.6167 | 12.4 |
| 353 | 60 | 38 | 0.6333 | 12.6 |
| 354 | 60 | 38 | 0.6333 | 12.6 |
| 355 | 60 | 39 | 0.6500 | 12.7 |
| 356 | 60 | 39 | 0.6500 | 12.8 |
| 357 | 60 | 40 | 0.6667 | 12.8 |
| 358 | 60 | 39 | 0.6500 | 12.7 |
| 359 | 60 | 39 | 0.6500 | 12.7 |
| 360 | 60 | 40 | 0.6667 | 12.8 |
| 361 | 60 | 39 | 0.6500 | 12.8 |
| 362 | 60 | 39 | 0.6500 | 12.8 |
| 363 | 60 | 39 | 0.6500 | 12.7 |
| 364 | 60 | 38 | 0.6333 | 12.7 |
| 365 | 60 | 38 | 0.6333 | 12.8 |
| 366 | 60 | 38 | 0.6333 | 12.8 |
| 367 | 60 | 38 | 0.6333 | 12.8 |
| 368 | 60 | 38 | 0.6333 | 12.8 |
| 369 | 60 | 39 | 0.6500 | 12.9 |
| 370 | 60 | 39 | 0.6500 | 12.9 |
| 371 | 60 | 38 | 0.6333 | 12.9 |
| 372 | 60 | 37 | 0.6167 | 12.8 |
| 373 | 60 | 38 | 0.6333 | 12.9 |
| 374 | 60 | 37 | 0.6167 | 12.9 |
| 375 | 60 | 38 | 0.6333 | 12.9 |
| 376 | 60 | 37 | 0.6167 | 13.0 |
| 377 | 60 | 37 | 0.6167 | 12.9 |
| 378 | 60 | 37 | 0.6167 | 12.9 |
| 379 | 60 | 35 | 0.5833 | 13.1 |
| 380 | 60 | 36 | 0.6000 | 13.0 |
| 381 | 60 | 36 | 0.6000 | 13.0 |
| 382 | 60 | 35 | 0.5833 | 13.2 |
| 383 | 60 | 35 | 0.5833 | 13.4 |
| 384 | 60 | 38 | 0.6333 | 13.6 |
| 385 | 60 | 37 | 0.6167 | 13.4 |
| 386 | 60 | 36 | 0.6000 | 13.4 |
| 387 | 60 | 35 | 0.5833 | 13.7 |
| 388 | 60 | 35 | 0.5833 | 13.7 |
| 389 | 60 | 37 | 0.6167 | 13.6 |
| 390 | 60 | 37 | 0.6167 | 13.5 |
| 391 | 60 | 37 | 0.6167 | 13.6 |
| 392 | 60 | 35 | 0.5833 | 13.8 |
| 393 | 60 | 36 | 0.6000 | 14.0 |
| 394 | 60 | 34 | 0.5667 | 13.9 |
| 395 | 60 | 34 | 0.5667 | 13.9 |
| 396 | 60 | 34 | 0.5667 | 14.1 |
| 397 | 60 | 33 | 0.5500 | 13.8 |
| 398 | 60 | 34 | 0.5667 | 13.8 |
| 399 | 60 | 34 | 0.5667 | 14.1 |
| 400 | 60 | 33 | 0.5500 | 14.1 |
| 401 | 60 | 31 | 0.5167 | 14.0 |
| 402 | 60 | 31 | 0.5167 | 13.9 |
| 403 | 60 | 31 | 0.5167 | 13.9 |
| 404 | 60 | 32 | 0.5333 | 13.9 |
| 405 | 60 | 32 | 0.5333 | 14.2 |
| 406 | 60 | 31 | 0.5167 | 14.1 |
| 407 | 60 | 32 | 0.5333 | 14.2 |
| 408 | 60 | 29 | 0.4833 | 14.3 |
| 409 | 60 | 30 | 0.5000 | 14.2 |
| 410 | 60 | 31 | 0.5167 | 14.2 |
| 411 | 60 | 31 | 0.5167 | 14.3 |
| 412 | 60 | 33 | 0.5500 | 14.3 |
| 413 | 60 | 33 | 0.5500 | 14.3 |
| 414 | 60 | 33 | 0.5500 | 14.4 |
| 415 | 60 | 33 | 0.5500 | 14.4 |
| 416 | 60 | 33 | 0.5500 | 14.3 |
| 417 | 60 | 33 | 0.5500 | 14.3 |
| 418 | 60 | 33 | 0.5500 | 14.2 |
| 419 | 60 | 33 | 0.5500 | 14.2 |
| 420 | 60 | 32 | 0.5333 | 14.2 |
| 421 | 60 | 33 | 0.5500 | 14.3 |
| 422 | 60 | 34 | 0.5667 | 14.3 |
| 423 | 60 | 34 | 0.5667 | 14.3 |
| 424 | 60 | 35 | 0.5833 | 14.3 |
| 425 | 60 | 35 | 0.5833 | 14.3 |
| 426 | 60 | 35 | 0.5833 | 14.3 |
| 427 | 60 | 35 | 0.5833 | 14.3 |
| 428 | 60 | 34 | 0.5667 | 14.3 |
| 429 | 60 | 32 | 0.5333 | 14.3 |
| 430 | 60 | 31 | 0.5167 | 14.4 |
| 431 | 60 | 31 | 0.5167 | 14.5 |
| 432 | 60 | 30 | 0.5000 | 14.6 |
| 433 | 60 | 30 | 0.5000 | 14.6 |
| 434 | 60 | 31 | 0.5167 | 14.6 |
| 435 | 60 | 32 | 0.5333 | 14.6 |
| 436 | 60 | 32 | 0.5333 | 14.7 |
| 437 | 60 | 31 | 0.5167 | 14.6 |
| 438 | 60 | 32 | 0.5333 | 14.6 |
| 439 | 60 | 30 | 0.5000 | 14.6 |
| 440 | 60 | 30 | 0.5000 | 14.7 |
| 441 | 60 | 30 | 0.5000 | 14.7 |
| 442 | 60 | 28 | 0.4667 | 14.8 |
| 443 | 60 | 28 | 0.4667 | 14.8 |
| 444 | 60 | 28 | 0.4667 | 14.7 |
| 445 | 60 | 29 | 0.4833 | 14.8 |
| 446 | 60 | 29 | 0.4833 | 14.8 |
| 447 | 60 | 30 | 0.5000 | 14.6 |
| 448 | 60 | 27 | 0.4500 | 14.8 |
| 449 | 60 | 27 | 0.4500 | 15.2 |
| 450 | 60 | 28 | 0.4667 | 15.0 |
| 451 | 60 | 28 | 0.4667 | 15.1 |
| 452 | 60 | 29 | 0.4833 | 15.0 |
| 453 | 60 | 27 | 0.4500 | 15.3 |
| 454 | 60 | 27 | 0.4500 | 15.1 |
| 455 | 60 | 27 | 0.4500 | 15.2 |
| 456 | 60 | 28 | 0.4667 | 15.2 |
| 457 | 60 | 29 | 0.4833 | 15.4 |
| 458 | 60 | 29 | 0.4833 | 15.3 |
| 459 | 60 | 31 | 0.5167 | 15.4 |
| 460 | 60 | 27 | 0.4500 | 15.7 |
| 461 | 60 | 27 | 0.4500 | 15.7 |
| 462 | 60 | 26 | 0.4333 | 15.6 |
| 463 | 60 | 28 | 0.4667 | 15.7 |
| 464 | 60 | 27 | 0.4500 | 15.8 |
| 465 | 60 | 27 | 0.4500 | 15.7 |
| 466 | 60 | 27 | 0.4500 | 15.7 |
| 467 | 60 | 26 | 0.4333 | 15.8 |
| 468 | 60 | 25 | 0.4167 | 15.8 |
| 469 | 60 | 25 | 0.4167 | 15.8 |
| 470 | 60 | 26 | 0.4333 | 15.8 |
| 471 | 60 | 24 | 0.4000 | 15.8 |
| 472 | 60 | 20 | 0.3333 | 15.8 |
| 473 | 60 | 21 | 0.3500 | 15.9 |
| 474 | 60 | 20 | 0.3333 | 15.9 |
| 475 | 60 | 19 | 0.3167 | 16.0 |
| 476 | 60 | 19 | 0.3167 | 16.0 |
| 477 | 60 | 20 | 0.3333 | 16.0 |
| 478 | 60 | 21 | 0.3500 | 16.1 |
| 479 | 60 | 22 | 0.3667 | 16.1 |
| 480 | 60 | 21 | 0.3500 | 16.1 |
| 481 | 60 | 21 | 0.3500 | 16.1 |
| 482 | 60 | 18 | 0.3000 | 16.3 |
| 483 | 60 | 18 | 0.3000 | 16.3 |
| 484 | 60 | 17 | 0.2833 | 16.4 |
| 485 | 60 | 17 | 0.2833 | 16.4 |
| 486 | 60 | 17 | 0.2833 | 16.4 |
| 487 | 60 | 17 | 0.2833 | 16.4 |
| 488 | 60 | 17 | 0.2833 | 16.4 |
| 489 | 60 | 17 | 0.2833 | 16.4 |
| 490 | 60 | 17 | 0.2833 | 16.4 |
| 491 | 60 | 17 | 0.2833 | 16.4 |
| 492 | 60 | 17 | 0.2833 | 16.4 |
| 493 | 60 | 17 | 0.2833 | 16.4 |
| 494 | 60 | 17 | 0.2833 | 16.4 |
| 495 | 60 | 16 | 0.2667 | 16.5 |
| 496 | 60 | 16 | 0.2667 | 16.4 |
| 497 | 60 | 16 | 0.2667 | 16.3 |
| 498 | 60 | 16 | 0.2667 | 16.4 |
| 499 | 60 | 16 | 0.2667 | 16.4 |
| 500 | 60 | 17 | 0.2833 | 16.4 |
| 501 | 60 | 17 | 0.2833 | 16.4 |
| 502 | 60 | 18 | 0.3000 | 16.4 |
| 503 | 60 | 17 | 0.2833 | 16.4 |
| 504 | 60 | 16 | 0.2667 | 16.5 |
| 505 | 60 | 14 | 0.2333 | 16.6 |
| 506 | 60 | 13 | 0.2167 | 16.6 |
| 507 | 60 | 13 | 0.2167 | 16.8 |
| 508 | 60 | 15 | 0.2500 | 16.9 |
| 509 | 60 | 14 | 0.2333 | 16.9 |
| 510 | 60 | 14 | 0.2333 | 16.9 |
| 511 | 60 | 16 | 0.2667 | 16.9 |
| 512 | 60 | 14 | 0.2333 | 16.7 |
| 513 | 60 | 15 | 0.2500 | 16.7 |
| 514 | 60 | 16 | 0.2667 | 16.8 |
| 515 | 60 | 17 | 0.2833 | 16.8 |
| 516 | 60 | 18 | 0.3000 | 16.9 |
| 517 | 60 | 17 | 0.2833 | 17.0 |
| 518 | 60 | 17 | 0.2833 | 17.0 |
| 519 | 60 | 17 | 0.2833 | 17.0 |
| 520 | 60 | 17 | 0.2833 | 17.0 |
| 521 | 60 | 17 | 0.2833 | 17.1 |
| 522 | 60 | 17 | 0.2833 | 17.2 |
| 523 | 60 | 17 | 0.2833 | 17.2 |
| 524 | 60 | 17 | 0.2833 | 17.2 |
| 525 | 60 | 17 | 0.2833 | 17.4 |
| 526 | 60 | 16 | 0.2667 | 17.7 |
| 527 | 60 | 18 | 0.3000 | 17.7 |
| 528 | 60 | 18 | 0.3000 | 17.4 |
| 529 | 60 | 18 | 0.3000 | 17.5 |
| 530 | 60 | 19 | 0.3167 | 17.6 |
| 531 | 60 | 16 | 0.2667 | 17.7 |
| 532 | 60 | 17 | 0.2833 | 17.7 |
| 533 | 60 | 17 | 0.2833 | 17.6 |
| 534 | 60 | 16 | 0.2667 | 17.7 |
| 535 | 60 | 19 | 0.3167 | 17.6 |
| 536 | 60 | 21 | 0.3500 | 17.6 |
| 537 | 60 | 18 | 0.3000 | 17.8 |
| 538 | 60 | 18 | 0.3000 | 17.7 |
| 539 | 60 | 19 | 0.3167 | 17.8 |
| 540 | 60 | 21 | 0.3500 | 17.9 |
| 541 | 60 | 21 | 0.3500 | 17.9 |
| 542 | 60 | 19 | 0.3167 | 17.9 |
| 543 | 60 | 18 | 0.3000 | 17.9 |
| 544 | 60 | 18 | 0.3000 | 17.9 |
| 545 | 60 | 20 | 0.3333 | 17.9 |
| 546 | 60 | 20 | 0.3333 | 18.0 |
| 547 | 60 | 19 | 0.3167 | 18.0 |
| 548 | 60 | 20 | 0.3333 | 18.1 |
| 549 | 60 | 19 | 0.3167 | 18.0 |
| 550 | 60 | 19 | 0.3167 | 18.0 |
| 551 | 60 | 20 | 0.3333 | 18.0 |
| 552 | 60 | 21 | 0.3500 | 18.1 |
| 553 | 60 | 22 | 0.3667 | 18.2 |
| 554 | 60 | 19 | 0.3167 | 18.3 |
| 555 | 60 | 19 | 0.3167 | 18.4 |
| 556 | 60 | 20 | 0.3333 | 18.4 |
| 557 | 60 | 21 | 0.3500 | 18.3 |
| 558 | 60 | 21 | 0.3500 | 18.4 |
| 559 | 60 | 22 | 0.3667 | 18.5 |
| 560 | 60 | 20 | 0.3333 | 18.4 |
| 561 | 60 | 21 | 0.3500 | 18.4 |
| 562 | 60 | 22 | 0.3667 | 18.4 |
| 563 | 60 | 22 | 0.3667 | 18.4 |
| 564 | 60 | 21 | 0.3500 | 18.4 |
| 565 | 60 | 21 | 0.3500 | 18.4 |
| 566 | 60 | 21 | 0.3500 | 18.4 |
| 567 | 60 | 21 | 0.3500 | 18.4 |
| 568 | 60 | 22 | 0.3667 | 18.6 |
| 569 | 60 | 21 | 0.3500 | 18.7 |
| 570 | 60 | 19 | 0.3167 | 18.7 |
| 571 | 60 | 18 | 0.3000 | 18.9 |
| 572 | 60 | 20 | 0.3333 | 19.0 |
| 573 | 60 | 20 | 0.3333 | 18.9 |
| 574 | 60 | 21 | 0.3500 | 19.1 |
| 575 | 60 | 22 | 0.3667 | 19.4 |
| 576 | 60 | 20 | 0.3333 | 19.5 |
| 577 | 60 | 20 | 0.3333 | 19.5 |
| 578 | 60 | 20 | 0.3333 | 19.5 |
| 579 | 60 | 20 | 0.3333 | 19.4 |
| 580 | 60 | 19 | 0.3167 | 19.6 |
| 581 | 60 | 21 | 0.3500 | 19.7 |
| 582 | 60 | 20 | 0.3333 | 19.6 |
| 583 | 60 | 20 | 0.3333 | 19.6 |
| 584 | 60 | 21 | 0.3500 | 19.7 |
| 585 | 60 | 22 | 0.3667 | 19.8 |
| 586 | 60 | 23 | 0.3833 | 19.8 |
| 587 | 60 | 23 | 0.3833 | 19.8 |
| 588 | 60 | 23 | 0.3833 | 20.0 |
| 589 | 60 | 26 | 0.4333 | 20.0 |
| 590 | 60 | 24 | 0.4000 | 20.1 |
| 591 | 60 | 27 | 0.4500 | 20.4 |
| 592 | 60 | 27 | 0.4500 | 20.3 |
| 593 | 60 | 26 | 0.4333 | 20.4 |
| 594 | 60 | 26 | 0.4333 | 20.4 |
| 595 | 60 | 27 | 0.4500 | 20.6 |
| 596 | 60 | 26 | 0.4333 | 20.6 |
| 597 | 60 | 30 | 0.5000 | 20.6 |
| 598 | 60 | 29 | 0.4833 | 20.7 |
| 599 | 60 | 28 | 0.4667 | 20.6 |

## Births

  founders 60, carrying 30
  births 1682; carriers born 913; DE NOVO arrivals (no parent carries) 7; inherited 906
  births at depth 17-21 (RBT-91's k = 19 +- 2): 129 of 372 = 34.677% [30.020, 39.648]
  RBT-91 drift proposal rate: 84 of 200000 = 0.042% [0.0339, 0.0520] (Wilson 95%)

## Window statistic

  X = mean carriage over seasons 300-599 = 48.6889%  (mean depth of the living in the window 15.3); seasons with any carrier 600 of 600

## Carriers alive in the window, signed at the reference probe (16 x 15 s)

| carrier | depth | seasons alive in window | whole-brain a | links-alone a | heading | R | re-signed a | verdict | links-alone sign agrees |
|---|---|---|---|---|---|---|---|---|---|
| ce1002 | 12 | 2 | +2.2290 | +15.6718 | +179.4 | 0.67 | +2.2290 | COMPASS | yes |
| ce1004 | 12 | 60 | +0.7631 | +22.6132 | +177.3 | 0.65 | +0.7631 | COMPASS | yes |
| ce1005 | 9 | 60 | +15.3520 | +13.8505 | +174.8 | 0.58 | +15.3520 | COMPASS | yes |
| ce1007 | 11 | 60 | +14.3807 | +19.7616 | +171.1 | 0.19 | +14.3807 | COMPASS | yes |
| ce1008 | 9 | 1 | +0.0000 | +0.0000 | -66.8 | 0.42 | -0.0000 | ANTI-COMPASS | yes |
| ce1010 | 16 | 1 | +3.0533 | +24.0850 | -34.1 | 0.42 | -3.0533 | ANTI-COMPASS | yes |
| ce1011 | 17 | 1 | +0.0000 | +0.0000 | +75.5 | 0.41 | — | UNDETERMINED | — |
| ce1013 | 14 | 1 | +0.0007 | +0.0037 | -56.3 | 0.45 | -0.0007 | ANTI-COMPASS | yes |
| ce1015 | 13 | 60 | +31.0278 | +22.6061 | +177.1 | 0.69 | +31.0278 | COMPASS | yes |
| ce1016 | 9 | 1 | +0.0000 | +0.0000 | -65.9 | 0.41 | -0.0000 | ANTI-COMPASS | yes |
| ce1018 | 16 | 60 | +0.5843 | +16.2389 | +179.5 | 0.64 | +0.5843 | COMPASS | yes |
| ce1019 | 14 | 1 | +0.0002 | +0.0808 | +74.2 | 0.37 | -0.0002 | ANTI-COMPASS | yes |
| ce1020 | 17 | 48 | +23.3857 | +14.0717 | -177.6 | 0.81 | +23.3857 | COMPASS | yes |
| ce1021 | 15 | 1 | +0.0000 | +0.0000 | -71.4 | 0.41 | -0.0000 | ANTI-COMPASS | yes |
| ce1023 | 14 | 60 | +1.4759 | +11.9744 | +177.2 | 0.68 | +1.4759 | COMPASS | yes |
| ce1024 | 11 | 60 | +0.2415 | +25.7121 | +175.3 | 0.64 | +0.2415 | COMPASS | yes |
| ce1025 | 13 | 60 | +24.6982 | +13.9959 | +177.7 | 0.62 | +24.6982 | COMPASS | yes |
| ce1026 | 17 | 2 | +24.9662 | +11.4899 | -174.9 | 0.67 | +24.9662 | COMPASS | yes |
| ce1028 | 16 | 60 | +0.0328 | +1.1369 | -178.7 | 0.45 | +0.0328 | COMPASS | yes |
| ce1029 | 16 | 1 | -0.0000 | -6.2938 | -166.2 | 0.78 | -0.0000 | ANTI-COMPASS | yes |
| ce1030 | 14 | 60 | +10.6608 | +1.5030 | +179.0 | 0.77 | +10.6608 | COMPASS | yes |
| ce1032 | 14 | 60 | +7.8550 | +13.8090 | +173.6 | 0.65 | +7.8550 | COMPASS | yes |
| ce1034 | 18 | 1 | +0.0000 | +0.0000 | -73.2 | 0.40 | -0.0000 | ANTI-COMPASS | yes |
| ce1036 | 16 | 2 | +16.7294 | +30.7846 | -150.3 | 0.50 | +16.7294 | COMPASS | yes |
| ce1037 | 11 | 1 | +0.4079 | +23.2342 | +164.8 | 0.74 | +0.4079 | COMPASS | yes |
| ce1039 | 11 | 1 | +1.5638 | +27.5844 | +148.1 | 0.30 | +1.5638 | COMPASS | yes |
| ce1040 | 15 | 29 | -0.0276 | -0.0282 | -164.9 | 0.79 | -0.0276 | ANTI-COMPASS | yes |
| ce1041 | 16 | 2 | +17.1641 | +15.7845 | +179.5 | 0.32 | +17.1641 | COMPASS | yes |
| ce1042 | 12 | 60 | +29.1810 | +17.3913 | +178.5 | 0.64 | +29.1810 | COMPASS | yes |
| ce1043 | 10 | 60 | +7.3690 | +20.4940 | +177.6 | 0.56 | +7.3690 | COMPASS | yes |
| ce1044 | 17 | 60 | +24.6454 | +17.5215 | -172.9 | 0.55 | +24.6454 | COMPASS | yes |
| ce1045 | 16 | 60 | -0.0002 | -11.3752 | -169.4 | 0.81 | -0.0002 | ANTI-COMPASS | yes |
| ce1047 | 13 | 1 | +0.0023 | +0.0000 | -63.5 | 0.43 | -0.0023 | ANTI-COMPASS | yes |
| ce1049 | 13 | 1 | +0.0000 | +0.0000 | +69.2 | 0.41 | -0.0000 | ANTI-COMPASS | yes |
| ce1050 | 11 | 1 | +0.0000 | +0.0000 | +65.0 | 0.42 | -0.0000 | ANTI-COMPASS | yes |
| ce1051 | 16 | 1 | -0.0038 | -0.2012 | -166.8 | 0.78 | -0.0038 | ANTI-COMPASS | yes |
| ce1052 | 13 | 9 | +0.7820 | +24.3078 | -173.5 | 0.69 | +0.7820 | COMPASS | yes |
| ce1054 | 12 | 60 | +0.1625 | +0.4689 | +178.4 | 0.69 | +0.1625 | COMPASS | yes |
| ce1055 | 12 | 1 | +0.0001 | +0.0853 | +177.5 | 0.89 | +0.0001 | COMPASS | yes |
| ce1057 | 14 | 1 | +0.2772 | +22.5686 | -64.9 | 0.43 | -0.2772 | ANTI-COMPASS | yes |
| ce1058 | 11 | 1 | +9.4561 | +10.7322 | -157.0 | 0.56 | +9.4561 | COMPASS | yes |
| ce1061 | 15 | 2 | +3.3231 | +20.0231 | +160.0 | 0.48 | +3.3231 | COMPASS | yes |
| ce1062 | 12 | 2 | +0.4367 | +20.8357 | +168.8 | 0.67 | +0.4367 | COMPASS | yes |
| ce1063 | 14 | 60 | +3.8237 | +17.7288 | +174.9 | 0.83 | +3.8237 | COMPASS | yes |
| ce1064 | 18 | 1 | +0.0000 | +0.0000 | +68.7 | 0.41 | -0.0000 | ANTI-COMPASS | yes |
| ce1066 | 13 | 1 | +0.0000 | +0.0000 | +69.8 | 0.42 | -0.0000 | ANTI-COMPASS | yes |
| ce1067 | 15 | 60 | +0.0260 | +2.2948 | -178.6 | 0.28 | +0.0260 | COMPASS | yes |
| ce1070 | 18 | 60 | +16.4170 | +11.7023 | -172.1 | 0.75 | +16.4170 | COMPASS | yes |
| ce1071 | 17 | 60 | +24.8811 | +14.4537 | +177.8 | 0.60 | +24.8811 | COMPASS | yes |
| ce1072 | 15 | 2 | +0.0022 | +1.9291 | +171.5 | 0.56 | +0.0022 | COMPASS | yes |
| ce1073 | 13 | 3 | +6.3342 | +28.3345 | +157.4 | 0.60 | +6.3342 | COMPASS | yes |
| ce1074 | 18 | 1 | +11.4715 | +18.7332 | -137.3 | 0.43 | +11.4715 | COMPASS | yes |
| ce1075 | 15 | 1 | +0.0000 | +0.0000 | -70.7 | 0.42 | -0.0000 | ANTI-COMPASS | yes |
| ce1076 | 16 | 60 | +1.2684 | +25.7230 | +176.3 | 0.54 | +1.2684 | COMPASS | yes |
| ce1077 | 15 | 1 | +21.5010 | +28.3420 | -59.2 | 0.45 | -21.5010 | ANTI-COMPASS | yes |
| ce1078 | 13 | 1 | +0.0000 | +0.0000 | -60.5 | 0.43 | -0.0000 | ANTI-COMPASS | yes |
| ce1079 | 15 | 60 | +3.3969 | +21.0026 | +178.5 | 0.67 | +3.3969 | COMPASS | yes |
| ce1080 | 11 | 2 | +0.2091 | +2.0394 | +157.3 | 0.50 | +0.2091 | COMPASS | yes |
| ce1086 | 19 | 1 | +0.0000 | +0.0000 | +70.8 | 0.38 | -0.0000 | ANTI-COMPASS | yes |
| ce1087 | 13 | 1 | +8.9420 | +12.4322 | -58.0 | 0.45 | -8.9420 | ANTI-COMPASS | yes |
| ce1089 | 18 | 1 | +11.7414 | +9.0372 | -63.0 | 0.43 | -11.7414 | ANTI-COMPASS | yes |
| ce1090 | 12 | 60 | +0.5493 | +25.7315 | +175.4 | 0.64 | +0.5493 | COMPASS | yes |
| ce1092 | 13 | 3 | -0.0000 | -0.0048 | -166.9 | 0.79 | -0.0000 | ANTI-COMPASS | yes |
| ce1093 | 14 | 4 | +5.8436 | +6.2904 | +3.5 | 0.44 | -5.8436 | ANTI-COMPASS | yes |
| ce1095 | 12 | 4 | +2.8250 | +29.4779 | -168.9 | 0.61 | +2.8250 | COMPASS | yes |
| ce1096 | 11 | 60 | +11.1207 | +22.9475 | +159.6 | 0.27 | +11.1207 | COMPASS | yes |
| ce1097 | 11 | 60 | +25.4951 | +12.2064 | +173.3 | 0.58 | +25.4951 | COMPASS | yes |
| ce1100 | 16 | 1 | +0.0036 | +1.6458 | +63.4 | 0.37 | -0.0036 | ANTI-COMPASS | yes |
| ce1101 | 11 | 1 | +0.6628 | +0.0015 | -123.0 | 0.39 | +0.6628 | COMPASS | yes |
| ce1103 | 15 | 1 | +0.0006 | +0.0018 | +130.7 | 0.44 | +0.0006 | COMPASS | yes |
| ce1105 | 14 | 2 | +17.5163 | +16.6466 | -142.8 | 0.26 | +17.5163 | COMPASS | yes |
| ce1108 | 17 | 8 | +0.0010 | +0.0000 | +178.3 | 0.44 | +0.0010 | COMPASS | no |
| ce1111 | 12 | 1 | +0.0002 | +0.0003 | -64.9 | 0.42 | -0.0002 | ANTI-COMPASS | yes |
| ce1112 | 15 | 1 | +3.2046 | +0.0246 | +64.0 | 0.42 | -3.2046 | ANTI-COMPASS | yes |
| ce1115 | 16 | 1 | +12.0305 | +0.0022 | +99.3 | 0.38 | — | UNDETERMINED | — |
| ce1116 | 12 | 1 | +0.0071 | +0.0451 | +76.4 | 0.36 | — | UNDETERMINED | — |
| ce1118 | 13 | 6 | +29.7410 | +16.4615 | +178.2 | 0.72 | +29.7410 | COMPASS | yes |
| ce1120 | 10 | 1 | +1.2639 | +17.4298 | +70.6 | 0.40 | -1.2639 | ANTI-COMPASS | yes |
| ce1121 | 17 | 1 | +0.0000 | +0.0000 | -72.2 | 0.41 | -0.0000 | ANTI-COMPASS | yes |
| ce1125 | 13 | 1 | -0.0000 | -0.0000 | -61.8 | 0.43 | +0.0000 | COMPASS | yes |
| ce1126 | 17 | 2 | -0.0002 | +0.0000 | -4.7 | 0.18 | +0.0002 | COMPASS | no |
| ce1127 | 18 | 1 | +19.9719 | +21.0964 | +99.8 | 0.28 | — | UNDETERMINED | — |
| ce1132 | 18 | 2 | -1.0567 | +0.0000 | +178.6 | 0.43 | -1.0567 | ANTI-COMPASS | yes |
| ce1134 | 12 | 1 | +0.0008 | +0.0042 | +30.7 | 0.54 | -0.0008 | ANTI-COMPASS | yes |
| ce1135 | 12 | 1 | +0.0021 | +0.0369 | +117.7 | 0.17 | +0.0021 | COMPASS | yes |
| ce1137 | 11 | 1 | +10.3926 | +24.3304 | +74.0 | 0.39 | -10.3926 | ANTI-COMPASS | yes |
| ce1138 | 18 | 10 | +11.9989 | +26.1639 | -171.4 | 0.68 | +11.9989 | COMPASS | yes |
| ce1139 | 12 | 1 | +23.1689 | +11.9410 | +98.7 | 0.29 | — | UNDETERMINED | — |
| ce1142 | 19 | 1 | +19.7695 | +17.6866 | -172.5 | 0.55 | +19.7695 | COMPASS | yes |
| ce1143 | 16 | 60 | +1.0950 | +3.4069 | +179.9 | 0.62 | +1.0950 | COMPASS | yes |
| ce1145 | 15 | 1 | +0.7366 | +0.1079 | +174.6 | 0.86 | +0.7366 | COMPASS | yes |
| ce1147 | 12 | 1 | +12.7637 | +17.1980 | +126.8 | 0.39 | +12.7637 | COMPASS | yes |
| ce1148 | 10 | 60 | +12.4700 | +13.8505 | +172.9 | 0.64 | +12.4700 | COMPASS | yes |
| ce1153 | 18 | 5 | +1.1333 | +17.5215 | -138.6 | 0.16 | +1.1333 | COMPASS | yes |
| ce1155 | 12 | 60 | +11.8940 | +20.1846 | +177.3 | 0.58 | +11.8940 | COMPASS | yes |
| ce1156 | 11 | 60 | +12.9472 | +19.1230 | +161.9 | 0.19 | +12.9472 | COMPASS | yes |
| ce1160 | 14 | 60 | +19.4968 | +23.6958 | +175.0 | 0.68 | +19.4968 | COMPASS | yes |
| ce1162 | 15 | 60 | +24.7393 | +13.8090 | +173.3 | 0.55 | +24.7393 | COMPASS | yes |
| ce1163 | 17 | 1 | +0.5255 | +13.6864 | +159.6 | 0.62 | +0.5255 | COMPASS | yes |
| ce1164 | 15 | 1 | +0.0000 | +0.0000 | +56.6 | 0.45 | -0.0000 | ANTI-COMPASS | yes |
| ce1165 | 13 | 2 | +1.8899 | +0.0978 | -56.5 | 0.27 | -1.8899 | ANTI-COMPASS | yes |
| ce1167 | 17 | 1 | +0.0000 | -12.0604 | -167.4 | 0.79 | +0.0000 | COMPASS | no |
| ce1169 | 18 | 1 | +4.1729 | +23.4559 | -79.9 | 0.38 | — | UNDETERMINED | — |
| ce1171 | 13 | 1 | +0.0007 | +0.0001 | +68.8 | 0.41 | -0.0007 | ANTI-COMPASS | yes |
| ce1175 | 12 | 1 | +16.0634 | +32.1266 | +64.1 | 0.42 | -16.0634 | ANTI-COMPASS | yes |
| ce1177 | 13 | 17 | +0.0918 | +10.0691 | -180.0 | 0.95 | +0.0918 | COMPASS | yes |
| ce1179 | 12 | 60 | +0.2176 | +0.3515 | +173.8 | 0.55 | +0.2176 | COMPASS | yes |
| ce1181 | 17 | 60 | +1.3254 | +3.5161 | -173.7 | 0.79 | +1.3254 | COMPASS | yes |
| ce1184 | 13 | 1 | +6.4624 | +8.4117 | +179.4 | 0.75 | +6.4624 | COMPASS | yes |
| ce1185 | 18 | 60 | +41.4116 | +3.7154 | -172.1 | 0.73 | +41.4116 | COMPASS | yes |
| ce1186 | 16 | 60 | +13.0159 | +2.2948 | -178.2 | 0.16 | +13.0159 | COMPASS | yes |
| ce1187 | 14 | 60 | +18.5306 | +15.5084 | +174.7 | 0.51 | +18.5306 | COMPASS | yes |
| ce1188 | 13 | 60 | +0.0853 | +0.3697 | +165.6 | 0.40 | +0.0853 | COMPASS | yes |
| ce1189 | 16 | 60 | +0.0370 | +2.2948 | +178.5 | 0.33 | +0.0370 | COMPASS | yes |
| ce1190 | 15 | 1 | +15.2805 | +11.9160 | +66.5 | 0.42 | -15.2805 | ANTI-COMPASS | yes |
| ce1191 | 12 | 1 | +6.3131 | +22.9475 | +172.4 | 0.45 | +6.3131 | COMPASS | yes |
| ce1193 | 12 | 60 | +40.7124 | +12.2412 | +177.9 | 0.51 | +40.7124 | COMPASS | yes |
| ce1194 | 18 | 1 | +9.1257 | +20.6032 | +80.3 | 0.22 | — | UNDETERMINED | — |
| ce1195 | 17 | 2 | +24.4043 | +4.4889 | +7.0 | 0.22 | -24.4043 | ANTI-COMPASS | yes |
| ce1196 | 12 | 1 | +24.5242 | +10.6243 | -72.0 | 0.39 | -24.5242 | ANTI-COMPASS | yes |
| ce1197 | 12 | 4 | +15.2011 | +19.1488 | -100.9 | 0.29 | — | UNDETERMINED | — |
| ce1198 | 13 | 60 | +16.2685 | +17.3575 | +178.0 | 0.55 | +16.2685 | COMPASS | yes |
| ce1199 | 13 | 1 | +0.0000 | +0.0000 | +62.0 | 0.43 | -0.0000 | ANTI-COMPASS | yes |
| ce1200 | 16 | 1 | +100.0000 | +100.0000 | -11.8 | 0.21 | -100.0000 | ANTI-COMPASS | yes |
| ce1202 | 15 | 17 | +2.3161 | +26.0220 | -171.8 | 0.70 | +2.3161 | COMPASS | yes |
| ce1204 | 15 | 60 | +11.5193 | +18.2476 | +162.6 | 0.52 | +11.5193 | COMPASS | yes |
| ce1205 | 18 | 1 | +30.4816 | +21.8580 | +88.0 | 0.36 | — | UNDETERMINED | — |
| ce1206 | 15 | 60 | +3.2966 | +11.6372 | +171.6 | 0.62 | +3.2966 | COMPASS | yes |
| ce1207 | 13 | 60 | +0.1622 | +25.7315 | +179.3 | 0.81 | +0.1622 | COMPASS | yes |
| ce1208 | 11 | 60 | +9.4596 | +13.8505 | +172.4 | 0.51 | +9.4596 | COMPASS | yes |
| ce1209 | 14 | 6 | +0.0000 | +0.0000 | +149.0 | 0.50 | +0.0000 | COMPASS | no |
| ce1211 | 13 | 1 | +0.0006 | +0.0000 | -64.0 | 0.21 | -0.0006 | ANTI-COMPASS | yes |
| ce1220 | 15 | 60 | +15.4011 | +25.8981 | +176.1 | 0.52 | +15.4011 | COMPASS | yes |
| ce1221 | 16 | 5 | +1.8278 | +2.2866 | +175.2 | 0.79 | +1.8278 | COMPASS | yes |
| ce1223 | 15 | 60 | +14.6829 | +20.5590 | +175.3 | 0.76 | +14.6829 | COMPASS | yes |
| ce1224 | 17 | 1 | +18.8747 | +23.6902 | -161.6 | 0.69 | +18.8747 | COMPASS | yes |
| ce1229 | 16 | 1 | +14.1324 | +35.9316 | -77.2 | 0.39 | — | UNDETERMINED | — |
| ce1243 | 16 | 1 | +0.0003 | +0.0000 | +59.3 | 0.44 | -0.0003 | ANTI-COMPASS | yes |
| ce1245 | 13 | 1 | +4.0165 | +25.6461 | -78.9 | 0.38 | — | UNDETERMINED | — |
| ce1247 | 14 | 2 | +15.4963 | +1.3540 | -167.2 | 0.49 | +15.4963 | COMPASS | yes |
| ce1248 | 15 | 60 | +14.1826 | +19.0170 | -179.3 | 0.73 | +14.1826 | COMPASS | yes |
| ce1249 | 16 | 60 | +14.4461 | +13.9634 | +172.9 | 0.50 | +14.4461 | COMPASS | yes |
| ce1250 | 16 | 2 | +15.1557 | +27.5373 | -171.3 | 0.81 | +15.1557 | COMPASS | yes |
| ce1252 | 13 | 60 | +8.6570 | +25.7524 | +174.2 | 0.77 | +8.6570 | COMPASS | yes |
| ce1254 | 12 | 1 | +13.7151 | +21.0981 | -84.4 | 0.34 | — | UNDETERMINED | — |
| ce1258 | 13 | 1 | +0.0000 | +0.0000 | +62.7 | 0.44 | -0.0000 | ANTI-COMPASS | yes |
| ce1261 | 12 | 60 | +6.2857 | +5.3178 | +179.2 | 0.64 | +6.2857 | COMPASS | yes |
| ce1262 | 12 | 1 | +8.9864 | +25.6505 | +82.8 | 0.34 | — | UNDETERMINED | — |
| ce1263 | 16 | 1 | +11.4485 | +16.5632 | +61.1 | 0.43 | -11.4485 | ANTI-COMPASS | yes |
| ce1265 | 12 | 60 | +16.8569 | +20.2713 | -177.4 | 0.57 | +16.8569 | COMPASS | yes |
| ce1273 | 14 | 2 | +0.0263 | +20.1382 | -173.2 | 0.79 | +0.0263 | COMPASS | yes |
| ce1274 | 15 | 1 | +0.0011 | +0.8751 | +64.2 | 0.42 | -0.0011 | ANTI-COMPASS | yes |
| ce1275 | 17 | 60 | +0.8121 | +2.2942 | +178.0 | 0.43 | +0.8121 | COMPASS | yes |
| ce1276 | 13 | 1 | +0.3757 | +6.9867 | -91.0 | 0.34 | — | UNDETERMINED | — |
| ce1279 | 11 | 1 | +11.9601 | +9.1083 | +62.9 | 0.42 | -11.9601 | ANTI-COMPASS | yes |
| ce1280 | 16 | 1 | +0.0000 | +0.0000 | +65.4 | 0.42 | -0.0000 | ANTI-COMPASS | yes |
| ce1292 | 13 | 1 | +0.0000 | +0.0000 | +64.6 | 0.43 | -0.0000 | ANTI-COMPASS | yes |
| ce1293 | 17 | 3 | +32.6844 | +3.0857 | +53.3 | 0.41 | -32.6844 | ANTI-COMPASS | yes |
| ce1294 | 16 | 60 | +11.7012 | +11.6372 | +175.3 | 0.59 | +11.7012 | COMPASS | yes |
| ce1298 | 16 | 1 | +5.7128 | +28.4675 | -73.0 | 0.38 | -5.7128 | ANTI-COMPASS | yes |
| ce1299 | 15 | 1 | +0.0000 | +0.0000 | +115.5 | 0.44 | +0.0000 | COMPASS | no |
| ce1301 | 12 | 1 | +14.0345 | +12.4816 | -108.1 | 0.36 | +14.0345 | COMPASS | yes |
| ce1306 | 14 | 1 | +2.2428 | +34.7519 | -132.3 | 0.36 | +2.2428 | COMPASS | yes |
| ce1310 | 18 | 1 | +0.0000 | +0.0000 | +67.6 | 0.42 | -0.0000 | ANTI-COMPASS | yes |
| ce1312 | 15 | 60 | +1.7369 | +23.6899 | +179.3 | 0.74 | +1.7369 | COMPASS | yes |
| ce1316 | 17 | 60 | +12.9267 | +15.4778 | +175.7 | 0.63 | +12.9267 | COMPASS | yes |
| ce1318 | 19 | 1 | +0.1734 | +3.7154 | -172.6 | 0.76 | +0.1734 | COMPASS | yes |
| ce1320 | 17 | 1 | +3.1470 | +6.2098 | -177.6 | 0.69 | +3.1470 | COMPASS | yes |
| ce1321 | 16 | 1 | +0.0260 | +0.0011 | -63.2 | 0.43 | -0.0260 | ANTI-COMPASS | yes |
| ce1323 | 16 | 3 | +2.4970 | +11.6121 | +176.9 | 0.53 | +2.4970 | COMPASS | yes |
| ce1326 | 16 | 3 | +21.3410 | +25.8726 | -176.3 | 0.55 | +21.3410 | COMPASS | yes |
| ce1327 | 14 | 60 | +0.1264 | +0.0627 | +173.2 | 0.46 | +0.1264 | COMPASS | yes |
| ce1337 | 16 | 1 | +5.5697 | +15.3249 | +65.5 | 0.41 | -5.5697 | ANTI-COMPASS | yes |
| ce1338 | 16 | 1 | +12.7843 | +17.9869 | -161.1 | 0.61 | +12.7843 | COMPASS | yes |
| ce1339 | 13 | 60 | +2.6264 | +20.2819 | -179.3 | 0.24 | +2.6264 | COMPASS | yes |
| ce1346 | 14 | 1 | +8.6485 | +24.0881 | +179.8 | 0.78 | +8.6485 | COMPASS | yes |
| ce1350 | 17 | 60 | +1.1967 | +11.5867 | +178.9 | 0.66 | +1.1967 | COMPASS | yes |
| ce1353 | 14 | 26 | +0.0532 | +25.5624 | +178.2 | 0.88 | +0.0532 | COMPASS | yes |
| ce1354 | 18 | 60 | +15.7963 | +12.7431 | +178.2 | 0.68 | +15.7963 | COMPASS | yes |
| ce1357 | 17 | 60 | +6.2058 | +13.8438 | +163.2 | 0.40 | +6.2058 | COMPASS | yes |
| ce1359 | 16 | 1 | +0.1950 | +12.4233 | -60.8 | 0.44 | -0.1950 | ANTI-COMPASS | yes |
| ce1362 | 16 | 1 | +11.1135 | +17.0993 | -161.6 | 0.55 | +11.1135 | COMPASS | yes |
| ce1378 | 14 | 60 | +6.7770 | +23.8322 | +176.5 | 0.79 | +6.7770 | COMPASS | yes |
| ce1388 | 18 | 1 | +15.1371 | +0.1726 | +154.0 | 0.54 | +15.1371 | COMPASS | yes |
| ce1390 | 18 | 29 | +1.2037 | +2.0438 | -10.0 | 0.16 | -1.2037 | ANTI-COMPASS | yes |
| ce1393 | 19 | 2 | +100.0000 | +100.0000 | -16.0 | 0.22 | -100.0000 | ANTI-COMPASS | yes |
| ce1396 | 19 | 2 | +0.2056 | +2.4992 | -26.4 | 0.08 | -0.2056 | ANTI-COMPASS | yes |
| ce1397 | 16 | 1 | +46.3183 | +30.9253 | +61.6 | 0.44 | -46.3183 | ANTI-COMPASS | yes |
| ce1410 | 19 | 2 | +0.3092 | +2.0411 | +3.0 | 0.74 | -0.3092 | ANTI-COMPASS | yes |
| ce1414 | 18 | 60 | +3.8094 | +13.7600 | +153.0 | 0.38 | +3.8094 | COMPASS | yes |
| ce1416 | 19 | 2 | +8.2600 | +9.8618 | -84.3 | 0.35 | — | UNDETERMINED | — |
| ce1418 | 15 | 1 | +0.4446 | +0.1113 | -138.1 | 0.46 | +0.4446 | COMPASS | yes |
| ce1422 | 19 | 1 | +14.2393 | +12.1290 | -122.7 | 0.35 | +14.2393 | COMPASS | yes |
| ce1429 | 17 | 60 | +2.8151 | +11.9841 | +172.8 | 0.52 | +2.8151 | COMPASS | yes |
| ce1435 | 16 | 1 | +0.0000 | +0.0000 | +52.6 | 0.46 | -0.0000 | ANTI-COMPASS | yes |
| ce1436 | 18 | 60 | +20.3320 | +29.5026 | +179.3 | 0.59 | +20.3320 | COMPASS | yes |
| ce1437 | 18 | 1 | +16.5666 | +20.9852 | +101.9 | 0.37 | — | UNDETERMINED | — |
| ce1438 | 15 | 60 | +13.6976 | +22.2245 | +176.9 | 0.76 | +13.6976 | COMPASS | yes |
| ce1440 | 17 | 1 | +11.6492 | +12.4300 | +152.2 | 0.54 | +11.6492 | COMPASS | yes |
| ce1451 | 19 | 60 | +4.2094 | +28.3591 | +175.9 | 0.66 | +4.2094 | COMPASS | yes |
| ce1456 | 20 | 60 | +3.1643 | +28.3591 | +178.3 | 0.58 | +3.1643 | COMPASS | yes |
| ce1459 | 16 | 60 | +1.0879 | +15.0785 | -171.1 | 0.76 | +1.0879 | COMPASS | yes |
| ce1463 | 19 | 60 | +15.8614 | +29.5026 | +178.7 | 0.62 | +15.8614 | COMPASS | yes |
| ce1468 | 17 | 60 | +0.0274 | +0.0262 | +8.3 | 0.46 | -0.0274 | ANTI-COMPASS | yes |
| ce1471 | 18 | 60 | +5.5724 | +11.2308 | +175.1 | 0.62 | +5.5724 | COMPASS | yes |
| ce1482 | 18 | 1 | +11.0431 | +16.5543 | -74.4 | 0.39 | -11.0431 | ANTI-COMPASS | yes |
| ce1488 | 22 | 1 | +0.3115 | +11.4997 | +173.1 | 0.62 | +0.3115 | COMPASS | yes |
| ce1489 | 16 | 4 | +7.0261 | +15.6201 | +179.8 | 0.83 | +7.0261 | COMPASS | yes |
| ce1496 | 19 | 60 | +3.1311 | +11.2106 | +176.7 | 0.67 | +3.1311 | COMPASS | yes |
| ce1500 | 20 | 1 | +0.8096 | +28.5139 | -123.7 | 0.36 | +0.8096 | COMPASS | yes |
| ce1501 | 19 | 60 | +3.7505 | +11.1551 | +174.8 | 0.60 | +3.7505 | COMPASS | yes |
| ce1502 | 18 | 1 | +10.1297 | +37.0021 | +83.2 | 0.39 | — | UNDETERMINED | — |
| ce1510 | 19 | 1 | +6.4164 | +23.8208 | -70.5 | 0.40 | -6.4164 | ANTI-COMPASS | yes |
| ce1514 | 20 | 60 | +6.9404 | +29.0992 | -175.9 | 0.59 | +6.9404 | COMPASS | yes |
| ce1519 | 16 | 60 | +1.6185 | +15.6716 | +177.9 | 0.83 | +1.6185 | COMPASS | yes |
| ce1521 | 19 | 60 | +3.7072 | +10.3948 | +176.9 | 0.71 | +3.7072 | COMPASS | yes |
| ce1524 | 16 | 2 | +17.8567 | +16.0302 | +178.0 | 0.93 | +17.8567 | COMPASS | yes |
| ce1526 | 20 | 60 | +2.8608 | +27.5951 | -179.1 | 0.66 | +2.8608 | COMPASS | yes |
| ce1527 | 15 | 1 | +9.3121 | +0.0059 | -78.9 | 0.38 | — | UNDETERMINED | — |
| ce1532 | 15 | 1 | +3.6275 | +23.8322 | +174.1 | 0.88 | +3.6275 | COMPASS | yes |
| ce1533 | 19 | 60 | +4.4015 | +13.7600 | +157.5 | 0.42 | +4.4015 | COMPASS | yes |
| ce1534 | 20 | 1 | +0.0007 | +0.0002 | -69.7 | 0.41 | -0.0007 | ANTI-COMPASS | yes |
| ce1537 | 20 | 1 | +2.5009 | +6.6055 | +69.0 | 0.42 | -2.5009 | ANTI-COMPASS | yes |
| ce1538 | 18 | 2 | +0.1335 | +0.1707 | +6.6 | 0.78 | -0.1335 | ANTI-COMPASS | yes |
| ce1539 | 19 | 1 | +32.7053 | +26.5977 | -107.1 | 0.29 | +32.7053 | COMPASS | yes |
| ce1540 | 20 | 1 | +100.0000 | +100.0000 | +49.6 | 0.26 | -100.0000 | ANTI-COMPASS | yes |
| ce1541 | 20 | 2 | +13.2976 | +11.4386 | +171.4 | 0.53 | +13.2976 | COMPASS | yes |
| ce1550 | 20 | 55 | +27.2152 | +17.0040 | -176.3 | 0.45 | +27.2152 | COMPASS | yes |
| ce1552 | 18 | 1 | +0.0172 | +0.0262 | +11.2 | 0.50 | -0.0172 | ANTI-COMPASS | yes |
| ce1553 | 20 | 1 | +0.0001 | +0.0000 | +72.8 | 0.42 | -0.0001 | ANTI-COMPASS | yes |
| ce1559 | 21 | 1 | +3.1433 | +0.0529 | -68.4 | 0.41 | -3.1433 | ANTI-COMPASS | yes |
| ce1571 | 17 | 2 | +5.6034 | +15.7026 | +178.2 | 0.80 | +5.6034 | COMPASS | yes |
| ce1573 | 21 | 48 | +4.7531 | +30.7012 | -173.7 | 0.52 | +4.7531 | COMPASS | yes |
| ce1576 | 17 | 1 | +0.2245 | +7.4022 | -160.9 | 0.52 | +0.2245 | COMPASS | yes |
| ce1579 | 21 | 1 | +0.0000 | +0.0000 | -20.7 | 0.30 | -0.0000 | ANTI-COMPASS | yes |
| ce1586 | 21 | 1 | +16.6050 | +27.9933 | -145.0 | 0.42 | +16.6050 | COMPASS | yes |
| ce1588 | 16 | 1 | +19.4969 | +28.7891 | -91.3 | 0.34 | — | UNDETERMINED | — |
| ce1589 | 19 | 1 | +0.0000 | +0.0000 | -61.9 | 0.43 | -0.0000 | ANTI-COMPASS | yes |
| ce1591 | 19 | 1 | +16.7222 | +24.7793 | +131.2 | 0.40 | +16.7222 | COMPASS | yes |
| ce1594 | 18 | 2 | +0.0338 | +0.0705 | +17.1 | 0.38 | -0.0338 | ANTI-COMPASS | yes |
| ce1595 | 20 | 41 | +15.5988 | +11.1984 | +177.0 | 0.69 | +15.5988 | COMPASS | yes |
| ce1596 | 22 | 1 | +34.2851 | +36.2440 | +74.9 | 0.40 | -34.2851 | ANTI-COMPASS | yes |
| ce1601 | 21 | 2 | +16.4184 | +10.2162 | +127.2 | 0.40 | +16.4184 | COMPASS | yes |
| ce1603 | 20 | 1 | +0.0000 | +0.0000 | +64.5 | 0.43 | -0.0000 | ANTI-COMPASS | yes |
| ce1604 | 19 | 1 | +0.0269 | +0.0022 | +86.3 | 0.39 | — | UNDETERMINED | — |
| ce1605 | 17 | 16 | +4.0402 | +15.0807 | -168.8 | 0.54 | +4.0402 | COMPASS | yes |
| ce1610 | 21 | 1 | +0.0000 | +0.0000 | -62.7 | 0.42 | -0.0000 | ANTI-COMPASS | yes |
| ce1611 | 16 | 1 | +0.0000 | +0.0000 | +66.4 | 0.41 | -0.0000 | ANTI-COMPASS | yes |
| ce1614 | 22 | 1 | +0.0000 | +0.0000 | -67.2 | 0.40 | -0.0000 | ANTI-COMPASS | yes |
| ce1623 | 21 | 1 | +5.5715 | +26.5811 | -168.3 | 0.68 | +5.5715 | COMPASS | yes |
| ce1626 | 20 | 1 | +2.8373 | +9.6218 | +79.9 | 0.39 | — | UNDETERMINED | — |
| ce1628 | 21 | 1 | +2.1058 | +20.5631 | -73.1 | 0.41 | -2.1058 | ANTI-COMPASS | yes |
| ce1629 | 20 | 1 | +0.0000 | +0.0000 | -65.6 | 0.41 | -0.0000 | ANTI-COMPASS | yes |
| ce1631 | 18 | 1 | +13.2288 | +15.2081 | -179.9 | 0.77 | +13.2288 | COMPASS | yes |
| ce1633 | 20 | 27 | +11.8177 | +8.2277 | +124.1 | 0.24 | +11.8177 | COMPASS | yes |
| ce1635 | 20 | 27 | +16.0905 | +23.9108 | +176.4 | 0.55 | +16.0905 | COMPASS | yes |
| ce1637 | 17 | 2 | +6.1731 | +27.6382 | -154.2 | 0.48 | +6.1731 | COMPASS | yes |
| ce1638 | 21 | 1 | +1.9846 | +0.0069 | -82.1 | 0.37 | — | UNDETERMINED | — |
| ce1640 | 21 | 26 | +5.8376 | +17.7804 | +176.8 | 0.59 | +5.8376 | COMPASS | yes |
| ce1642 | 21 | 2 | +1.2234 | +11.6834 | +178.0 | 0.80 | +1.2234 | COMPASS | yes |
| ce1646 | 22 | 25 | +2.5206 | +30.3495 | -176.6 | 0.54 | +2.5206 | COMPASS | yes |
| ce1647 | 20 | 25 | +3.2156 | +13.8929 | -177.0 | 0.54 | +3.2156 | COMPASS | yes |
| ce1648 | 20 | 1 | +0.0117 | +0.0312 | +127.4 | 0.41 | +0.0117 | COMPASS | yes |
| ce1649 | 21 | 1 | +0.0554 | +9.4382 | -85.8 | 0.36 | — | UNDETERMINED | — |
| ce1652 | 21 | 24 | +0.1707 | +19.2336 | +168.4 | 0.40 | +0.1707 | COMPASS | yes |
| ce1654 | 21 | 1 | +6.1323 | +31.2288 | -149.6 | 0.44 | +6.1323 | COMPASS | yes |
| ce1659 | 22 | 23 | +13.9134 | +14.7205 | +175.5 | 0.69 | +13.9134 | COMPASS | yes |
| ce1662 | 18 | 1 | +0.0002 | +0.0230 | +42.4 | 0.05 | -0.0002 | ANTI-COMPASS | yes |
| ce1665 | 21 | 1 | +0.0000 | +0.0000 | -55.1 | 0.44 | -0.0000 | ANTI-COMPASS | yes |
| ce1666 | 20 | 1 | +2.5257 | +9.2795 | -71.0 | 0.34 | -2.5257 | ANTI-COMPASS | yes |
| ce1667 | 17 | 1 | +5.5084 | +12.1824 | -54.4 | 0.45 | -5.5084 | ANTI-COMPASS | yes |
| ce1671 | 21 | 18 | +0.9626 | +31.0489 | -179.4 | 0.53 | +0.9626 | COMPASS | yes |
| ce1672 | 20 | 18 | +9.6652 | +13.7307 | +146.3 | 0.35 | +9.6652 | COMPASS | yes |
| ce1673 | 20 | 1 | +0.0453 | +0.0790 | +113.9 | 0.35 | +0.0453 | COMPASS | yes |
| ce1675 | 22 | 17 | +14.9760 | +29.3905 | -172.6 | 0.57 | +14.9760 | COMPASS | yes |
| ce1680 | 21 | 3 | +0.0696 | +12.6799 | +171.8 | 0.68 | +0.0696 | COMPASS | yes |
| ce1682 | 23 | 15 | +10.0154 | +22.8594 | +164.3 | 0.47 | +10.0154 | COMPASS | yes |
| ce1685 | 21 | 2 | +22.2246 | +2.7625 | -157.3 | 0.55 | +22.2246 | COMPASS | yes |
| ce1686 | 21 | 3 | +0.0001 | +0.0260 | +3.1 | 0.82 | -0.0001 | ANTI-COMPASS | yes |
| ce1688 | 23 | 12 | +4.4326 | +10.7887 | +175.7 | 0.71 | +4.4326 | COMPASS | yes |
| ce1691 | 21 | 12 | +10.2940 | +16.9811 | +179.9 | 0.71 | +10.2940 | COMPASS | yes |
| ce1695 | 22 | 1 | +11.8537 | +16.7066 | -178.1 | 0.73 | +11.8537 | COMPASS | yes |
| ce1696 | 20 | 1 | +1.0739 | +0.0197 | +124.5 | 0.37 | +1.0739 | COMPASS | yes |
| ce1697 | 21 | 11 | +7.9599 | +27.3371 | +179.8 | 0.59 | +7.9599 | COMPASS | yes |
| ce1698 | 22 | 1 | +0.0003 | +0.1055 | -165.8 | 0.84 | +0.0003 | COMPASS | yes |
| ce1699 | 24 | 10 | +11.0728 | +10.4025 | +175.2 | 0.66 | +11.0728 | COMPASS | yes |
| ce1703 | 24 | 2 | +26.8240 | +23.1338 | +32.6 | 0.34 | -26.8240 | ANTI-COMPASS | yes |
| ce1705 | 21 | 9 | +15.9549 | +9.6277 | +165.3 | 0.57 | +15.9549 | COMPASS | yes |
| ce1706 | 20 | 2 | +15.6139 | +8.8774 | +30.7 | 0.30 | -15.6139 | ANTI-COMPASS | yes |
| ce1707 | 22 | 1 | +0.0586 | +0.0242 | +110.7 | 0.36 | +0.0586 | COMPASS | yes |
| ce1708 | 21 | 8 | +19.3200 | +29.2915 | -177.6 | 0.63 | +19.3200 | COMPASS | yes |
| ce1710 | 22 | 2 | +3.8433 | +29.6192 | -163.4 | 0.39 | +3.8433 | COMPASS | yes |
| ce1711 | 21 | 1 | +16.5228 | +9.7273 | +85.3 | 0.36 | — | UNDETERMINED | — |
| ce1718 | 22 | 1 | +15.2481 | +27.1603 | +63.8 | 0.43 | -15.2481 | ANTI-COMPASS | yes |
| ce1720 | 23 | 5 | +7.5148 | +29.3905 | -178.5 | 0.60 | +7.5148 | COMPASS | yes |
| ce1721 | 22 | 1 | +0.0001 | +0.0002 | -69.3 | 0.42 | -0.0001 | ANTI-COMPASS | yes |
| ce1723 | 22 | 1 | +0.0000 | +0.0000 | +69.6 | 0.42 | -0.0000 | ANTI-COMPASS | yes |
| ce1724 | 22 | 1 | +18.5773 | +25.2771 | -62.4 | 0.43 | -18.5773 | ANTI-COMPASS | yes |
| ce1725 | 21 | 1 | +16.4792 | +10.5367 | -59.8 | 0.35 | -16.4792 | ANTI-COMPASS | yes |
| ce1728 | 23 | 4 | +5.2202 | +13.5696 | +178.1 | 0.48 | +5.2202 | COMPASS | yes |
| ce1729 | 21 | 4 | +13.1266 | +24.1078 | +178.2 | 0.55 | +13.1266 | COMPASS | yes |
| ce1730 | 21 | 4 | +4.4770 | +13.5143 | +178.6 | 0.55 | +4.4770 | COMPASS | yes |
| ce1731 | 22 | 4 | +0.1286 | +21.9490 | +152.6 | 0.20 | +0.1286 | COMPASS | yes |
| ce1732 | 22 | 3 | +6.6249 | +31.0381 | -179.7 | 0.66 | +6.6249 | COMPASS | yes |
| ce1733 | 23 | 1 | +0.0000 | +0.0000 | -64.7 | 0.41 | -0.0000 | ANTI-COMPASS | yes |
| ce1734 | 21 | 3 | +7.6149 | +17.3536 | +178.3 | 0.68 | +7.6149 | COMPASS | yes |
| ce1735 | 22 | 1 | +0.0000 | +0.0000 | -72.2 | 0.40 | -0.0000 | ANTI-COMPASS | yes |
| ce1738 | 24 | 2 | +26.6088 | +29.3905 | -176.7 | 0.64 | +26.6088 | COMPASS | yes |
| ce712 | 9 | 4 | +15.0622 | +30.9377 | -178.4 | 0.60 | +15.0622 | COMPASS | yes |
| ce715 | 13 | 6 | +13.5818 | +20.3000 | +176.6 | 0.54 | +13.5818 | COMPASS | yes |
| ce716 | 9 | 6 | +0.4231 | +0.1175 | +171.2 | 0.58 | +0.4231 | COMPASS | yes |
| ce718 | 8 | 6 | +3.1323 | +24.7781 | +172.3 | 0.42 | +3.1323 | COMPASS | yes |
| ce720 | 9 | 8 | +15.2717 | +9.0817 | +177.0 | 0.71 | +15.2717 | COMPASS | yes |
| ce723 | 11 | 9 | +13.5004 | +11.9671 | +173.0 | 0.31 | +13.5004 | COMPASS | yes |
| ce727 | 7 | 9 | +0.8069 | +0.9928 | +164.9 | 0.39 | +0.8069 | COMPASS | yes |
| ce734 | 9 | 12 | +0.1830 | +0.4184 | +174.5 | 0.76 | +0.1830 | COMPASS | yes |
| ce735 | 8 | 12 | +0.3134 | +34.7377 | +171.0 | 0.29 | +0.3134 | COMPASS | yes |
| ce738 | 10 | 13 | +20.9609 | +28.5500 | -178.6 | 0.58 | +20.9609 | COMPASS | yes |
| ce739 | 11 | 13 | +2.7750 | +13.3619 | +175.3 | 0.54 | +2.7750 | COMPASS | yes |
| ce745 | 7 | 15 | +14.9216 | +13.8205 | +179.3 | 0.72 | +14.9216 | COMPASS | yes |
| ce746 | 11 | 16 | +0.3035 | +19.0815 | -176.4 | 0.51 | +0.3035 | COMPASS | yes |
| ce747 | 11 | 16 | -0.0009 | +0.0000 | +179.9 | 0.92 | -0.0009 | ANTI-COMPASS | yes |
| ce748 | 11 | 16 | +1.7788 | +0.1063 | +179.1 | 0.44 | +1.7788 | COMPASS | yes |
| ce754 | 10 | 19 | +13.0004 | +28.5937 | +176.5 | 0.60 | +13.0004 | COMPASS | yes |
| ce756 | 13 | 20 | +8.4050 | +12.2359 | +170.3 | 0.61 | +8.4050 | COMPASS | yes |
| ce763 | 8 | 22 | +11.3477 | +13.8044 | +178.7 | 0.61 | +11.3477 | COMPASS | yes |
| ce767 | 9 | 23 | +7.1390 | +0.4278 | +176.2 | 0.69 | +7.1390 | COMPASS | yes |
| ce770 | 9 | 23 | +2.2658 | +19.9234 | +178.2 | 0.45 | +2.2658 | COMPASS | yes |
| ce777 | 9 | 24 | +8.9257 | +28.1946 | +179.7 | 0.65 | +8.9257 | COMPASS | yes |
| ce778 | 12 | 24 | +5.2895 | +11.0014 | -179.3 | 0.44 | +5.2895 | COMPASS | yes |
| ce779 | 11 | 25 | +10.8403 | +16.2283 | -174.3 | 0.84 | +10.8403 | COMPASS | yes |
| ce783 | 10 | 25 | +18.4251 | +28.6764 | -176.5 | 0.42 | +18.4251 | COMPASS | yes |
| ce785 | 9 | 25 | +0.0658 | +34.0678 | +172.0 | 0.30 | +0.0658 | COMPASS | yes |
| ce786 | 8 | 25 | +14.9339 | +16.6608 | +177.1 | 0.48 | +14.9339 | COMPASS | yes |
| ce795 | 9 | 27 | +14.9834 | +25.5852 | +175.7 | 0.62 | +14.9834 | COMPASS | yes |
| ce797 | 10 | 27 | +17.4099 | +9.0817 | +179.1 | 0.59 | +17.4099 | COMPASS | yes |
| ce800 | 14 | 28 | +18.4146 | +19.3116 | +176.5 | 0.73 | +18.4146 | COMPASS | yes |
| ce805 | 12 | 29 | +14.1286 | +16.4999 | -175.2 | 0.41 | +14.1286 | COMPASS | yes |
| ce820 | 9 | 31 | +0.1854 | +1.0455 | +177.6 | 0.70 | +0.1854 | COMPASS | yes |
| ce824 | 11 | 32 | +10.9978 | +5.2893 | +174.1 | 0.37 | +10.9978 | COMPASS | yes |
| ce825 | 15 | 32 | +5.6719 | +15.4489 | +178.5 | 0.72 | +5.6719 | COMPASS | yes |
| ce829 | 15 | 33 | +9.6707 | +14.4537 | -178.6 | 0.74 | +9.6707 | COMPASS | yes |
| ce837 | 10 | 34 | +5.0248 | +0.1080 | +175.6 | 0.43 | +5.0248 | COMPASS | yes |
| ce840 | 15 | 35 | +0.3661 | +14.7789 | -178.3 | 0.68 | +0.3661 | COMPASS | yes |
| ce841 | 14 | 35 | +15.2617 | +12.3376 | -179.6 | 0.80 | +15.2617 | COMPASS | yes |
| ce843 | 7 | 36 | +10.1486 | +14.4209 | +173.2 | 0.58 | +10.1486 | COMPASS | yes |
| ce846 | 8 | 41 | +13.4491 | +15.5502 | -177.8 | 0.79 | +13.4491 | COMPASS | yes |
| ce847 | 9 | 42 | +4.4926 | +30.7169 | +173.7 | 0.27 | +4.4926 | COMPASS | yes |
| ce848 | 10 | 43 | +1.2660 | +19.9234 | -170.5 | 0.26 | +1.2660 | COMPASS | yes |
| ce850 | 12 | 49 | +0.2061 | +1.9290 | +177.5 | 0.67 | +0.2061 | COMPASS | yes |
| ce855 | 12 | 51 | +0.5525 | +20.8482 | +177.9 | 0.71 | +0.5525 | COMPASS | yes |
| ce857 | 11 | 52 | +0.2707 | +26.6484 | +179.6 | 0.74 | +0.2707 | COMPASS | yes |
| ce859 | 13 | 53 | +1.9168 | +1.9289 | +176.4 | 0.72 | +1.9168 | COMPASS | yes |
| ce861 | 13 | 53 | +1.1555 | +20.7378 | +179.3 | 0.74 | +1.1555 | COMPASS | yes |
| ce862 | 11 | 54 | +0.1064 | +0.0182 | -2.1 | 0.46 | -0.1064 | ANTI-COMPASS | yes |
| ce864 | 10 | 56 | +1.1321 | +24.9349 | +175.1 | 0.62 | +1.1321 | COMPASS | yes |
| ce866 | 13 | 59 | +2.8256 | +1.9290 | +178.8 | 0.60 | +2.8256 | COMPASS | yes |
| ce867 | 8 | 60 | +16.0097 | +13.8205 | +178.6 | 0.61 | +16.0097 | COMPASS | yes |
| ce868 | 12 | 60 | +0.0046 | +0.0878 | -178.2 | 0.74 | +0.0046 | COMPASS | yes |
| ce869 | 14 | 60 | +4.4182 | +32.3198 | -173.9 | 0.54 | +4.4182 | COMPASS | yes |
| ce870 | 10 | 1 | +0.0000 | +0.0000 | -54.5 | 0.46 | -0.0000 | ANTI-COMPASS | yes |
| ce871 | 10 | 5 | +0.0989 | +34.0678 | +172.6 | 0.26 | +0.0989 | COMPASS | yes |
| ce872 | 10 | 2 | +0.1687 | +0.5525 | +20.2 | 0.09 | -0.1687 | ANTI-COMPASS | yes |
| ce873 | 14 | 1 | -10.2488 | -7.4040 | -5.4 | 0.76 | +10.2488 | COMPASS | yes |
| ce876 | 12 | 60 | +0.7828 | +19.1096 | -176.9 | 0.45 | +0.7828 | COMPASS | yes |
| ce877 | 15 | 3 | +6.0347 | +32.3198 | -170.9 | 0.52 | +6.0347 | COMPASS | yes |
| ce878 | 10 | 60 | +10.2398 | +2.2213 | +177.7 | 0.56 | +10.2398 | COMPASS | yes |
| ce879 | 13 | 60 | +14.3006 | +5.2602 | +179.3 | 0.36 | +14.3006 | COMPASS | yes |
| ce880 | 10 | 60 | +0.8183 | +17.6394 | +177.4 | 0.52 | +0.8183 | COMPASS | yes |
| ce881 | 13 | 1 | +0.0006 | +0.0935 | +177.3 | 0.79 | +0.0006 | COMPASS | yes |
| ce882 | 11 | 1 | +0.0116 | +0.0002 | +73.1 | 0.40 | -0.0116 | ANTI-COMPASS | yes |
| ce883 | 16 | 60 | +9.7916 | +16.5202 | -176.7 | 0.59 | +9.7916 | COMPASS | yes |
| ce884 | 14 | 2 | -9.4278 | +33.0560 | -176.2 | 0.49 | -9.4278 | ANTI-COMPASS | no |
| ce885 | 11 | 1 | +0.0000 | +0.0146 | -90.1 | 0.36 | — | UNDETERMINED | — |
| ce886 | 10 | 60 | +11.4433 | +25.4554 | +175.3 | 0.62 | +11.4433 | COMPASS | yes |
| ce888 | 10 | 5 | +14.6516 | +29.0653 | -47.2 | 0.13 | -14.6516 | ANTI-COMPASS | yes |
| ce889 | 10 | 1 | +0.1080 | +0.0000 | -131.1 | 0.31 | +0.1080 | COMPASS | yes |
| ce890 | 9 | 1 | +1.7044 | +2.0039 | +174.7 | 0.65 | +1.7044 | COMPASS | yes |
| ce891 | 13 | 2 | +9.1430 | +2.0573 | +140.8 | 0.38 | +9.1430 | COMPASS | yes |
| ce892 | 14 | 7 | +3.5664 | +19.7488 | -101.0 | 0.29 | — | UNDETERMINED | — |
| ce893 | 15 | 1 | +33.1547 | +23.9119 | -134.6 | 0.37 | +33.1547 | COMPASS | yes |
| ce894 | 11 | 1 | +0.0000 | +0.0003 | +62.8 | 0.44 | -0.0000 | ANTI-COMPASS | yes |
| ce895 | 12 | 12 | +6.9657 | +16.2283 | -174.7 | 0.85 | +6.9657 | COMPASS | yes |
| ce896 | 16 | 60 | +14.1203 | +17.1310 | -174.9 | 0.61 | +14.1203 | COMPASS | yes |
| ce897 | 11 | 1 | +0.0423 | +0.0612 | -3.5 | 0.82 | -0.0423 | ANTI-COMPASS | yes |
| ce898 | 13 | 2 | +0.9539 | +0.5527 | +177.4 | 0.52 | +0.9539 | COMPASS | yes |
| ce899 | 11 | 4 | +21.4070 | +17.6394 | +177.5 | 0.54 | +21.4070 | COMPASS | yes |
| ce900 | 10 | 60 | +12.9313 | +8.6937 | +178.1 | 0.62 | +12.9313 | COMPASS | yes |
| ce901 | 15 | 1 | +12.0686 | +19.9151 | -146.7 | 0.48 | +12.0686 | COMPASS | yes |
| ce902 | 15 | 60 | +13.7501 | +17.0463 | +177.1 | 0.70 | +13.7501 | COMPASS | yes |
| ce903 | 11 | 8 | +26.0224 | +22.1300 | -168.8 | 0.56 | +26.0224 | COMPASS | yes |
| ce905 | 14 | 2 | +4.0977 | +25.2723 | -74.8 | 0.21 | -4.0977 | ANTI-COMPASS | yes |
| ce906 | 15 | 60 | -0.0000 | -10.3701 | -168.8 | 0.89 | -0.0000 | ANTI-COMPASS | yes |
| ce907 | 16 | 1 | +1.1056 | +9.0490 | +65.3 | 0.43 | -1.1056 | ANTI-COMPASS | yes |
| ce908 | 11 | 60 | +5.9489 | +0.4689 | -176.3 | 0.81 | +5.9489 | COMPASS | yes |
| ce909 | 14 | 1 | +0.0000 | +0.0000 | +68.6 | 0.41 | -0.0000 | ANTI-COMPASS | yes |
| ce910 | 11 | 1 | +0.0000 | +0.0000 | +65.0 | 0.42 | -0.0000 | ANTI-COMPASS | yes |
| ce911 | 13 | 60 | +0.8585 | +11.9744 | +178.7 | 0.68 | +0.8585 | COMPASS | yes |
| ce913 | 16 | 16 | +7.7024 | +15.4435 | -177.5 | 0.84 | +7.7024 | COMPASS | yes |
| ce915 | 14 | 3 | +1.2491 | +12.7465 | +170.0 | 0.66 | +1.2491 | COMPASS | yes |
| ce917 | 9 | 60 | +17.2739 | +11.7191 | +173.8 | 0.60 | +17.2739 | COMPASS | yes |
| ce918 | 16 | 60 | +23.4798 | +14.4537 | +179.3 | 0.55 | +23.4798 | COMPASS | yes |
| ce919 | 16 | 1 | +0.0120 | +15.5023 | -168.5 | 0.79 | +0.0120 | COMPASS | yes |
| ce922 | 14 | 1 | +0.0007 | +0.0005 | +71.4 | 0.41 | -0.0007 | ANTI-COMPASS | yes |
| ce923 | 16 | 1 | +0.0001 | +0.0071 | -133.6 | 0.43 | +0.0001 | COMPASS | yes |
| ce926 | 12 | 1 | +0.0000 | +0.0000 | +65.8 | 0.41 | -0.0000 | ANTI-COMPASS | yes |
| ce927 | 14 | 60 | +1.3805 | +1.9289 | +171.4 | 0.44 | +1.3805 | COMPASS | yes |
| ce928 | 13 | 1 | +0.7025 | +16.6084 | -167.8 | 0.83 | +0.7025 | COMPASS | yes |
| ce930 | 14 | 60 | +0.3516 | +20.7378 | +176.9 | 0.58 | +0.3516 | COMPASS | yes |
| ce931 | 11 | 60 | +8.9073 | +16.8180 | +177.0 | 0.42 | +8.9073 | COMPASS | yes |
| ce932 | 11 | 1 | +0.0000 | +0.0000 | +65.1 | 0.42 | -0.0000 | ANTI-COMPASS | yes |
| ce934 | 17 | 5 | +6.4167 | +17.2640 | -174.5 | 0.77 | +6.4167 | COMPASS | yes |
| ce935 | 11 | 1 | +4.3385 | +29.0418 | -138.2 | 0.39 | +4.3385 | COMPASS | yes |
| ce936 | 15 | 2 | -0.0165 | -11.1874 | -177.1 | 0.75 | -0.0165 | ANTI-COMPASS | yes |
| ce938 | 10 | 60 | +17.0658 | +12.8384 | +177.2 | 0.46 | +17.0658 | COMPASS | yes |
| ce942 | 13 | 1 | +4.4454 | +0.2699 | -64.9 | 0.42 | -4.4454 | ANTI-COMPASS | yes |
| ce945 | 17 | 2 | +0.2831 | +17.9008 | -179.5 | 0.54 | +0.2831 | COMPASS | yes |
| ce946 | 15 | 1 | +20.4894 | +0.2887 | +66.7 | 0.41 | -20.4894 | ANTI-COMPASS | yes |
| ce947 | 11 | 1 | +0.0000 | +0.0000 | +65.4 | 0.42 | -0.0000 | ANTI-COMPASS | yes |
| ce951 | 13 | 60 | +0.2457 | +20.7946 | -175.0 | 0.81 | +0.2457 | COMPASS | yes |
| ce954 | 11 | 1 | +0.0089 | +0.0003 | +144.7 | 0.41 | +0.0089 | COMPASS | yes |
| ce955 | 12 | 5 | +0.0130 | +0.0357 | -4.5 | 0.85 | -0.0130 | ANTI-COMPASS | yes |
| ce957 | 11 | 1 | +0.0000 | +0.0000 | -61.2 | 0.43 | -0.0000 | ANTI-COMPASS | yes |
| ce958 | 15 | 60 | -0.1759 | +25.7230 | +176.8 | 0.55 | -0.1759 | ANTI-COMPASS | no |
| ce959 | 16 | 1 | +5.3431 | +17.9356 | -167.1 | 0.73 | +5.3431 | COMPASS | yes |
| ce960 | 14 | 2 | +15.5802 | +1.6077 | +158.2 | 0.51 | +15.5802 | COMPASS | yes |
| ce962 | 14 | 7 | +0.1268 | +23.3084 | +133.0 | 0.40 | +0.1268 | COMPASS | yes |
| ce963 | 14 | 3 | +0.0000 | +0.0000 | -61.9 | 0.42 | -0.0000 | ANTI-COMPASS | yes |
| ce964 | 17 | 1 | +2.4522 | +4.5254 | -74.5 | 0.40 | -2.4522 | ANTI-COMPASS | yes |
| ce965 | 15 | 1 | +3.6262 | +15.1239 | +80.8 | 0.38 | — | UNDETERMINED | — |
| ce966 | 14 | 1 | +6.8526 | +12.2653 | -168.8 | 0.70 | +6.8526 | COMPASS | yes |
| ce967 | 14 | 2 | +1.6423 | +13.7254 | -169.2 | 0.77 | +1.6423 | COMPASS | yes |
| ce969 | 11 | 1 | +0.9745 | +10.4045 | +53.9 | 0.42 | -0.9745 | ANTI-COMPASS | yes |
| ce971 | 11 | 1 | +0.0071 | +0.0389 | -178.0 | 0.74 | +0.0071 | COMPASS | yes |
| ce973 | 15 | 2 | +0.3553 | +30.1581 | +164.1 | 0.53 | +0.3553 | COMPASS | yes |
| ce976 | 15 | 8 | +0.0596 | +1.4842 | -171.2 | 0.57 | +0.0596 | COMPASS | yes |
| ce977 | 11 | 60 | +8.7050 | +22.6132 | +176.7 | 0.57 | +8.7050 | COMPASS | yes |
| ce978 | 15 | 60 | +5.9045 | +15.7812 | -176.0 | 0.52 | +5.9045 | COMPASS | yes |
| ce979 | 16 | 1 | +0.8963 | +1.8601 | +126.0 | 0.33 | +0.8963 | COMPASS | yes |
| ce981 | 16 | 1 | -0.0000 | -0.0697 | +15.8 | 0.54 | +0.0000 | COMPASS | yes |
| ce984 | 12 | 2 | +0.0000 | +0.0168 | -2.9 | 0.86 | -0.0000 | ANTI-COMPASS | yes |
| ce987 | 10 | 1 | +9.5027 | +27.2736 | -9.2 | 0.65 | -9.5027 | ANTI-COMPASS | yes |
| ce989 | 11 | 1 | +11.5857 | +14.9612 | -114.1 | 0.35 | +11.5857 | COMPASS | yes |
| ce990 | 16 | 1 | -0.0000 | -10.4084 | -92.4 | 0.12 | — | UNDETERMINED | — |
| ce991 | 11 | 60 | +3.8670 | +2.2213 | +178.3 | 0.44 | +3.8670 | COMPASS | yes |
| ce992 | 17 | 2 | +15.2810 | +14.4110 | -176.0 | 0.79 | +15.2810 | COMPASS | yes |
| ce994 | 16 | 60 | +2.8281 | +17.0458 | +176.8 | 0.63 | +2.8281 | COMPASS | yes |
| ce995 | 14 | 1 | +10.4765 | +23.4941 | -73.0 | 0.40 | -10.4765 | ANTI-COMPASS | yes |
| ce996 | 16 | 1 | +0.9013 | +15.0650 | +163.0 | 0.71 | +0.9013 | COMPASS | yes |
| ce997 | 9 | 2 | +7.2515 | +10.2968 | -151.9 | 0.51 | +7.2515 | COMPASS | yes |
| ce998 | 12 | 2 | +0.0001 | +0.0036 | -2.2 | 0.87 | -0.0001 | ANTI-COMPASS | yes |
| ce999 | 15 | 1 | +0.0048 | +0.0058 | +66.9 | 0.42 | -0.0048 | ANTI-COMPASS | yes |

  compasses 296, ANTI-COMPASSES (the inversion count) 128, undetermined 28 of 452 distinct window carriers; links-alone |a| >= paying rung: 291

wall time 1309 s
SUMMARY {"seed": 4, "pc_pass": true, "pc_detected": 40, "pc_total": 40, "pc_invalid": 0, "X": 0.48688888888888887, "window_depth": 15.270555555555555, "seasons_any": 600, "n_seasons": 600, "genomes": 1742, "missing": 0, "founders": 60, "founder_carriers": 30, "births": 1682, "carriers_born": 913, "de_novo": 7, "depth_matched": 372, "depth_matched_carriers": 129, "window_carriers": 452, "compass": 296, "anti": 128, "undetermined": 28, "alone_agrees": 417, "alone_reaches_rung": 291, "probed": true}
