season	population	alive	births	deaths	mean_lifetime_score	best_lifetime_score
0	holistic	60	0	0	-0.0033393450941671355	0.9789833924032516
0	conventional	60	0	0	0.19459212342530527	4.443902846983862
1	holistic	60	0	0	0.014371300587722007	0.5
1	conventional	60	2	2	0.23582128194392618	4.027109566501921
2	holistic	60	0	0	0.014467273716733207	0.6469752329921726
2	conventional	60	7	7	0.26646189163880923	3.1671346000696734
3	holistic	60	1	1	0.018696057718769643	0.7204321686277708
3	conventional	60	9	9	0.3726174066425241	3.2608017407352134
4	holistic	60	2	2	0.023804045564155902	0.7808876618437915
4	conventional	60	7	7	0.3937693156346584	2.4711888020830677
5	holistic	57	2	5	0.05640400923686532	1.9629609627362803
5	conventional	60	7	7	0.4450311316381012	1.9727605892093336
6	holistic	55	2	4	0.07924683932613293	2.9644270280691156
6	conventional	60	5	5	0.43288515146460055	1.801566103838801
7	holistic	53	1	3	0.11125672800517228	2.9644217124654344
7	conventional	60	3	3	0.5148276605832706	2.6336756392278415
8	holistic	55	2	0	0.08739715552458487	2.2151429577799178
8	conventional	60	3	3	0.4109765479429365	2.118347886918427
9	holistic	55	2	2	0.0847166661719992	1.768293469130723
9	conventional	60	12	12	0.35651950341893385	1.5051406508198932
10	holistic	54	2	3	0.0884051205807481	1.6343259769173362
10	conventional	60	5	5	0.4804901548520829	3.348012024755734
11	holistic	19	1	36	0.22419843381458454	1.5385653140101148
11	conventional	60	8	8	0.43031092124077885	1.865364597621862
12	holistic	19	3	3	0.19543418373100774	1.3421273136823306
12	conventional	60	5	5	0.5780006983981913	3.5092327132043293
13	holistic	17	1	3	0.2622953369256994	1.1891658201827784
13	conventional	60	4	4	0.4780400767469448	2.5066857156071936
14	holistic	16	1	2	0.24803534099770172	1.0702492381645006
14	conventional	60	2	2	0.5013050323612931	1.822214017653098
15	holistic	16	3	3	0.3259216346876507	0.9803284870350361
15	conventional	60	8	8	0.5448313706056094	1.7227742242031305
16	holistic	17	4	3	0.33897835564868944	1.4823922712146482
16	conventional	60	4	4	0.5411722397227654	2.4083036894714738
17	holistic	19	3	1	0.3612560263823846	1.6486757306054383
17	conventional	60	3	3	0.542468211204824	1.614191447159986
18	holistic	21	3	1	0.3289763126731726	1.73260985654928
18	conventional	60	4	4	0.6001399751513858	2.6762510690724315
19	holistic	24	6	3	0.328427743573636	1.383261622732827
19	conventional	60	7	7	0.575854074741296	2.645139814970423
20	holistic	27	5	2	0.3086363581158118	1.650184393522868
20	conventional	60	4	4	0.5584106816993034	2.600225629641988
21	holistic	31	6	2	0.6097474907132868	5.985623119022523
21	conventional	60	4	4	0.6089091679105557	1.8374533294241082
22	holistic	36	7	2	0.6162741117765484	3.4827460698998562
22	conventional	60	2	2	0.7323079696012698	2.2594520782292595
23	holistic	40	9	5	0.45769569189659814	2.6489854969872666
23	conventional	60	2	2	0.6715526191742354	1.9919436204615089
24	holistic	52	14	2	0.6764657293656882	5.986931434469333
24	conventional	60	4	4	0.7606799699181322	2.6192055495888553
25	holistic	60	11	3	0.5580061627171581	3.4858124440113367
25	conventional	60	3	3	0.731776864146198	1.7010289906236
26	holistic	60	5	5	0.47592967074545806	2.3195774469312602
26	conventional	60	4	4	0.6799753420012161	2.2264509814807076
27	holistic	60	7	7	0.5819759122166668	2.212915173241747
27	conventional	60	3	3	0.7258795437044868	2.5471887989181976
28	holistic	60	6	6	0.6251266186716549	2.434317666010167
28	conventional	60	1	1	0.6818809746842823	2.0509253207880476
29	holistic	60	7	7	0.645959243038268	2.2625937759960357
29	conventional	60	4	4	0.7154527106936602	2.0908675190844446
30	holistic	60	2	2	0.5956363762418172	2.0529720909568523
30	conventional	60	2	2	0.6906748661518098	2.4754387694427247
31	holistic	60	5	5	0.6013330908779284	1.9615232077612117
31	conventional	60	3	3	0.6602959222862285	1.4770667211902122
32	holistic	60	5	5	0.6902950414063845	2.937563529414278
32	conventional	60	1	1	0.6835472002025286	1.3218013779944688
33	holistic	60	8	8	0.643344163768747	2.2333770892153266
33	conventional	60	3	3	0.689856604658267	1.9956683820407193
34	holistic	60	0	0	0.7624321360520717	3.9480707836112336
34	conventional	60	3	3	0.6813939478978879	1.9418271876277042
35	holistic	60	3	3	0.781621808381639	2.448652027524476
35	conventional	60	3	3	0.6902826801224567	2.1896208954426957
36	holistic	60	3	3	0.7808121495046592	2.031804545160782
36	conventional	60	1	1	0.7591357483462488	2.2637228391704265
37	holistic	60	4	4	0.7863721998775595	2.1322703088829025
37	conventional	60	2	2	0.8321302024499944	2.566808113718251
38	holistic	60	0	0	0.7926061550293392	1.9502028444094481
38	conventional	60	2	2	0.8783300821736031	4.412358416171724
39	holistic	60	2	2	0.8368380931232976	2.026853720400734
39	conventional	60	0	0	0.8520827745094671	2.3892121547953113
40	holistic	60	2	2	0.8164855877480607	1.949045090534548
40	conventional	60	0	0	0.8140652708576347	2.061254842287437
41	holistic	60	2	2	0.816476812766692	1.870694878065448
41	conventional	60	1	1	0.795611683574922	2.2939248075411443
42	holistic	60	0	0	0.8465088624927619	1.7876729432136498
42	conventional	60	0	0	0.7753876765603438	2.1228008200137722
43	holistic	60	1	1	0.8819085983300939	2.4990185731557446
43	conventional	60	1	1	0.7525985348437878	1.972329228858259
44	holistic	60	2	2	0.852025424200279	2.30462632563086
44	conventional	60	2	2	0.7691515999484666	1.949927110321931
45	holistic	60	2	2	0.8379056267923151	2.156784455403757
45	conventional	60	0	0	0.7411355389915245	1.8246724535705026
46	holistic	60	0	0	0.8527473262497415	1.9349307941426246
46	conventional	60	1	1	0.7606683218723478	1.9119790491624706
47	holistic	60	0	0	0.8420638789722168	2.0212756579432383
47	conventional	60	0	0	0.7923955361022608	3.585568900483396
48	holistic	60	3	3	0.8278466232831104	1.8528360197813019
48	conventional	60	1	1	0.7578061446744978	1.8345164078975318
49	holistic	60	2	2	0.8757756007739889	1.9965654964834731
49	conventional	60	0	0	0.7492436458332498	1.7790363302880667
50	holistic	60	0	0	0.8492118225065988	1.7812315225614561
50	conventional	60	0	0	0.742024246339024	1.7693811847817529
51	holistic	60	0	0	0.8501122082593743	1.7186414317718397
51	conventional	60	0	0	0.7488988692735667	1.680257691742067
52	holistic	60	2	2	0.8611727796955725	1.6932288746283215
52	conventional	60	1	1	0.7427797805486015	1.5980038607774483
53	holistic	60	4	4	0.8738239348058905	1.6372776436282004
53	conventional	60	0	0	0.7491989140429697	1.5965690446868015
54	holistic	60	0	0	0.858624992501752	1.6844222341016357
54	conventional	60	1	1	0.7198958313234111	1.5955766177410842
55	holistic	60	1	1	0.846063924539774	1.7294318766791714
55	conventional	60	0	0	0.7260550061013152	1.5939149544176083
56	holistic	60	0	0	0.8395616860573775	1.642960282845213
56	conventional	60	1	1	0.7123101210974468	1.62623617520975
57	holistic	60	3	3	0.8348769900441322	1.5868814206950619
57	conventional	60	2	2	0.693391774820578	1.5598194474671958
58	holistic	60	1	1	0.8471866267471373	1.652745668928777
58	conventional	60	1	1	0.6819436450143337	1.4975852854627605
59	holistic	60	1	1	0.8761219542990909	1.9848292425061917
59	conventional	60	2	2	0.7818253204370648	4.616381408617152
60	holistic	60	4	4	0.8468579649701865	1.709887767440498
60	conventional	60	0	0	0.7380348426743885	2.1092617389067105
61	holistic	60	1	1	0.8488722570606506	1.663431564060925
61	conventional	60	1	1	0.72497869900647	1.6066872195931092
62	holistic	60	0	0	0.9594255762878571	3.964151070271171
62	conventional	60	1	1	0.7161784818374791	1.5012982100030943
63	holistic	60	0	0	0.9268223229020391	1.9691149060257946
63	conventional	60	1	1	0.7010091761272096	1.475505697525257
64	holistic	60	3	3	0.9067881980233191	1.6936074428164385
64	conventional	60	2	2	0.7383533949922747	2.6984151371954943
65	holistic	60	1	1	0.938254223003334	1.691469305163656
65	conventional	60	4	4	0.6748537553303616	2.69064819294584
66	holistic	60	0	0	0.9248354237782181	1.6978649522211893
66	conventional	60	3	3	0.6130963415659124	1.6928367651438616
67	holistic	60	0	0	0.9156036039103461	1.6584095035882627
67	conventional	60	4	4	0.6231588099970105	1.4352231573873446
68	holistic	60	1	1	0.9348143146205988	1.6630002511926938
68	conventional	60	3	3	0.7128874396016106	2.571089804111676
69	holistic	60	1	1	0.9369500985850578	1.6696414699131228
69	conventional	60	2	2	0.7130149800234863	2.099005929473624
70	holistic	60	3	3	0.9002224363104098	1.654272829869082
70	conventional	60	4	4	0.6949315970729775	2.5764432593290127
71	holistic	60	0	0	0.9065579922291794	1.7033480438238173
71	conventional	60	4	4	0.6565929696433209	1.8667553129088992
72	holistic	60	1	1	0.9247236213906457	1.7596902048279819
72	conventional	60	2	2	0.6648137298852947	3.4804939199666416
73	holistic	60	0	0	0.9966316386101397	2.960186673754991
73	conventional	60	5	5	0.7493060566476688	5.419990481002486
74	holistic	60	2	2	0.9442077375773615	1.9549485592552978
74	conventional	60	4	4	0.7690191713044996	2.894912329230092
75	holistic	60	1	1	0.9084006622900955	1.702504170408725
75	conventional	60	3	3	0.7222478597635384	3.396084293206562
76	holistic	60	1	1	0.8722723138721428	1.6317979234334072
76	conventional	60	3	3	0.6471932022897326	1.7430243073766571
77	holistic	60	1	1	0.8711106606673101	1.638003266190612
77	conventional	60	5	5	0.599064540107383	1.7902249766710674
78	holistic	60	3	3	0.857186306212017	1.6904965769914253
78	conventional	60	5	5	0.5814771372553532	1.8730637190587198
79	holistic	60	3	3	0.9151029267923859	3.9480919450677803
79	conventional	60	5	5	0.6939007335561633	3.472847707281278
80	holistic	60	1	1	0.9348622735474693	3.4602041312508005
80	conventional	60	6	6	0.6471179221131912	1.9049558473501786
81	holistic	60	1	1	0.933931143779907	3.6283699158425704
81	conventional	60	1	1	0.688299578437468	5.580341566696127
82	holistic	60	4	4	0.8499344464832231	2.719266183457558
82	conventional	60	5	5	0.7144222274239613	3.381717436970841
83	holistic	60	4	4	0.8659212132994781	2.3643542514342273
83	conventional	60	1	1	0.8163283478047969	2.7010144541087278
84	holistic	60	4	4	0.7700231124960062	1.9620803268332245
84	conventional	60	2	2	0.7312290912329765	2.314547842040661
85	holistic	60	4	4	0.7990265732132554	1.9398667815917126
85	conventional	60	0	0	0.728504785163165	2.1656087498543117
86	holistic	60	4	4	0.8147300990885055	2.284554663887739
86	conventional	60	4	4	0.7094061802130287	2.214531624790012
87	holistic	60	4	4	0.7843288772939236	1.990873529621366
87	conventional	60	0	0	0.7504631919198733	2.409451451170209
88	holistic	60	5	5	0.712979612359424	1.6546709678199372
88	conventional	60	1	1	0.7554960331737317	2.305936266499036
89	holistic	60	3	3	0.707974970032796	1.6624290175618524
89	conventional	60	2	2	0.7101231597514167	2.0888583630870756
90	holistic	60	2	2	0.703328750825986	1.7836981301570312
90	conventional	60	1	1	0.6413465141755343	2.061524140825392
91	holistic	60	5	5	0.7142790187819147	1.9641445476616346
91	conventional	60	3	3	0.6821353887983522	2.2876236856861376
92	holistic	60	5	5	0.6793542168981026	1.8097376114891968
92	conventional	60	1	1	0.7005293248155764	2.308578546064229
93	holistic	60	6	6	0.6771260942526112	2.2973929917322518
93	conventional	60	2	2	0.7634234283406723	2.3273852111069306
94	holistic	60	1	1	0.6892272049449261	1.9640885824777248
94	conventional	60	2	2	0.7365154025754307	2.4001162238391944
95	holistic	60	3	3	0.6732632392177529	1.666890866209384
95	conventional	60	4	4	0.768923679305874	2.790801705993187
96	holistic	60	5	5	0.701157500545207	2.963402397400403
96	conventional	60	2	2	0.7713072068772063	3.788109125509939
97	holistic	60	5	5	0.6858800703607361	2.9933459016717454
97	conventional	60	2	2	0.7645527321715978	2.5411905023233987
98	holistic	60	0	0	0.6638877015606526	2.1368965714578514
98	conventional	60	4	4	0.7019386348538413	2.1582266139415776
99	holistic	60	2	2	0.6798541153714412	2.052895358738476
99	conventional	60	0	0	0.7763724818574912	2.6032693221895027
100	holistic	60	4	4	0.6833252893851895	1.6352225283216544
100	conventional	60	2	2	0.7623011121137849	2.1467036963545505
101	holistic	60	4	4	0.7354765542401613	2.9876690896673725
101	conventional	60	3	3	0.7435384834310372	2.1911203892212043
102	holistic	60	0	0	0.7845039648721618	1.9208460251288524
102	conventional	60	0	0	0.746513872072958	2.1373496077168643
103	holistic	60	1	1	0.7617373631652059	2.4207074045821333
103	conventional	60	1	1	0.7745182329761199	2.14844746836023
104	holistic	60	2	2	0.8110404454326456	2.9203089694805073
104	conventional	60	1	1	0.8214207873589146	2.6501856291058283
105	holistic	60	2	2	0.8351847467093123	2.917446286299418
105	conventional	60	0	0	0.8023397222644946	2.6488129210623446
106	holistic	60	0	0	0.8089520676618199	2.3189161864071246
106	conventional	60	3	3	0.7504795855093868	2.1709021126277253
107	holistic	60	0	0	0.8374384329581406	2.5608380323629327
107	conventional	60	1	1	0.7910253991239472	2.2958187916319903
108	holistic	60	3	3	0.8228130243410944	2.3984383267013683
108	conventional	60	1	1	0.7437437235085179	2.1993159282047023
109	holistic	60	2	2	0.8504864753581626	1.893973886851136
109	conventional	60	0	0	0.7835226418511502	2.2375814194286145
110	holistic	60	0	0	0.8340986564162355	1.8303823760253377
110	conventional	60	0	0	0.7600315068422437	2.215923990572529
111	holistic	60	0	0	0.8487872765096636	1.9281677027083979
111	conventional	60	0	0	0.7541646701512345	2.3234112116404493
112	holistic	60	1	1	0.8353027502698926	1.7771436865983865
112	conventional	60	1	1	0.7493463972698965	2.298596880834332
113	holistic	60	2	2	0.8111130676900803	2.2724619353769526
113	conventional	60	2	2	0.7563854230109549	2.2118630808040325
114	holistic	60	0	0	0.8496575896481378	2.0393748579181343
114	conventional	60	0	0	0.7832342520258033	2.222189625856675
115	holistic	60	3	3	0.8725351925139919	2.3013607523823234
115	conventional	60	0	0	0.7728507758446246	2.2313853637694723
116	holistic	60	0	0	0.861544402850004	2.247793812937254
116	conventional	60	1	1	0.7459310087885036	2.157654983765946
117	holistic	60	1	1	0.8234113031597994	2.3173455834897414
117	conventional	60	0	0	0.7733123353122857	2.142581840344107
118	holistic	60	1	1	0.8169291090995376	2.2731622891641474
118	conventional	60	1	1	0.73875165605221	2.0758134655339844
119	holistic	60	3	3	0.8277310875504134	2.2369323501141913
119	conventional	60	3	3	0.7095943504756606	2.060625586266762
120	holistic	60	2	2	0.825183372737158	2.206602205083231
120	conventional	60	1	1	0.7321164510962799	1.9990189083224092
121	holistic	60	1	1	0.8780602724429841	3.7449848285228384
121	conventional	60	0	0	0.749829238082257	2.012788213618344
122	holistic	60	0	0	0.9950179533388102	5.930569496850139
122	conventional	60	1	1	0.7684104489007351	2.07321547250137
123	holistic	60	3	3	0.9197713285528525	4.480830033902157
123	conventional	60	1	1	0.757715399216405	2.0152284993330842
124	holistic	60	2	2	0.9369864357402296	3.93306157701355
124	conventional	60	1	1	0.783130566988167	1.9603351794931456
125	holistic	60	0	0	0.9028534457346942	3.2775513141779586
125	conventional	60	2	2	0.7428245024173283	1.973605882945682
126	holistic	60	1	1	0.8897298836874213	2.8093296978668216
126	conventional	60	1	1	0.8044455887438965	3.644553335285003
127	holistic	60	1	1	0.9168462658280588	3.050963449076045
127	conventional	60	4	4	0.7722123932063469	1.9370446116629392
128	holistic	60	0	0	0.9151550770106234	2.711967510289818
128	conventional	60	0	0	0.8516223907541064	3.6009556316032567
129	holistic	60	1	1	0.9046789212982748	2.614039875287232
129	conventional	60	2	2	0.8042521211597428	1.8879336979367833
130	holistic	60	1	1	0.9109300736180591	2.3763998866247564
130	conventional	60	2	2	0.8609049344167604	5.448986433026035
131	holistic	60	1	1	0.9038260843321285	2.2400352146524454
131	conventional	60	3	3	0.7703003457842496	2.434155464363821
132	holistic	60	1	1	0.8941068856759175	2.354655787769574
132	conventional	60	2	2	0.7224879219153713	2.4375524568087443
133	holistic	60	0	0	0.9307094743276194	2.1778519908617087
133	conventional	60	2	2	0.7557944748132848	1.9433646707078254
134	holistic	60	0	0	0.910449280292472	2.0151470644602796
134	conventional	60	3	3	0.7235258998168382	2.446547924881034
135	holistic	60	1	1	0.9157874709065885	1.9144440103837777
135	conventional	60	3	3	0.7714810830920411	3.611541141190451
136	holistic	60	1	1	0.893677360976481	1.9702027628007912
136	conventional	60	2	2	0.7363474178537179	3.10700859875072
137	holistic	60	1	1	0.8955793878392664	1.9763412480116647
137	conventional	60	8	8	0.7086766342651107	2.6056335813710376
138	holistic	60	2	2	0.8950040127934229	2.128723905258914
138	conventional	60	4	4	0.7621661894308395	4.601063688291206
139	holistic	60	3	3	0.8587684024684508	1.9513302464873377
139	conventional	60	4	4	0.834262382585018	2.2034056201887973
140	holistic	60	1	1	0.847787079556303	1.8417464874817164
140	conventional	60	3	3	0.8244789014711384	1.9391120045819334
141	holistic	60	0	0	0.8823891062141891	2.8334640990928266
141	conventional	60	0	0	0.8060476351297035	1.6034922216533845
142	holistic	60	3	3	0.8452970159525963	2.334259111842865
142	conventional	60	3	3	0.8229481852686936	1.9790432340551614
143	holistic	60	4	4	0.8203579152991184	2.063090396521759
143	conventional	60	4	4	0.799228517984972	1.8263200467174288
144	holistic	60	2	2	0.7700275385754725	1.929146549640456
144	conventional	60	2	2	0.8482773444683941	5.336363373561792
145	holistic	60	2	2	0.7781723314550153	1.8219717413270975
145	conventional	60	3	3	0.8373503859615413	2.3889639682383317
146	holistic	60	5	5	0.7927525008152007	2.993079211177983
146	conventional	60	2	2	0.8025503954465365	2.8924440876499875
147	holistic	60	4	4	0.8535282536624658	2.4933204696814126
147	conventional	60	2	2	0.8687388147909078	3.433147885084182
148	holistic	60	3	3	0.8677008608720608	2.9820131109832264
148	conventional	60	2	2	0.9416028858401829	7.465738413466901
149	holistic	60	2	2	0.8711184569277947	4.290506575650392
149	conventional	60	2	2	0.9323532723769172	4.463936604610274
150	holistic	60	4	4	0.8136402726114181	3.125919026822024
150	conventional	60	1	1	0.8659026829537119	3.1595606168848764
151	holistic	60	4	4	0.9059698732892103	3.9333806935218227
151	conventional	60	4	4	0.8389800769360808	2.7972495554673396
152	holistic	60	2	2	0.8989168625566512	4.931869932109967
152	conventional	60	2	2	0.8760252470003331	2.7353098413914503
153	holistic	60	3	3	0.9227368777165007	3.9325352917268255
153	conventional	60	2	2	0.8972686581591259	2.9767831363983754
154	holistic	60	4	4	0.852351949801135	3.181488041104853
154	conventional	60	6	6	0.8889019755799353	4.3659900951852055
155	holistic	60	4	4	0.8485897973296048	2.931618996073886
155	conventional	60	4	4	0.9321050245472712	3.4054227838325297
156	holistic	60	3	3	0.8016034314247357	3.0979551743135114
156	conventional	60	1	1	0.9138404533997242	3.21918189071405
157	holistic	60	3	3	0.8041197837021266	2.645721946938038
157	conventional	60	5	5	0.941864420715095	2.962940539163249
158	holistic	60	3	3	0.8445157811100205	2.9318923492617155
158	conventional	60	3	3	0.8013786572039657	2.6671999913658517
159	holistic	60	3	3	0.8798858622783693	2.8907454413262816
159	conventional	60	5	5	0.8152953537008453	2.648758068542389
160	holistic	60	1	1	0.9653211857588863	2.890897659428814
160	conventional	60	1	1	0.8354886468173011	2.6326400804147965
161	holistic	60	3	3	1.001617404610258	2.659145003468168
161	conventional	60	3	3	0.8132183696966807	2.485170869054171
162	holistic	60	0	0	0.997209156021658	2.935578946646566
162	conventional	60	2	2	0.8981584069466085	2.356555266611384
163	holistic	60	2	2	0.9863277410197006	2.9406146476551136
163	conventional	60	2	2	0.8919471874180634	2.302294786688271
164	holistic	60	1	1	0.9686283971408456	2.8059295193233567
164	conventional	60	0	0	0.871678901573841	2.142392828600877
165	holistic	60	2	2	0.979197118812647	2.4743227340997107
165	conventional	60	0	0	0.9479634585356064	2.197608200714666
166	holistic	60	0	0	0.9830672268227152	2.7445612686427427
166	conventional	60	1	1	0.9563599836557047	2.1462576725385687
167	holistic	60	1	1	1.0059784340057332	2.6243280017043307
167	conventional	60	2	2	0.9286690599402306	2.2631453115582443
168	holistic	60	2	2	1.0216938770230006	2.4737657987203003
168	conventional	60	1	1	0.9622375652255362	2.130193816892087
169	holistic	60	1	1	0.9695328422432873	2.7296967128394303
169	conventional	60	1	1	0.9160004704908414	1.8474763921627906
170	holistic	60	0	0	1.0146208204332208	2.520914305202798
170	conventional	60	2	2	0.9032241087173932	1.841027242527678
171	holistic	60	1	1	1.0374360197286443	4.983841681029432
171	conventional	60	1	1	0.8707627693754232	1.7323923362935465
172	holistic	60	1	1	0.9905864105444128	3.3171321426904146
172	conventional	60	1	1	0.8918732949963188	1.9504333425745728
173	holistic	60	2	2	0.9278449097503472	2.4842620995897913
173	conventional	60	1	1	0.8906635382976898	1.7029445809669317
174	holistic	60	0	0	0.9527405349371331	2.584332382026191
174	conventional	60	0	0	0.8597858116165547	1.7757660431690574
175	holistic	60	1	1	0.9487508317786293	2.3858881607372
175	conventional	60	1	1	0.8706339410640186	1.7316670332305886
176	holistic	60	1	1	1.0008575539929059	2.4129523026427777
176	conventional	60	1	1	0.934987342815649	4.256064333126325
177	holistic	60	2	2	0.9912387884218954	2.7343105092951916
177	conventional	60	0	0	0.8912820986701706	1.820279800575982
178	holistic	60	0	0	1.016045679581077	2.5397921445888922
178	conventional	60	0	0	0.8964618699323236	1.8999489069382034
179	holistic	60	1	1	0.9604072195471346	2.2858129301300028
179	conventional	60	0	0	0.8855506543279651	1.9174234172130824
180	holistic	60	3	3	0.9592523294549586	2.1673659124957534
180	conventional	60	2	2	0.8521118988137524	1.8736324344425537
181	holistic	60	1	1	0.9530355745856399	2.866866555704655
181	conventional	60	1	1	0.8654366018711644	1.971137709866521
182	holistic	60	0	0	0.9500775281670266	2.1881776119701835
182	conventional	60	1	1	0.8388010624480052	1.9580750277747219
183	holistic	60	2	2	0.9061367359395816	2.099833075848831
183	conventional	60	2	2	0.8052506200799603	1.8867963022253065
184	holistic	60	5	5	0.9042337809970843	2.1602510422230092
184	conventional	60	0	0	0.7857559343377345	1.819492038563298
185	holistic	60	0	0	0.9318581595356236	2.3506936252575588
185	conventional	60	4	4	0.7837280019724646	1.756157768856971
186	holistic	60	0	0	0.8934084323242227	2.0436690877175816
186	conventional	60	2	2	0.7671489480364075	1.7502217939226203
187	holistic	60	1	1	0.8928155313288085	2.147111766065776
187	conventional	60	5	5	0.7661203060787442	2.2268025323588323
188	holistic	60	4	4	0.8813304221380505	2.172079803046136
188	conventional	60	1	1	0.8174802825343318	4.299186697138821
189	holistic	60	2	2	0.9271243235798547	2.4455204079474484
189	conventional	60	2	2	0.8427272738960376	2.7876103692704333
190	holistic	60	1	1	0.8983588787115764	2.218210105259574
190	conventional	60	2	2	0.8391635211305307	1.8107907818720197
191	holistic	60	0	0	0.963236008958925	3.86524674440566
191	conventional	60	2	2	0.7866304624359163	1.6822630034790853
192	holistic	60	3	3	0.925467200441768	2.3588934407159936
192	conventional	60	2	2	0.7971050829165635	1.6556589040458265
193	holistic	60	0	0	0.9588538289988314	2.9056712155314246
193	conventional	60	1	1	0.8777711752384044	2.4317993250052674
194	holistic	60	0	0	0.9111346179435758	2.062606724970245
194	conventional	60	1	1	0.8032892957326894	2.9272009613449215
195	holistic	60	0	0	0.9198241401756838	2.0012074883253876
195	conventional	60	2	2	0.8076914361108309	1.7560792768865239
196	holistic	60	3	3	0.9222463217641514	2.1077303300577146
196	conventional	60	1	1	0.7721718246609636	1.6411986458321806
197	holistic	60	1	1	0.9003224000734247	2.1024745419881343
197	conventional	60	6	6	0.7340490626857364	1.6878341501481302
198	holistic	60	0	0	0.9182685931178483	2.1499739219741403
198	conventional	60	1	1	0.7854894766170608	1.6774859313763446
199	holistic	60	2	2	0.9141781983944849	2.0924039672074306
199	conventional	60	4	4	0.7316529313237551	1.7713403183843983
200	holistic	60	2	2	0.9064594686779038	2.037810525338618
200	conventional	60	6	6	0.7335403824348963	1.743334430569752
201	holistic	60	0	0	0.9677558892662387	2.9618445496692027
201	conventional	60	1	1	0.7547198138901087	2.0425911712320914
202	holistic	60	0	0	0.974911844459387	2.0781044713434547
202	conventional	60	1	1	0.8879235532309167	4.012842542226977
203	holistic	60	2	2	0.9606774444028843	2.0742107560782066
203	conventional	60	5	5	0.793852576303464	2.511705102657431
204	holistic	60	2	2	1.020239382092648	4.864102115188093
204	conventional	60	2	2	0.768502908749675	2.01281547312597
205	holistic	60	1	1	1.0312632996317506	4.38872593300407
205	conventional	60	4	4	0.7387382544703254	2.112026209173318
206	holistic	60	3	3	1.0083576812338342	3.2188290627638803
206	conventional	60	4	4	0.7875422104847355	3.5312027556668535
207	holistic	60	3	3	1.000270557321047	2.8891116521030518
207	conventional	60	1	1	0.9214458240411667	4.027280879767913
208	holistic	60	1	1	0.9961664495365311	2.284829085112347
208	conventional	60	2	2	0.8576913483705524	2.7364628043015067
209	holistic	60	3	3	0.9333015663232894	2.0466086147941973
209	conventional	60	3	3	0.8023325892440557	2.2010409008213414
210	holistic	60	2	2	0.9585513534490733	2.9500137208642547
210	conventional	60	1	1	0.8371259243063972	2.9813042594174513
211	holistic	60	3	3	0.8974711507054427	2.0086082367533784
211	conventional	60	1	1	0.8899796329857134	2.8202790031476717
212	holistic	60	1	1	0.9564644127073499	2.9564531549469195
212	conventional	60	3	3	0.902753282750307	2.523790679340131
213	holistic	60	3	3	0.9190979210955716	1.9270481608257881
213	conventional	60	2	2	0.7911922765879166	1.9236342699247397
214	holistic	60	3	3	0.9005152784358771	1.9080510664436867
214	conventional	60	6	6	0.8233445940882923	2.5407122504978084
215	holistic	60	2	2	0.8902705555370077	1.8712007668184558
215	conventional	60	0	0	0.8358302160971149	2.2952084961861554
216	holistic	60	5	5	0.8447955681396019	2.1112816575418427
216	conventional	60	1	1	0.818518328385178	2.809213233149711
217	holistic	60	5	5	0.9216616807212018	3.939497120771079
217	conventional	60	2	2	0.8013800657967706	2.3020005954625287
218	holistic	60	3	3	0.9210374598084439	3.911774704462802
218	conventional	60	3	3	0.7285307007796967	1.7871184821097923
219	holistic	60	4	4	0.8739702414560792	3.268393030949255
219	conventional	60	1	1	0.6736281892585649	1.6452241503695682
220	holistic	60	3	3	0.9969521573641633	4.946510162659848
220	conventional	60	2	2	0.6743267619587293	1.6382560631972305
221	holistic	60	3	3	0.9293141398432427	3.410035637892435
221	conventional	60	4	4	0.6748060115125519	1.770593814109423
222	holistic	60	3	3	0.9515812534579612	2.908197455486661
222	conventional	60	3	3	0.6798201514348104	3.2736271982482883
223	holistic	60	1	1	0.9717555689102757	3.811636757714808
223	conventional	60	2	2	0.7161293361582326	3.2491105491746035
224	holistic	60	3	3	0.9595079738076497	2.8115578542423862
224	conventional	60	1	1	0.7128293158053317	2.241438398260518
225	holistic	60	4	4	0.9368328817636138	3.4778312918926098
225	conventional	60	2	2	0.7198542071571242	2.7525607663804146
226	holistic	60	0	0	1.0070951905910053	3.060508817056761
226	conventional	60	1	1	0.7106390196449984	2.065509510411948
227	holistic	60	2	2	0.9641129775437135	2.610467909463867
227	conventional	60	3	3	0.7385618740222595	2.3595637084659264
228	holistic	60	2	2	1.0391772232402632	4.8831389657889535
228	conventional	60	3	3	0.79038814148297	2.5379767252468293
229	holistic	60	2	2	1.0145206571426921	2.523603905459364
229	conventional	60	2	2	0.7836962096956505	1.7680617133837542
230	holistic	60	0	0	1.0152159999594228	2.3094112717722046
230	conventional	60	3	3	0.8217024531648316	2.6117758479812725
231	holistic	60	2	2	1.0450748432041672	2.3648653598988365
231	conventional	60	1	1	0.8679649762664786	3.4293248837836314
232	holistic	60	0	0	1.046225607723685	2.461018230507131
232	conventional	60	3	3	0.8115107888602573	2.4888148993629464
233	holistic	60	1	1	1.0347345347207477	2.6861486977269786
233	conventional	60	2	2	0.8605348950713059	2.176652788750009
234	holistic	60	0	0	1.0850896947969715	2.8401523398296504
234	conventional	60	1	1	0.8528785897255943	1.9133970803269524
235	holistic	60	2	2	1.052670717872928	2.220066133473084
235	conventional	60	0	0	0.8358455823857968	1.8451793575871405
236	holistic	60	0	0	1.0050632601210834	2.080879491415926
236	conventional	60	1	1	0.8106690314452584	1.566517344364526
237	holistic	60	2	2	1.0039647176828348	2.0260302480939734
237	conventional	60	1	1	0.7881204675838648	1.5696174660988693
238	holistic	60	0	0	1.020956285257997	2.241901372939961
238	conventional	60	0	0	0.7927535368162938	1.7970969151855998
239	holistic	60	2	2	0.9942144327961878	2.0705245230403455
239	conventional	60	2	2	0.798179575704623	1.7586967824974737
240	holistic	60	0	0	1.033561393938563	2.579127024921395
240	conventional	60	1	1	0.8861329780851567	5.270810720769889
241	holistic	60	2	2	1.0650804333295623	3.4506716668055137
241	conventional	60	0	0	0.9232522661508533	4.262556663787002
242	holistic	60	0	0	1.0739887441702083	2.618677730662403
242	conventional	60	1	1	0.8573782204576926	2.9310386439438756
243	holistic	60	2	2	1.0314875130405572	2.7021791560377677
243	conventional	60	0	0	0.8947819356617089	2.2777265719864257
244	holistic	60	1	1	1.1114698956257867	2.8825072284225857
244	conventional	60	1	1	0.88002612344739	2.0858513711841917
245	holistic	60	2	2	1.1066980516351739	2.1191939513094744
245	conventional	60	2	2	0.8413488884067379	1.7382094759868265
246	holistic	60	0	0	1.0683096760951407	1.9806361277828575
246	conventional	60	2	2	0.8934047592016282	4.473780566316844
247	holistic	60	1	1	1.0533096801666588	2.1758824742685254
247	conventional	60	5	5	0.8273511659461567	4.338634019619395
248	holistic	60	3	3	1.0527632906927837	2.125583850505584
248	conventional	60	0	0	0.932805190491278	4.46713202179603
249	holistic	60	2	2	1.01886280114513	2.0650688517061586
249	conventional	60	1	1	0.8596978009125068	2.382159336682694
250	holistic	60	1	1	0.9992739975695547	2.058033548478709
250	conventional	60	2	2	0.9065100469973417	2.443522447670815
251	holistic	60	0	0	1.0452840490711859	2.5445156173102204
251	conventional	60	3	3	0.8494952494891888	1.7404972556726974
252	holistic	60	1	1	1.061565528878739	2.62868190098167
252	conventional	60	0	0	0.8393318112730879	1.6764987591191005
253	holistic	60	1	1	1.1398437204688718	3.8333570666136936
253	conventional	60	0	0	0.8596449138563158	2.024542459979422
254	holistic	60	1	1	1.1071523735658388	2.8270512067297293
254	conventional	60	1	1	0.8312644831254797	1.5906537733628454
255	holistic	60	0	0	1.1340727612008168	2.744726957793881
255	conventional	60	2	2	0.8321664946471251	1.5409833402640027
256	holistic	60	1	1	1.139119094961708	2.511503679875251
256	conventional	60	0	0	0.8255748433481176	1.9051771400181132
257	holistic	60	1	1	1.0972724377742336	2.4381306250148027
257	conventional	60	0	0	0.8215253466816915	1.84251813943178
258	holistic	60	1	1	1.0708780150500614	2.071851341331994
258	conventional	60	1	1	0.8320294252397463	1.6566717676775309
259	holistic	60	3	3	1.0357719478339245	2.247985982982152
259	conventional	60	2	2	0.7905877808964518	2.507834686128927
260	holistic	60	2	2	1.051082780736533	2.975185494265381
260	conventional	60	5	5	0.7314879239841144	2.3057146662215082
261	holistic	60	0	0	1.067689853397873	2.2567111768293273
261	conventional	60	3	3	0.7177710561854653	2.54471085505527
262	holistic	60	2	2	1.0945017733026117	2.3074157046783363
262	conventional	60	2	2	0.7972905548013206	2.5560656936876334
263	holistic	60	3	3	1.1011723336014825	2.962040473035176
263	conventional	60	3	3	0.7415480378092344	2.2287673443719567
264	holistic	60	1	1	1.0370128337401472	2.10592230518429
264	conventional	60	1	1	0.7568753289522475	1.5645589680152054
265	holistic	60	2	2	0.9861301922439482	2.321927167290173
265	conventional	60	3	3	0.7099679817355935	1.7954377264463706
266	holistic	60	3	3	0.9335321865941884	2.2150153153622703
266	conventional	60	4	4	0.786757157411031	5.4417976846188765
267	holistic	60	3	3	0.9107996040235035	2.1168849971080492
267	conventional	60	3	3	0.7696131790125691	2.949842297862127
268	holistic	60	2	2	0.9652800770546054	2.9204698460131175
268	conventional	60	3	3	0.7879384905597292	2.107078938644906
269	holistic	60	3	3	0.913435303257989	2.0846142498909956
269	conventional	60	3	3	0.6812153238083146	1.4391828189258022
270	holistic	60	2	2	0.9704924031946159	3.2545484062444454
270	conventional	60	5	5	0.695587908253159	2.595448682175758
271	holistic	60	3	3	0.9255170243242143	2.421693380551156
271	conventional	60	3	3	0.7305838716609265	2.0964176054037456
272	holistic	60	2	2	0.9467034163169878	2.0902566645113265
272	conventional	60	4	4	0.7445809470239779	2.305578598130878
273	holistic	60	2	2	0.9339441495221011	2.6394482853287777
273	conventional	60	4	4	0.7727715678249261	1.9752546328113614
274	holistic	60	5	5	0.924053901046043	2.0897703015232865
274	conventional	60	4	4	0.7720498464015075	1.7988459755850577
275	holistic	60	1	1	0.9982818084206427	2.18002603580258
275	conventional	60	1	1	0.777774790178638	1.9890243299457102
276	holistic	60	4	4	0.951823249722617	2.2564775439798423
276	conventional	60	2	2	0.7550318430071418	2.479481696312269
277	holistic	60	4	4	0.986447456935291	2.2804335046160076
277	conventional	60	2	2	0.7750296681500625	2.2318351193193244
278	holistic	60	2	2	0.9638915130917697	2.447841122482232
278	conventional	60	2	2	0.8326395768750318	3.427105209364994
279	holistic	60	5	5	0.9290011077811603	2.5481859033392693
279	conventional	60	1	1	0.8063157970566437	1.9321480421416062
280	holistic	60	2	2	1.0309190022254273	2.3835814314208346
280	conventional	60	1	1	0.7988951814068217	1.5288153232404205
281	holistic	60	3	3	1.0667184132423277	2.7073169401855113
281	conventional	60	2	2	0.7894709310488772	1.9533594912489995
282	holistic	60	3	3	1.0400053857217129	2.8644025575803
282	conventional	60	2	2	0.7672876939137514	1.7894533014096197
283	holistic	60	2	2	1.0060019287894648	2.2141873251169844
283	conventional	60	2	2	0.7597623252368036	1.5529200759407955
284	holistic	60	2	2	0.994979053460051	2.099743855274377
284	conventional	60	0	0	0.7507158102965981	1.5048252595575304
285	holistic	60	3	3	0.9856868964703958	3.9186568476536596
285	conventional	60	5	5	0.7113391752946292	1.5460571828552745
286	holistic	60	0	0	1.074469703884011	3.417453470726205
286	conventional	60	0	0	0.7392635893000379	1.5608033456054011
287	holistic	60	3	3	0.9693561893951006	2.9195202850324384
287	conventional	60	5	5	0.6741405084300377	1.5224661742975714
288	holistic	60	1	1	1.0418007076328104	4.7934571241048864
288	conventional	60	1	1	0.6813976972316176	1.5215310968273768
289	holistic	60	5	5	0.9829369716047228	4.298481235937765
289	conventional	60	2	2	0.6967055395602	1.636445255947845
290	holistic	60	0	0	1.015608512537918	3.4656798929877617
290	conventional	60	3	3	0.6448776816810996	1.6368089665166228
291	holistic	60	1	1	1.025200006093752	2.798911694225892
291	conventional	60	3	3	0.686026606461266	1.5573515273372558
292	holistic	60	1	1	0.9966551497951583	2.202435289136533
292	conventional	60	5	5	0.6591995336015652	1.6433058854116305
293	holistic	60	2	2	0.9815400163198772	2.464160082522245
293	conventional	60	4	4	0.7572237109228627	7.561669205074248
294	holistic	60	1	1	1.0359704365004532	2.8414158200992303
294	conventional	60	1	1	0.7398292332599226	3.5916687425714944
295	holistic	60	2	2	1.0578452536260181	4.931893652158755
295	conventional	60	4	4	0.7415382612333137	3.2442735469203927
296	holistic	60	1	1	1.060440846892887	3.430597140196811
296	conventional	60	1	1	0.7837223977695648	2.560870706417929
297	holistic	60	1	1	1.0455788071212175	2.9293885057955715
297	conventional	60	0	0	0.8274234077671634	3.4118432753937453
298	holistic	60	0	0	1.0532227932508738	2.4289918392755006
298	conventional	60	0	0	0.8948959577058868	3.4075955544998067
299	holistic	60	5	5	0.9862162512506667	2.2962673162077527
299	conventional	60	2	2	0.8030003872380309	3.1444100553291503
300	holistic	60	1	1	1.0768051252730935	2.8896646227000145
300	conventional	60	1	1	0.8223491889034478	2.821875208670237
301	holistic	60	1	1	1.012354535729032	2.187861530803665
301	conventional	60	2	2	0.7839281363270824	2.5731990952005535
302	holistic	60	0	0	1.0334053234478005	2.3032945907215554
302	conventional	60	0	0	0.837196593744824	2.728580834403055
303	holistic	60	3	3	1.0097231750943954	2.2625002421470346
303	conventional	60	1	1	0.833801233225293	2.846690137273987
304	holistic	60	1	1	1.0136487481947825	2.229922085696624
304	conventional	60	1	1	0.810441859246406	2.575652841482948
305	holistic	60	2	2	0.9782573221942003	2.14986270086736
305	conventional	60	3	3	0.7572966719697063	2.49840572921607
306	holistic	60	0	0	0.9900489802834688	2.108334475033765
306	conventional	60	3	3	0.7685854098642366	2.5037816388989067
307	holistic	60	1	1	0.996563680497549	2.1438885450700993
307	conventional	60	4	4	0.7622587017372112	2.308543249806081
308	holistic	60	2	2	0.98462600405784	2.227861693433895
308	conventional	60	0	0	0.8991976297824344	4.43133381546807
309	holistic	60	2	2	0.9863025989523722	2.1931822566832553
309	conventional	60	4	4	0.7970620735602739	2.222088807658841
310	holistic	60	0	0	1.0251803350055702	2.5621891601400435
310	conventional	60	1	1	0.835942812188269	2.5452760278654165
311	holistic	60	1	1	0.9954820016276806	2.3956222129452907
311	conventional	60	3	3	0.835632417044265	2.206639379122427
312	holistic	60	2	2	0.9709617957475236	2.2956767852085154
312	conventional	60	1	1	0.7584488373951679	2.074361467692498
313	holistic	60	2	2	1.0005009802878049	2.8952913868041237
313	conventional	60	2	2	0.7410817937764741	2.0980833222239683
314	holistic	60	0	0	1.0356420663716437	2.8694892534512775
314	conventional	60	2	2	0.7861978158230777	2.6468949808093534
315	holistic	60	1	1	1.0016732894734812	2.2708840185430113
315	conventional	60	3	3	0.7504456502193324	2.1388936095348985
316	holistic	60	2	2	0.9875368161468424	2.1297493067864286
316	conventional	60	0	0	0.8268656481146812	2.4543112592515826
317	holistic	60	1	1	1.0538310206345012	2.9500719254959575
317	conventional	60	1	1	0.8005127388658696	2.401417221469649
318	holistic	60	0	0	1.0683563942319496	2.9510911929608885
318	conventional	60	1	1	0.7714573248214412	2.256928561622448
319	holistic	60	2	2	1.023719415272489	2.283425428996126
319	conventional	60	2	2	0.7342573408707319	2.496885225226082
320	holistic	60	2	2	1.082377153520318	3.8787358780022796
320	conventional	60	3	3	0.7258126744440592	2.3796995041010263
321	holistic	60	0	0	1.1484374962739732	2.9165345328513914
321	conventional	60	4	4	0.7480253320913853	2.044023333843242
322	holistic	60	1	1	1.0842016748175682	2.1553050573912786
322	conventional	60	4	4	0.7654562013848278	3.4321929308683057
323	holistic	60	2	2	1.0748326888127633	2.1446715524993607
323	conventional	60	3	3	0.8027596201328104	3.4380884301191568
324	holistic	60	1	1	1.1461375488265513	3.8949747198546727
324	conventional	60	0	0	0.9371126694684324	3.433814788728954
325	holistic	60	1	1	1.1625681854116081	3.8913009572481654
325	conventional	60	2	2	0.8908464532168973	2.678603824611377
326	holistic	60	1	1	1.1721543684204108	4.224616382059474
326	conventional	60	1	1	0.824910098740539	2.430855707631387
327	holistic	60	2	2	1.1047984211497763	3.1415154811781854
327	conventional	60	1	1	0.7961650816797323	2.2595737256923503
328	holistic	60	1	1	1.087560870769575	2.4921972157662564
328	conventional	60	0	0	0.7947990398075723	2.0015399571015107
329	holistic	60	2	2	1.052129879154798	2.342636247753466
329	conventional	60	2	2	0.7828620450420718	1.728700617812295
330	holistic	60	2	2	1.0473613804042254	2.5945985698181455
330	conventional	60	3	3	0.7117571499104636	1.671766009160251
331	holistic	60	3	3	1.0258158136756435	2.5038621943679082
331	conventional	60	0	0	0.8261193255693731	1.6927424537902558
332	holistic	60	1	1	1.058576236665195	2.3722733872169623
332	conventional	60	0	0	0.8068793751323099	2.1803351650549616
333	holistic	60	2	2	1.0484149926442474	2.2535869779579207
333	conventional	60	4	4	0.7395468600131996	1.5931613249470078
334	holistic	60	5	5	0.9837294858603772	2.145367909058784
334	conventional	60	3	3	0.8599125102714777	3.2485443741506783
335	holistic	60	1	1	1.0303839529677257	2.2318631668420768
335	conventional	60	2	2	0.7666678509750462	1.734103154924385
336	holistic	60	3	3	1.029117064969562	2.484981179485509
336	conventional	60	4	4	0.7631895713399869	2.269727696680227
337	holistic	60	1	1	1.0884250835383464	2.9042665045010203
337	conventional	60	1	1	0.7179362351956615	2.318910013524444
338	holistic	60	2	2	1.0957632738569345	2.344227517244629
338	conventional	60	3	3	0.7799800181998191	2.5700735178701315
339	holistic	60	4	4	1.0915969852808975	3.5158022025364897
339	conventional	60	1	1	0.8391395217482952	2.7207154291867726
340	holistic	60	3	3	1.1784871629355071	2.8720075428006218
340	conventional	60	1	1	0.8079133272351462	2.1556911742880582
341	holistic	60	2	2	1.11003930663018	2.4546824675898415
341	conventional	60	2	2	0.783972559376956	2.0361103489646344
342	holistic	60	2	2	1.115703944198409	2.23294393029718
342	conventional	60	1	1	0.9045208529657119	2.6397198273292743
343	holistic	60	1	1	1.1373002323212198	2.265104531574644
343	conventional	60	0	0	0.8646822123964942	2.103120906971921
344	holistic	60	3	3	1.050671054090843	2.2960717683363443
344	conventional	60	0	0	0.8604622598466264	2.468786328313879
345	holistic	60	1	1	1.1447045298067995	2.899606372796266
345	conventional	60	4	4	0.7500167041092137	2.041469598049057
346	holistic	60	0	0	1.1284397459661208	2.379101550770864
346	conventional	60	0	0	0.7523398124348678	1.717890479606636
347	holistic	60	4	4	1.0735600845980597	2.308090312873998
347	conventional	60	4	4	0.741994048031201	1.5018204520149734
348	holistic	60	1	1	1.231097516021356	2.9884395851918084
348	conventional	60	2	2	0.7888794240384273	1.4994996980826363
349	holistic	60	3	3	1.2023554516739847	2.9043528816677116
349	conventional	60	0	0	0.857210311295459	2.275161481706896
350	holistic	60	1	1	1.1772543551347574	2.4120598685579404
350	conventional	60	1	1	0.8185988560808394	2.1250143654433002
351	holistic	60	1	1	1.2119584943013246	2.3108341376250694
351	conventional	60	1	1	0.8307628625924365	2.5972440010121973
352	holistic	60	0	0	1.2004499243936977	2.2861634959861186
352	conventional	60	3	3	0.7625054081900987	1.5762572867535667
353	holistic	60	3	3	1.1842644718379622	2.712408887930946
353	conventional	60	4	4	0.7883881722669493	2.028396607347677
354	holistic	60	1	1	1.175149728557175	3.7352721112921605
354	conventional	60	2	2	0.6911793246358092	1.806268066610047
355	holistic	60	1	1	1.1647211461721745	3.8772652561614662
355	conventional	60	7	7	0.7693514153010449	4.470541575224716
356	holistic	60	1	1	1.172984994169647	3.4317514971261733
356	conventional	60	2	2	0.8021352603068534	4.475994288173187
357	holistic	60	1	1	1.160756854196701	3.0763871502383755
357	conventional	60	2	2	0.7756704323960214	3.1442501261674067
358	holistic	60	0	0	1.1562088086420277	2.875922052120117
358	conventional	60	1	1	0.8369756116088787	2.89362053317483
359	holistic	60	3	3	1.1051791432652935	2.9588722144256216
359	conventional	60	3	3	0.861402920764729	2.677259267359067
360	holistic	60	0	0	1.2491292343650438	4.889166478087999
360	conventional	60	1	1	0.8522954547600137	2.9760363099919727
361	holistic	60	1	1	1.2024762256911472	2.88951875259039
361	conventional	60	1	1	0.8827763095469234	3.593217498014157
362	holistic	60	0	0	1.1846107366435012	2.5562974031517247
362	conventional	60	0	0	0.8816094626168212	3.6064927444663812
363	holistic	60	1	1	1.1781900304883133	2.439294842945952
363	conventional	60	0	0	0.8839031161911463	2.60156522766596
364	holistic	60	1	1	1.1769035542766066	2.465182497358988
364	conventional	60	1	1	0.8443435314633858	2.092824598983932
365	holistic	60	2	2	1.148939492725666	2.4884558567231143
365	conventional	60	1	1	0.8356811128418277	2.4277677288312884
366	holistic	60	0	0	1.1811409477301684	2.875224800082551
366	conventional	60	2	2	0.8162449172128274	2.4336834582327684
367	holistic	60	2	2	1.1677335277928118	2.9997411448777243
367	conventional	60	1	1	0.7963897576537367	2.587222317662244
368	holistic	60	2	2	1.1841412600562289	2.9853628333536197
368	conventional	60	0	0	0.8132595144819292	2.3385539643555773
369	holistic	60	1	1	1.2481511067128819	3.9171057450578792
369	conventional	60	2	2	0.7973632449143092	2.3616679059691843
370	holistic	60	0	0	1.2566618340181832	3.414485681685311
370	conventional	60	1	1	0.8008315700692851	2.185033500139005
371	holistic	60	2	2	1.2297417503670827	3.5797877632861606
371	conventional	60	1	1	0.8141648404124826	2.129183238526985
372	holistic	60	1	1	1.2189847813007595	3.6648775804199856
372	conventional	60	1	1	0.801276588179502	2.0006944785523206
373	holistic	60	2	2	1.2053306844993268	3.7148602873576437
373	conventional	60	2	2	0.7893291458965995	1.815863365017183
374	holistic	60	0	0	1.2359259017703474	3.4152770580028755
374	conventional	60	2	2	0.891244568369105	4.6494859747716
375	holistic	60	0	0	1.2427482869969217	3.1243863315958387
375	conventional	60	1	1	0.8297110380906221	2.167645615136673
376	holistic	60	4	4	1.1913093522789993	3.1690277640237725
376	conventional	60	0	0	0.9103423264046121	3.179432320683528
377	holistic	60	0	0	1.229412095025385	2.986556213974567
377	conventional	60	1	1	0.8695603885951737	3.1831744490376974
378	holistic	60	0	0	1.2776859993901655	3.437984396867794
378	conventional	60	1	1	0.8962786546361435	2.1750236250046795
379	holistic	60	2	2	1.2458683214591957	3.889610410258141
379	conventional	60	2	2	0.8695238374050805	2.674078298902341
380	holistic	60	3	3	1.2374353275107504	3.139105498802185
380	conventional	60	2	2	0.8536318347181171	2.1742718050452994
381	holistic	60	0	0	1.2442540628237404	2.83803051994779
381	conventional	60	3	3	0.7969595797640261	1.869350977090991
382	holistic	60	0	0	1.2751842284941943	2.6578110197429257
382	conventional	60	3	3	0.7622582008652411	1.8597426690526369
383	holistic	60	2	2	1.2348991548613106	2.625282670922518
383	conventional	60	4	4	0.733127213082756	1.8815050915233
384	holistic	60	3	3	1.2054028054022408	2.5153462035228547
384	conventional	60	1	1	0.7787484542161643	1.814094384700564
385	holistic	60	0	0	1.2966136028685968	2.8598712257854606
385	conventional	60	5	5	0.761119117186109	1.8643631530859284
386	holistic	60	0	0	1.323407288104131	2.9400808799196625
386	conventional	60	2	2	0.7593564802800258	1.9099244976548373
387	holistic	60	0	0	1.2969151337276705	2.49546204061196
387	conventional	60	4	4	0.7160260362653567	1.8465466136306365
388	holistic	60	1	1	1.2674715936009413	2.5665066214220813
388	conventional	60	2	2	0.7505276322132146	2.4651033412499164
389	holistic	60	1	1	1.2495433946901815	2.4884559658127814
389	conventional	60	2	2	0.7805763539541795	2.5390655937059785
390	holistic	60	1	1	1.2299234729789845	2.462090444856489
390	conventional	60	4	4	0.731141128784719	1.9268371345230246
391	holistic	60	1	1	1.2164276778529974	2.438496755530932
391	conventional	60	1	1	0.7586479501262104	2.3085086254133005
392	holistic	60	1	1	1.2486254149417333	2.6251620721074747
392	conventional	60	2	2	0.8042534995485974	3.308852781338074
393	holistic	60	2	2	1.2216593497414152	2.6768409996817426
393	conventional	60	3	3	0.8254053528386863	2.427219341527751
394	holistic	60	4	4	1.1566545733216311	2.801137667529469
394	conventional	60	3	3	0.7264688103556262	2.145328553326665
395	holistic	60	1	1	1.2962523401423356	2.9122826662265733
395	conventional	60	2	2	0.7948687354977931	2.490049246083301
396	holistic	60	3	3	1.2920760465130734	2.883234668385049
396	conventional	60	3	3	0.7891606079107011	2.690206367869969
397	holistic	60	1	1	1.328431842758547	2.8773049387394183
397	conventional	60	3	3	0.6783114299125539	1.8456213235225214
398	holistic	60	1	1	1.3772586825461597	2.879692801840764
398	conventional	60	3	3	0.8025724047965614	2.3508108799766774
399	holistic	60	3	3	1.2899571995605954	2.880060024325753
399	conventional	60	2	2	0.8269319453024923	3.4176500033584025
400	holistic	60	2	2	1.3212721284070434	2.628123485622988
400	conventional	60	2	2	0.775179486078666	2.404649805285441
401	holistic	60	2	2	1.2340155724261908	2.6131646087023173
401	conventional	60	3	3	0.8013998074993023	2.0835605494372142
402	holistic	60	1	1	1.275455685807685	2.9613854678913127
402	conventional	60	3	3	0.7754809392950841	1.8387166323085824
403	holistic	60	1	1	1.2381970551957466	2.6586914088695983
403	conventional	60	2	2	0.8059000140970685	1.8131774477309195
404	holistic	60	2	2	1.257943704923483	3.120321768762423
404	conventional	60	1	1	0.84411678949745	1.8445940080047691
405	holistic	60	2	2	1.1964784313899017	3.08741041533971
405	conventional	60	0	0	0.8659893628648475	1.8575000349835242
406	holistic	60	0	0	1.243139428923996	2.7772816432016407
406	conventional	60	1	1	0.8615410507808632	2.0399238980138144
407	holistic	60	3	3	1.1552131258589198	2.6814077882828484
407	conventional	60	3	3	0.8062502158052752	1.8254969246070176
408	holistic	60	4	4	1.1053051158800988	2.6505392257090907
408	conventional	60	2	2	0.889256804193686	2.5386800378735384
409	holistic	60	2	2	1.09510821269274	2.541901862654905
409	conventional	60	0	0	0.88116316052019	2.5347718396733945
410	holistic	60	2	2	1.1027548540602647	2.64660805264089
410	conventional	60	2	2	0.7912669377772892	1.5727669307287417
411	holistic	60	2	2	1.12918570889375	2.636473433231535
411	conventional	60	2	2	0.854215780750437	4.345448715649834
412	holistic	60	3	3	1.1525807608844056	2.597358907624244
412	conventional	60	1	1	0.8562703731271577	3.3475849466584586
413	holistic	60	3	3	1.1734799346590894	2.626603356220686
413	conventional	60	2	2	0.8108315525852556	2.3517694338512003
414	holistic	60	4	4	1.1744906745947175	2.567640760806949
414	conventional	60	3	3	0.7832868083988839	2.0988867663378725
415	holistic	60	1	1	1.298353435852635	2.970759702243002
415	conventional	60	4	4	0.7582362945168593	2.1461234676621963
416	holistic	60	2	2	1.3167040297417314	2.5195949354720666
416	conventional	60	2	2	0.7432191273812129	1.6810618135762725
417	holistic	60	3	3	1.371558875921137	3.391011434728818
417	conventional	60	2	2	0.7639686000488743	1.712525561631599
418	holistic	60	1	1	1.4222903715105213	2.906157484600454
418	conventional	60	1	1	0.8175210151631629	1.6657936213943965
419	holistic	60	2	2	1.379273631805659	4.404099126980235
419	conventional	60	3	3	0.7581150175723282	1.8089659758142538
420	holistic	60	1	1	1.3801228934237644	3.570207847252919
420	conventional	60	2	2	0.7744630220645877	1.8197796854854686
421	holistic	60	1	1	1.3747154989636257	3.151521103014695
421	conventional	60	3	3	0.7872596942913231	1.7687221280027432
422	holistic	60	0	0	1.3293700615230968	2.572064810921614
422	conventional	60	0	0	0.7155882717520236	1.8251218348035032
423	holistic	60	1	1	1.2803476798726465	2.470249855396489
423	conventional	60	0	0	0.7597680979867396	1.7461168766300144
424	holistic	60	0	0	1.3400448821921969	2.5080240383103924
424	conventional	60	0	0	0.757118934151526	1.7073023991986558
425	holistic	60	3	3	1.272344423134657	2.5605165645020307
425	conventional	60	2	2	0.7429943993218467	1.6697510793368409
426	holistic	60	0	0	1.3225477701595443	3.947493251417749
426	conventional	60	1	1	0.7283235751147965	1.6053568568160912
427	holistic	60	2	2	1.31429349505908	2.5914371573879245
427	conventional	60	1	1	0.7833713343169503	2.5901088383630397
428	holistic	60	2	2	1.2444616914296758	2.612530741010018
428	conventional	60	0	0	0.7801493966998226	2.231948908505013
429	holistic	60	0	0	1.3574218900696837	4.8980902838971465
429	conventional	60	4	4	0.7801225687398907	2.1764861742561243
430	holistic	60	0	0	1.4011142196104316	6.397731600588721
430	conventional	60	2	2	0.7849314686699543	2.029181868054543
431	holistic	60	2	2	1.3582683100238586	4.899736885000336
431	conventional	60	2	2	0.8599381432424296	2.761711137982429
432	holistic	60	0	0	1.3963617023415218	3.6464677913792958
432	conventional	60	0	0	0.8380521395798616	1.9201123016596802
433	holistic	60	2	2	1.3588897007331753	3.6954558376699422
433	conventional	60	3	3	0.7797638793412986	1.905981384258231
434	holistic	60	0	0	1.4519656860955272	3.0645448332043213
434	conventional	60	0	0	0.7847945668430281	1.935961333555549
435	holistic	60	0	0	1.4323539782212553	2.7640256882333083
435	conventional	60	2	2	0.7689560410982198	1.9220754278299188
436	holistic	60	2	2	1.376444897293791	2.8783530413632277
436	conventional	60	1	1	0.7552041175562763	1.8720260990844018
437	holistic	60	0	0	1.3680522969823392	2.627963211479362
437	conventional	60	1	1	0.7536485311583181	1.8272580981521525
438	holistic	60	0	0	1.3703727230215028	2.47778771440758
438	conventional	60	1	1	0.8089951430840677	3.474498587998207
439	holistic	60	1	1	1.3369848896241772	2.3472591847255364
439	conventional	60	2	2	0.7869967921790474	3.441898773532323
440	holistic	60	3	3	1.3253859990654648	2.3539771302835137
440	conventional	60	0	0	0.7940318395582289	2.44344224088456
441	holistic	60	0	0	1.383413249300012	2.4425755788213532
441	conventional	60	1	1	0.7630244886892664	1.7090606777298827
442	holistic	60	0	0	1.366395827667526	2.4585019647967568
442	conventional	60	1	1	0.7580139603947792	1.6741309030182483
443	holistic	60	2	2	1.3452405463089636	2.441533905013721
443	conventional	60	0	0	0.8206856190573529	2.820105567520958
444	holistic	60	3	3	1.3143794082560578	2.4878065206140905
444	conventional	60	0	0	0.8002277631623326	2.5680795436549397
445	holistic	60	0	0	1.3233655239309468	2.4708905737364937
445	conventional	60	2	2	0.749850514140606	2.068292039067965
446	holistic	60	0	0	1.327740841398459	2.5432406714629305
446	conventional	60	0	0	0.7553808748534488	1.793116283244988
447	holistic	60	1	1	1.339135132409749	2.4687083026249805
447	conventional	60	3	3	0.7477429065256742	1.7436706841558738
448	holistic	60	2	2	1.3308855592573992	2.4258246123782583
448	conventional	60	2	2	0.7290391913653341	1.757246088492101
449	holistic	60	1	1	1.315755227652944	2.466315816555125
449	conventional	60	1	1	0.7368819290687146	1.751589675789028
450	holistic	60	1	1	1.3326302842650515	2.5047223535006933
450	conventional	60	3	3	0.6754741579549125	1.7226045668905927
451	holistic	60	0	0	1.3429501502175543	2.4641817733293534
451	conventional	60	0	0	0.7282484337956171	1.671806194538983
452	holistic	60	1	1	1.3211368462843338	2.475643118382002
452	conventional	60	2	2	0.7443818229424454	1.792536625405236
453	holistic	60	2	2	1.312111791641992	2.4622191405458596
453	conventional	60	3	3	0.7219712294115298	1.7325528599655018
454	holistic	60	4	4	1.3066492919315607	4.906164374923345
454	conventional	60	3	3	0.6502752468945872	2.018186594904518
455	holistic	60	1	1	1.3238138208611585	2.8395774361040536
455	conventional	60	3	3	0.6800196486581379	1.640695334867378
456	holistic	60	3	3	1.2467133742364471	2.575095023560491
456	conventional	60	4	4	0.6878633504145473	1.7482429292440562
457	holistic	60	1	1	1.257051847180275	2.907914964443254
457	conventional	60	6	6	0.6086834843026203	1.6156346422647536
458	holistic	60	0	0	1.2648982062980998	2.5081023525600363
458	conventional	60	5	5	0.6468276684785608	3.6514444558337433
459	holistic	60	3	3	1.215526195724279	3.3418164021162644
459	conventional	60	4	4	0.6659406798345074	3.244074491310398
460	holistic	60	3	3	1.2246781211266695	2.831888431279644
460	conventional	60	5	5	0.6864243590639412	3.654929317358578
461	holistic	60	3	3	1.162922025634638	2.3339652369273023
461	conventional	60	2	2	0.6886861861592942	3.1542857949754546
462	holistic	60	0	0	1.228100687855599	2.926671804056255
462	conventional	60	2	2	0.6314449442276244	2.445716623867388
463	holistic	60	2	2	1.1523440904234024	2.541314076321408
463	conventional	60	6	6	0.6011966757024152	1.9815744892674942
464	holistic	60	2	2	1.0837650920383333	2.4981706082505326
464	conventional	60	1	1	0.6678543074856923	2.6611464596798733
465	holistic	60	3	3	1.1327598237979017	2.774761790495798
465	conventional	60	4	4	0.6297954251100945	2.1190910496339215
466	holistic	60	0	0	1.2442445455157234	6.857569814496535
466	conventional	60	1	1	0.7011281981144821	3.288679550198328
467	holistic	60	2	2	1.127788315001454	3.358093806207509
467	conventional	60	8	8	0.6218035045615902	2.460239747071956
468	holistic	60	0	0	1.1590584376897632	2.524971036400933
468	conventional	60	2	2	0.620022703633391	1.882511310834746
469	holistic	60	2	2	1.093347849770074	2.3988058113546114
469	conventional	60	2	2	0.6978780086741374	2.8709452145427923
470	holistic	60	0	0	1.173022331914313	2.8817568669515397
470	conventional	60	3	3	0.7517491149265887	3.0524358437813315
471	holistic	60	2	2	1.1263471020055482	2.3272971581489825
471	conventional	60	2	2	0.7348436287714641	2.3885446069029324
472	holistic	60	3	3	1.0340510853521456	2.450244462941284
472	conventional	60	0	0	0.6673444147255851	1.9770879887714365
473	holistic	60	1	1	1.1293290385843224	3.954726523287666
473	conventional	60	5	5	0.6856958499957283	2.0459036684545704
474	holistic	60	3	3	1.0328153025588016	2.418972854445107
474	conventional	60	4	4	0.6980073134148981	3.4113872553472704
475	holistic	60	2	2	1.0689377586251974	2.9107889900813824
475	conventional	60	3	3	0.7459360700018888	3.406745579117166
476	holistic	60	2	2	1.0398832668120686	2.417679437356346
476	conventional	60	2	2	0.7165494585401038	1.9626700156999735
477	holistic	60	3	3	1.0622852847641218	2.486635880865473
477	conventional	60	4	4	0.7066732559179787	2.134131296133007
478	holistic	60	1	1	1.0904991099554586	2.5193136080233147
478	conventional	60	1	1	0.6975379874188248	2.3999738039075105
479	holistic	60	1	1	1.06271182500424	2.4986498371709107
479	conventional	60	3	3	0.6705100587772924	1.7713684879067388
480	holistic	60	1	1	1.070046164859136	2.511549839866722
480	conventional	60	2	2	0.6918568859571714	1.9994350737318767
481	holistic	60	1	1	1.0998128633770277	2.5236876747540604
481	conventional	60	4	4	0.6634601151467779	1.89457461330469
482	holistic	60	0	0	1.112873648840506	2.474243912500635
482	conventional	60	3	3	0.706096626634199	5.5030102628952235
483	holistic	60	1	1	1.059662019605367	2.4280311917581052
483	conventional	60	6	6	0.6439920275741934	3.8088411273134426
484	holistic	60	0	0	1.0345438888062526	2.527200848870173
484	conventional	60	3	3	0.6685606006663611	3.754209927581691
485	holistic	60	5	5	1.0149654483588693	2.537432015168506
485	conventional	60	5	5	0.6957073161791189	3.1084988028825107
486	holistic	60	0	0	1.1388122398610634	2.976572586235018
486	conventional	60	2	2	0.7309598261655769	2.50770610151527
487	holistic	60	2	2	1.0781198683305233	3.4752752996343714
487	conventional	60	2	2	0.7538839802813796	2.0833267415692758
488	holistic	60	3	3	1.005768827725087	2.6385965956792385
488	conventional	60	1	1	0.7232143860292374	2.0716473111801803
489	holistic	60	1	1	1.0064363495108795	2.593849793333499
489	conventional	60	2	2	0.6794874697923146	1.9621648231214697
490	holistic	60	0	0	1.0439152388760298	2.642701920721932
490	conventional	60	2	2	0.6840301610114443	1.7216484962355973
491	holistic	60	4	4	1.0020496898675992	2.731277455129939
491	conventional	60	1	1	0.6559658141983956	1.8643273555864877
492	holistic	60	1	1	1.0654607555676587	2.6734520341548986
492	conventional	60	2	2	0.6749552482224337	1.8909345623098988
493	holistic	60	3	3	1.0857342327398551	3.280270725889178
493	conventional	60	4	4	0.6644765705090644	2.4327536851896805
494	holistic	60	0	0	1.3280530576004645	5.920634683642881
494	conventional	60	3	3	0.8167564400654651	4.566809140537982
495	holistic	60	1	1	1.1980695117362268	3.890577526466119
495	conventional	60	0	0	0.7990507431998076	3.079380011154697
496	holistic	60	1	1	1.1437513501073064	3.549664881047583
496	conventional	60	2	2	0.7964913328416208	2.8984498366632785
497	holistic	60	0	0	1.1461368183543135	2.6338127459839047
497	conventional	60	1	1	0.7943829494345972	4.545476890875642
498	holistic	60	1	1	1.1310379830357509	2.588763361031195
498	conventional	60	5	5	0.7398956670291317	3.017831222258393
499	holistic	60	2	2	1.1181702199782704	2.576274833406639
499	conventional	60	3	3	0.7987115950815334	3.462163574500619
500	holistic	60	3	3	1.0537843531990543	2.5642843487924036
500	conventional	60	3	3	0.7704437788191527	2.5876570793225007
501	holistic	60	0	0	1.132652548525697	4.86608399541577
501	conventional	60	3	3	0.8341385504444194	4.559171012409928
502	holistic	60	0	0	1.1200877756390555	4.370105597509663
502	conventional	60	3	3	0.7361055325539362	2.09376419701003
503	holistic	60	3	3	1.05493637498822	3.2004693781913645
503	conventional	60	2	2	0.752521823625872	1.897923962848352
504	holistic	60	5	5	1.0300717890751305	3.1170159111025373
504	conventional	60	0	0	0.8230255119405053	1.8693484127595028
505	holistic	60	1	1	1.1752957483429514	3.8193973505632086
505	conventional	60	1	1	0.7581159124817417	1.7627698456848389
506	holistic	60	0	0	1.1668041385784416	2.7397963071958253
506	conventional	60	1	1	0.756118350301529	1.7495609591204655
507	holistic	60	2	2	1.1069665542483142	2.3640584803637394
507	conventional	60	1	1	0.7962828562718341	2.506985928297883
508	holistic	60	2	2	1.0929714802561963	2.5089388268555366
508	conventional	60	3	3	0.7979437885536845	3.5236269853755555
509	holistic	60	2	2	1.1326013948034408	2.9244983986274264
509	conventional	60	1	1	0.7750537304233351	2.501308103089232
510	holistic	60	1	1	1.1661204501594657	2.4291467946526386
510	conventional	60	2	2	0.8197425967347389	3.557472514731942
511	holistic	60	0	0	1.1746671532458361	2.9321890287626364
511	conventional	60	1	1	0.8190544773478952	1.6632834795268203
512	holistic	60	0	0	1.2014849987269003	2.9326941057387765
512	conventional	60	1	1	0.735747315441875	1.621941311516296
513	holistic	60	1	1	1.1356051580239543	2.333203702077708
513	conventional	60	3	3	0.6963904495007266	1.5481475076862579
514	holistic	60	4	4	1.0687110780702944	2.8277128957856945
514	conventional	60	4	4	0.6624697167158599	1.5138276621852995
515	holistic	60	1	1	1.066828716819087	2.3312411546194793
515	conventional	60	0	0	0.7387479993657381	3.459230482550642
516	holistic	60	1	1	1.0845287818822562	2.3745265332928285
516	conventional	60	2	2	0.6860842106293508	1.5244910944101813
517	holistic	60	1	1	1.0967790370619854	2.27036313770371
517	conventional	60	6	6	0.6759126008611721	1.836854917974193
518	holistic	60	0	0	1.0571689492719134	2.2460558507828057
518	conventional	60	0	0	0.7111664842656708	3.463113341487564
519	holistic	60	1	1	1.077023640962591	2.3146911329678317
519	conventional	60	3	3	0.7460671102444657	1.9475169981378058
520	holistic	60	2	2	1.0549951133545725	2.4731901231202658
520	conventional	60	2	2	0.7531642900598453	1.5845142219427786
521	holistic	60	2	2	1.0504203367834613	2.466936340903566
521	conventional	60	1	1	0.6902900653439893	1.4441026618732455
522	holistic	60	0	0	1.1453884762600908	2.7922723058692913
522	conventional	60	3	3	0.7185334616271232	1.4869410169532198
523	holistic	60	0	0	1.1394975075254252	2.5325678446197544
523	conventional	60	2	2	0.7361271879335826	2.6536877076510192
524	holistic	60	3	3	1.0767898465210812	2.4349584062520284
524	conventional	60	2	2	0.6816719594140437	1.4127746544226139
525	holistic	60	3	3	1.0058706141180271	2.3725606525838474
525	conventional	60	6	6	0.748790335122829	5.310417251228481
526	holistic	60	0	0	1.0638973189713943	2.591421932888965
526	conventional	60	2	2	0.9091413168104359	6.407805095235838
527	holistic	60	2	2	1.0967498093943833	2.958246543675846
527	conventional	60	6	6	0.8029016295791671	4.441298740172125
528	holistic	60	0	0	1.154702924466398	2.931202269887603
528	conventional	60	1	1	0.8737769540431733	4.451103676731332
529	holistic	60	2	2	1.117631745375353	2.2903643291074385
529	conventional	60	3	3	0.7863847977473888	2.698340432700193
530	holistic	60	0	0	1.0781553619088453	2.2353035385956557
530	conventional	60	1	1	0.7903783043829065	2.194052739417852
531	holistic	60	1	1	1.0513789727009561	2.231626596888368
531	conventional	60	1	1	0.7520675266946502	1.9314252513687031
532	holistic	60	4	4	1.0021380416929484	2.1544537696704595
532	conventional	60	3	3	0.7475141758701455	1.873049186815231
533	holistic	60	0	0	1.0471147899373798	2.176585827898776
533	conventional	60	2	2	0.7330285223297831	1.8078756404376506
534	holistic	60	3	3	0.9735518239065138	2.167932526380961
534	conventional	60	3	3	0.7369031783074067	1.5616710460180072
535	holistic	60	3	3	0.9894306218464385	2.220794501854145
535	conventional	60	3	3	0.682777134981141	1.7168656681728423
536	holistic	60	2	2	0.9540649151282713	2.192536023382299
536	conventional	60	0	0	0.7757372552766113	1.7761928223906163
537	holistic	60	0	0	1.0493225243840127	3.7975723455918438
537	conventional	60	4	4	0.761186394274237	1.7402587895054202
538	holistic	60	2	2	0.9921142112352034	2.224119281704232
538	conventional	60	3	3	0.7356509149316214	1.928595091797972
539	holistic	60	1	1	1.0168678113612108	2.2429855672814467
539	conventional	60	3	3	0.7082486048806185	1.7466667932459743
540	holistic	60	1	1	1.053544061957497	2.2878940140339847
540	conventional	60	2	2	0.7255723863231875	1.8658601877760823
541	holistic	60	1	1	1.0413210436771003	2.277865118205979
541	conventional	60	1	1	0.7431206833983867	1.6418667524988544
542	holistic	60	0	0	1.02873151215188	2.2688417229020112
542	conventional	60	0	0	0.7895155459902893	2.051303533646605
543	holistic	60	1	1	1.0481393231177245	2.259669774666668
543	conventional	60	1	1	0.7700072469115061	1.6621595834574656
544	holistic	60	1	1	1.0526375932601424	2.3002533779118983
544	conventional	60	2	2	0.7117075502753691	1.495395605570183
545	holistic	60	4	4	1.0287688513331774	2.3626197548170436
545	conventional	60	4	4	0.7221432849066216	2.671367038718656
546	holistic	60	1	1	1.1814209187652909	5.954394146199405
546	conventional	60	4	4	0.8511657251747332	4.52657414450048
547	holistic	60	0	0	1.0910203621915027	3.952616482882513
547	conventional	60	2	2	0.8143985777054285	3.037499913046385
548	holistic	60	1	1	1.0863609127889584	3.619626615828056
548	conventional	60	2	2	0.804938946425538	1.8394629904794197
549	holistic	60	1	1	1.0910699601090825	2.7028476498905096
549	conventional	60	1	1	0.7792351659368512	1.747488885262869
550	holistic	60	0	0	1.138345464694758	2.9571823689854924
550	conventional	60	0	0	0.8409701018310348	3.3522788992887333
551	holistic	60	3	3	1.0713705774156823	3.1228704095229514
551	conventional	60	0	0	0.7953649013758002	1.8445808462202953
552	holistic	60	1	1	1.0343730033781213	2.6699617353324947
552	conventional	60	3	3	0.7506516966486434	1.660947669644169
553	holistic	60	3	3	0.9766758532512847	2.45596256205987
553	conventional	60	1	1	0.7207872947110817	1.576781692874773
554	holistic	60	0	0	1.0266015268503532	2.1778345639739416
554	conventional	60	1	1	0.776648281278021	3.3143977666299307
555	holistic	60	1	1	1.0077815657494684	2.1420321764110555
555	conventional	60	0	0	0.772190193734983	1.8237227589700433
556	holistic	60	1	1	1.021885741031444	2.046357148513924
556	conventional	60	1	1	0.7669360269819783	1.6873874769966326
557	holistic	60	1	1	1.023914848438365	2.0784268438064024
557	conventional	60	1	1	0.7241668219054375	1.5771586148158896
558	holistic	60	1	1	1.0818869206231427	3.9756176275078077
558	conventional	60	4	4	0.7029317490948966	1.5521230658779912
559	holistic	60	3	3	1.0181822216887992	1.9987578112295619
559	conventional	60	2	2	0.689770608751359	1.5511922138648688
560	holistic	60	2	2	0.9930253853697381	1.9971741511801877
560	conventional	60	6	6	0.6966177412911112	1.4035134826228193
561	holistic	60	0	0	0.9912287976670331	2.0129014334627238
561	conventional	60	0	0	0.8192098476196683	2.3166833006120493
562	holistic	60	1	1	1.007159427375961	2.0620379230865193
562	conventional	60	2	2	0.7703072231685776	2.329077498205412
563	holistic	60	2	2	0.9705257146479914	1.9500022035417066
563	conventional	60	2	2	0.6977314601615354	1.7036837714386384
564	holistic	60	4	4	0.9184531111433462	2.785645984683293
564	conventional	60	4	4	0.6890476897172526	1.611538892097304
565	holistic	60	0	0	0.9430457973469315	2.7817571763643274
565	conventional	60	0	0	0.8101705533525992	3.337314029280589
566	holistic	60	1	1	0.9321653901487452	2.7896687069774475
566	conventional	60	1	1	0.8690271469328272	4.858567191755131
567	holistic	60	4	4	0.8870322832475777	2.812337721184378
567	conventional	60	0	0	0.8356059647292644	3.358075500152332
568	holistic	60	5	5	0.8284407044479526	2.5800671944063263
568	conventional	60	1	1	0.7990018564475037	3.096942786443754
569	holistic	60	2	2	0.95653546492767	5.784009965741145
569	conventional	60	4	4	0.8020527455821598	2.753159172757338
570	holistic	60	3	3	0.9441879572268447	3.7893203453470576
570	conventional	60	2	2	0.746780147689563	2.177968171383358
571	holistic	60	2	2	0.9100783945187477	3.1183641290816926
571	conventional	60	1	1	0.7640254936968326	2.0593407116217963
572	holistic	60	1	1	0.9099686498608931	2.534294544429347
572	conventional	60	2	2	0.7616132301348373	1.7249891119774632
573	holistic	60	1	1	0.910500810725477	2.409554820169624
573	conventional	60	0	0	0.8013753261007698	2.5023315978724434
574	holistic	60	4	4	0.9097344498437417	2.6394186854176085
574	conventional	60	1	1	0.7786879226288236	1.9929944618546096
575	holistic	60	1	1	0.8897215480475953	2.801127220564321
575	conventional	60	0	0	0.7774895714166925	1.674277018702536
576	holistic	60	1	1	0.9033640251748057	2.9028481485193294
576	conventional	60	1	1	0.7231954155290841	1.536803555264325
577	holistic	60	0	0	0.8703634344386659	2.685891217600716
577	conventional	60	1	1	0.7733791577876202	3.3976118195715856
578	holistic	60	3	3	0.9045519275390004	2.4948934654277277
578	conventional	60	1	1	0.7301848770855514	1.8918044318111265
579	holistic	60	2	2	0.9611463239195088	3.8024784762520305
579	conventional	60	1	1	0.7618143961607056	1.4544652498647106
580	holistic	60	1	1	0.9720280172530493	2.7627332375076232
580	conventional	60	1	1	0.7600443547154284	1.4977649812498777
581	holistic	60	3	3	0.8866030808237788	2.5619431154507266
581	conventional	60	0	0	0.7301231963646476	1.4900253688617084
582	holistic	60	1	1	0.9713814529485908	3.8800165394875354
582	conventional	60	1	1	0.7165708074374726	1.4824362584941604
583	holistic	60	1	1	0.9688200346315322	3.4032402606276273
583	conventional	60	1	1	0.7282530783844893	1.47537693349081
584	holistic	60	2	2	0.9073806621746067	2.8515195706991667
584	conventional	60	1	1	0.690237699483382	1.4712088200810385
585	holistic	60	2	2	0.9416850480525544	2.882217810941552
585	conventional	60	4	4	0.645571987788424	1.5046634324280577
586	holistic	60	0	0	0.917828653353444	2.7324434390964356
586	conventional	60	1	1	0.6823240720911017	1.4587461152978014
587	holistic	60	2	2	0.8879529445598789	2.840302143516047
587	conventional	60	3	3	0.6277423573419288	1.4168439903664967
588	holistic	60	0	0	0.8755384445648953	2.6871598668268595
588	conventional	60	3	3	0.7070295162809895	4.315869988481229
589	holistic	60	0	0	0.869202717282865	2.548770638207797
589	conventional	60	2	2	0.6559199103216786	1.8180305551937448
590	holistic	60	1	1	0.8912356859295011	2.615860143252076
590	conventional	60	4	4	0.6550374489992045	1.6496164508418152
591	holistic	60	0	0	0.9327107333796739	2.783044518575344
591	conventional	60	0	0	0.7580211961687444	3.3343055280905483
592	holistic	60	3	3	0.9003343170613979	3.1569453212926426
592	conventional	60	4	4	0.733977764341715	2.3311721566306014
593	holistic	60	0	0	0.9941547889864617	3.969452574917944
593	conventional	60	1	1	0.8058258547492471	2.3407987597830453
594	holistic	60	3	3	0.9382307521507722	2.982356517606697
594	conventional	60	4	4	0.7279970719847141	2.22024200799224
595	holistic	60	2	2	0.8913530666371082	2.782012795605404
595	conventional	60	1	1	0.7137443001845274	2.90278983328999
596	holistic	60	1	1	0.9261026227824694	3.7476000663773505
596	conventional	60	3	3	0.6702375411327471	1.9763134070328192
597	holistic	60	0	0	0.8997313062302226	2.7438173439521516
597	conventional	60	2	2	0.70587964060485	3.193926980450217
598	holistic	60	3	3	0.8807139226774914	2.7110648696962825
598	conventional	60	0	0	0.9087937273538259	5.611166916463222
599	holistic	60	2	2	0.910487384495776	2.5158718558580855
599	conventional	60	3	3	0.8111886963139501	3.9218405760876585
