season	population	alive	births	deaths	mean_lifetime_score	best_lifetime_score	mean_age	max_age
0	holistic	60	0	0	-0.0033393450941671355	0.9789833924032516	32.3	57
0	conventional	60	0	0	0.19459212342530527	4.443902846983862	34.53333333333333	59
1	holistic	60	0	0	0.014371300587722007	0.5	33.3	58
1	conventional	60	2	2	0.23582128194392618	4.027109566501921	33.53333333333333	59
2	holistic	60	0	0	0.014467273716733207	0.6469752329921726	34.3	59
2	conventional	60	7	7	0.26646189163880923	3.1671346000696734	29.8	59
3	holistic	60	1	1	0.018696057718769643	0.7204321686277708	34.3	59
3	conventional	60	9	9	0.3726174066425241	3.2608017407352134	26.283333333333335	58
4	holistic	60	2	2	0.023804045564155902	0.7808876618437915	33.3	59
4	conventional	60	7	7	0.3937693156346584	2.4711888020830677	24.516666666666666	59
5	holistic	57	2	5	0.05640400923686532	1.9629609627362803	31.157894736842106	59
5	conventional	60	7	7	0.4450311316381012	1.9727605892093336	21.8	57
6	holistic	55	2	4	0.07924683932613293	2.9644270280691156	29.072727272727274	59
6	conventional	60	5	5	0.43288515146460055	1.801566103838801	21.35	58
7	holistic	53	1	3	0.11125672800517228	2.9644217124654344	29.943396226415093	58
7	conventional	60	3	3	0.5148276605832706	2.6336756392278415	22.25	59
8	holistic	55	2	0	0.08739715552458487	2.2151429577799178	29.818181818181817	59
8	conventional	60	3	3	0.4109765479429365	2.118347886918427	21.333333333333332	59
9	holistic	55	2	2	0.0847166661719992	1.768293469130723	29.654545454545456	59
9	conventional	60	12	12	0.35651950341893385	1.5051406508198932	18.616666666666667	59
10	holistic	54	2	3	0.0884051205807481	1.6343259769173362	28.87037037037037	59
10	conventional	60	5	5	0.4804901548520829	3.348012024755734	17.566666666666666	59
11	holistic	19	1	36	0.22419843381458454	1.5385653140101148	15.68421052631579	59
11	conventional	60	8	8	0.43031092124077885	1.865364597621862	16.316666666666666	56
12	holistic	19	3	3	0.19543418373100774	1.3421273136823306	13.105263157894736	49
12	conventional	60	5	5	0.5780006983981913	3.5092327132043293	17.0	57
13	holistic	17	1	3	0.2622953369256994	1.1891658201827784	14.117647058823529	50
13	conventional	60	4	4	0.4780400767469448	2.5066857156071936	17.116666666666667	58
14	holistic	16	1	2	0.24803534099770172	1.0702492381645006	12.9375	51
14	conventional	60	2	2	0.5013050323612931	1.822214017653098	17.983333333333334	59
15	holistic	16	3	3	0.3259216346876507	0.9803284870350361	8.0	52
15	conventional	60	8	8	0.5448313706056094	1.7227742242031305	17.15	59
16	holistic	17	4	3	0.33897835564868944	1.4823922712146482	7.764705882352941	53
16	conventional	60	4	4	0.5411722397227654	2.4083036894714738	15.083333333333334	59
17	holistic	19	3	1	0.3612560263823846	1.6486757306054383	7.631578947368421	54
17	conventional	60	3	3	0.542468211204824	1.614191447159986	14.816666666666666	59
18	holistic	21	3	1	0.3289763126731726	1.73260985654928	7.238095238095238	55
18	conventional	60	4	4	0.6001399751513858	2.6762510690724315	14.633333333333333	56
19	holistic	24	6	3	0.328427743573636	1.383261622732827	6.541666666666667	56
19	conventional	60	7	7	0.575854074741296	2.645139814970423	13.733333333333333	57
20	holistic	27	5	2	0.3086363581158118	1.650184393522868	6.407407407407407	57
20	conventional	60	4	4	0.5584106816993034	2.600225629641988	14.316666666666666	58
21	holistic	31	6	2	0.6097474907132868	5.985623119022523	6.193548387096774	58
21	conventional	60	4	4	0.6089091679105557	1.8374533294241082	15.133333333333333	59
22	holistic	36	7	2	0.6162741117765484	3.4827460698998562	5.611111111111111	59
22	conventional	60	2	2	0.7323079696012698	2.2594520782292595	15.083333333333334	55
23	holistic	40	9	5	0.45769569189659814	2.6489854969872666	4.05	28
23	conventional	60	2	2	0.6715526191742354	1.9919436204615089	15.983333333333333	56
24	holistic	52	14	2	0.6764657293656882	5.986931434469333	3.730769230769231	29
24	conventional	60	4	4	0.7606799699181322	2.6192055495888553	16.283333333333335	57
25	holistic	60	11	3	0.5580061627171581	3.4858124440113367	3.9	30
25	conventional	60	3	3	0.731776864146198	1.7010289906236	17.016666666666666	58
26	holistic	60	5	5	0.47592967074545806	2.3195774469312602	4.5	31
26	conventional	60	4	4	0.6799753420012161	2.2264509814807076	17.633333333333333	59
27	holistic	60	7	7	0.5819759122166668	2.212915173241747	5.016666666666667	32
27	conventional	60	3	3	0.7258795437044868	2.5471887989181976	17.566666666666666	56
28	holistic	60	6	6	0.6251266186716549	2.434317666010167	5.616666666666666	33
28	conventional	60	1	1	0.6818809746842823	2.0509253207880476	18.533333333333335	57
29	holistic	60	7	7	0.645959243038268	2.2625937759960357	6.15	34
29	conventional	60	4	4	0.7154527106936602	2.0908675190844446	19.333333333333332	58
30	holistic	60	2	2	0.5956363762418172	2.0529720909568523	7.033333333333333	35
30	conventional	60	2	2	0.6906748661518098	2.4754387694427247	19.7	59
31	holistic	60	5	5	0.6013330908779284	1.9615232077612117	7.7	36
31	conventional	60	3	3	0.6602959222862285	1.4770667211902122	19.533333333333335	58
32	holistic	60	5	5	0.6902950414063845	2.937563529414278	8.183333333333334	37
32	conventional	60	1	1	0.6835472002025286	1.3218013779944688	20.5	59
33	holistic	60	8	8	0.643344163768747	2.2333770892153266	8.516666666666667	38
33	conventional	60	3	3	0.689856604658267	1.9956683820407193	20.066666666666666	59
34	holistic	60	0	0	0.7624321360520717	3.9480707836112336	9.516666666666667	39
34	conventional	60	3	3	0.6813939478978879	1.9418271876277042	19.966666666666665	59
35	holistic	60	3	3	0.781621808381639	2.448652027524476	10.316666666666666	40
35	conventional	60	3	3	0.6902826801224567	2.1896208954426957	19.9	57
36	holistic	60	3	3	0.7808121495046592	2.031804545160782	11.116666666666667	41
36	conventional	60	1	1	0.7591357483462488	2.2637228391704265	20.55	58
37	holistic	60	4	4	0.7863721998775595	2.1322703088829025	11.85	42
37	conventional	60	2	2	0.8321302024499944	2.566808113718251	21.466666666666665	59
38	holistic	60	0	0	0.7926061550293392	1.9502028444094481	12.85	43
38	conventional	60	2	2	0.8783300821736031	4.412358416171724	21.316666666666666	54
39	holistic	60	2	2	0.8368380931232976	2.026853720400734	13.516666666666667	44
39	conventional	60	0	0	0.8520827745094671	2.3892121547953113	22.316666666666666	55
40	holistic	60	2	2	0.8164855877480607	1.949045090534548	14.116666666666667	45
40	conventional	60	0	0	0.8140652708576347	2.061254842287437	23.316666666666666	56
41	holistic	60	2	2	0.816476812766692	1.870694878065448	14.983333333333333	46
41	conventional	60	1	1	0.795611683574922	2.2939248075411443	24.233333333333334	57
42	holistic	60	0	0	0.8465088624927619	1.7876729432136498	15.983333333333333	47
42	conventional	60	0	0	0.7753876765603438	2.1228008200137722	25.233333333333334	58
43	holistic	60	1	1	0.8819085983300939	2.4990185731557446	16.916666666666668	48
43	conventional	60	1	1	0.7525985348437878	1.972329228858259	26.2	59
44	holistic	60	2	2	0.852025424200279	2.30462632563086	17.466666666666665	49
44	conventional	60	2	2	0.7691515999484666	1.949927110321931	25.95	56
45	holistic	60	2	2	0.8379056267923151	2.156784455403757	18.15	50
45	conventional	60	0	0	0.7411355389915245	1.8246724535705026	26.95	57
46	holistic	60	0	0	0.8527473262497415	1.9349307941426246	19.15	51
46	conventional	60	1	1	0.7606683218723478	1.9119790491624706	27.916666666666668	58
47	holistic	60	0	0	0.8420638789722168	2.0212756579432383	20.15	52
47	conventional	60	0	0	0.7923955361022608	3.585568900483396	28.916666666666668	59
48	holistic	60	3	3	0.8278466232831104	1.8528360197813019	20.6	53
48	conventional	60	1	1	0.7578061446744978	1.8345164078975318	28.916666666666668	56
49	holistic	60	2	2	0.8757756007739889	1.9965654964834731	21.4	54
49	conventional	60	0	0	0.7492436458332498	1.7790363302880667	29.916666666666668	57
50	holistic	60	0	0	0.8492118225065988	1.7812315225614561	22.4	55
50	conventional	60	0	0	0.742024246339024	1.7693811847817529	30.916666666666668	58
51	holistic	60	0	0	0.8501122082593743	1.7186414317718397	23.4	56
51	conventional	60	0	0	0.7488988692735667	1.680257691742067	31.916666666666668	59
52	holistic	60	2	2	0.8611727796955725	1.6932288746283215	23.866666666666667	57
52	conventional	60	1	1	0.7427797805486015	1.5980038607774483	31.916666666666668	58
53	holistic	60	4	4	0.8738239348058905	1.6372776436282004	24.15	58
53	conventional	60	0	0	0.7491989140429697	1.5965690446868015	32.916666666666664	59
54	holistic	60	0	0	0.858624992501752	1.6844222341016357	25.15	59
54	conventional	60	1	1	0.7198958313234111	1.5955766177410842	32.916666666666664	57
55	holistic	60	1	1	0.846063924539774	1.7294318766791714	25.15	51
55	conventional	60	0	0	0.7260550061013152	1.5939149544176083	33.916666666666664	58
56	holistic	60	0	0	0.8395616860573775	1.642960282845213	26.15	52
56	conventional	60	1	1	0.7123101210974468	1.62623617520975	34.6	59
57	holistic	60	3	3	0.8348769900441322	1.5868814206950619	26.95	53
57	conventional	60	2	2	0.693391774820578	1.5598194474671958	34.55	56
58	holistic	60	1	1	0.8471866267471373	1.652745668928777	27.483333333333334	54
58	conventional	60	1	1	0.6819436450143337	1.4975852854627605	35.516666666666666	57
59	holistic	60	1	1	0.8761219542990909	1.9848292425061917	28.416666666666668	55
59	conventional	60	2	2	0.7818253204370648	4.616381408617152	36.45	58
60	holistic	60	4	4	0.8468579649701865	1.709887767440498	28.616666666666667	56
60	conventional	60	0	0	0.7380348426743885	2.1092617389067105	37.45	59
61	holistic	60	1	1	0.8488722570606506	1.663431564060925	29.55	57
61	conventional	60	1	1	0.72497869900647	1.6066872195931092	37.45	59
62	holistic	60	0	0	0.9594255762878571	3.964151070271171	30.55	58
62	conventional	60	1	1	0.7161784818374791	1.5012982100030943	37.45	58
63	holistic	60	0	0	0.9268223229020391	1.9691149060257946	31.55	59
63	conventional	60	1	1	0.7010091761272096	1.475505697525257	38.416666666666664	59
64	holistic	60	3	3	0.9067881980233191	1.6936074428164385	31.416666666666668	54
64	conventional	60	2	2	0.7383533949922747	2.6984151371954943	38.38333333333333	59
65	holistic	60	1	1	0.938254223003334	1.691469305163656	32.28333333333333	55
65	conventional	60	4	4	0.6748537553303616	2.69064819294584	35.38333333333333	59
66	holistic	60	0	0	0.9248354237782181	1.6978649522211893	33.28333333333333	56
66	conventional	60	3	3	0.6130963415659124	1.6928367651438616	34.35	59
67	holistic	60	0	0	0.9156036039103461	1.6584095035882627	34.28333333333333	57
67	conventional	60	4	4	0.6231588099970105	1.4352231573873446	34.233333333333334	58
68	holistic	60	1	1	0.9348143146205988	1.6630002511926938	35.21666666666667	58
68	conventional	60	3	3	0.7128874396016106	2.571089804111676	34.61666666666667	59
69	holistic	60	1	1	0.9369500985850578	1.6696414699131228	36.15	59
69	conventional	60	2	2	0.7130149800234863	2.099005929473624	34.55	59
70	holistic	60	3	3	0.9002224363104098	1.654272829869082	34.25	56
70	conventional	60	4	4	0.6949315970729775	2.5764432593290127	32.516666666666666	59
71	holistic	60	0	0	0.9065579922291794	1.7033480438238173	35.25	57
71	conventional	60	4	4	0.6565929696433209	1.8667553129088992	29.516666666666666	59
72	holistic	60	1	1	0.9247236213906457	1.7596902048279819	36.18333333333333	58
72	conventional	60	2	2	0.6648137298852947	3.4804939199666416	29.466666666666665	59
73	holistic	60	0	0	0.9966316386101397	2.960186673754991	37.18333333333333	59
73	conventional	60	5	5	0.7493060566476688	5.419990481002486	29.2	59
74	holistic	60	2	2	0.9442077375773615	1.9549485592552978	37.11666666666667	59
74	conventional	60	4	4	0.7690191713044996	2.894912329230092	28.95	59
75	holistic	60	1	1	0.9084006622900955	1.702504170408725	37.11666666666667	59
75	conventional	60	3	3	0.7222478597635384	3.396084293206562	27.916666666666668	59
76	holistic	60	1	1	0.8722723138721428	1.6317979234334072	37.11666666666667	59
76	conventional	60	3	3	0.6471932022897326	1.7430243073766571	26.883333333333333	59
77	holistic	60	1	1	0.8711106606673101	1.638003266190612	37.11666666666667	59
77	conventional	60	5	5	0.599064540107383	1.7902249766710674	25.716666666666665	59
78	holistic	60	3	3	0.857186306212017	1.6904965769914253	36.983333333333334	59
78	conventional	60	5	5	0.5814771372553532	1.8730637190587198	24.616666666666667	59
79	holistic	60	3	3	0.9151029267923859	3.9480919450677803	35.916666666666664	59
79	conventional	60	5	5	0.6939007335561633	3.472847707281278	23.433333333333334	59
80	holistic	60	1	1	0.9348622735474693	3.4602041312508005	35.916666666666664	59
80	conventional	60	6	6	0.6471179221131912	1.9049558473501786	21.316666666666666	59
81	holistic	60	1	1	0.933931143779907	3.6283699158425704	35.916666666666664	59
81	conventional	60	1	1	0.688299578437468	5.580341566696127	21.316666666666666	59
82	holistic	60	4	4	0.8499344464832231	2.719266183457558	33.85	59
82	conventional	60	5	5	0.7144222274239613	3.381717436970841	21.183333333333334	59
83	holistic	60	4	4	0.8659212132994781	2.3643542514342273	31.783333333333335	59
83	conventional	60	1	1	0.8163283478047969	2.7010144541087278	21.183333333333334	59
84	holistic	60	4	4	0.7700231124960062	1.9620803268332245	28.783333333333335	59
84	conventional	60	2	2	0.7312290912329765	2.314547842040661	21.1	58
85	holistic	60	4	4	0.7990265732132554	1.9398667815917126	27.666666666666668	59
85	conventional	60	0	0	0.728504785163165	2.1656087498543117	22.1	59
86	holistic	60	4	4	0.8147300990885055	2.284554663887739	25.6	59
86	conventional	60	4	4	0.7094061802130287	2.214531624790012	20.75	57
87	holistic	60	4	4	0.7843288772939236	1.990873529621366	25.4	59
87	conventional	60	0	0	0.7504631919198733	2.409451451170209	21.75	58
88	holistic	60	5	5	0.712979612359424	1.6546709678199372	23.033333333333335	59
88	conventional	60	1	1	0.7554960331737317	2.305936266499036	22.716666666666665	59
89	holistic	60	3	3	0.707974970032796	1.6624290175618524	22.9	58
89	conventional	60	2	2	0.7101231597514167	2.0888583630870756	21.716666666666665	58
90	holistic	60	2	2	0.703328750825986	1.7836981301570312	23.766666666666666	59
90	conventional	60	1	1	0.6413465141755343	2.061524140825392	22.583333333333332	59
91	holistic	60	5	5	0.7142790187819147	1.9641445476616346	22.566666666666666	59
91	conventional	60	3	3	0.6821353887983522	2.2876236856861376	21.55	58
92	holistic	60	5	5	0.6793542168981026	1.8097376114891968	21.3	59
92	conventional	60	1	1	0.7005293248155764	2.308578546064229	22.35	59
93	holistic	60	6	6	0.6771260942526112	2.2973929917322518	18.166666666666668	58
93	conventional	60	2	2	0.7634234283406723	2.3273852111069306	22.316666666666666	59
94	holistic	60	1	1	0.6892272049449261	1.9640885824777248	19.1	59
94	conventional	60	2	2	0.7365154025754307	2.4001162238391944	22.05	59
95	holistic	60	3	3	0.6732632392177529	1.666890866209384	18.033333333333335	59
95	conventional	60	4	4	0.768923679305874	2.790801705993187	20.75	58
96	holistic	60	5	5	0.701157500545207	2.963402397400403	16.833333333333332	59
96	conventional	60	2	2	0.7713072068772063	3.788109125509939	21.05	59
97	holistic	60	5	5	0.6858800703607361	2.9933459016717454	15.633333333333333	58
97	conventional	60	2	2	0.7645527321715978	2.5411905023233987	21.016666666666666	59
98	holistic	60	0	0	0.6638877015606526	2.1368965714578514	16.633333333333333	59
98	conventional	60	4	4	0.7019386348538413	2.1582266139415776	19.933333333333334	55
99	holistic	60	2	2	0.6798541153714412	2.052895358738476	16.566666666666666	56
99	conventional	60	0	0	0.7763724818574912	2.6032693221895027	20.933333333333334	56
100	holistic	60	4	4	0.6833252893851895	1.6352225283216544	17.233333333333334	57
100	conventional	60	2	2	0.7623011121137849	2.1467036963545505	21.866666666666667	57
101	holistic	60	4	4	0.7354765542401613	2.9876690896673725	17.966666666666665	58
101	conventional	60	3	3	0.7435384834310372	2.1911203892212043	22.283333333333335	58
102	holistic	60	0	0	0.7845039648721618	1.9208460251288524	18.966666666666665	59
102	conventional	60	0	0	0.746513872072958	2.1373496077168643	23.283333333333335	59
103	holistic	60	1	1	0.7617373631652059	2.4207074045821333	18.966666666666665	55
103	conventional	60	1	1	0.7745182329761199	2.14844746836023	23.283333333333335	59
104	holistic	60	2	2	0.8110404454326456	2.9203089694805073	19.833333333333332	56
104	conventional	60	1	1	0.8214207873589146	2.6501856291058283	23.283333333333335	58
105	holistic	60	2	2	0.8351847467093123	2.917446286299418	20.7	57
105	conventional	60	0	0	0.8023397222644946	2.6488129210623446	24.283333333333335	59
106	holistic	60	0	0	0.8089520676618199	2.3189161864071246	21.7	58
106	conventional	60	3	3	0.7504795855093868	2.1709021126277253	24.1	58
107	holistic	60	0	0	0.8374384329581406	2.5608380323629327	22.7	59
107	conventional	60	1	1	0.7910253991239472	2.2958187916319903	25.083333333333332	59
108	holistic	60	3	3	0.8228130243410944	2.3984383267013683	22.5	55
108	conventional	60	1	1	0.7437437235085179	2.1993159282047023	25.083333333333332	56
109	holistic	60	2	2	0.8504864753581626	1.893973886851136	22.95	56
109	conventional	60	0	0	0.7835226418511502	2.2375814194286145	26.083333333333332	57
110	holistic	60	0	0	0.8340986564162355	1.8303823760253377	23.95	57
110	conventional	60	0	0	0.7600315068422437	2.215923990572529	27.083333333333332	58
111	holistic	60	0	0	0.8487872765096636	1.9281677027083979	24.95	58
111	conventional	60	0	0	0.7541646701512345	2.3234112116404493	28.083333333333332	59
112	holistic	60	1	1	0.8353027502698926	1.7771436865983865	25.883333333333333	59
112	conventional	60	1	1	0.7493463972698965	2.298596880834332	28.083333333333332	54
113	holistic	60	2	2	0.8111130676900803	2.2724619353769526	25.816666666666666	56
113	conventional	60	2	2	0.7563854230109549	2.2118630808040325	28.866666666666667	55
114	holistic	60	0	0	0.8496575896481378	2.0393748579181343	26.816666666666666	57
114	conventional	60	0	0	0.7832342520258033	2.222189625856675	29.866666666666667	56
115	holistic	60	3	3	0.8725351925139919	2.3013607523823234	27.2	58
115	conventional	60	0	0	0.7728507758446246	2.2313853637694723	30.866666666666667	57
116	holistic	60	0	0	0.861544402850004	2.247793812937254	28.2	59
116	conventional	60	1	1	0.7459310087885036	2.157654983765946	31.8	58
117	holistic	60	1	1	0.8234113031597994	2.3173455834897414	28.2	59
117	conventional	60	0	0	0.7733123353122857	2.142581840344107	32.8	59
118	holistic	60	1	1	0.8169291090995376	2.2731622891641474	28.2	59
118	conventional	60	1	1	0.73875165605221	2.0758134655339844	32.8	59
119	holistic	60	3	3	0.8277310875504134	2.2369323501141913	28.066666666666666	59
119	conventional	60	3	3	0.7095943504756606	2.060625586266762	31.7	56
120	holistic	60	2	2	0.825183372737158	2.206602205083231	27.066666666666666	59
120	conventional	60	1	1	0.7321164510962799	1.9990189083224092	32.68333333333333	57
121	holistic	60	1	1	0.8780602724429841	3.7449848285228384	27.066666666666666	57
121	conventional	60	0	0	0.749829238082257	2.012788213618344	33.68333333333333	58
122	holistic	60	0	0	0.9950179533388102	5.930569496850139	28.066666666666666	58
122	conventional	60	1	1	0.7684104489007351	2.07321547250137	34.63333333333333	59
123	holistic	60	3	3	0.9197713285528525	4.480830033902157	28.75	59
123	conventional	60	1	1	0.757715399216405	2.0152284993330842	34.63333333333333	58
124	holistic	60	2	2	0.9369864357402296	3.93306157701355	27.75	55
124	conventional	60	1	1	0.783130566988167	1.9603351794931456	35.6	59
125	holistic	60	0	0	0.9028534457346942	3.2775513141779586	28.75	56
125	conventional	60	2	2	0.7428245024173283	1.973605882945682	35.483333333333334	59
126	holistic	60	1	1	0.8897298836874213	2.8093296978668216	29.616666666666667	57
126	conventional	60	1	1	0.8044455887438965	3.644553335285003	35.483333333333334	59
127	holistic	60	1	1	0.9168462658280588	3.050963449076045	30.55	58
127	conventional	60	4	4	0.7722123932063469	1.9370446116629392	34.0	58
128	holistic	60	0	0	0.9151550770106234	2.711967510289818	31.55	59
128	conventional	60	0	0	0.8516223907541064	3.6009556316032567	35.0	59
129	holistic	60	1	1	0.9046789212982748	2.614039875287232	31.55	59
129	conventional	60	2	2	0.8042521211597428	1.8879336979367833	34.96666666666667	59
130	holistic	60	1	1	0.9109300736180591	2.3763998866247564	31.55	58
130	conventional	60	2	2	0.8609049344167604	5.448986433026035	33.96666666666667	59
131	holistic	60	1	1	0.9038260843321285	2.2400352146524454	32.46666666666667	59
131	conventional	60	3	3	0.7703003457842496	2.434155464363821	33.85	59
132	holistic	60	1	1	0.8941068856759175	2.354655787769574	32.46666666666667	56
132	conventional	60	2	2	0.7224879219153713	2.4375524568087443	32.85	59
133	holistic	60	0	0	0.9307094743276194	2.1778519908617087	33.46666666666667	57
133	conventional	60	2	2	0.7557944748132848	1.9433646707078254	32.81666666666667	59
134	holistic	60	0	0	0.910449280292472	2.0151470644602796	34.46666666666667	58
134	conventional	60	3	3	0.7235258998168382	2.446547924881034	30.816666666666666	59
135	holistic	60	1	1	0.9157874709065885	1.9144440103837777	35.4	59
135	conventional	60	3	3	0.7714810830920411	3.611541141190451	30.733333333333334	58
136	holistic	60	1	1	0.893677360976481	1.9702027628007912	35.4	59
136	conventional	60	2	2	0.7363474178537179	3.10700859875072	31.6	59
137	holistic	60	1	1	0.8955793878392664	1.9763412480116647	35.4	59
137	conventional	60	8	8	0.7086766342651107	2.6056335813710376	28.55	59
138	holistic	60	2	2	0.8950040127934229	2.128723905258914	34.4	59
138	conventional	60	4	4	0.7621661894308395	4.601063688291206	26.516666666666666	58
139	holistic	60	3	3	0.8587684024684508	1.9513302464873377	33.333333333333336	57
139	conventional	60	4	4	0.834262382585018	2.2034056201887973	27.3	59
140	holistic	60	1	1	0.847787079556303	1.8417464874817164	34.266666666666666	58
140	conventional	60	3	3	0.8244789014711384	1.9391120045819334	25.3	58
141	holistic	60	0	0	0.8823891062141891	2.8334640990928266	35.266666666666666	59
141	conventional	60	0	0	0.8060476351297035	1.6034922216533845	26.3	59
142	holistic	60	3	3	0.8452970159525963	2.334259111842865	34.2	59
142	conventional	60	3	3	0.8229481852686936	1.9790432340551614	24.3	58
143	holistic	60	4	4	0.8203579152991184	2.063090396521759	33.2	59
143	conventional	60	4	4	0.799228517984972	1.8263200467174288	24.683333333333334	59
144	holistic	60	2	2	0.7700275385754725	1.929146549640456	32.2	59
144	conventional	60	2	2	0.8482773444683941	5.336363373561792	23.683333333333334	58
145	holistic	60	2	2	0.7781723314550153	1.8219717413270975	31.2	59
145	conventional	60	3	3	0.8373503859615413	2.3889639682383317	24.383333333333333	59
146	holistic	60	5	5	0.7927525008152007	2.993079211177983	29.933333333333334	59
146	conventional	60	2	2	0.8025503954465365	2.8924440876499875	23.383333333333333	58
147	holistic	60	4	4	0.8535282536624658	2.4933204696814126	29.733333333333334	59
147	conventional	60	2	2	0.8687388147909078	3.433147885084182	24.25	59
148	holistic	60	3	3	0.8677008608720608	2.9820131109832264	27.733333333333334	59
148	conventional	60	2	2	0.9416028858401829	7.465738413466901	24.216666666666665	59
149	holistic	60	2	2	0.8711184569277947	4.290506575650392	27.666666666666668	59
149	conventional	60	2	2	0.9323532723769172	4.463936604610274	24.183333333333334	59
150	holistic	60	4	4	0.8136402726114181	3.125919026822024	27.4	59
150	conventional	60	1	1	0.8659026829537119	3.1595606168848764	24.183333333333334	59
151	holistic	60	4	4	0.9059698732892103	3.9333806935218227	25.333333333333332	59
151	conventional	60	4	4	0.8389800769360808	2.7972495554673396	22.916666666666668	59
152	holistic	60	2	2	0.8989168625566512	4.931869932109967	25.266666666666666	59
152	conventional	60	2	2	0.8760252470003331	2.7353098413914503	22.766666666666666	59
153	holistic	60	3	3	0.9227368777165007	3.9325352917268255	23.266666666666666	59
153	conventional	60	2	2	0.8972686581591259	2.9767831363983754	22.733333333333334	59
154	holistic	60	4	4	0.852351949801135	3.181488041104853	23.066666666666666	59
154	conventional	60	6	6	0.8889019755799353	4.3659900951852055	21.3	59
155	holistic	60	4	4	0.8485897973296048	2.931618996073886	21.866666666666667	59
155	conventional	60	4	4	0.9321050245472712	3.4054227838325297	20.2	59
156	holistic	60	3	3	0.8016034314247357	3.0979551743135114	20.8	59
156	conventional	60	1	1	0.9138404533997242	3.21918189071405	20.2	59
157	holistic	60	3	3	0.8041197837021266	2.645721946938038	20.666666666666668	58
157	conventional	60	5	5	0.941864420715095	2.962940539163249	19.766666666666666	59
158	holistic	60	3	3	0.8445157811100205	2.9318923492617155	21.416666666666668	59
158	conventional	60	3	3	0.8013786572039657	2.6671999913658517	18.7	57
159	holistic	60	3	3	0.8798858622783693	2.8907454413262816	21.283333333333335	59
159	conventional	60	5	5	0.8152953537008453	2.648758068542389	19.2	58
160	holistic	60	1	1	0.9653211857588863	2.890897659428814	21.283333333333335	59
160	conventional	60	1	1	0.8354886468173011	2.6326400804147965	20.166666666666668	59
161	holistic	60	3	3	1.001617404610258	2.659145003468168	21.033333333333335	58
161	conventional	60	3	3	0.8132183696966807	2.485170869054171	19.133333333333333	58
162	holistic	60	0	0	0.997209156021658	2.935578946646566	22.033333333333335	59
162	conventional	60	2	2	0.8981584069466085	2.356555266611384	20.033333333333335	59
163	holistic	60	2	2	0.9863277410197006	2.9406146476551136	21.966666666666665	59
163	conventional	60	2	2	0.8919471874180634	2.302294786688271	20.016666666666666	57
164	holistic	60	1	1	0.9686283971408456	2.8059295193233567	21.966666666666665	59
164	conventional	60	0	0	0.871678901573841	2.142392828600877	21.016666666666666	58
165	holistic	60	2	2	0.979197118812647	2.4743227340997107	21.9	57
165	conventional	60	0	0	0.9479634585356064	2.197608200714666	22.016666666666666	59
166	holistic	60	0	0	0.9830672268227152	2.7445612686427427	22.9	58
166	conventional	60	1	1	0.9563599836557047	2.1462576725385687	22.016666666666666	58
167	holistic	60	1	1	1.0059784340057332	2.6243280017043307	23.833333333333332	59
167	conventional	60	2	2	0.9286690599402306	2.2631453115582443	22.883333333333333	59
168	holistic	60	2	2	1.0216938770230006	2.4737657987203003	23.5	59
168	conventional	60	1	1	0.9622375652255362	2.130193816892087	22.883333333333333	55
169	holistic	60	1	1	0.9695328422432873	2.7296967128394303	23.5	56
169	conventional	60	1	1	0.9160004704908414	1.8474763921627906	23.833333333333332	56
170	holistic	60	0	0	1.0146208204332208	2.520914305202798	24.5	57
170	conventional	60	2	2	0.9032241087173932	1.841027242527678	24.55	57
171	holistic	60	1	1	1.0374360197286443	4.983841681029432	25.366666666666667	58
171	conventional	60	1	1	0.8707627693754232	1.7323923362935465	25.516666666666666	58
172	holistic	60	1	1	0.9905864105444128	3.3171321426904146	26.3	59
172	conventional	60	1	1	0.8918732949963188	1.9504333425745728	26.5	59
173	holistic	60	2	2	0.9278449097503472	2.4842620995897913	25.3	58
173	conventional	60	1	1	0.8906635382976898	1.7029445809669317	26.5	57
174	holistic	60	0	0	0.9527405349371331	2.584332382026191	26.3	59
174	conventional	60	0	0	0.8597858116165547	1.7757660431690574	27.5	58
175	holistic	60	1	1	0.9487508317786293	2.3858881607372	26.3	58
175	conventional	60	1	1	0.8706339410640186	1.7316670332305886	28.466666666666665	59
176	holistic	60	1	1	1.0008575539929059	2.4129523026427777	27.233333333333334	59
176	conventional	60	1	1	0.934987342815649	4.256064333126325	28.466666666666665	56
177	holistic	60	2	2	0.9912387884218954	2.7343105092951916	27.166666666666668	58
177	conventional	60	0	0	0.8912820986701706	1.820279800575982	29.466666666666665	57
178	holistic	60	0	0	1.016045679581077	2.5397921445888922	28.166666666666668	59
178	conventional	60	0	0	0.8964618699323236	1.8999489069382034	30.466666666666665	58
179	holistic	60	1	1	0.9604072195471346	2.2858129301300028	28.166666666666668	59
179	conventional	60	0	0	0.8855506543279651	1.9174234172130824	31.466666666666665	59
180	holistic	60	3	3	0.9592523294549586	2.1673659124957534	27.1	59
180	conventional	60	2	2	0.8521118988137524	1.8736324344425537	30.983333333333334	57
181	holistic	60	1	1	0.9530355745856399	2.866866555704655	27.1	58
181	conventional	60	1	1	0.8654366018711644	1.971137709866521	31.633333333333333	58
182	holistic	60	0	0	0.9500775281670266	2.1881776119701835	28.1	59
182	conventional	60	1	1	0.8388010624480052	1.9580750277747219	32.6	59
183	holistic	60	2	2	0.9061367359395816	2.099833075848831	27.1	59
183	conventional	60	2	2	0.8052506200799603	1.8867963022253065	32.56666666666667	58
184	holistic	60	5	5	0.9042337809970843	2.1602510422230092	25.9	57
184	conventional	60	0	0	0.7857559343377345	1.819492038563298	33.56666666666667	59
185	holistic	60	0	0	0.9318581595356236	2.3506936252575588	26.9	58
185	conventional	60	4	4	0.7837280019724646	1.756157768856971	33.416666666666664	58
186	holistic	60	0	0	0.8934084323242227	2.0436690877175816	27.9	59
186	conventional	60	2	2	0.7671489480364075	1.7502217939226203	33.95	59
187	holistic	60	1	1	0.8928155313288085	2.147111766065776	27.9	58
187	conventional	60	5	5	0.7661203060787442	2.2268025323588323	31.883333333333333	58
188	holistic	60	4	4	0.8813304221380505	2.172079803046136	28.516666666666666	59
188	conventional	60	1	1	0.8174802825343318	4.299186697138821	32.86666666666667	59
189	holistic	60	2	2	0.9271243235798547	2.4455204079474484	27.9	59
189	conventional	60	2	2	0.8427272738960376	2.7876103692704333	32.31666666666667	59
190	holistic	60	1	1	0.8983588787115764	2.218210105259574	27.9	58
190	conventional	60	2	2	0.8391635211305307	1.8107907818720197	32.28333333333333	59
191	holistic	60	0	0	0.963236008958925	3.86524674440566	28.9	59
191	conventional	60	2	2	0.7866304624359163	1.6822630034790853	32.016666666666666	59
192	holistic	60	3	3	0.925467200441768	2.3588934407159936	28.766666666666666	55
192	conventional	60	2	2	0.7971050829165635	1.6556589040458265	31.966666666666665	58
193	holistic	60	0	0	0.9588538289988314	2.9056712155314246	29.766666666666666	56
193	conventional	60	1	1	0.8777711752384044	2.4317993250052674	32.916666666666664	59
194	holistic	60	0	0	0.9111346179435758	2.062606724970245	30.766666666666666	57
194	conventional	60	1	1	0.8032892957326894	2.9272009613449215	32.916666666666664	59
195	holistic	60	0	0	0.9198241401756838	2.0012074883253876	31.766666666666666	58
195	conventional	60	2	2	0.8076914361108309	1.7560792768865239	32.9	59
196	holistic	60	3	3	0.9222463217641514	2.1077303300577146	32.416666666666664	59
196	conventional	60	1	1	0.7721718246609636	1.6411986458321806	32.9	59
197	holistic	60	1	1	0.9003224000734247	2.1024745419881343	32.416666666666664	58
197	conventional	60	6	6	0.7340490626857364	1.6878341501481302	29.8	58
198	holistic	60	0	0	0.9182685931178483	2.1499739219741403	33.416666666666664	59
198	conventional	60	1	1	0.7854894766170608	1.6774859313763446	30.766666666666666	59
199	holistic	60	2	2	0.9141781983944849	2.0924039672074306	33.36666666666667	59
199	conventional	60	4	4	0.7316529313237551	1.7713403183843983	29.7	59
200	holistic	60	2	2	0.9064594686779038	2.037810525338618	33.3	57
200	conventional	60	6	6	0.7335403824348963	1.743334430569752	27.566666666666666	57
201	holistic	60	0	0	0.9677558892662387	2.9618445496692027	34.3	58
201	conventional	60	1	1	0.7547198138901087	2.0425911712320914	28.533333333333335	58
202	holistic	60	0	0	0.974911844459387	2.0781044713434547	35.3	59
202	conventional	60	1	1	0.8879235532309167	4.012842542226977	29.483333333333334	59
203	holistic	60	2	2	0.9606774444028843	2.0742107560782066	35.25	59
203	conventional	60	5	5	0.793852576303464	2.511705102657431	27.416666666666668	59
204	holistic	60	2	2	1.020239382092648	4.864102115188093	34.25	59
204	conventional	60	2	2	0.768502908749675	2.01281547312597	27.35	59
205	holistic	60	1	1	1.0312632996317506	4.38872593300407	34.25	59
205	conventional	60	4	4	0.7387382544703254	2.112026209173318	26.283333333333335	59
206	holistic	60	3	3	1.0083576812338342	3.2188290627638803	32.25	59
206	conventional	60	4	4	0.7875422104847355	3.5312027556668535	25.266666666666666	59
207	holistic	60	3	3	1.000270557321047	2.8891116521030518	30.866666666666667	59
207	conventional	60	1	1	0.9214458240411667	4.027280879767913	25.266666666666666	59
208	holistic	60	1	1	0.9961664495365311	2.284829085112347	30.866666666666667	59
208	conventional	60	2	2	0.8576913483705524	2.7364628043015067	25.0	59
209	holistic	60	3	3	0.9333015663232894	2.0466086147941973	28.966666666666665	59
209	conventional	60	3	3	0.8023325892440557	2.2010409008213414	23.966666666666665	57
210	holistic	60	2	2	0.9585513534490733	2.9500137208642547	28.666666666666668	59
210	conventional	60	1	1	0.8371259243063972	2.9813042594174513	24.583333333333332	58
211	holistic	60	3	3	0.8974711507054427	2.0086082367533784	27.6	57
211	conventional	60	1	1	0.8899796329857134	2.8202790031476717	25.166666666666668	59
212	holistic	60	1	1	0.9564644127073499	2.9564531549469195	28.533333333333335	58
212	conventional	60	3	3	0.902753282750307	2.523790679340131	24.866666666666667	59
213	holistic	60	3	3	0.9190979210955716	1.9270481608257881	29.283333333333335	59
213	conventional	60	2	2	0.7911922765879166	1.9236342699247397	24.75	59
214	holistic	60	3	3	0.9005152784358771	1.9080510664436867	28.333333333333332	59
214	conventional	60	6	6	0.8233445940882923	2.5407122504978084	21.683333333333334	57
215	holistic	60	2	2	0.8902705555370077	1.8712007668184558	28.266666666666666	59
215	conventional	60	0	0	0.8358302160971149	2.2952084961861554	22.683333333333334	58
216	holistic	60	5	5	0.8447955681396019	2.1112816575418427	26.1	59
216	conventional	60	1	1	0.818518328385178	2.809213233149711	23.65	59
217	holistic	60	5	5	0.9216616807212018	3.939497120771079	23.966666666666665	59
217	conventional	60	2	2	0.8013800657967706	2.3020005954625287	22.65	59
218	holistic	60	3	3	0.9210374598084439	3.911774704462802	21.966666666666665	59
218	conventional	60	3	3	0.7285307007796967	1.7871184821097923	21.55	59
219	holistic	60	4	4	0.8739702414560792	3.268393030949255	20.833333333333332	59
219	conventional	60	1	1	0.6736281892585649	1.6452241503695682	21.55	58
220	holistic	60	3	3	0.9969521573641633	4.946510162659848	20.7	59
220	conventional	60	2	2	0.6743267619587293	1.6382560631972305	22.416666666666668	59
221	holistic	60	3	3	0.9293141398432427	3.410035637892435	20.566666666666666	57
221	conventional	60	4	4	0.6748060115125519	1.770593814109423	20.35	59
222	holistic	60	3	3	0.9515812534579612	2.908197455486661	21.3	58
222	conventional	60	3	3	0.6798201514348104	3.2736271982482883	20.133333333333333	55
223	holistic	60	1	1	0.9717555689102757	3.811636757714808	22.25	59
223	conventional	60	2	2	0.7161293361582326	3.2491105491746035	21.066666666666666	56
224	holistic	60	3	3	0.9595079738076497	2.8115578542423862	22.116666666666667	59
224	conventional	60	1	1	0.7128293158053317	2.241438398260518	22.0	57
225	holistic	60	4	4	0.9368328817636138	3.4778312918926098	20.983333333333334	58
225	conventional	60	2	2	0.7198542071571242	2.7525607663804146	22.8	58
226	holistic	60	0	0	1.0070951905910053	3.060508817056761	21.983333333333334	59
226	conventional	60	1	1	0.7106390196449984	2.065509510411948	23.75	59
227	holistic	60	2	2	0.9641129775437135	2.610467909463867	21.6	59
227	conventional	60	3	3	0.7385618740222595	2.3595637084659264	22.383333333333333	57
228	holistic	60	2	2	1.0391772232402632	4.8831389657889535	21.533333333333335	59
228	conventional	60	3	3	0.79038814148297	2.5379767252468293	23.0	58
229	holistic	60	2	2	1.0145206571426921	2.523603905459364	21.466666666666665	58
229	conventional	60	2	2	0.7836962096956505	1.7680617133837542	23.95	59
230	holistic	60	0	0	1.0152159999594228	2.3094112717722046	22.466666666666665	59
230	conventional	60	3	3	0.8217024531648316	2.6117758479812725	22.883333333333333	58
231	holistic	60	2	2	1.0450748432041672	2.3648653598988365	22.4	58
231	conventional	60	1	1	0.8679649762664786	3.4293248837836314	23.833333333333332	59
232	holistic	60	0	0	1.046225607723685	2.461018230507131	23.4	59
232	conventional	60	3	3	0.8115107888602573	2.4888148993629464	23.133333333333333	56
233	holistic	60	1	1	1.0347345347207477	2.6861486977269786	23.4	58
233	conventional	60	2	2	0.8605348950713059	2.176652788750009	24.016666666666666	57
234	holistic	60	0	0	1.0850896947969715	2.8401523398296504	24.4	59
234	conventional	60	1	1	0.8528785897255943	1.9133970803269524	24.983333333333334	58
235	holistic	60	2	2	1.052670717872928	2.220066133473084	24.333333333333332	58
235	conventional	60	0	0	0.8358455823857968	1.8451793575871405	25.983333333333334	59
236	holistic	60	0	0	1.0050632601210834	2.080879491415926	25.333333333333332	59
236	conventional	60	1	1	0.8106690314452584	1.566517344364526	25.983333333333334	54
237	holistic	60	2	2	1.0039647176828348	2.0260302480939734	25.183333333333334	58
237	conventional	60	1	1	0.7881204675838648	1.5696174660988693	26.933333333333334	55
238	holistic	60	0	0	1.020956285257997	2.241901372939961	26.183333333333334	59
238	conventional	60	0	0	0.7927535368162938	1.7970969151855998	27.933333333333334	56
239	holistic	60	2	2	0.9942144327961878	2.0705245230403455	26.116666666666667	58
239	conventional	60	2	2	0.798179575704623	1.7586967824974737	28.85	57
240	holistic	60	0	0	1.033561393938563	2.579127024921395	27.116666666666667	59
240	conventional	60	1	1	0.8861329780851567	5.270810720769889	29.133333333333333	58
241	holistic	60	2	2	1.0650804333295623	3.4506716668055137	27.05	58
241	conventional	60	0	0	0.9232522661508533	4.262556663787002	30.133333333333333	59
242	holistic	60	0	0	1.0739887441702083	2.618677730662403	28.05	59
242	conventional	60	1	1	0.8573782204576926	2.9310386439438756	30.133333333333333	57
243	holistic	60	2	2	1.0314875130405572	2.7021791560377677	27.65	59
243	conventional	60	0	0	0.8947819356617089	2.2777265719864257	31.133333333333333	58
244	holistic	60	1	1	1.1114698956257867	2.8825072284225857	27.65	57
244	conventional	60	1	1	0.88002612344739	2.0858513711841917	31.55	59
245	holistic	60	2	2	1.1066980516351739	2.1191939513094744	28.133333333333333	58
245	conventional	60	2	2	0.8413488884067379	1.7382094759868265	31.333333333333332	59
246	holistic	60	0	0	1.0683096760951407	1.9806361277828575	29.133333333333333	59
246	conventional	60	2	2	0.8934047592016282	4.473780566316844	31.3	59
247	holistic	60	1	1	1.0533096801666588	2.1758824742685254	29.133333333333333	59
247	conventional	60	5	5	0.8273511659461567	4.338634019619395	28.983333333333334	58
248	holistic	60	3	3	1.0527632906927837	2.125583850505584	28.066666666666666	59
248	conventional	60	0	0	0.932805190491278	4.46713202179603	29.983333333333334	59
249	holistic	60	2	2	1.01886280114513	2.0650688517061586	27.066666666666666	59
249	conventional	60	1	1	0.8596978009125068	2.382159336682694	29.983333333333334	59
250	holistic	60	1	1	0.9992739975695547	2.058033548478709	27.066666666666666	54
250	conventional	60	2	2	0.9065100469973417	2.443522447670815	29.9	59
251	holistic	60	0	0	1.0452840490711859	2.5445156173102204	28.066666666666666	55
251	conventional	60	3	3	0.8494952494891888	1.7404972556726974	28.833333333333332	56
252	holistic	60	1	1	1.061565528878739	2.62868190098167	29.0	56
252	conventional	60	0	0	0.8393318112730879	1.6764987591191005	29.833333333333332	57
253	holistic	60	1	1	1.1398437204688718	3.8333570666136936	29.933333333333334	57
253	conventional	60	0	0	0.8596449138563158	2.024542459979422	30.833333333333332	58
254	holistic	60	1	1	1.1071523735658388	2.8270512067297293	30.866666666666667	58
254	conventional	60	1	1	0.8312644831254797	1.5906537733628454	31.783333333333335	59
255	holistic	60	0	0	1.1340727612008168	2.744726957793881	31.866666666666667	59
255	conventional	60	2	2	0.8321664946471251	1.5409833402640027	31.716666666666665	56
256	holistic	60	1	1	1.139119094961708	2.511503679875251	31.866666666666667	59
256	conventional	60	0	0	0.8255748433481176	1.9051771400181132	32.71666666666667	57
257	holistic	60	1	1	1.0972724377742336	2.4381306250148027	31.866666666666667	58
257	conventional	60	0	0	0.8215253466816915	1.84251813943178	33.71666666666667	58
258	holistic	60	1	1	1.0708780150500614	2.071851341331994	32.8	59
258	conventional	60	1	1	0.8320294252397463	1.6566717676775309	34.56666666666667	59
259	holistic	60	3	3	1.0357719478339245	2.247985982982152	31.766666666666666	59
259	conventional	60	2	2	0.7905877808964518	2.507834686128927	33.56666666666667	59
260	holistic	60	2	2	1.051082780736533	2.975185494265381	31.7	57
260	conventional	60	5	5	0.7314879239841144	2.3057146662215082	30.533333333333335	59
261	holistic	60	0	0	1.067689853397873	2.2567111768293273	32.7	58
261	conventional	60	3	3	0.7177710561854653	2.54471085505527	30.383333333333333	58
262	holistic	60	2	2	1.0945017733026117	2.3074157046783363	33.583333333333336	59
262	conventional	60	2	2	0.7972905548013206	2.5560656936876334	31.316666666666666	59
263	holistic	60	3	3	1.1011723336014825	2.962040473035176	32.516666666666666	59
263	conventional	60	3	3	0.7415480378092344	2.2287673443719567	30.283333333333335	59
264	holistic	60	1	1	1.0370128337401472	2.10592230518429	32.516666666666666	59
264	conventional	60	1	1	0.7568753289522475	1.5645589680152054	30.283333333333335	59
265	holistic	60	2	2	0.9861301922439482	2.321927167290173	32.21666666666667	59
265	conventional	60	3	3	0.7099679817355935	1.7954377264463706	28.283333333333335	59
266	holistic	60	3	3	0.9335321865941884	2.2150153153622703	31.15	59
266	conventional	60	4	4	0.786757157411031	5.4417976846188765	26.25	58
267	holistic	60	3	3	0.9107996040235035	2.1168849971080492	30.083333333333332	58
267	conventional	60	3	3	0.7696131790125691	2.949842297862127	27.083333333333332	59
268	holistic	60	2	2	0.9652800770546054	2.9204698460131175	30.566666666666666	59
268	conventional	60	3	3	0.7879384905597292	2.107078938644906	26.033333333333335	59
269	holistic	60	3	3	0.913435303257989	2.0846142498909956	30.433333333333334	58
269	conventional	60	3	3	0.6812153238083146	1.4391828189258022	25.75	59
270	holistic	60	2	2	0.9704924031946159	3.2545484062444454	31.3	59
270	conventional	60	5	5	0.695587908253159	2.595448682175758	25.3	59
271	holistic	60	3	3	0.9255170243242143	2.421693380551156	30.233333333333334	58
271	conventional	60	3	3	0.7305838716609265	2.0964176054037456	24.833333333333332	58
272	holistic	60	2	2	0.9467034163169878	2.0902566645113265	31.1	59
272	conventional	60	4	4	0.7445809470239779	2.305578598130878	25.45	59
273	holistic	60	2	2	0.9339441495221011	2.6394482853287777	31.033333333333335	59
273	conventional	60	4	4	0.7727715678249261	1.9752546328113614	25.35	59
274	holistic	60	5	5	0.924053901046043	2.0897703015232865	29.716666666666665	58
274	conventional	60	4	4	0.7720498464015075	1.7988459755850577	23.316666666666666	58
275	holistic	60	1	1	0.9982818084206427	2.18002603580258	30.65	59
275	conventional	60	1	1	0.777774790178638	1.9890243299457102	24.25	59
276	holistic	60	4	4	0.951823249722617	2.2564775439798423	28.583333333333332	59
276	conventional	60	2	2	0.7550318430071418	2.479481696312269	24.2	59
277	holistic	60	4	4	0.986447456935291	2.2804335046160076	26.516666666666666	59
277	conventional	60	2	2	0.7750296681500625	2.2318351193193244	24.1	59
278	holistic	60	2	2	0.9638915130917697	2.447841122482232	26.45	59
278	conventional	60	2	2	0.8326395768750318	3.427105209364994	24.0	57
279	holistic	60	5	5	0.9290011077811603	2.5481859033392693	24.25	58
279	conventional	60	1	1	0.8063157970566437	1.9321480421416062	24.9	58
280	holistic	60	2	2	1.0309190022254273	2.3835814314208346	25.133333333333333	59
280	conventional	60	1	1	0.7988951814068217	1.5288153232404205	25.866666666666667	59
281	holistic	60	3	3	1.0667184132423277	2.7073169401855113	25.0	59
281	conventional	60	2	2	0.7894709310488772	1.9533594912489995	24.866666666666667	59
282	holistic	60	3	3	1.0400053857217129	2.8644025575803	23.933333333333334	59
282	conventional	60	2	2	0.7672876939137514	1.7894533014096197	23.866666666666667	59
283	holistic	60	2	2	1.0060019287894648	2.2141873251169844	23.866666666666667	59
283	conventional	60	2	2	0.7597623252368036	1.5529200759407955	23.783333333333335	58
284	holistic	60	2	2	0.994979053460051	2.099743855274377	22.866666666666667	59
284	conventional	60	0	0	0.7507158102965981	1.5048252595575304	24.783333333333335	59
285	holistic	60	3	3	0.9856868964703958	3.9186568476536596	20.866666666666667	58
285	conventional	60	5	5	0.7113391752946292	1.5460571828552745	23.65	58
286	holistic	60	0	0	1.074469703884011	3.417453470726205	21.866666666666667	59
286	conventional	60	0	0	0.7392635893000379	1.5608033456054011	24.65	59
287	holistic	60	3	3	0.9693561893951006	2.9195202850324384	21.716666666666665	59
287	conventional	60	5	5	0.6741405084300377	1.5224661742975714	23.316666666666666	58
288	holistic	60	1	1	1.0418007076328104	4.7934571241048864	21.716666666666665	59
288	conventional	60	1	1	0.6813976972316176	1.5215310968273768	24.05	59
289	holistic	60	5	5	0.9829369716047228	4.298481235937765	20.416666666666668	58
289	conventional	60	2	2	0.6967055395602	1.636445255947845	23.05	59
290	holistic	60	0	0	1.015608512537918	3.4656798929877617	21.416666666666668	59
290	conventional	60	3	3	0.6448776816810996	1.6368089665166228	21.683333333333334	58
291	holistic	60	1	1	1.025200006093752	2.798911694225892	21.416666666666668	58
291	conventional	60	3	3	0.686026606461266	1.5573515273372558	22.283333333333335	59
292	holistic	60	1	1	0.9966551497951583	2.202435289136533	22.35	59
292	conventional	60	5	5	0.6591995336015652	1.6433058854116305	21.883333333333333	59
293	holistic	60	2	2	0.9815400163198772	2.464160082522245	22.283333333333335	58
293	conventional	60	4	4	0.7572237109228627	7.561669205074248	21.616666666666667	54
294	holistic	60	1	1	1.0359704365004532	2.8414158200992303	23.083333333333332	59
294	conventional	60	1	1	0.7398292332599226	3.5916687425714944	22.5	55
295	holistic	60	2	2	1.0578452536260181	4.931893652158755	22.983333333333334	56
295	conventional	60	4	4	0.7415382612333137	3.2442735469203927	23.333333333333332	56
296	holistic	60	1	1	1.060440846892887	3.430597140196811	23.916666666666668	57
296	conventional	60	1	1	0.7837223977695648	2.560870706417929	23.9	57
297	holistic	60	1	1	1.0455788071212175	2.9293885057955715	24.65	58
297	conventional	60	0	0	0.8274234077671634	3.4118432753937453	24.9	58
298	holistic	60	0	0	1.0532227932508738	2.4289918392755006	25.65	59
298	conventional	60	0	0	0.8948959577058868	3.4075955544998067	25.9	59
299	holistic	60	5	5	0.9862162512506667	2.2962673162077527	24.15	58
299	conventional	60	2	2	0.8030003872380309	3.1444100553291503	24.9	59
300	holistic	60	1	1	1.0768051252730935	2.8896646227000145	25.083333333333332	59
300	conventional	60	1	1	0.8223491889034478	2.821875208670237	24.9	55
301	holistic	60	1	1	1.012354535729032	2.187861530803665	25.083333333333332	58
301	conventional	60	2	2	0.7839281363270824	2.5731990952005535	25.766666666666666	56
302	holistic	60	0	0	1.0334053234478005	2.3032945907215554	26.083333333333332	59
302	conventional	60	0	0	0.837196593744824	2.728580834403055	26.766666666666666	57
303	holistic	60	3	3	1.0097231750943954	2.2625002421470346	25.016666666666666	58
303	conventional	60	1	1	0.833801233225293	2.846690137273987	27.533333333333335	58
304	holistic	60	1	1	1.0136487481947825	2.229922085696624	25.95	59
304	conventional	60	1	1	0.810441859246406	2.575652841482948	28.383333333333333	59
305	holistic	60	2	2	0.9782573221942003	2.14986270086736	24.95	57
305	conventional	60	3	3	0.7572966719697063	2.49840572921607	27.7	59
306	holistic	60	0	0	0.9900489802834688	2.108334475033765	25.95	58
306	conventional	60	3	3	0.7685854098642366	2.5037816388989067	26.583333333333332	59
307	holistic	60	1	1	0.996563680497549	2.1438885450700993	26.883333333333333	59
307	conventional	60	4	4	0.7622587017372112	2.308543249806081	24.55	57
308	holistic	60	2	2	0.98462600405784	2.227861693433895	25.883333333333333	59
308	conventional	60	0	0	0.8991976297824344	4.43133381546807	25.55	58
309	holistic	60	2	2	0.9863025989523722	2.1931822566832553	25.816666666666666	57
309	conventional	60	4	4	0.7970620735602739	2.222088807658841	25.716666666666665	59
310	holistic	60	0	0	1.0251803350055702	2.5621891601400435	26.816666666666666	58
310	conventional	60	1	1	0.835942812188269	2.5452760278654165	25.716666666666665	59
311	holistic	60	1	1	0.9954820016276806	2.3956222129452907	27.683333333333334	59
311	conventional	60	3	3	0.835632417044265	2.206639379122427	25.616666666666667	56
312	holistic	60	2	2	0.9709617957475236	2.2956767852085154	27.616666666666667	59
312	conventional	60	1	1	0.7584488373951679	2.074361467692498	26.566666666666666	57
313	holistic	60	2	2	1.0005009802878049	2.8952913868041237	27.55	54
313	conventional	60	2	2	0.7410817937764741	2.0980833222239683	27.5	58
314	holistic	60	0	0	1.0356420663716437	2.8694892534512775	28.55	55
314	conventional	60	2	2	0.7861978158230777	2.6468949808093534	28.333333333333332	59
315	holistic	60	1	1	1.0016732894734812	2.2708840185430113	29.283333333333335	56
315	conventional	60	3	3	0.7504456502193324	2.1388936095348985	28.25	56
316	holistic	60	2	2	0.9875368161468424	2.1297493067864286	29.933333333333334	57
316	conventional	60	0	0	0.8268656481146812	2.4543112592515826	29.25	57
317	holistic	60	1	1	1.0538310206345012	2.9500719254959575	30.866666666666667	58
317	conventional	60	1	1	0.8005127388658696	2.401417221469649	30.05	58
318	holistic	60	0	0	1.0683563942319496	2.9510911929608885	31.866666666666667	59
318	conventional	60	1	1	0.7714573248214412	2.256928561622448	30.583333333333332	59
319	holistic	60	2	2	1.023719415272489	2.283425428996126	31.8	59
319	conventional	60	2	2	0.7342573408707319	2.496885225226082	30.283333333333335	59
320	holistic	60	2	2	1.082377153520318	3.8787358780022796	30.8	58
320	conventional	60	3	3	0.7258126744440592	2.3796995041010263	28.283333333333335	59
321	holistic	60	0	0	1.1484374962739732	2.9165345328513914	31.8	59
321	conventional	60	4	4	0.7480253320913853	2.044023333843242	26.833333333333332	59
322	holistic	60	1	1	1.0842016748175682	2.1553050573912786	31.8	59
322	conventional	60	4	4	0.7654562013848278	3.4321929308683057	26.616666666666667	59
323	holistic	60	2	2	1.0748326888127633	2.1446715524993607	30.8	56
323	conventional	60	3	3	0.8027596201328104	3.4380884301191568	26.566666666666666	58
324	holistic	60	1	1	1.1461375488265513	3.8949747198546727	31.733333333333334	57
324	conventional	60	0	0	0.9371126694684324	3.433814788728954	27.566666666666666	59
325	holistic	60	1	1	1.1625681854116081	3.8913009572481654	32.6	58
325	conventional	60	2	2	0.8908464532168973	2.678603824611377	26.566666666666666	59
326	holistic	60	1	1	1.1721543684204108	4.224616382059474	33.53333333333333	59
326	conventional	60	1	1	0.824910098740539	2.430855707631387	26.566666666666666	57
327	holistic	60	2	2	1.1047984211497763	3.1415154811781854	33.46666666666667	58
327	conventional	60	1	1	0.7961650816797323	2.2595737256923503	27.5	58
328	holistic	60	1	1	1.087560870769575	2.4921972157662564	34.416666666666664	59
328	conventional	60	0	0	0.7947990398075723	2.0015399571015107	28.5	59
329	holistic	60	2	2	1.052129879154798	2.342636247753466	33.416666666666664	59
329	conventional	60	2	2	0.7828620450420718	1.728700617812295	28.266666666666666	59
330	holistic	60	2	2	1.0473613804042254	2.5945985698181455	33.35	59
330	conventional	60	3	3	0.7117571499104636	1.671766009160251	26.916666666666668	57
331	holistic	60	3	3	1.0258158136756435	2.5038621943679082	33.21666666666667	59
331	conventional	60	0	0	0.8261193255693731	1.6927424537902558	27.916666666666668	58
332	holistic	60	1	1	1.058576236665195	2.3722733872169623	33.21666666666667	59
332	conventional	60	0	0	0.8068793751323099	2.1803351650549616	28.916666666666668	59
333	holistic	60	2	2	1.0484149926442474	2.2535869779579207	33.15	59
333	conventional	60	4	4	0.7395468600131996	1.5931613249470078	27.65	59
334	holistic	60	5	5	0.9837294858603772	2.145367909058784	30.083333333333332	58
334	conventional	60	3	3	0.8599125102714777	3.2485443741506783	25.65	59
335	holistic	60	1	1	1.0303839529677257	2.2318631668420768	31.016666666666666	59
335	conventional	60	2	2	0.7666678509750462	1.734103154924385	25.633333333333333	59
336	holistic	60	3	3	1.029117064969562	2.484981179485509	29.016666666666666	59
336	conventional	60	4	4	0.7631895713399869	2.269727696680227	24.55	57
337	holistic	60	1	1	1.0884250835383464	2.9042665045010203	29.016666666666666	59
337	conventional	60	1	1	0.7179362351956615	2.318910013524444	25.316666666666666	58
338	holistic	60	2	2	1.0957632738569345	2.344227517244629	28.95	59
338	conventional	60	3	3	0.7799800181998191	2.5700735178701315	26.2	59
339	holistic	60	4	4	1.0915969852808975	3.5158022025364897	26.883333333333333	59
339	conventional	60	1	1	0.8391395217482952	2.7207154291867726	26.2	59
340	holistic	60	3	3	1.1784871629355071	2.8720075428006218	25.816666666666666	59
340	conventional	60	1	1	0.8079133272351462	2.1556911742880582	26.2	59
341	holistic	60	2	2	1.11003930663018	2.4546824675898415	25.75	59
341	conventional	60	2	2	0.783972559376956	2.0361103489646344	26.166666666666668	56
342	holistic	60	2	2	1.115703944198409	2.23294393029718	25.683333333333334	59
342	conventional	60	1	1	0.9045208529657119	2.6397198273292743	27.1	57
343	holistic	60	1	1	1.1373002323212198	2.265104531574644	25.683333333333334	59
343	conventional	60	0	0	0.8646822123964942	2.103120906971921	28.1	58
344	holistic	60	3	3	1.050671054090843	2.2960717683363443	24.616666666666667	59
344	conventional	60	0	0	0.8604622598466264	2.468786328313879	29.1	59
345	holistic	60	1	1	1.1447045298067995	2.899606372796266	24.616666666666667	58
345	conventional	60	4	4	0.7500167041092137	2.041469598049057	27.05	58
346	holistic	60	0	0	1.1284397459661208	2.379101550770864	25.616666666666667	59
346	conventional	60	0	0	0.7523398124348678	1.717890479606636	28.05	59
347	holistic	60	4	4	1.0735600845980597	2.308090312873998	23.35	58
347	conventional	60	4	4	0.741994048031201	1.5018204520149734	26.983333333333334	59
348	holistic	60	1	1	1.231097516021356	2.9884395851918084	24.283333333333335	59
348	conventional	60	2	2	0.7888794240384273	1.4994996980826363	26.816666666666666	58
349	holistic	60	3	3	1.2023554516739847	2.9043528816677116	22.283333333333335	56
349	conventional	60	0	0	0.857210311295459	2.275161481706896	27.816666666666666	59
350	holistic	60	1	1	1.1772543551347574	2.4120598685579404	23.15	57
350	conventional	60	1	1	0.8185988560808394	2.1250143654433002	27.816666666666666	59
351	holistic	60	1	1	1.2119584943013246	2.3108341376250694	23.95	58
351	conventional	60	1	1	0.8307628625924365	2.5972440010121973	27.816666666666666	59
352	holistic	60	0	0	1.2004499243936977	2.2861634959861186	24.95	59
352	conventional	60	3	3	0.7625054081900987	1.5762572867535667	25.816666666666666	59
353	holistic	60	3	3	1.1842644718379622	2.712408887930946	23.883333333333333	59
353	conventional	60	4	4	0.7883881722669493	2.028396607347677	24.666666666666668	59
354	holistic	60	1	1	1.175149728557175	3.7352721112921605	23.883333333333333	59
354	conventional	60	2	2	0.6911793246358092	1.806268066610047	24.25	59
355	holistic	60	1	1	1.1647211461721745	3.8772652561614662	23.883333333333333	58
355	conventional	60	7	7	0.7693514153010449	4.470541575224716	22.983333333333334	59
356	holistic	60	1	1	1.172984994169647	3.4317514971261733	24.683333333333334	59
356	conventional	60	2	2	0.8021352603068534	4.475994288173187	22.416666666666668	55
357	holistic	60	1	1	1.160756854196701	3.0763871502383755	24.683333333333334	58
357	conventional	60	2	2	0.7756704323960214	3.1442501261674067	23.35	56
358	holistic	60	0	0	1.1562088086420277	2.875922052120117	25.683333333333334	59
358	conventional	60	1	1	0.8369756116088787	2.89362053317483	24.3	57
359	holistic	60	3	3	1.1051791432652935	2.9588722144256216	24.55	58
359	conventional	60	3	3	0.861402920764729	2.677259267359067	24.966666666666665	58
360	holistic	60	0	0	1.2491292343650438	4.889166478087999	25.55	59
360	conventional	60	1	1	0.8522954547600137	2.9760363099919727	25.75	59
361	holistic	60	1	1	1.2024762256911472	2.88951875259039	25.55	58
361	conventional	60	1	1	0.8827763095469234	3.593217498014157	25.75	57
362	holistic	60	0	0	1.1846107366435012	2.5562974031517247	26.55	59
362	conventional	60	0	0	0.8816094626168212	3.6064927444663812	26.75	58
363	holistic	60	1	1	1.1781900304883133	2.439294842945952	26.55	59
363	conventional	60	0	0	0.8839031161911463	2.60156522766596	27.75	59
364	holistic	60	1	1	1.1769035542766066	2.465182497358988	26.55	59
364	conventional	60	1	1	0.8443435314633858	2.092824598983932	27.75	59
365	holistic	60	2	2	1.148939492725666	2.4884558567231143	26.483333333333334	58
365	conventional	60	1	1	0.8356811128418277	2.4277677288312884	27.75	59
366	holistic	60	0	0	1.1811409477301684	2.875224800082551	27.483333333333334	59
366	conventional	60	2	2	0.8162449172128274	2.4336834582327684	27.633333333333333	59
367	holistic	60	2	2	1.1677335277928118	2.9997411448777243	27.15	59
367	conventional	60	1	1	0.7963897576537367	2.587222317662244	27.633333333333333	57
368	holistic	60	2	2	1.1841412600562289	2.9853628333536197	27.083333333333332	59
368	conventional	60	0	0	0.8132595144819292	2.3385539643555773	28.633333333333333	58
369	holistic	60	1	1	1.2481511067128819	3.9171057450578792	27.083333333333332	58
369	conventional	60	2	2	0.7973632449143092	2.3616679059691843	29.516666666666666	59
370	holistic	60	0	0	1.2566618340181832	3.414485681685311	28.083333333333332	59
370	conventional	60	1	1	0.8008315700692851	2.185033500139005	29.516666666666666	57
371	holistic	60	2	2	1.2297417503670827	3.5797877632861606	28.016666666666666	59
371	conventional	60	1	1	0.8141648404124826	2.129183238526985	30.433333333333334	58
372	holistic	60	1	1	1.2189847813007595	3.6648775804199856	28.016666666666666	59
372	conventional	60	1	1	0.801276588179502	2.0006944785523206	31.166666666666668	59
373	holistic	60	2	2	1.2053306844993268	3.7148602873576437	27.95	57
373	conventional	60	2	2	0.7893291458965995	1.815863365017183	31.15	59
374	holistic	60	0	0	1.2359259017703474	3.4152770580028755	28.95	58
374	conventional	60	2	2	0.891244568369105	4.6494859747716	30.15	59
375	holistic	60	0	0	1.2427482869969217	3.1243863315958387	29.95	59
375	conventional	60	1	1	0.8297110380906221	2.167645615136673	30.15	58
376	holistic	60	4	4	1.1913093522789993	3.1690277640237725	28.75	57
376	conventional	60	0	0	0.9103423264046121	3.179432320683528	31.15	59
377	holistic	60	0	0	1.229412095025385	2.986556213974567	29.75	58
377	conventional	60	1	1	0.8695603885951737	3.1831744490376974	31.15	58
378	holistic	60	0	0	1.2776859993901655	3.437984396867794	30.75	59
378	conventional	60	1	1	0.8962786546361435	2.1750236250046795	32.083333333333336	59
379	holistic	60	2	2	1.2458683214591957	3.889610410258141	29.75	59
379	conventional	60	2	2	0.8695238374050805	2.674078298902341	31.083333333333332	59
380	holistic	60	3	3	1.2374353275107504	3.139105498802185	29.616666666666667	57
380	conventional	60	2	2	0.8536318347181171	2.1742718050452994	30.983333333333334	59
381	holistic	60	0	0	1.2442540628237404	2.83803051994779	30.616666666666667	58
381	conventional	60	3	3	0.7969595797640261	1.869350977090991	28.983333333333334	59
382	holistic	60	3	3	1.159594490205684	2.7449487891459246	30.4	59
382	conventional	60	3	3	0.7622582008652411	1.8597426690526369	27.916666666666668	59
383	holistic	60	1	1	1.2216742468124369	2.909926066877382	30.4	59
383	conventional	60	4	4	0.733127213082756	1.8815050915233	27.733333333333334	58
384	holistic	60	3	3	1.199648054584501	3.862603344744155	29.916666666666668	56
384	conventional	60	1	1	0.7787484542161643	1.814094384700564	28.7	59
385	holistic	60	0	0	1.1980473148001813	2.8610838388983884	30.916666666666668	57
385	conventional	60	5	5	0.761119117186109	1.8643631530859284	27.6	59
386	holistic	60	0	0	1.209239568690891	2.8033594011133935	31.916666666666668	58
386	conventional	60	2	2	0.7593564802800258	1.9099244976548373	27.583333333333332	59
387	holistic	60	1	1	1.2247674816548517	2.7564109800648797	32.78333333333333	59
387	conventional	60	4	4	0.7160260362653567	1.8465466136306365	27.4	58
388	holistic	60	3	3	1.188167048506706	2.6639813890995607	32.46666666666667	59
388	conventional	60	2	2	0.7505276322132146	2.4651033412499164	28.3	59
389	holistic	60	2	2	1.204646762431227	2.62864286327007	32.31666666666667	59
389	conventional	60	2	2	0.7805763539541795	2.5390655937059785	28.266666666666666	59
390	holistic	60	1	1	1.2663058355559313	3.857558490544107	32.31666666666667	59
390	conventional	60	4	4	0.731141128784719	1.9268371345230246	27.1	57
391	holistic	60	1	1	1.2387857652143095	2.784124442206432	32.31666666666667	59
391	conventional	60	1	1	0.7586479501262104	2.3085086254133005	28.066666666666666	58
392	holistic	60	3	3	1.2292881107438698	3.1908372215311593	32.21666666666667	59
392	conventional	60	2	2	0.8042534995485974	3.308852781338074	28.95	59
393	holistic	60	3	3	1.2016978237251126	2.6745716209818875	31.15	59
393	conventional	60	3	3	0.8254053528386863	2.427219341527751	26.95	59
394	holistic	60	4	4	1.2032495493978763	3.3285952648422743	28.15	58
394	conventional	60	3	3	0.7264688103556262	2.145328553326665	26.183333333333334	59
395	holistic	60	1	1	1.288244190230189	3.162592909647769	29.083333333333332	59
395	conventional	60	2	2	0.7948687354977931	2.490049246083301	26.033333333333335	59
396	holistic	60	3	3	1.2203777240471863	2.8321742336877205	28.016666666666666	58
396	conventional	60	3	3	0.7891606079107011	2.690206367869969	24.95	59
397	holistic	60	1	1	1.3301838521419997	2.8314118196456777	28.95	59
397	conventional	60	3	3	0.6783114299125539	1.8456213235225214	24.733333333333334	59
398	holistic	60	3	3	1.3386104865544644	2.998458475492329	28.816666666666666	59
398	conventional	60	3	3	0.8025724047965614	2.3508108799766774	24.65	58
399	holistic	60	3	3	1.3337534755967255	3.894715425674671	26.816666666666666	59
399	conventional	60	2	2	0.8269319453024923	3.4176500033584025	25.516666666666666	59
400	holistic	60	2	2	1.3820060931541418	3.892590920280654	25.816666666666666	59
400	conventional	60	2	2	0.775179486078666	2.404649805285441	25.2	59
401	holistic	60	3	3	1.3953811725169964	4.893696371745853	24.75	59
401	conventional	60	3	3	0.8013998074993023	2.0835605494372142	23.883333333333333	54
402	holistic	60	2	2	1.4002354908101584	3.895575158319567	24.683333333333334	59
402	conventional	60	3	3	0.7754809392950841	1.8387166323085824	24.55	55
403	holistic	60	1	1	1.3811530615902705	3.398773547298928	24.683333333333334	59
403	conventional	60	2	2	0.8059000140970685	1.8131774477309195	25.483333333333334	56
404	holistic	60	1	1	1.4353824088483433	3.899743764981608	24.683333333333334	59
404	conventional	60	1	1	0.84411678949745	1.8445940080047691	26.466666666666665	57
405	holistic	60	1	1	1.4086710779270755	2.9108189772549196	24.683333333333334	58
405	conventional	60	0	0	0.8659893628648475	1.8575000349835242	27.466666666666665	58
406	holistic	60	1	1	1.4529579862847948	3.1461522880247164	25.5	59
406	conventional	60	1	1	0.8615410507808632	2.0399238980138144	28.4	59
407	holistic	60	3	3	1.360493105225342	3.0077270694634057	23.5	59
407	conventional	60	3	3	0.8062502158052752	1.8254969246070176	26.4	59
408	holistic	60	2	2	1.4614730721113085	5.940726956969546	23.433333333333334	59
408	conventional	60	2	2	0.889256804193686	2.5386800378735384	26.333333333333332	58
409	holistic	60	3	3	1.3880038651906923	3.434656232341087	22.166666666666668	59
409	conventional	60	0	0	0.88116316052019	2.5347718396733945	27.333333333333332	59
410	holistic	60	1	1	1.3786290432710648	3.062888539028122	22.166666666666668	57
410	conventional	60	2	2	0.7912669377772892	1.5727669307287417	27.3	59
411	holistic	60	1	1	1.4228495466628006	2.94188719996134	22.983333333333334	58
411	conventional	60	2	2	0.854215780750437	4.345448715649834	27.233333333333334	59
412	holistic	60	0	0	1.4878773422816094	4.869436895808115	23.983333333333334	59
412	conventional	60	1	1	0.8562703731271577	3.3475849466584586	27.233333333333334	59
413	holistic	60	2	2	1.4242863640420753	2.9635424105756107	22.983333333333334	59
413	conventional	60	2	2	0.8108315525852556	2.3517694338512003	27.216666666666665	59
414	holistic	60	1	1	1.4298987055658507	2.928191580637471	22.983333333333334	59
414	conventional	60	3	3	0.7832868083988839	2.0988867663378725	25.883333333333333	59
415	holistic	60	1	1	1.3995343961512199	3.0108555391314002	22.983333333333334	59
415	conventional	60	4	4	0.7582362945168593	2.1461234676621963	23.866666666666667	59
416	holistic	60	2	2	1.3682330179062359	2.9205841056664243	22.45	57
416	conventional	60	2	2	0.7432191273812129	1.6810618135762725	23.85	59
417	holistic	60	2	2	1.4361112778902727	2.9169366321148207	23.133333333333333	58
417	conventional	60	2	2	0.7639686000488743	1.712525561631599	23.816666666666666	59
418	holistic	60	1	1	1.440974556562228	2.836951551018162	24.066666666666666	59
418	conventional	60	1	1	0.8175210151631629	1.6657936213943965	23.816666666666666	59
419	holistic	60	3	3	1.3635894200662855	3.039323575767764	23.0	54
419	conventional	60	3	3	0.7581150175723282	1.8089659758142538	23.583333333333332	59
420	holistic	60	0	0	1.401545729375711	2.9877200929854997	24.0	55
420	conventional	60	2	2	0.7744630220645877	1.8197796854854686	23.566666666666666	59
421	holistic	60	0	0	1.3954768935777417	3.0708139356742263	25.0	56
421	conventional	60	3	3	0.7872596942913231	1.7687221280027432	23.45	56
422	holistic	60	1	1	1.370985350662174	2.938592728006737	25.933333333333334	57
422	conventional	60	0	0	0.7155882717520236	1.8251218348035032	24.45	57
423	holistic	60	2	2	1.517031388177468	5.917173458332954	26.8	58
423	conventional	60	0	0	0.7597680979867396	1.7461168766300144	25.45	58
424	holistic	60	0	0	1.5105350738291257	3.915549523890358	27.8	59
424	conventional	60	0	0	0.757118934151526	1.7073023991986558	26.45	59
425	holistic	60	2	2	1.4370692088186388	2.9150748840296523	26.8	58
425	conventional	60	2	2	0.7429943993218467	1.6697510793368409	26.066666666666666	59
426	holistic	60	0	0	1.4507007386015383	3.6629746158845977	27.8	59
426	conventional	60	1	1	0.7283235751147965	1.6053568568160912	26.066666666666666	57
427	holistic	60	1	1	1.4020661290830767	3.514431420475544	27.8	59
427	conventional	60	1	1	0.7833713343169503	2.5901088383630397	26.9	58
428	holistic	60	1	1	1.3429722103601949	2.912973465512333	27.8	57
428	conventional	60	0	0	0.7801493966998226	2.231948908505013	27.9	59
429	holistic	60	0	0	1.3795582374489803	2.6252709564481784	28.8	58
429	conventional	60	4	4	0.7801225687398907	2.1764861742561243	26.35	59
430	holistic	60	0	0	1.3902860770026149	2.6467083884799147	29.8	59
430	conventional	60	2	2	0.7849314686699543	2.029181868054543	26.333333333333332	59
431	holistic	60	2	2	1.369595829333114	2.563144997252568	28.8	58
431	conventional	60	2	2	0.8599381432424296	2.761711137982429	26.3	58
432	holistic	60	0	0	1.3891442480306964	2.5141780884696665	29.8	59
432	conventional	60	0	0	0.8380521395798616	1.9201123016596802	27.3	59
433	holistic	60	1	1	1.37532442347224	2.646644769943205	29.8	57
433	conventional	60	3	3	0.7797638793412986	1.905981384258231	26.266666666666666	58
434	holistic	60	0	0	1.3847954538579093	2.5908338869341647	30.8	58
434	conventional	60	0	0	0.7847945668430281	1.935961333555549	27.266666666666666	59
435	holistic	60	0	0	1.4000912795088298	2.5722024789064575	31.8	59
435	conventional	60	2	2	0.7689560410982198	1.9220754278299188	27.2	56
436	holistic	60	2	2	1.341821659804574	2.65982437539223	30.8	57
436	conventional	60	1	1	0.7552041175562763	1.8720260990844018	28.083333333333332	57
437	holistic	60	0	0	1.389031089018554	2.6914309654202526	31.8	58
437	conventional	60	1	1	0.7536485311583181	1.8272580981521525	29.05	58
438	holistic	60	0	0	1.3892418386444596	2.7214958029745953	32.8	59
438	conventional	60	1	1	0.8089951430840677	3.474498587998207	30.0	59
439	holistic	60	1	1	1.3714305556615645	2.8476089395616078	32.8	59
439	conventional	60	2	2	0.7869967921790474	3.441898773532323	29.0	57
440	holistic	60	1	1	1.3915639476030852	2.8489587194711192	32.8	58
440	conventional	60	0	0	0.7940318395582289	2.44344224088456	30.0	58
441	holistic	60	0	0	1.4338748734341127	2.943003333379769	33.8	59
441	conventional	60	1	1	0.7630244886892664	1.7090606777298827	30.866666666666667	59
442	holistic	60	3	3	1.3477473951559114	2.9420059386390873	31.8	59
442	conventional	60	1	1	0.7580139603947792	1.6741309030182483	30.866666666666667	57
443	holistic	60	1	1	1.3890153688130125	2.8744827966350455	31.8	59
443	conventional	60	0	0	0.8206856190573529	2.820105567520958	31.866666666666667	58
444	holistic	60	1	1	1.3800903452129276	2.853217944267349	31.8	57
444	conventional	60	0	0	0.8002277631623326	2.5680795436549397	32.86666666666667	59
445	holistic	60	0	0	1.3862975102091373	2.8624710183705697	32.8	58
445	conventional	60	2	2	0.749850514140606	2.068292039067965	31.866666666666667	58
446	holistic	60	1	1	1.3694591552777362	2.750775395052455	33.733333333333334	59
446	conventional	60	0	0	0.7553808748534488	1.793116283244988	32.86666666666667	59
447	holistic	60	2	2	1.4774575297349166	4.906911958822097	33.666666666666664	59
447	conventional	60	3	3	0.7477429065256742	1.7436706841558738	32.5	59
448	holistic	60	2	2	1.3904718624766	2.716675960383066	32.666666666666664	59
448	conventional	60	2	2	0.7290391913653341	1.757246088492101	31.5	58
449	holistic	60	1	1	1.517082945643692	4.7420214981455375	32.666666666666664	57
449	conventional	60	1	1	0.7368819290687146	1.751589675789028	32.483333333333334	59
450	holistic	60	0	0	1.4469492611995831	3.58708257857807	33.666666666666664	58
450	conventional	60	3	3	0.6754741579549125	1.7226045668905927	31.433333333333334	58
451	holistic	60	1	1	1.4361115941919709	3.4284103532798134	34.6	59
451	conventional	60	0	0	0.7282484337956171	1.671806194538983	32.43333333333333	59
452	holistic	60	2	2	1.3654626310835398	3.129688318969006	33.6	59
452	conventional	60	2	2	0.7443818229424454	1.792536625405236	32.31666666666667	59
453	holistic	60	2	2	1.3481986766512841	2.660781416361071	33.53333333333333	59
453	conventional	60	3	3	0.7219712294115298	1.7325528599655018	30.316666666666666	59
454	holistic	60	3	3	1.349001964407751	4.868615359263397	32.5	58
454	conventional	60	3	3	0.6502752468945872	2.018186594904518	29.35	59
455	holistic	60	0	0	1.3822688135582373	2.939341318543186	33.5	59
455	conventional	60	3	3	0.6800196486581379	1.640695334867378	29.233333333333334	59
456	holistic	60	3	3	1.2679272599455766	2.9097384670591886	31.5	58
456	conventional	60	4	4	0.6878633504145473	1.7482429292440562	29.133333333333333	59
457	holistic	60	0	0	1.293111414725245	2.659946748388785	32.5	59
457	conventional	60	6	6	0.6086834843026203	1.6156346422647536	27.0	59
458	holistic	60	4	4	1.1948918421185655	2.392756947466894	30.883333333333333	59
458	conventional	60	5	5	0.6468276684785608	3.6514444558337433	25.783333333333335	59
459	holistic	60	3	3	1.1297215217023295	2.22667373313103	28.883333333333333	59
459	conventional	60	4	4	0.6659406798345074	3.244074491310398	25.683333333333334	59
460	holistic	60	1	1	1.129725330439784	2.2210832181344586	28.883333333333333	59
460	conventional	60	5	5	0.6864243590639412	3.654929317358578	25.516666666666666	59
461	holistic	60	4	4	1.0536895323202589	2.3100211349857873	26.75	59
461	conventional	60	2	2	0.6886861861592942	3.1542857949754546	25.466666666666665	59
462	holistic	60	2	2	1.117406586002238	2.8960805531056915	26.683333333333334	59
462	conventional	60	2	2	0.6314449442276244	2.445716623867388	25.416666666666668	56
463	holistic	60	3	3	1.1036955113991163	2.3128683067531304	26.55	58
463	conventional	60	6	6	0.6011966757024152	1.9815744892674942	26.15	57
464	holistic	60	0	0	1.089186811619538	2.2286013853529663	27.55	59
464	conventional	60	1	1	0.6678543074856923	2.6611464596798733	27.116666666666667	58
465	holistic	60	4	4	1.1246646123195256	3.645129254707375	26.85	59
465	conventional	60	4	4	0.6297954251100945	2.1190910496339215	27.766666666666666	59
466	holistic	60	2	2	1.183642706301189	4.839687292243229	26.716666666666665	59
466	conventional	60	1	1	0.7011281981144821	3.288679550198328	27.766666666666666	59
467	holistic	60	3	3	1.1016773264292106	2.5637166691070794	24.716666666666665	59
467	conventional	60	8	8	0.6218035045615902	2.460239747071956	26.3	59
468	holistic	60	2	2	1.0590594911697926	2.6087470464929305	23.716666666666665	59
468	conventional	60	2	2	0.620022703633391	1.882511310834746	26.266666666666666	58
469	holistic	60	5	5	1.052606193112655	2.593842010866962	21.583333333333332	59
469	conventional	60	2	2	0.6978780086741374	2.8709452145427923	27.15	59
470	holistic	60	2	2	1.1752174686548438	2.8140687403605136	21.516666666666666	59
470	conventional	60	3	3	0.7517491149265887	3.0524358437813315	26.1	59
471	holistic	60	3	3	1.0965605863279573	2.5636633033435383	21.383333333333333	58
471	conventional	60	2	2	0.7348436287714641	2.3885446069029324	25.75	58
472	holistic	60	0	0	1.124347003257848	2.5061842822969322	22.383333333333333	59
472	conventional	60	0	0	0.6673444147255851	1.9770879887714365	26.75	59
473	holistic	60	4	4	1.0982467734828798	2.3856972355306305	22.116666666666667	57
473	conventional	60	5	5	0.6856958499957283	2.0459036684545704	26.533333333333335	59
474	holistic	60	3	3	1.1956193729188604	5.820253382663174	22.683333333333334	58
474	conventional	60	4	4	0.6980073134148981	3.4113872553472704	24.75	59
475	holistic	60	1	1	1.3570333356064601	5.8189110990195285	23.616666666666667	59
475	conventional	60	3	3	0.7459360700018888	3.406745579117166	23.616666666666667	59
476	holistic	60	2	2	1.333221423185363	4.8694822953174475	22.616666666666667	59
476	conventional	60	2	2	0.7165494585401038	1.9626700156999735	23.583333333333332	59
477	holistic	60	3	3	1.2998752454506914	4.312722682312424	21.55	58
477	conventional	60	4	4	0.7066732559179787	2.134131296133007	23.433333333333334	59
478	holistic	60	0	0	1.347368146800759	3.870707283570786	22.55	59
478	conventional	60	1	1	0.6975379874188248	2.3999738039075105	23.433333333333334	59
479	holistic	60	2	2	1.309338498200364	4.4816630755561455	21.933333333333334	57
479	conventional	60	3	3	0.6705100587772924	1.7713684879067388	23.366666666666667	59
480	holistic	60	1	1	1.3948520104023119	4.93266609114922	22.866666666666667	58
480	conventional	60	2	2	0.6918568859571714	1.9994350737318767	22.366666666666667	59
481	holistic	60	1	1	1.3773108108271797	3.8147889704237268	23.8	59
481	conventional	60	4	4	0.6634601151467779	1.89457461330469	20.266666666666666	56
482	holistic	60	1	1	1.331259678837069	3.480360383128149	23.8	59
482	conventional	60	3	3	0.706096626634199	5.5030102628952235	20.833333333333332	57
483	holistic	60	2	2	1.2619346696932325	3.1133361411473706	22.8	58
483	conventional	60	6	6	0.6439920275741934	3.8088411273134426	21.5	58
484	holistic	60	0	0	1.3100342796917606	2.9039970639440282	23.8	59
484	conventional	60	3	3	0.6685606006663611	3.754209927581691	22.05	59
485	holistic	60	1	1	1.3220476307434568	2.751886822725347	23.8	58
485	conventional	60	5	5	0.6957073161791189	3.1084988028825107	20.966666666666665	56
486	holistic	60	0	0	1.3058779352459327	2.813269608752326	24.8	59
486	conventional	60	2	2	0.7309598261655769	2.50770610151527	21.833333333333332	57
487	holistic	60	2	2	1.2923567061453847	3.1948605129553074	24.733333333333334	59
487	conventional	60	2	2	0.7538839802813796	2.0833267415692758	22.783333333333335	58
488	holistic	60	1	1	1.2912893697378454	3.265144987881387	24.733333333333334	57
488	conventional	60	1	1	0.7232143860292374	2.0716473111801803	23.733333333333334	59
489	holistic	60	0	0	1.2911952254088448	3.938421613469039	25.733333333333334	58
489	conventional	60	2	2	0.6794874697923146	1.9621648231214697	23.7	59
490	holistic	60	0	0	1.3073579176414192	3.5806944912701746	26.733333333333334	59
490	conventional	60	2	2	0.6840301610114443	1.7216484962355973	23.633333333333333	57
491	holistic	60	1	1	1.270030195142568	3.591502562179305	26.733333333333334	58
491	conventional	60	1	1	0.6559658141983956	1.8643273555864877	24.6	58
492	holistic	60	1	1	1.2693778524453518	3.5087008512467346	27.616666666666667	59
492	conventional	60	2	2	0.6749552482224337	1.8909345623098988	25.383333333333333	59
493	holistic	60	1	1	1.2583820075588064	3.2735080422933898	27.616666666666667	57
493	conventional	60	4	4	0.6644765705090644	2.4327536851896805	24.083333333333332	57
494	holistic	60	0	0	1.295266126183222	2.9971083104432683	28.616666666666667	58
494	conventional	60	3	3	0.8167564400654651	4.566809140537982	24.633333333333333	58
495	holistic	60	1	1	1.2883927305496046	3.118347841826451	29.55	59
495	conventional	60	0	0	0.7990507431998076	3.079380011154697	25.633333333333333	59
496	holistic	60	3	3	1.2470970252277713	3.1564048415333676	28.416666666666668	57
496	conventional	60	2	2	0.7964913328416208	2.8984498366632785	25.4	59
497	holistic	60	0	0	1.3128044991798438	3.0650018214801835	29.416666666666668	58
497	conventional	60	1	1	0.7943829494345972	4.545476890875642	25.4	59
498	holistic	60	0	0	1.3327198982150237	3.0427279461810204	30.416666666666668	59
498	conventional	60	5	5	0.7398956670291317	3.017831222258393	25.116666666666667	59
499	holistic	60	3	3	1.3168505769896073	2.968071899012342	30.3	59
499	conventional	60	3	3	0.7987115950815334	3.462163574500619	23.85	58
500	holistic	60	2	2	1.3589063500285585	2.95414967506878	29.966666666666665	58
500	conventional	60	3	3	0.7704437788191527	2.5876570793225007	24.516666666666666	59
501	holistic	60	0	0	1.3794364770688523	2.9411515550752445	30.966666666666665	59
501	conventional	60	3	3	0.8341385504444194	4.559171012409928	24.433333333333334	59
502	holistic	60	1	1	1.370775306397562	2.896721664497152	30.966666666666665	58
502	conventional	60	3	3	0.7361055325539362	2.09376419701003	24.233333333333334	55
503	holistic	60	0	0	1.3921610703620886	3.159712978934405	31.966666666666665	59
503	conventional	60	2	2	0.752521823625872	1.897923962848352	25.033333333333335	56
504	holistic	60	1	1	1.3462331787911137	3.046021618410075	31.966666666666665	58
504	conventional	60	0	0	0.8230255119405053	1.8693484127595028	26.033333333333335	57
505	holistic	60	0	0	1.341785671637009	3.107862494852147	32.96666666666667	59
505	conventional	60	1	1	0.7581159124817417	1.7627698456848389	26.966666666666665	58
506	holistic	60	1	1	1.3475734210353325	3.0108708399681747	32.96666666666667	59
506	conventional	60	1	1	0.756118350301529	1.7495609591204655	27.833333333333332	59
507	holistic	60	1	1	1.3273174384078585	2.883556188428417	32.96666666666667	59
507	conventional	60	1	1	0.7962828562718341	2.506985928297883	27.833333333333332	59
508	holistic	60	2	2	1.2781909731333774	2.9133781104396212	31.966666666666665	57
508	conventional	60	3	3	0.7979437885536845	3.5236269853755555	27.683333333333334	59
509	holistic	60	0	0	1.327974582366275	2.870025108710309	32.96666666666667	58
509	conventional	60	1	1	0.7750537304233351	2.501308103089232	27.683333333333334	57
510	holistic	60	0	0	1.3108239895891636	2.814736147377878	33.96666666666667	59
510	conventional	60	2	2	0.8197425967347389	3.557472514731942	28.6	58
511	holistic	60	1	1	1.3146607433220479	2.8584824882091557	33.96666666666667	59
511	conventional	60	1	1	0.8190544773478952	1.6632834795268203	29.466666666666665	59
512	holistic	60	1	1	1.312333165726325	2.9690658719726013	33.96666666666667	59
512	conventional	60	1	1	0.735747315441875	1.621941311516296	29.466666666666665	59
513	holistic	60	1	1	1.2709325586818363	2.714624288676119	33.96666666666667	59
513	conventional	60	3	3	0.6963904495007266	1.5481475076862579	29.383333333333333	59
514	holistic	60	2	2	1.175336510529673	2.7169931190716863	32.96666666666667	58
514	conventional	60	4	4	0.6624697167158599	1.5138276621852995	28.25	58
515	holistic	60	0	0	1.1849804648518294	2.6719617242080043	33.96666666666667	59
515	conventional	60	0	0	0.7387479993657381	3.459230482550642	29.25	59
516	holistic	60	3	3	1.1734607584740766	2.8148875253515717	32.9	58
516	conventional	60	2	2	0.6860842106293508	1.5244910944101813	29.2	59
517	holistic	60	1	1	1.2710267386243668	2.9338758114217782	33.833333333333336	59
517	conventional	60	6	6	0.6759126008611721	1.836854917974193	26.816666666666666	57
518	holistic	60	3	3	1.1669616447838214	2.681701312704932	32.766666666666666	59
518	conventional	60	0	0	0.7111664842656708	3.463113341487564	27.816666666666666	58
519	holistic	60	1	1	1.2409494888885477	5.598436396443447	32.766666666666666	59
519	conventional	60	3	3	0.7460671102444657	1.9475169981378058	28.716666666666665	59
520	holistic	60	2	2	1.284967371550136	4.931098062304367	32.7	59
520	conventional	60	2	2	0.7531642900598453	1.5845142219427786	28.65	57
521	holistic	60	2	2	1.2096767841740559	4.530156921469002	31.7	59
521	conventional	60	1	1	0.6902900653439893	1.4441026618732455	29.533333333333335	58
522	holistic	60	3	3	1.1722924743983942	4.43042594710443	30.683333333333334	59
522	conventional	60	3	3	0.7185334616271232	1.4869410169532198	29.816666666666666	59
523	holistic	60	4	4	1.1342714021968143	3.787057410482201	28.65	58
523	conventional	60	2	2	0.7361271879335826	2.6536877076510192	29.766666666666666	58
524	holistic	60	1	1	1.2041891364669532	3.3067913158210405	29.583333333333332	59
524	conventional	60	2	2	0.6816719594140437	1.4127746544226139	30.683333333333334	59
525	holistic	60	1	1	1.2136191412100799	3.5188152671246775	29.583333333333332	59
525	conventional	60	6	6	0.748790335122829	5.310417251228481	28.483333333333334	58
526	holistic	60	2	2	1.232286735260661	3.931022239269007	29.45	59
526	conventional	60	2	2	0.9091413168104359	6.407805095235838	29.25	59
527	holistic	60	2	2	1.1966477500227386	3.180933044521683	29.383333333333333	59
527	conventional	60	6	6	0.8029016295791671	4.441298740172125	25.216666666666665	58
528	holistic	60	2	2	1.2053546736507321	3.1038845253940957	28.383333333333333	59
528	conventional	60	1	1	0.8737769540431733	4.451103676731332	26.116666666666667	59
529	holistic	60	3	3	1.2411203476625368	3.2636786390714327	26.383333333333333	58
529	conventional	60	3	3	0.7863847977473888	2.698340432700193	25.05	59
530	holistic	60	0	0	1.223918078049146	2.9374289268730767	27.383333333333333	59
530	conventional	60	1	1	0.7903783043829065	2.194052739417852	25.05	57
531	holistic	60	3	3	1.1696759906160483	2.900670001081199	26.316666666666666	58
531	conventional	60	1	1	0.7520675266946502	1.9314252513687031	26.016666666666666	58
532	holistic	60	0	0	1.211139007415954	2.8652638653699114	27.316666666666666	59
532	conventional	60	3	3	0.7475141758701455	1.873049186815231	26.55	59
533	holistic	60	6	6	1.121819955111518	2.8763539414149695	25.116666666666667	59
533	conventional	60	2	2	0.7330285223297831	1.8078756404376506	25.55	59
534	holistic	60	3	3	1.0278898106020982	3.0458821397111553	23.116666666666667	59
534	conventional	60	3	3	0.7369031783074067	1.5616710460180072	24.5	59
535	holistic	60	2	2	1.0717215810533465	2.8816412905766855	23.05	59
535	conventional	60	3	3	0.682777134981141	1.7168656681728423	24.316666666666666	58
536	holistic	60	1	1	1.113204629188515	2.8344638460120306	23.05	59
536	conventional	60	0	0	0.7757372552766113	1.7761928223906163	25.316666666666666	59
537	holistic	60	2	2	1.081307945852625	2.6960016355998357	22.05	58
537	conventional	60	4	4	0.761186394274237	1.7402587895054202	24.066666666666666	59
538	holistic	60	2	2	1.1298569292697835	2.752128296592884	22.916666666666668	59
538	conventional	60	3	3	0.7356509149316214	1.928595091797972	23.916666666666668	59
539	holistic	60	2	2	1.15354509645197	3.5914565809733006	21.916666666666668	58
539	conventional	60	3	3	0.7082486048806185	1.7466667932459743	23.85	59
540	holistic	60	0	0	1.1831541674879946	3.355380282038771	22.916666666666668	59
540	conventional	60	2	2	0.7255723863231875	1.8658601877760823	23.816666666666666	57
541	holistic	60	1	1	1.1672581570010316	3.3015471674889874	22.916666666666668	59
541	conventional	60	1	1	0.7431206833983867	1.6418667524988544	24.8	58
542	holistic	60	3	3	1.1566706870030719	3.2597138007699638	22.716666666666665	59
542	conventional	60	0	0	0.7895155459902893	2.051303533646605	25.8	59
543	holistic	60	1	1	1.2210337994627514	3.4258918279128823	22.716666666666665	56
543	conventional	60	1	1	0.7700072469115061	1.6621595834574656	25.8	59
544	holistic	60	0	0	1.255637259013749	4.862970347910964	23.716666666666665	57
544	conventional	60	2	2	0.7117075502753691	1.495395605570183	24.8	59
545	holistic	60	2	2	1.2252197159109883	3.3419690903866504	24.483333333333334	58
545	conventional	60	4	4	0.7221432849066216	2.671367038718656	23.366666666666667	58
546	holistic	60	0	0	1.1803326806235364	3.6177946635014675	25.483333333333334	59
546	conventional	60	4	4	0.8511657251747332	4.52657414450048	23.85	59
547	holistic	60	3	3	1.1305899987507904	3.353745994794795	24.45	55
547	conventional	60	2	2	0.8143985777054285	3.037499913046385	23.55	55
548	holistic	60	0	0	1.2459406006476172	3.2580848744406032	25.45	56
548	conventional	60	2	2	0.804938946425538	1.8394629904794197	24.366666666666667	56
549	holistic	60	0	0	1.218518865025466	3.236725474548903	26.45	57
549	conventional	60	1	1	0.7792351659368512	1.747488885262869	25.333333333333332	57
550	holistic	60	0	0	1.2399593960903388	3.15930819524621	27.45	58
550	conventional	60	0	0	0.8409701018310348	3.3522788992887333	26.333333333333332	58
551	holistic	60	0	0	1.2510658888767219	3.04720356696884	28.45	59
551	conventional	60	0	0	0.7953649013758002	1.8445808462202953	27.333333333333332	59
552	holistic	60	1	1	1.2104438520792986	3.016303014108932	28.45	59
552	conventional	60	3	3	0.7506516966486434	1.660947669644169	27.166666666666668	59
553	holistic	60	1	1	1.2115177599459848	3.0148237524881707	28.45	57
553	conventional	60	1	1	0.7207872947110817	1.576781692874773	27.166666666666668	59
554	holistic	60	0	0	1.21410089163113	3.0124966755621503	29.45	58
554	conventional	60	1	1	0.776648281278021	3.3143977666299307	27.166666666666668	58
555	holistic	60	0	0	1.2323843536587897	3.036074616253935	30.45	59
555	conventional	60	0	0	0.772190193734983	1.8237227589700433	28.166666666666668	59
556	holistic	60	2	2	1.204315978922893	3.1084059708910243	29.45	57
556	conventional	60	1	1	0.7669360269819783	1.6873874769966326	28.166666666666668	58
557	holistic	60	1	1	1.2018294401916256	3.1284884967226145	30.383333333333333	58
557	conventional	60	1	1	0.7241668219054375	1.5771586148158896	28.966666666666665	59
558	holistic	60	0	0	1.2294151206211457	3.1242276322071714	31.383333333333333	59
558	conventional	60	4	4	0.7029317490948966	1.5521230658779912	26.866666666666667	59
559	holistic	60	3	3	1.2018382201036601	3.073569701251172	29.383333333333333	59
559	conventional	60	2	2	0.689770608751359	1.5511922138648688	26.816666666666666	59
560	holistic	60	2	2	1.1968094528820077	3.161197825646474	28.383333333333333	58
560	conventional	60	6	6	0.6966177412911112	1.4035134826228193	24.033333333333335	58
561	holistic	60	0	0	1.2862619721540074	4.931619569563967	29.383333333333333	59
561	conventional	60	0	0	0.8192098476196683	2.3166833006120493	25.033333333333335	59
562	holistic	60	1	1	1.250790662003422	3.933510775452463	29.383333333333333	58
562	conventional	60	2	2	0.7703072231685776	2.329077498205412	24.033333333333335	59
563	holistic	60	1	1	1.3231645987654914	5.841497526733403	30.316666666666666	59
563	conventional	60	2	2	0.6977314601615354	1.7036837714386384	23.983333333333334	57
564	holistic	60	1	1	1.2325264500887776	3.0386912577927263	30.316666666666666	58
564	conventional	60	4	4	0.6890476897172526	1.611538892097304	24.783333333333335	58
565	holistic	60	0	0	1.2618054642480345	3.174944929844443	31.316666666666666	59
565	conventional	60	0	0	0.8101705533525992	3.337314029280589	25.783333333333335	59
566	holistic	60	1	1	1.3269694809056136	4.952907192644315	31.316666666666666	59
566	conventional	60	1	1	0.8690271469328272	4.858567191755131	25.783333333333335	58
567	holistic	60	1	1	1.2771857091591388	3.947625114020999	31.316666666666666	59
567	conventional	60	0	0	0.8356059647292644	3.358075500152332	26.783333333333335	59
568	holistic	60	2	2	1.2121366887045952	3.1951624451888185	30.316666666666666	57
568	conventional	60	1	1	0.7990018564475037	3.096942786443754	26.783333333333335	59
569	holistic	60	1	1	1.2166308302281876	3.7431553487475355	31.266666666666666	58
569	conventional	60	4	4	0.8020527455821598	2.753159172757338	26.416666666666668	59
570	holistic	60	0	0	1.186001001799835	3.2747013859979375	32.266666666666666	59
570	conventional	60	2	2	0.746780147689563	2.177968171383358	26.4	56
571	holistic	60	4	4	1.158474991853705	3.0435582083583896	31.75	57
571	conventional	60	1	1	0.7640254936968326	2.0593407116217963	27.366666666666667	57
572	holistic	60	1	1	1.2174993217388357	3.0595370508847286	32.68333333333333	58
572	conventional	60	2	2	0.7616132301348373	1.7249891119774632	28.266666666666666	58
573	holistic	60	1	1	1.232333666275249	3.94250826886216	33.61666666666667	59
573	conventional	60	0	0	0.8013753261007698	2.5023315978724434	29.266666666666666	59
574	holistic	60	1	1	1.2431622997574021	2.9690597198980413	33.61666666666667	58
574	conventional	60	1	1	0.7786879226288236	1.9929944618546096	29.266666666666666	58
575	holistic	60	0	0	1.2191141477362886	3.4379473991618994	34.61666666666667	59
575	conventional	60	0	0	0.7774895714166925	1.674277018702536	30.266666666666666	59
576	holistic	60	2	2	1.1638124393787757	3.737121405121436	33.61666666666667	59
576	conventional	60	1	1	0.7231954155290841	1.536803555264325	30.266666666666666	59
577	holistic	60	2	2	1.1837687480867811	3.6051843523418583	33.56666666666667	59
577	conventional	60	1	1	0.7733791577876202	3.3976118195715856	30.266666666666666	58
578	holistic	60	2	2	1.1585914218324154	3.0812973018888647	32.56666666666667	59
578	conventional	60	1	1	0.7301848770855514	1.8918044318111265	31.166666666666668	59
579	holistic	60	2	2	1.14448212955537	3.0636423312055583	32.43333333333333	59
579	conventional	60	1	1	0.7618143961607056	1.4544652498647106	31.166666666666668	59
580	holistic	60	1	1	1.1123542513074296	3.050961110645719	32.43333333333333	58
580	conventional	60	1	1	0.7600443547154284	1.4977649812498777	31.166666666666668	58
581	holistic	60	0	0	1.1009458627453468	3.339010789039926	33.43333333333333	59
581	conventional	60	0	0	0.7301231963646476	1.4900253688617084	32.166666666666664	59
582	holistic	60	5	5	1.0971614464414463	3.302335488075491	31.3	59
582	conventional	60	1	1	0.7165708074374726	1.4824362584941604	32.166666666666664	58
583	holistic	60	3	3	1.0342507112679693	3.1052583325601746	29.3	59
583	conventional	60	1	1	0.7282530783844893	1.47537693349081	32.85	59
584	holistic	60	1	1	1.0277947017403986	3.169599372296244	29.3	59
584	conventional	60	1	1	0.690237699483382	1.4712088200810385	32.85	59
585	holistic	60	2	2	1.0272593713179707	3.367558878218667	29.266666666666666	59
585	conventional	60	4	4	0.645571987788424	1.5046634324280577	30.816666666666666	59
586	holistic	60	4	4	1.0522191049774972	3.1391604965530155	28.133333333333333	59
586	conventional	60	1	1	0.6823240720911017	1.4587461152978014	30.816666666666666	59
587	holistic	60	3	3	1.0814348246348233	3.1265092335165936	27.983333333333334	59
587	conventional	60	3	3	0.6277423573419288	1.4168439903664967	28.816666666666666	59
588	holistic	60	2	2	1.1281130717304089	4.951316490849633	26.983333333333334	57
588	conventional	60	3	3	0.7070295162809895	4.315869988481229	28.3	59
589	holistic	60	0	0	1.1101762221892169	3.272547285841211	27.983333333333334	58
589	conventional	60	2	2	0.6559199103216786	1.8180305551937448	28.25	59
590	holistic	60	1	1	1.111902785030127	3.254982036407944	28.483333333333334	59
590	conventional	60	4	4	0.6550374489992045	1.6496164508418152	28.033333333333335	58
591	holistic	60	3	3	1.0629501157457386	3.1391978570912733	27.416666666666668	58
591	conventional	60	0	0	0.7580211961687444	3.3343055280905483	29.033333333333335	59
592	holistic	60	1	1	1.0890160763339418	3.034381705768869	28.3	59
592	conventional	60	4	4	0.733977764341715	2.3311721566306014	28.883333333333333	59
593	holistic	60	5	5	0.9975622414267119	2.984679409966962	24.3	59
593	conventional	60	1	1	0.8058258547492471	2.3407987597830453	28.883333333333333	59
594	holistic	60	1	1	1.0887081512458379	3.8867847393318455	24.3	59
594	conventional	60	4	4	0.7279970719847141	2.22024200799224	26.766666666666666	59
595	holistic	60	3	3	1.110652627447363	3.218711362665798	23.166666666666668	59
595	conventional	60	1	1	0.7137443001845274	2.90278983328999	26.766666666666666	58
596	holistic	60	1	1	1.062649297302276	2.938896783611254	23.166666666666668	59
596	conventional	60	3	3	0.6702375411327471	1.9763134070328192	27.666666666666668	59
597	holistic	60	1	1	1.028888184847755	2.977116155929396	23.166666666666668	59
597	conventional	60	2	2	0.70587964060485	3.193926980450217	27.65	58
598	holistic	60	5	5	1.0169711562951702	3.0126825587557424	21.516666666666666	57
598	conventional	60	0	0	0.9087937273538259	5.611166916463222	28.65	59
599	holistic	60	0	0	1.09252949874739	3.0325868534673996	22.516666666666666	58
599	conventional	60	3	3	0.8111886963139501	3.9218405760876585	27.5	59
