season	population	alive	births	deaths	mean_lifetime_score	best_lifetime_score	mean_age	max_age
0	holistic	60	2	2	-0.0034047084398817922	1.0	31.1	59
0	conventional	60	0	0	-0.07595159277648461	3.384958096773562	30.6	59
1	holistic	60	1	1	0.02097600082686228	0.8152136944789171	31.1	59
1	conventional	60	2	2	0.01667293324199099	1.5397685769525737	29.6	59
2	holistic	60	1	1	0.06213241578540722	1.2323300569369184	31.1	59
2	conventional	60	5	5	0.23226233208115618	2.5316978548676903	27.733333333333334	58
3	holistic	60	1	1	0.05298055008878208	1.1449617724486254	31.1	58
3	conventional	60	7	7	0.3078914495259842	3.0580356116615315	25.083333333333332	59
4	holistic	60	3	3	0.05065598537992282	0.8930785092023603	31.616666666666667	59
4	conventional	60	5	5	0.40036418868736323	2.756928196203907	23.883333333333333	59
5	holistic	60	2	2	0.03716202852918161	0.7234683265005328	31.55	59
5	conventional	60	8	8	0.4797921296214348	2.7232903561084267	22.316666666666666	59
6	holistic	60	3	3	0.060019113220561505	0.8571428571428571	30.6	58
6	conventional	60	4	4	0.5324656060368279	2.547805828131285	21.483333333333334	57
7	holistic	60	0	0	0.07542410508168645	0.8675351797483632	31.6	59
7	conventional	60	2	2	0.5783775985001771	2.2991135837923906	22.25	58
8	holistic	57	3	6	0.10256708396736663	1.8823226011703507	31.63157894736842	58
8	conventional	60	5	5	0.6116136262538191	2.468229259363546	22.283333333333335	59
9	holistic	60	3	0	0.09357147648866326	1.2096605631361868	31.0	59
9	conventional	60	3	3	0.617861394166802	2.1510387289303545	22.15	58
10	holistic	55	2	7	0.0947809310278918	0.8837305937522218	30.254545454545454	59
10	conventional	60	1	1	0.52055349177044	1.9194737895894591	23.116666666666667	59
11	holistic	25	4	34	0.3595773066461356	2.889465014508765	15.52	56
11	conventional	60	3	3	0.5679728556156508	1.80756728892082	22.683333333333334	59
12	holistic	25	3	3	0.30605229144931245	1.8856283950204835	15.84	57
12	conventional	60	5	5	0.519896452151434	1.7155997590921865	21.416666666666668	59
13	holistic	27	4	2	0.29047501189703234	1.2101434762654073	15.296296296296296	58
13	conventional	60	4	4	0.5891385082924077	2.4702522274266308	21.183333333333334	59
14	holistic	26	4	5	0.3994488502914892	1.866485741035715	12.73076923076923	59
14	conventional	60	4	4	0.5748134545308498	1.6299791333907783	20.233333333333334	59
15	holistic	25	4	5	0.4463457002615156	1.385140415563898	11.28	55
15	conventional	60	4	4	0.6108454851118956	1.9757511155608793	19.15	58
16	holistic	27	3	1	0.47020387758131116	1.768325359459453	11.222222222222221	56
16	conventional	60	2	2	0.7089864284526534	2.460142617918164	20.083333333333332	59
17	holistic	30	4	1	0.47713247979835444	1.771729228266397	10.866666666666667	57
17	conventional	60	3	3	0.7020855239299377	2.804854044720764	19.816666666666666	57
18	holistic	38	10	2	0.4297868795317534	1.952274387335088	7.7368421052631575	55
18	conventional	60	2	2	0.7231658740668868	2.202366346271362	20.75	58
19	holistic	51	13	0	0.44023448833485973	2.725430402946289	6.509803921568627	56
19	conventional	60	3	3	0.728230411954838	1.8433559854465464	21.116666666666667	59
20	holistic	60	11	2	0.43288308112368257	2.9134150445736733	6.25	57
20	conventional	60	4	4	0.81711043443727	4.545459998972774	20.033333333333335	55
21	holistic	60	2	2	0.4573089706923314	2.2524259272071427	7.05	58
21	conventional	60	0	0	0.7778217219999324	2.1801457512242752	21.033333333333335	56
22	holistic	60	6	6	0.5121118875141791	1.967621458824911	7.583333333333333	59
22	conventional	60	4	4	0.7818837794312569	2.6080086516790963	21.883333333333333	57
23	holistic	60	9	9	0.4938130859238855	1.9687303684678774	7.066666666666666	58
23	conventional	60	3	3	0.7756482293735146	2.0869743986478144	22.716666666666665	58
24	holistic	60	4	4	0.5766376367635533	2.742570127123267	7.733333333333333	59
24	conventional	60	2	2	0.8458049445348793	2.3033522278992336	22.85	59
25	holistic	60	3	3	0.5665580457078004	1.7492250433228385	7.616666666666666	51
25	conventional	60	1	1	0.8315121218904764	2.275551732503007	22.85	59
26	holistic	60	2	2	0.6173957580275974	1.5447232994599491	8.483333333333333	52
26	conventional	60	1	1	0.8038132900948682	2.3202712655264444	22.85	59
27	holistic	60	5	5	0.5925307939979552	1.7004517726680914	9.15	53
27	conventional	60	1	1	0.762490880897882	2.171035226377316	22.85	59
28	holistic	60	2	2	0.5766616468711345	1.518814938100685	10.016666666666667	54
28	conventional	60	2	2	0.750396419006999	2.1863278624228792	22.816666666666666	59
29	holistic	60	4	4	0.5875421773123316	2.2953674963154462	10.7	55
29	conventional	60	3	3	0.7103813649402383	2.105209027225452	22.616666666666667	58
30	holistic	60	3	3	0.6350709115312435	3.460962836101835	11.333333333333334	56
30	conventional	60	1	1	0.7652090064138408	1.9863706855606915	23.483333333333334	59
31	holistic	60	3	3	0.6353509317960845	2.793657564817928	12.116666666666667	57
31	conventional	60	4	4	0.7101750525258076	1.8775835264248497	22.45	59
32	holistic	60	1	1	0.6129025194484842	2.393695105640371	13.05	58
32	conventional	60	3	3	0.6788671089611801	1.7778364415537347	22.4	58
33	holistic	60	3	3	0.6083834464266484	2.2933014047628655	13.85	59
33	conventional	60	5	5	0.6545103119062153	1.7268322095039437	23.133333333333333	59
34	holistic	60	4	4	0.664156730368213	3.815126381985629	13.05	44
34	conventional	60	4	4	0.710060497835025	2.749356311178896	22.016666666666666	58
35	holistic	60	2	2	0.6438399698969169	2.8136323116022077	13.916666666666666	45
35	conventional	60	4	4	0.758072344506883	2.3519384908613796	22.55	59
36	holistic	60	0	0	0.6741700033085588	2.1462759222655	14.916666666666666	46
36	conventional	60	2	2	0.7674029325821209	2.5596892880544018	22.516666666666666	59
37	holistic	60	1	1	0.6699852032835786	1.6934036489760664	15.85	47
37	conventional	60	4	4	0.7664871949102083	1.7636710345391537	21.7	51
38	holistic	60	5	5	0.6433027108869355	1.6133750802673503	16.316666666666666	48
38	conventional	60	0	0	0.6991919336094081	1.7548752423967229	22.7	52
39	holistic	60	0	0	0.7088286836503952	1.884481138940471	17.316666666666666	49
39	conventional	60	4	4	0.7700927881964238	1.7461771702717543	23.45	53
40	holistic	60	0	0	0.7142863647233865	2.2360508205516085	18.316666666666666	50
40	conventional	60	1	1	0.8659041964613349	3.344410225018205	23.7	54
41	holistic	60	1	1	0.6931788023183991	1.7934933428068103	19.183333333333334	51
41	conventional	60	0	0	0.8730846268989061	3.850069319250001	24.7	55
42	holistic	60	1	1	0.6903817275071227	1.7265717861377303	20.116666666666667	52
42	conventional	60	1	1	0.8350690447343005	3.0420580203599434	25.583333333333332	56
43	holistic	60	0	0	0.7164833799412716	1.8562626374520481	21.116666666666667	53
43	conventional	60	1	1	0.8005884903867675	2.36521846256434	26.533333333333335	57
44	holistic	60	0	0	0.7023300939016176	1.7939849200116793	22.116666666666667	54
44	conventional	60	3	3	0.7977789911344557	2.3720248444841614	27.316666666666666	58
45	holistic	60	0	0	0.692614130343183	1.7388778137129366	23.116666666666667	55
45	conventional	60	0	0	0.8178277070942465	2.368546084328279	28.316666666666666	59
46	holistic	60	1	1	0.6834984137499917	1.7417752816002339	24.05	56
46	conventional	60	2	2	0.7714341678072798	2.3625796565185797	28.283333333333335	58
47	holistic	60	0	0	0.6795156562367137	1.644705497813214	25.05	57
47	conventional	60	1	1	0.746759760967093	2.1103838346403996	29.233333333333334	59
48	holistic	60	0	0	0.6847670297833796	1.6041076705835386	26.05	58
48	conventional	60	2	2	0.7533507560095328	2.1438364500271256	29.2	58
49	holistic	60	0	0	0.6794630522810109	1.5219880779886863	27.05	59
49	conventional	60	2	2	0.7533810649269921	1.9670559663055553	29.9	59
50	holistic	60	1	1	0.6698309133868516	1.4467617816968812	27.05	45
50	conventional	60	2	2	0.7594633098104747	1.8227782900964327	29.833333333333332	56
51	holistic	60	0	0	0.6545395891696248	1.378008137661593	28.05	46
51	conventional	60	2	2	0.757065366377894	1.6200495546633917	30.766666666666666	57
52	holistic	60	0	0	0.6421109863199489	1.3147490698237616	29.05	47
52	conventional	60	3	3	0.7473253784119932	1.7583703509934971	31.4	58
53	holistic	60	0	0	0.6398435618881061	1.256297871054054	30.05	48
53	conventional	60	0	0	0.847881140553738	3.543727942509833	32.4	59
54	holistic	60	2	2	0.6342183305540641	1.2022289663068535	30.316666666666666	49
54	conventional	60	4	4	0.8087520738307676	2.2402449052863087	32.2	59
55	holistic	60	0	0	0.6401005075142856	1.2948414547944278	31.316666666666666	50
55	conventional	60	2	2	0.819097748662322	2.6200061993340595	32.18333333333333	57
56	holistic	60	0	0	0.6471207289624786	1.3380060209809548	32.31666666666667	51
56	conventional	60	1	1	0.8670269176610753	3.434844584620607	33.15	58
57	holistic	60	0	0	0.6519271875306517	2.169282553561306	33.31666666666667	52
57	conventional	60	1	1	0.8561143597210922	2.4355572007941424	34.11666666666667	59
58	holistic	60	1	1	0.6503678110462936	2.3400260293796524	34.25	53
58	conventional	60	3	3	0.799596999391444	2.3801937694403374	32.8	57
59	holistic	60	0	0	0.6397319714507416	2.242894946584798	35.25	54
59	conventional	60	1	1	0.8238566423982648	2.2316018615840574	33.78333333333333	58
60	holistic	60	2	2	0.6254193826324744	1.8426084107595326	35.43333333333333	55
60	conventional	60	0	0	0.8539957477263954	2.423158754492141	34.78333333333333	59
61	holistic	60	1	1	0.6739363398017332	2.7275240259654305	36.03333333333333	56
61	conventional	60	1	1	0.784443368656501	1.7689078954605102	34.78333333333333	59
62	holistic	60	0	0	0.6537057204061744	2.217183887464248	37.03333333333333	57
62	conventional	60	4	4	0.7107165142933659	1.735926749394593	32.61666666666667	59
63	holistic	60	0	0	0.6557658292121594	2.286501224862404	38.03333333333333	58
63	conventional	60	2	2	0.766411557547956	1.7127555815164306	32.583333333333336	59
64	holistic	60	0	0	0.6645297947716625	2.1429419432502947	39.03333333333333	59
64	conventional	60	3	3	0.7833310264840904	1.8192345117692938	31.45	59
65	holistic	60	1	1	0.6510723539172208	2.0295251601486517	39.03333333333333	59
65	conventional	60	6	6	0.6798822987467372	1.611713249017005	27.183333333333334	59
66	holistic	60	1	1	0.6430145502131135	2.1798287615667933	39.03333333333333	58
66	conventional	60	5	5	0.6855826477572253	1.971923612561955	27.083333333333332	59
67	holistic	60	0	0	0.652306788315774	2.0779464271570167	40.03333333333333	59
67	conventional	60	4	4	0.8795947740506188	3.520737828883865	26.95	59
68	holistic	60	2	2	0.6428925273259171	1.918266356532102	39.9	58
68	conventional	60	5	5	0.7583639443070634	2.4628011546796986	24.866666666666667	57
69	holistic	60	0	0	0.6572589755906768	1.7772629989164683	40.9	59
69	conventional	60	4	4	0.7062983072499031	2.8505916385103256	25.633333333333333	58
70	holistic	60	2	2	0.661609535386215	2.0	40.833333333333336	59
70	conventional	60	4	4	0.7962511339090071	2.518823473989401	26.4	59
71	holistic	60	1	1	0.6597857559387376	1.7476174922563625	40.833333333333336	59
71	conventional	60	3	3	0.7753201587596888	1.9218371551062419	25.383333333333333	59
72	holistic	60	1	1	0.6352238558033497	1.7294994245094848	40.833333333333336	59
72	conventional	60	3	3	0.7448240293659872	1.7170609109176411	24.366666666666667	59
73	holistic	60	1	1	0.606922089287277	1.7869240912602422	40.833333333333336	59
73	conventional	60	3	3	0.7047148888406233	3.231754133648927	23.3	59
74	holistic	60	3	3	0.5992687558931181	1.6922920426298735	40.7	59
74	conventional	60	4	4	0.6479737667952009	1.569870343482794	22.183333333333334	59
75	holistic	60	4	4	0.5476823359954004	1.6518213283318457	38.63333333333333	58
75	conventional	60	5	5	0.6256104099562734	1.5483482432629814	21.05	58
76	holistic	60	1	1	0.6037711868126678	1.8219884854792796	39.56666666666667	59
76	conventional	60	4	4	0.6590200639235207	1.5271794936691736	21.833333333333332	59
77	holistic	60	4	4	0.6187617799673213	2.8301744255099295	37.5	59
77	conventional	60	4	4	0.6304442226875929	1.6766224497997104	21.616666666666667	58
78	holistic	60	5	5	0.5691575549375509	2.493589545388898	33.5	59
78	conventional	60	2	2	0.6511267635965055	1.6737825726811846	22.566666666666666	59
79	holistic	60	6	6	0.5858997125344897	2.074523064826314	29.433333333333334	59
79	conventional	60	8	8	0.6674939210756601	1.6692950051598476	21.233333333333334	59
80	holistic	60	8	8	0.5806445541090711	3.8221201373257045	24.316666666666666	59
80	conventional	60	6	6	0.6737033371472597	3.5495041254076067	20.716666666666665	57
81	holistic	60	3	3	0.6304406361864316	1.8613760937732522	24.183333333333334	59
81	conventional	60	4	4	0.7380693802079549	3.6157381558093	21.233333333333334	58
82	holistic	60	4	4	0.636945044147339	1.9570836753647898	23.05	59
82	conventional	60	2	2	0.7306000844719024	2.1195289729190696	21.75	59
83	holistic	60	6	6	0.6801873906807377	3.829440669748343	20.883333333333333	59
83	conventional	60	4	4	0.9328906431472	5.425093389688941	21.616666666666667	58
84	holistic	60	6	6	0.7670021571513942	4.8931938744079435	19.6	59
84	conventional	60	0	0	0.9705030472769586	4.4158625604850625	22.616666666666667	59
85	holistic	60	3	3	0.742494834065387	3.89167510868739	19.483333333333334	58
85	conventional	60	4	4	0.8463565239652937	2.766720938817913	22.1	58
86	holistic	60	0	0	0.7494464385743024	3.1102994855875017	20.483333333333334	59
86	conventional	60	3	3	0.7991123270358117	2.2638288252482432	22.85	59
87	holistic	60	7	7	0.7275493192880494	2.971693959026084	19.016666666666666	59
87	conventional	60	3	3	0.8332431527293094	2.0597824280377415	22.783333333333335	59
88	holistic	60	3	3	0.7451234633847278	2.7598899445435614	18.883333333333333	59
88	conventional	60	2	2	0.7699292177503099	1.884602236716876	22.766666666666666	59
89	holistic	60	2	2	0.7980694308971813	2.495856506493362	18.816666666666666	59
89	conventional	60	3	3	0.8365725061306397	2.6668068176463655	21.716666666666665	57
90	holistic	60	2	2	0.8900827063338864	2.527566931374364	17.816666666666666	59
90	conventional	60	0	0	0.7994574982165814	2.1466689367359053	22.716666666666665	58
91	holistic	60	6	6	0.8544052770550432	2.629664443867821	17.283333333333335	59
91	conventional	60	1	1	0.8053579712146778	1.9863300167485463	23.633333333333333	59
92	holistic	60	2	2	1.0174232068489608	5.862651208048046	17.216666666666665	59
92	conventional	60	2	2	0.823387187022261	2.1538212503100116	23.566666666666666	58
93	holistic	60	1	1	1.0596457772051389	4.359221635670898	17.216666666666665	58
93	conventional	60	0	0	0.7954707935308103	2.2520916726579396	24.566666666666666	59
94	holistic	60	1	1	1.0121646300082812	2.8911855012566394	18.15	59
94	conventional	60	4	4	0.7348607323300438	1.8142307548559717	24.35	59
95	holistic	60	3	3	1.0080613133472087	3.3397304147141496	17.1	57
95	conventional	60	2	2	0.8074980734357738	4.437549096702456	23.35	59
96	holistic	60	1	1	0.952126175377311	2.6425464530831677	18.033333333333335	58
96	conventional	60	1	1	0.7506787539946862	2.4373923171221983	23.35	59
97	holistic	60	0	0	1.0028375115303871	2.6503056118401345	19.033333333333335	59
97	conventional	60	4	4	0.742645325989938	2.1096385675753204	22.183333333333334	58
98	holistic	60	4	4	1.0046036214598535	2.739370396341099	16.033333333333335	57
98	conventional	60	1	1	0.8979959256168821	2.685188125133759	22.416666666666668	59
99	holistic	60	1	1	1.0294843624744996	2.5549568689833495	16.966666666666665	58
99	conventional	60	3	3	0.9312054273996503	4.415362378980849	20.416666666666668	55
100	holistic	60	0	0	1.0179195141112527	2.492767530985164	17.966666666666665	59
100	conventional	60	0	0	0.8602648747859034	3.249105168002925	21.416666666666668	56
101	holistic	60	2	2	1.0209341501085063	2.5806209652811476	17.85	55
101	conventional	60	3	3	0.8660647009424789	2.2985269523888503	22.183333333333334	57
102	holistic	60	1	1	1.0458727839257962	2.540047862807914	18.783333333333335	56
102	conventional	60	1	1	0.8697358355627665	2.575494101395705	22.816666666666666	58
103	holistic	60	0	0	1.0354867429527816	2.4704295029037855	19.783333333333335	57
103	conventional	60	0	0	0.8747102653171661	1.9303811852523876	23.816666666666666	59
104	holistic	60	0	0	1.0434891533671178	2.5152760175326105	20.783333333333335	58
104	conventional	60	1	1	0.8957496273109448	2.8488107613510296	23.816666666666666	52
105	holistic	60	0	0	1.0602309050636822	2.4587553316896877	21.783333333333335	59
105	conventional	60	1	1	0.8226648969660061	1.7595077262911145	24.75	53
106	holistic	60	1	1	1.0765336960555552	2.4336449681333105	21.783333333333335	52
106	conventional	60	0	0	0.8751145420697527	2.004016816954329	25.75	54
107	holistic	60	0	0	1.050928825239386	2.3443654454715532	22.783333333333335	53
107	conventional	60	1	1	0.8437868029227402	1.944925534741006	26.566666666666666	55
108	holistic	60	0	0	1.035921829148239	2.262091830991409	23.783333333333335	54
108	conventional	60	1	1	0.8235038743314185	1.7492288887925533	27.183333333333334	56
109	holistic	60	0	0	1.054998485471312	2.3078052274860887	24.783333333333335	55
109	conventional	60	1	1	0.8378552401335182	1.5913243998096236	28.15	57
110	holistic	60	1	1	1.0408998615164622	2.291490118972137	25.716666666666665	56
110	conventional	60	1	1	0.8240032824333603	1.5630046851355188	29.133333333333333	58
111	holistic	60	0	0	1.0415806309264266	2.1983308348949824	26.716666666666665	57
111	conventional	60	0	0	0.8206121329556434	1.5965131813939375	30.133333333333333	59
112	holistic	60	0	0	1.0398077833219852	2.224150939029596	27.716666666666665	58
112	conventional	60	2	2	0.824994838076062	1.6285343427127688	30.1	58
113	holistic	60	0	0	1.045456839245854	2.1484153213727897	28.716666666666665	59
113	conventional	60	0	0	0.8105191843787977	1.5440618982704313	31.1	59
114	holistic	60	2	2	1.0266876428636655	2.236467956066518	28.65	54
114	conventional	60	2	2	0.8001393214784742	1.67481735023789	30.1	57
115	holistic	60	1	1	1.0379175793430995	2.2577140785019623	29.25	55
115	conventional	60	0	0	0.8875412366780251	2.586308196386157	31.1	58
116	holistic	60	0	0	1.078264666054843	2.2914655290168833	30.25	56
116	conventional	60	0	0	0.9000370091279204	2.9868865526718165	32.1	59
117	holistic	60	0	0	1.0631532028472164	2.2507810360387865	31.25	57
117	conventional	60	1	1	0.8773988065107636	2.497625672919471	32.1	58
118	holistic	60	0	0	1.0858170136207894	2.2935299279030303	32.25	58
118	conventional	60	0	0	0.9054158677077537	2.378924595475277	33.1	59
119	holistic	60	1	1	1.0793954102514864	2.2814082176620496	33.18333333333333	59
119	conventional	60	1	1	0.8717791655570135	1.5872155357895024	33.1	57
120	holistic	60	1	1	1.0575979648767209	2.2697835480825788	33.18333333333333	59
120	conventional	60	0	0	0.8626884432221246	1.5181763774755057	34.1	58
121	holistic	60	1	1	1.1038685246398445	2.7073567044879128	33.18333333333333	56
121	conventional	60	0	0	0.862621815663437	1.4902133624683787	35.1	59
122	holistic	60	0	0	1.097311967968785	2.228531207754521	34.18333333333333	57
122	conventional	60	1	1	0.8583919027123663	1.5618482165647625	35.1	59
123	holistic	60	0	0	1.1450857134207288	4.040533728156274	35.18333333333333	58
123	conventional	60	2	2	0.8859631765143626	2.3303745589282925	35.03333333333333	59
124	holistic	60	0	0	1.1225894698552044	2.957101001259735	36.18333333333333	59
124	conventional	60	1	1	0.8596633376627943	1.4940211490087758	35.03333333333333	59
125	holistic	60	2	2	1.1066857057403134	2.3080526173230522	36.11666666666667	57
125	conventional	60	2	2	0.8480715486401494	1.844985315155744	35.0	59
126	holistic	60	0	0	1.1265189445865629	2.235494563273884	37.11666666666667	58
126	conventional	60	4	4	0.8588409264241317	2.3414785615308236	32.983333333333334	59
127	holistic	60	0	0	1.1098453690696957	2.231641781538562	38.11666666666667	59
127	conventional	60	2	2	0.7662501093563819	1.582666107423051	31.983333333333334	59
128	holistic	60	2	2	1.0738829982324987	2.284345321624358	37.11666666666667	54
128	conventional	60	2	2	0.8240802432832339	2.64483458571562	31.95	59
129	holistic	60	0	0	1.0809895830178664	2.275649350218002	38.11666666666667	55
129	conventional	60	4	4	0.8428960895100637	3.61522410080849	30.133333333333333	59
130	holistic	60	1	1	1.0802249280357372	2.3830906004635093	39.083333333333336	56
130	conventional	60	2	2	0.8914806809706527	2.6212087427079522	30.066666666666666	59
131	holistic	60	0	0	1.0671984535973715	2.373181801235773	40.083333333333336	57
131	conventional	60	1	1	0.8301263173396689	2.3816727827341744	30.066666666666666	59
132	holistic	60	1	1	1.0581254139909855	2.419325015204492	40.96666666666667	58
132	conventional	60	4	4	0.7642011197065198	2.2456514301293073	28.95	58
133	holistic	60	0	0	1.1150213879314832	2.8215223374341853	41.96666666666667	59
133	conventional	60	4	4	0.7956650443308079	2.1297535884981316	29.416666666666668	59
134	holistic	60	3	3	1.0368788437191405	2.506943303845866	39.96666666666667	59
134	conventional	60	2	2	0.8431050660327217	4.3141879959204	29.383333333333333	59
135	holistic	60	2	2	1.0238635385843051	2.4969282000836492	38.96666666666667	59
135	conventional	60	3	3	0.8977947096813683	3.323279108774364	29.233333333333334	59
136	holistic	60	1	1	1.0352086400524658	2.468487292315943	38.96666666666667	59
136	conventional	60	3	3	0.9239133356230269	3.226586884439018	27.233333333333334	58
137	holistic	60	2	2	1.003469740732734	2.4751481808345877	37.96666666666667	59
137	conventional	60	0	0	0.816202805733785	2.6121089929200174	28.233333333333334	59
138	holistic	60	4	4	0.970773834627653	2.3093948776104023	36.833333333333336	59
138	conventional	60	3	3	0.7965996816700653	2.0905589727980636	28.166666666666668	59
139	holistic	60	3	3	0.9679986389354163	2.370172786666737	35.766666666666666	59
139	conventional	60	3	3	0.8252616759863485	2.243686521263243	28.0	59
140	holistic	60	2	2	0.9564629503840242	2.327097454546608	34.766666666666666	59
140	conventional	60	3	3	0.7792954192027892	1.7867016921820489	26.966666666666665	59
141	holistic	60	3	3	0.9288825311167853	2.1804516120529875	33.71666666666667	59
141	conventional	60	3	3	0.8471887641283633	2.576937304093697	25.933333333333334	59
142	holistic	60	3	3	0.940341743347601	2.173814725216516	32.65	59
142	conventional	60	2	2	0.865214505676271	2.2094138538097763	24.933333333333334	59
143	holistic	60	4	4	0.9815566538903326	2.8779931642310417	30.583333333333332	59
143	conventional	60	3	3	0.8030104074295213	1.895194827144508	23.883333333333333	57
144	holistic	60	5	5	1.0310603877017661	3.7511462664288087	27.416666666666668	59
144	conventional	60	1	1	0.9021385000342089	2.3923535685758766	24.85	58
145	holistic	60	2	2	1.1437674983468078	4.561435244949845	26.416666666666668	58
145	conventional	60	3	3	0.902356269092215	1.9592035075909482	25.416666666666668	59
146	holistic	60	1	1	1.1036220998197734	2.7231698925937877	27.35	59
146	conventional	60	1	1	0.961762975403344	2.664826761521704	25.416666666666668	59
147	holistic	60	6	6	1.0167777485407055	2.7228684500287748	24.216666666666665	59
147	conventional	60	3	3	0.9263233569676643	2.2050281221010826	24.383333333333333	59
148	holistic	60	5	5	0.985760948118401	2.3881449006952264	23.033333333333335	59
148	conventional	60	2	2	0.8847151156639879	1.8476510529803607	24.3	59
149	holistic	60	4	4	0.9897579160158807	2.3231066184446396	21.966666666666665	59
149	conventional	60	4	4	0.8650830880891384	2.6039140018039704	22.933333333333334	55
150	holistic	60	3	3	1.0567382957770586	3.900561887466854	21.85	59
150	conventional	60	0	0	1.0637279792526282	5.2091018876713004	23.933333333333334	56
151	holistic	60	5	5	1.003289862818933	3.4018981624294935	17.85	58
151	conventional	60	0	0	0.9758809107510177	3.243103136795983	24.933333333333334	57
152	holistic	60	1	1	0.9414354799869531	2.897419843758797	18.783333333333335	59
152	conventional	60	1	1	0.9319383281648592	2.697759280541032	25.85	58
153	holistic	60	4	4	0.9453012662537982	3.2222806892364524	18.516666666666666	58
153	conventional	60	0	0	0.911525947200563	2.9606418292969643	26.85	59
154	holistic	60	1	1	0.9552352117247211	2.413325981811729	19.45	59
154	conventional	60	5	5	0.8107455285473059	2.8550311913753146	23.766666666666666	59
155	holistic	60	4	4	0.9584360088734588	2.399302731479844	18.316666666666666	59
155	conventional	60	3	3	0.9190008925825727	3.5064533874282873	22.966666666666665	58
156	holistic	60	2	2	0.9749864447120881	2.3285689424303766	18.25	58
156	conventional	60	0	0	0.8632319490822664	2.5659309993193387	23.966666666666665	59
157	holistic	60	3	3	1.0411654537856223	2.2759750865395563	19.05	59
157	conventional	60	5	5	0.8739925197902055	2.556292723269235	20.933333333333334	59
158	holistic	60	5	5	0.9258700614385376	2.3450615545742273	16.866666666666667	59
158	conventional	60	1	1	0.8173678810326196	2.390209543217763	20.933333333333334	59
159	holistic	60	2	2	1.009149621182773	2.299464730159503	16.8	58
159	conventional	60	4	4	0.9330344772929282	2.4905208834596744	20.8	58
160	holistic	60	0	0	1.0059625582644893	2.3021911225424754	17.8	59
160	conventional	60	0	0	0.9447204293810194	4.253352258487555	21.8	59
161	holistic	60	4	4	0.9538651209560497	2.3782335368965506	16.666666666666668	59
161	conventional	60	3	3	0.9084586921726959	2.7779307525355907	20.766666666666666	59
162	holistic	60	4	4	0.9751952110883718	2.3514207982465036	16.466666666666665	48
162	conventional	60	1	1	0.9636636387035563	4.3616157515178555	20.766666666666666	54
163	holistic	60	1	1	1.0458203571767968	2.8236503715085397	17.4	49
163	conventional	60	1	1	0.9314855216603484	2.514428026587567	21.733333333333334	55
164	holistic	60	1	1	1.0389258477985321	2.9088461225766853	18.0	50
164	conventional	60	0	0	0.8748059875525617	2.191783335618459	22.733333333333334	56
165	holistic	60	2	2	1.0439509729605523	2.5779038153189533	18.866666666666667	51
165	conventional	60	0	0	0.9006854042325305	2.161228109698812	23.733333333333334	57
166	holistic	60	2	2	1.0148777237820075	2.2047634247316474	19.733333333333334	52
166	conventional	60	0	0	0.8934172518566207	2.095290223955842	24.733333333333334	58
167	holistic	60	1	1	0.9946004119690923	2.281030757822545	20.55	53
167	conventional	60	1	1	0.8624146682649587	2.1055289019229373	25.433333333333334	59
168	holistic	60	0	0	0.990943072273936	2.259970993923507	21.55	54
168	conventional	60	3	3	0.8162672796057859	2.0431111407874747	25.233333333333334	56
169	holistic	60	1	1	0.9715850174716708	2.251805232822088	22.483333333333334	55
169	conventional	60	1	1	0.8178399123416313	1.9883141015337809	26.2	57
170	holistic	60	1	1	1.052313537854166	2.816981873283391	23.416666666666668	56
170	conventional	60	0	0	0.8326092743997339	1.9367368455082137	27.2	58
171	holistic	60	2	2	1.0541912965491784	2.332152820429247	24.15	57
171	conventional	60	0	0	0.8103309565374054	1.888917710486449	28.2	59
172	holistic	60	0	0	1.0848953029195874	2.4869216138675916	25.15	58
172	conventional	60	1	1	0.8246589608107744	1.873949419714231	28.2	58
173	holistic	60	0	0	1.1371484942113002	2.81899412576594	26.15	59
173	conventional	60	0	0	0.851713208860348	1.8307262801647144	29.2	59
174	holistic	60	3	3	1.0653113607133673	2.4507153211984667	25.016666666666666	55
174	conventional	60	1	1	0.8358573272190025	1.8466815248853916	29.2	57
175	holistic	60	1	1	1.1867996557213432	5.924287741788316	25.95	56
175	conventional	60	0	0	0.8154947307824106	1.8345798560594864	30.2	58
176	holistic	60	0	0	1.1906099373191383	3.4129697092423377	26.95	57
176	conventional	60	1	1	0.8191877731150838	1.8503067779666997	31.166666666666668	59
177	holistic	60	0	0	1.1419804976179617	3.2454281239062617	27.95	58
177	conventional	60	1	1	0.8033147964213174	1.812187042543584	31.166666666666668	54
178	holistic	60	1	1	1.1326171869930766	3.1602268769094235	28.683333333333334	59
178	conventional	60	0	0	0.8442428301945394	1.801964978524682	32.166666666666664	55
179	holistic	60	1	1	1.1171587016851936	2.709877596087937	28.683333333333334	59
179	conventional	60	0	0	0.8515294193409364	1.7917669608713507	33.166666666666664	56
180	holistic	60	1	1	1.0747052203017502	2.2396029745117803	28.683333333333334	55
180	conventional	60	1	1	0.8407516985240562	1.7340113182303596	33.983333333333334	57
181	holistic	60	2	2	1.0614892856688531	2.335526185761755	29.366666666666667	56
181	conventional	60	0	0	0.8128274425498834	1.7020671835601224	34.983333333333334	58
182	holistic	60	0	0	1.0926226015656335	2.4339039357251995	30.366666666666667	57
182	conventional	60	0	0	0.8339648288738158	1.671810570745312	35.983333333333334	59
183	holistic	60	0	0	1.0784766777038037	2.462070733962523	31.366666666666667	58
183	conventional	60	1	1	0.8286089039261862	1.6429785678397684	35.983333333333334	59
184	holistic	60	0	0	1.0794631605015397	2.418969225214388	32.36666666666667	59
184	conventional	60	1	1	0.8219489168901526	1.685229864872763	35.983333333333334	59
185	holistic	60	1	1	1.0845613762234316	2.3898255309174643	32.36666666666667	57
185	conventional	60	2	2	0.8182233981119834	1.5463374025318086	35.95	59
186	holistic	60	0	0	1.1417413452527516	2.927555222846425	33.36666666666667	58
186	conventional	60	2	2	0.8011722091774869	1.7327349453763676	34.95	59
187	holistic	60	0	0	1.1042000949082427	2.295335547950063	34.36666666666667	59
187	conventional	60	1	1	0.9310655066450583	4.297448757073562	34.95	58
188	holistic	60	1	1	1.0818466488743665	2.2794382912193343	34.36666666666667	58
188	conventional	60	1	1	0.9201461102358774	2.3280908221756977	35.9	59
189	holistic	60	0	0	1.07754329221159	2.2638088816116224	35.36666666666667	59
189	conventional	60	3	3	0.8646812506749385	2.3131515452736915	34.88333333333333	59
190	holistic	60	1	1	1.0566312156249225	2.2831471498451053	35.36666666666667	58
190	conventional	60	1	1	0.8492521113306746	1.820301742920674	34.88333333333333	58
191	holistic	60	0	0	1.0699837053168018	2.3010021186668044	36.36666666666667	59
191	conventional	60	2	2	0.850526330295758	1.9189099234112372	35.766666666666666	59
192	holistic	60	2	2	1.0314370121695577	2.285095827481043	36.3	57
192	conventional	60	2	2	0.8400265332632918	2.1564214424298442	34.766666666666666	59
193	holistic	60	0	0	1.052563369061956	2.271944973249694	37.3	58
193	conventional	60	3	3	0.7743905701807756	2.4660115291890263	32.766666666666666	59
194	holistic	60	0	0	1.049896420465513	2.348880723106213	38.3	59
194	conventional	60	5	5	0.780505031686072	2.1992874095971637	31.616666666666667	59
195	holistic	60	1	1	1.0411031581853143	2.4361086750669294	38.3	59
195	conventional	60	3	3	0.747823971840244	2.326513608130959	29.616666666666667	57
196	holistic	60	2	2	1.0745816538738064	2.858986977458942	38.233333333333334	59
196	conventional	60	4	4	0.8000546290292385	2.244171328611969	30.033333333333335	58
197	holistic	60	2	2	1.0899743024637298	3.729211607829062	37.233333333333334	59
197	conventional	60	0	0	0.7772435304281944	1.8943820329649406	31.033333333333335	59
198	holistic	60	2	2	0.9960479902949971	2.2940076658604527	36.233333333333334	59
198	conventional	60	6	6	0.7958795635757688	1.9747548020388164	29.716666666666665	59
199	holistic	60	2	2	0.9678498797325649	2.5179352152302936	35.233333333333334	59
199	conventional	60	3	3	0.8348977125569887	1.8881811654028828	28.633333333333333	59
200	holistic	60	2	2	1.0456156426577263	2.939947362379691	35.166666666666664	59
200	conventional	60	5	5	0.797895706173149	1.9325227713697717	27.55	59
201	holistic	60	5	5	0.9692825521200028	2.4729251537278283	33.03333333333333	59
201	conventional	60	4	4	0.8431311256830479	6.238492916299308	25.516666666666666	59
202	holistic	60	4	4	0.9134062922635328	2.524247531334908	31.9	59
202	conventional	60	4	4	0.8315055605492903	5.246127870926225	25.266666666666666	59
203	holistic	60	2	2	1.010111019249923	2.889460390921323	30.9	59
203	conventional	60	3	3	0.8757921540992917	3.9153543888974123	25.1	58
204	holistic	60	4	4	0.9721901728120576	2.5167806487061495	28.833333333333332	57
204	conventional	60	3	3	0.8883699774009858	2.7521799539794083	25.983333333333334	59
205	holistic	60	1	1	1.0492303696023384	2.884372545004029	29.766666666666666	58
205	conventional	60	2	2	0.8674596578638905	2.253008813090951	24.983333333333334	59
206	holistic	60	2	2	1.0352043529566826	3.1953339349535432	30.666666666666668	59
206	conventional	60	4	4	0.8273949362369656	2.2927374694769154	24.3	59
207	holistic	60	4	4	1.004663563417036	2.7969600850661824	28.6	59
207	conventional	60	4	4	0.7897115848750567	2.2876771788105037	24.166666666666668	59
208	holistic	60	4	4	1.0106903335460886	3.8084930262254404	25.6	59
208	conventional	60	3	3	0.9321552047070336	2.5272757323170425	24.116666666666667	59
209	holistic	60	3	3	1.0448441922705838	2.8113308902993044	24.533333333333335	59
209	conventional	60	3	3	0.9172604507193376	2.352055651395054	23.1	57
210	holistic	60	2	2	0.9971757819045697	2.9725676987696037	23.533333333333335	59
210	conventional	60	1	1	0.9611354243585687	2.421791227485289	24.05	58
211	holistic	60	5	5	0.9548610519626846	2.8913919125207106	22.333333333333332	58
211	conventional	60	1	1	0.9205965965454168	2.2490593251803137	25.016666666666666	59
212	holistic	60	0	0	1.0082238996223847	3.849715530577322	23.333333333333332	59
212	conventional	60	1	1	0.9556990851514201	2.3123741789385104	25.016666666666666	58
213	holistic	60	4	4	0.9966138783715556	2.9690418335625077	23.133333333333333	58
213	conventional	60	0	0	0.9040969275383494	1.8738572700106442	26.016666666666666	59
214	holistic	60	2	2	1.0449210764806358	2.9181205462518705	24.0	59
214	conventional	60	5	5	0.8034196520727527	1.763740468045394	22.016666666666666	59
215	holistic	60	5	5	1.036208892945718	2.87052805742809	21.866666666666667	59
215	conventional	60	2	2	0.8123437050274883	3.457045938557578	21.966666666666665	58
216	holistic	60	2	2	1.0421499170877309	2.9190892628053517	21.816666666666666	59
216	conventional	60	3	3	0.8037150933753494	1.6823024018267412	22.9	59
217	holistic	60	2	2	1.069891763841593	2.9419501777422585	21.75	59
217	conventional	60	6	6	0.7518676055664603	1.759153570912188	20.633333333333333	59
218	holistic	60	2	2	0.9978948899469365	3.0776258965927865	20.75	57
218	conventional	60	3	3	0.9011009753529226	4.5362142605025175	20.45	59
219	holistic	60	4	4	1.096690920263818	3.757290006481496	21.416666666666668	58
219	conventional	60	5	5	0.9024735941296882	4.632135479391941	18.383333333333333	58
220	holistic	60	1	1	1.0922942798199442	3.17856567725964	22.35	59
220	conventional	60	2	2	0.8782915877829847	3.305763748924543	19.183333333333334	59
221	holistic	60	3	3	1.0931730364058343	3.1726709884345192	21.283333333333335	59
221	conventional	60	4	4	0.8260552242154747	2.2929269022326073	19.083333333333332	59
222	holistic	60	2	2	1.1521557152123196	4.702196151277064	21.216666666666665	59
222	conventional	60	3	3	0.8179559890324538	1.9311464470996798	18.983333333333334	54
223	holistic	60	3	3	1.0812036928884514	3.1218058385488368	21.083333333333332	58
223	conventional	60	1	1	0.8009866829840173	2.33155961319713	19.95	55
224	holistic	60	0	0	1.0955589404220236	3.1636768841713803	22.083333333333332	59
224	conventional	60	2	2	0.8130197944042702	2.3522951645486154	20.783333333333335	56
225	holistic	60	1	1	1.0768566634896568	3.1525485574978314	22.083333333333332	56
225	conventional	60	0	0	0.8039427089506311	1.7639633517630566	21.783333333333335	57
226	holistic	60	1	1	1.0588143315051035	3.167140794591272	23.016666666666666	57
226	conventional	60	1	1	0.7775386489310593	2.1002131919287663	22.75	58
227	holistic	60	3	3	1.0333507964895248	3.1245572347074497	23.75	58
227	conventional	60	1	1	0.7790091629241028	2.5464828268242705	23.683333333333334	59
228	holistic	60	1	1	1.0398054152159097	3.0650127289717117	24.616666666666667	59
228	conventional	60	3	3	0.7088364202441215	2.1816038334683063	22.533333333333335	52
229	holistic	60	2	2	1.0194076283994062	3.0074567876280858	24.55	59
229	conventional	60	2	2	0.8311638888925814	4.671726969765694	23.45	53
230	holistic	60	4	4	1.0486489223099142	2.9521387442483413	24.183333333333334	59
230	conventional	60	1	1	0.7701743792981893	2.17078503820025	24.416666666666668	54
231	holistic	60	1	1	1.3006718242555495	4.8469314899486395	24.183333333333334	57
231	conventional	60	1	1	0.8031100553508506	2.6693587113296005	25.383333333333333	55
232	holistic	60	0	0	1.2384949228688094	4.345076100899392	25.183333333333334	58
232	conventional	60	1	1	0.8169607346981741	2.1713894963348253	26.366666666666667	56
233	holistic	60	1	1	1.2564715269708044	3.9116776341164763	25.733333333333334	59
233	conventional	60	0	0	0.8234889099372187	2.823957725400247	27.366666666666667	57
234	holistic	60	3	3	1.1302520133347969	3.096050120532563	23.733333333333334	59
234	conventional	60	3	3	0.7792854446109622	2.242190873773674	27.516666666666666	58
235	holistic	60	1	1	1.094240981774534	2.8459355013059993	23.733333333333334	57
235	conventional	60	1	1	0.8702420082021944	3.4896201325825036	28.3	59
236	holistic	60	1	1	1.062248727531155	2.4970170394300943	24.683333333333334	58
236	conventional	60	3	3	0.7669029867519548	1.9993161061381848	27.05	59
237	holistic	60	1	1	1.0512202939721744	2.3486583819819775	25.633333333333333	59
237	conventional	60	1	1	0.7892515052408976	2.243496973870914	27.05	57
238	holistic	60	3	3	1.042423383032044	2.347622311393103	25.5	58
238	conventional	60	1	1	0.7802072387299418	1.4326171317036838	28.033333333333335	58
239	holistic	60	1	1	1.067329596054624	2.4495263193047045	26.433333333333334	59
239	conventional	60	1	1	0.7949839261310675	1.4019507751594995	28.983333333333334	59
240	holistic	60	1	1	1.0915018381153205	2.5648841297122935	26.433333333333334	59
240	conventional	60	2	2	0.8342738282391582	1.4492639499747704	28.883333333333333	56
241	holistic	60	3	3	1.164308726480448	3.8435388183548396	25.366666666666667	56
241	conventional	60	1	1	0.8104045349442308	1.4813251651247143	29.666666666666668	57
242	holistic	60	0	0	1.2376312696902785	5.835269206041515	26.366666666666667	57
242	conventional	60	1	1	0.7895551291971944	1.5655814688258831	30.633333333333333	58
243	holistic	60	0	0	1.1912973327403307	4.169630885907346	27.366666666666667	58
243	conventional	60	1	1	0.7940624207406769	1.5607993114513083	31.566666666666666	59
244	holistic	60	0	0	1.1798232870714287	3.0898639450044527	28.366666666666667	59
244	conventional	60	2	2	0.7616459305786762	1.4807878191734631	31.5	58
245	holistic	60	1	1	1.1676705749460166	3.4369567524412092	28.366666666666667	55
245	conventional	60	1	1	0.823144065685774	1.6211527975554956	32.38333333333333	59
246	holistic	60	0	0	1.1886058753365445	4.000459824209872	29.366666666666667	56
246	conventional	60	1	1	0.8300232290595196	1.5683023516554722	32.38333333333333	59
247	holistic	60	0	0	1.1846913519631854	3.9739909326717417	30.366666666666667	57
247	conventional	60	2	2	0.7879642304714239	1.3901735554632983	32.36666666666667	58
248	holistic	60	0	0	1.1801174660846605	4.2051342816739155	31.366666666666667	58
248	conventional	60	0	0	0.8123517874815973	1.43888828884155	33.36666666666667	59
249	holistic	60	1	1	1.1644387641826812	3.9389064796040163	32.3	59
249	conventional	60	3	3	0.7538251798740521	1.3827554564953586	32.333333333333336	58
250	holistic	60	1	1	1.1581518566751285	3.8280804097524657	32.3	58
250	conventional	60	0	0	0.7782193077319465	1.7824500174123596	33.333333333333336	59
251	holistic	60	0	0	1.1891923783754283	3.5532619175854383	33.3	59
251	conventional	60	1	1	0.7717219271642745	1.5471972408572519	33.333333333333336	59
252	holistic	60	1	1	1.1926800650733986	3.3086363103063214	33.3	57
252	conventional	60	1	1	0.7603340937810443	1.387777795270093	33.333333333333336	59
253	holistic	60	1	1	1.2032344075414259	3.8135141071660272	34.233333333333334	58
253	conventional	60	1	1	0.7564578517606949	1.5129326143007076	33.333333333333336	59
254	holistic	60	1	1	1.1976418269356144	3.325864341136087	35.2	59
254	conventional	60	4	4	0.7926298813331901	3.333662802016298	31.833333333333332	59
255	holistic	60	1	1	1.1724413320647022	3.225414469651331	35.2	59
255	conventional	60	3	3	0.7468068576368659	1.8334950839199888	29.833333333333332	57
256	holistic	60	1	1	1.172912627063399	3.325099696384078	35.2	57
256	conventional	60	0	0	0.7044995819094965	1.6656658037636476	30.833333333333332	58
257	holistic	60	0	0	1.2393714870554022	3.253293864750476	36.2	58
257	conventional	60	2	2	0.7266726282165016	1.348864202282104	31.683333333333334	59
258	holistic	60	0	0	1.2875569517033074	3.700310284560073	37.2	59
258	conventional	60	3	3	0.7140175786192617	1.6290831497309086	31.45	59
259	holistic	60	2	2	1.2326621097386539	3.822995804720315	36.2	59
259	conventional	60	3	3	0.7952438874703576	1.5618992531654519	31.35	59
260	holistic	60	1	1	1.2675946524295576	3.722610754569081	36.2	59
260	conventional	60	2	2	0.7520654113221519	1.574030131361798	30.35	59
261	holistic	60	4	4	1.1809415286252318	3.3706369655756814	33.2	59
261	conventional	60	3	3	0.7082594711313421	1.661927176530945	28.35	59
262	holistic	60	3	3	1.2102272636616622	3.9215356139292012	31.2	59
262	conventional	60	3	3	0.736595069020853	2.6585232546557114	27.316666666666666	59
263	holistic	60	2	2	1.2862383593874127	4.420254801390195	31.133333333333333	59
263	conventional	60	2	2	0.7740940148297376	3.3181241820057252	27.3	59
264	holistic	60	3	3	1.2376908302966212	4.901805965394577	29.133333333333333	58
264	conventional	60	3	3	0.7607842503412798	3.1077149202397334	27.183333333333334	59
265	holistic	60	1	1	1.2183823776554843	3.4280011103983856	30.066666666666666	59
265	conventional	60	5	5	0.793080178524743	3.1761501175326083	26.966666666666665	59
266	holistic	60	1	1	1.2040187069749542	3.326934638545319	30.066666666666666	59
266	conventional	60	4	4	0.8939975797155373	3.431502090334372	24.933333333333334	59
267	holistic	60	1	1	1.2435715585877825	3.8980182824744887	30.066666666666666	59
267	conventional	60	1	1	0.8363548216980006	2.2176296282782255	24.933333333333334	59
268	holistic	60	7	7	1.1236474694479408	3.114950746389259	26.833333333333332	57
268	conventional	60	5	5	0.8954667085674392	2.87327909783965	23.816666666666666	59
269	holistic	60	1	1	1.1828457050892307	3.0490343300247074	27.8	58
269	conventional	60	1	1	0.9123053083047901	3.554455980937609	23.816666666666666	58
270	holistic	60	1	1	1.2273190915109902	3.3511705214934615	28.766666666666666	59
270	conventional	60	1	1	0.8925656396613753	2.946975986562505	24.783333333333335	59
271	holistic	60	2	2	1.1414718671049018	2.9827527748766407	27.766666666666666	58
271	conventional	60	2	2	0.891532082686256	2.5809829245640947	24.75	57
272	holistic	60	3	3	1.1327572316210464	2.9750876292055013	28.566666666666666	59
272	conventional	60	0	0	0.9049177475648796	3.237930146382069	25.75	58
273	holistic	60	2	2	1.1111792139870298	3.098932339809238	27.566666666666666	59
273	conventional	60	0	0	0.905913381380731	3.0323669446421753	26.75	59
274	holistic	60	3	3	1.0556422422930805	3.007472141710727	26.5	59
274	conventional	60	3	3	0.8320463384700415	2.735410353664129	25.65	58
275	holistic	60	2	2	1.0991082238868792	3.1606158684298866	26.433333333333334	59
275	conventional	60	1	1	0.8533889538623183	2.2332172138013275	26.583333333333332	59
276	holistic	60	2	2	1.0691961630646531	3.1471802920327905	26.366666666666667	59
276	conventional	60	3	3	0.8087388177615786	2.229760527882135	26.533333333333335	59
277	holistic	60	3	3	1.0609198477201696	3.10143139551819	26.166666666666668	59
277	conventional	60	3	3	0.8092783285434629	2.1160676103469824	24.533333333333335	59
278	holistic	60	2	2	1.0640315049967763	3.0551118284225898	26.1	59
278	conventional	60	3	3	0.7854370155156073	3.3014324532758197	23.316666666666666	58
279	holistic	60	2	2	1.0509204893449589	3.0464756962833173	26.033333333333335	58
279	conventional	60	3	3	0.7585145726500936	1.8603044790528132	24.166666666666668	59
280	holistic	60	3	3	1.1005157052886974	3.00501995608446	26.583333333333332	59
280	conventional	60	5	5	0.7000053115093015	1.6406315213925262	23.05	59
281	holistic	60	3	3	1.0060618235075542	2.9340703447873815	24.583333333333332	59
281	conventional	60	3	3	0.704147598773299	2.448837957872843	22.016666666666666	59
282	holistic	60	2	2	1.0554076917789679	2.9324306084510936	24.533333333333335	59
282	conventional	60	8	8	0.725474366641187	3.3949018771517054	21.416666666666668	58
283	holistic	60	1	1	1.1379243735216773	3.856103283196547	24.533333333333335	56
283	conventional	60	1	1	0.9226306576065451	11.588631472738516	22.3	59
284	holistic	60	2	2	1.1165464360050354	2.8600770186569595	25.4	57
284	conventional	60	2	2	0.9367462892070609	7.080256085614045	22.2	56
285	holistic	60	0	0	1.2959498638213938	6.864451744686774	26.4	58
285	conventional	60	0	0	0.8584171446555937	5.251297625071683	23.2	57
286	holistic	60	1	1	1.2154235619524085	3.4258565906097638	27.333333333333332	59
286	conventional	60	3	3	0.7991262530807052	4.58480929371512	23.366666666666667	58
287	holistic	60	2	2	1.1618924162545352	3.898892471600568	26.333333333333332	59
287	conventional	60	2	2	0.8345412504279338	3.9821714795042835	24.216666666666665	59
288	holistic	60	2	2	1.1791191749773025	3.636611271096361	26.233333333333334	59
288	conventional	60	2	2	0.9030119377162368	3.5831806974647478	24.183333333333334	59
289	holistic	60	2	2	1.2516064758793533	4.925983882418128	25.233333333333334	59
289	conventional	60	1	1	0.8415641913631806	3.154587097200451	24.183333333333334	59
290	holistic	60	5	5	1.0758380395026095	2.9600848304798992	22.166666666666668	59
290	conventional	60	4	4	0.7925062710813371	2.7086403335699565	23.233333333333334	56
291	holistic	60	2	2	1.1974620115118983	3.880918825331255	22.1	55
291	conventional	60	2	2	0.8715821890504176	5.417246831404485	24.166666666666668	57
292	holistic	60	0	0	1.1589543897738042	2.7790352735092574	23.1	56
292	conventional	60	1	1	0.8654422646838066	2.923906849538605	25.133333333333333	58
293	holistic	60	1	1	1.2183641070756766	2.879820345370669	24.033333333333335	57
293	conventional	60	0	0	0.8366064119058432	1.8559636264699824	26.133333333333333	59
294	holistic	60	1	1	1.2029504454772493	2.68472791714616	24.966666666666665	58
294	conventional	60	3	3	0.8192396759714422	1.6850291824812427	25.1	59
295	holistic	60	2	2	1.226296223143134	3.3591992231704713	25.2	59
295	conventional	60	1	1	0.8623517193935573	1.6510108822482827	25.1	59
296	holistic	60	1	1	1.2374200515590632	2.5613603447662716	25.2	58
296	conventional	60	2	2	0.796919052442557	1.8317440581585995	24.6	55
297	holistic	60	1	1	1.2474455626999628	2.8611369666072237	25.216666666666665	59
297	conventional	60	2	2	0.8017624659676083	1.6537164797701462	25.55	56
298	holistic	60	2	2	1.212745087520343	2.583752738523154	24.216666666666665	59
298	conventional	60	0	0	0.7838959567572339	1.6294423087569239	26.55	57
299	holistic	60	3	3	1.2467009568578291	2.8177217320939625	23.55	59
299	conventional	60	3	3	0.7675622910990018	1.7056915953338108	27.266666666666666	58
300	holistic	60	1	1	1.2899121848089805	3.867888597576327	23.55	59
300	conventional	60	3	3	0.7499236595018842	1.6096348426824307	28.1	59
301	holistic	60	3	3	1.2677168411891981	3.827750838265496	21.55	51
301	conventional	60	2	2	0.7834954692058567	1.5323022135643127	28.016666666666666	57
302	holistic	60	1	1	1.2890459298819386	4.077461140397214	22.433333333333334	52
302	conventional	60	1	1	0.8748854272778964	4.497347594518317	28.966666666666665	58
303	holistic	60	0	0	1.2803116042672253	3.6280543352294594	23.433333333333334	53
303	conventional	60	0	0	0.8430107645280904	2.5557432009618704	29.966666666666665	59
304	holistic	60	0	0	1.27315507928707	2.9923669911441664	24.433333333333334	54
304	conventional	60	2	2	0.8143251748878793	1.5459760501899693	29.883333333333333	59
305	holistic	60	1	1	1.2680876316611205	2.825820555213533	25.366666666666667	55
305	conventional	60	1	1	0.7770661750639094	1.51875666473039	29.883333333333333	56
306	holistic	60	0	0	1.3097967460249067	2.6999405264929437	26.366666666666667	56
306	conventional	60	2	2	0.8175142123567262	1.7658127148233644	30.816666666666666	57
307	holistic	60	0	0	1.278213165140922	2.6028632998058416	27.366666666666667	57
307	conventional	60	2	2	0.8168616228105786	1.707381303888566	31.766666666666666	58
308	holistic	60	0	0	1.2812764648779968	2.736074165092512	28.366666666666667	58
308	conventional	60	0	0	0.8311712226325363	1.773501988537863	32.766666666666666	59
309	holistic	60	0	0	1.2643802900720948	2.7207509509013303	29.366666666666667	59
309	conventional	60	4	4	0.7930288488398605	1.796559078229031	30.716666666666665	57
310	holistic	60	1	1	1.2196297637509055	2.448233874046998	29.366666666666667	56
310	conventional	60	0	0	0.8246912342052859	1.6211272767995455	31.716666666666665	58
311	holistic	60	0	0	1.203706252680136	2.552208494799656	30.366666666666667	57
311	conventional	60	3	3	0.7884027987400973	1.5717775972780492	32.06666666666667	59
312	holistic	60	0	0	1.197443489376076	2.558720421400843	31.366666666666667	58
312	conventional	60	3	3	0.7755173355940322	1.9275977577245633	31.966666666666665	59
313	holistic	60	0	0	1.2168333582209976	2.664886857407987	32.36666666666667	59
313	conventional	60	3	3	0.8682149216925444	6.51856160676923	31.916666666666668	59
314	holistic	60	2	2	1.1994050010384045	2.7413743637885872	32.3	59
314	conventional	60	3	3	0.8005528195243318	3.153667455230754	29.916666666666668	59
315	holistic	60	1	1	1.1775854934807943	2.7185271669902615	32.3	59
315	conventional	60	3	3	0.8563315690927541	4.4182883840563685	29.766666666666666	58
316	holistic	60	1	1	1.1489741833487546	2.6735307400480184	32.3	57
316	conventional	60	2	2	0.8158207570468076	1.9731440615104645	30.583333333333332	59
317	holistic	60	0	0	1.1214325659009867	2.607971407552121	33.3	58
317	conventional	60	4	4	0.8186365076179695	2.1107226550993357	30.45	59
318	holistic	60	1	1	1.1166485086886624	2.6563990710883645	34.233333333333334	59
318	conventional	60	3	3	0.8501481413580095	2.5496392949350852	29.4	59
319	holistic	60	3	3	1.086918723662753	2.6906493200377426	33.68333333333333	58
319	conventional	60	2	2	0.7917218085814933	1.9250794926798431	29.366666666666667	59
320	holistic	60	1	1	1.0704119068117925	2.661930844437752	34.61666666666667	59
320	conventional	60	4	4	0.7815016161680944	2.36755836605346	28.883333333333333	59
321	holistic	60	3	3	1.0702175989735954	2.6588146214230313	32.61666666666667	59
321	conventional	60	4	4	0.8784018688417992	5.555978493029824	26.816666666666666	57
322	holistic	60	3	3	1.0418354797590963	2.6669792991981436	31.55	59
322	conventional	60	0	0	0.8607403974251095	3.5608355055372103	27.816666666666666	58
323	holistic	60	1	1	1.0823750350781696	2.904153214361938	31.55	59
323	conventional	60	1	1	0.8530581800113421	3.228096722129218	28.783333333333335	59
324	holistic	60	1	1	1.078080208377581	3.3574135756145385	31.55	59
324	conventional	60	3	3	0.8059176630412412	2.5685038279894865	27.65	59
325	holistic	60	2	2	1.0542511869423643	3.1782029199207407	31.483333333333334	59
325	conventional	60	4	4	0.7833935684493327	2.502393030005478	25.616666666666667	59
326	holistic	60	3	3	1.0387121652976812	2.8076698456460654	31.35	58
326	conventional	60	1	1	0.7785127978245339	2.1807959515694333	25.616666666666667	59
327	holistic	60	3	3	1.05156947662577	2.844482209200958	32.1	59
327	conventional	60	4	4	0.7795314407038808	1.8356417401408467	25.5	59
328	holistic	60	3	3	0.975445239038969	2.807038515766867	30.1	57
328	conventional	60	5	5	0.7696000847005144	2.358172941441745	23.333333333333332	58
329	holistic	60	0	0	1.0072337111662673	2.771164125555948	31.1	58
329	conventional	60	2	2	0.8585112978252379	3.6456652841561112	24.233333333333334	59
330	holistic	60	2	2	1.0361618463215931	2.7187764341786087	31.966666666666665	59
330	conventional	60	4	4	0.9271539639247094	4.205094263186389	24.133333333333333	59
331	holistic	60	2	2	1.018928786144552	2.6682028746137343	31.9	59
331	conventional	60	1	1	1.0608137268815876	8.532636479696173	24.133333333333333	57
332	holistic	60	3	3	1.0355271202838525	2.8674866807186197	30.833333333333332	59
332	conventional	60	2	2	0.9568593860981186	4.0392379322151895	25.05	58
333	holistic	60	2	2	1.054232500205175	3.8755937873827735	30.783333333333335	59
333	conventional	60	1	1	0.9009135178451904	2.534892777192394	26.016666666666666	59
334	holistic	60	3	3	0.98085500879257	2.540662293997092	29.716666666666665	59
334	conventional	60	2	2	0.8682268419697353	2.2890105950918067	25.983333333333334	58
335	holistic	60	2	2	1.0641239207911704	2.8742175474202885	29.65	59
335	conventional	60	0	0	0.9476964772325387	2.537784919843675	26.983333333333334	59
336	holistic	60	1	1	1.0737107242959043	3.275563709496933	29.65	59
336	conventional	60	1	1	0.9240353835843638	2.2411464882171583	26.983333333333334	59
337	holistic	60	4	4	1.0158921869434205	3.0505290015214097	28.283333333333335	59
337	conventional	60	2	2	0.8483872931276296	1.8641154192505167	26.966666666666665	59
338	holistic	60	3	3	1.0344374136355685	3.9423158617054885	27.216666666666665	59
338	conventional	60	1	1	0.8418141448087386	1.826420922623748	26.966666666666665	58
339	holistic	60	2	2	0.9887713565700225	2.7558660740761836	27.15	59
339	conventional	60	2	2	0.8339938299984234	1.7164467140234818	27.616666666666667	59
340	holistic	60	1	1	1.1092978511051141	3.9299161047534836	27.15	59
340	conventional	60	1	1	0.8921128410261077	1.9335136804366626	27.616666666666667	59
341	holistic	60	5	5	1.035489280913802	3.425594872653084	25.016666666666666	58
341	conventional	60	3	3	0.9340350205369273	2.573459367541507	27.316666666666666	59
342	holistic	60	1	1	1.169501582534773	4.764769951865779	25.95	59
342	conventional	60	5	5	0.8499661895395662	1.989881133628852	23.316666666666666	59
343	holistic	60	1	1	1.1104904718650321	2.9632293267666774	25.95	59
343	conventional	60	1	1	0.8069961216022009	1.8233819271773144	23.316666666666666	59
344	holistic	60	2	2	1.0512131757369947	3.0334225259419827	24.95	57
344	conventional	60	3	3	0.8185416369233468	1.8428407564104083	23.25	58
345	holistic	60	0	0	1.101840338929358	3.8090107798568607	25.95	58
345	conventional	60	0	0	0.8836294677386533	3.533836055761734	24.25	59
346	holistic	60	1	1	1.085790181810406	2.811038970676977	26.883333333333333	59
346	conventional	60	5	5	0.8271690946088168	2.019291457806439	22.966666666666665	59
347	holistic	60	1	1	1.0788843931083212	2.947340785009388	26.883333333333333	59
347	conventional	60	1	1	0.8452379073462056	2.4648302518499485	22.966666666666665	57
348	holistic	60	3	3	1.0219764549762074	2.9227312791788758	25.816666666666666	59
348	conventional	60	1	1	0.8622391177347289	2.0014333375178137	23.933333333333334	58
349	holistic	60	1	1	0.9771648394948477	3.2157237272793013	25.816666666666666	59
349	conventional	60	1	1	0.8559378513787487	2.4361727783336895	24.883333333333333	59
350	holistic	60	5	5	1.0009061643836867	3.7087679960324555	23.266666666666666	59
350	conventional	60	2	2	0.8027505951157129	2.2039686826195197	23.883333333333333	59
351	holistic	60	2	2	1.0863398396020665	4.858954048882486	23.2	58
351	conventional	60	2	2	0.8938541795463358	3.691710860636686	22.883333333333333	51
352	holistic	60	2	2	1.0669255311445653	3.688406383584495	23.233333333333334	59
352	conventional	60	0	0	0.89302306060703	1.8298172057201212	23.883333333333333	52
353	holistic	60	1	1	1.071077806802115	3.4795937508286867	23.233333333333334	59
353	conventional	60	0	0	0.8575381682946257	1.9679399531590476	24.883333333333333	53
354	holistic	60	1	1	1.0519452416709	3.6126084154542992	23.233333333333334	58
354	conventional	60	27	27	0.4689396919168955	1.867140454539398	14.85	54
355	holistic	60	1	1	1.0173861223696044	3.2664592824469025	24.033333333333335	59
355	conventional	60	2	2	0.695107143441312	3.437585940136082	15.766666666666667	55
356	holistic	60	1	1	0.9755722811135313	3.1448021239738444	24.033333333333335	59
356	conventional	60	8	8	0.6931829047057538	1.9854481563170543	16.5	56
357	holistic	60	1	1	0.9505861871922843	3.042385914628468	24.033333333333335	59
357	conventional	60	2	2	0.6432540603948653	3.2843913056034	17.433333333333334	57
358	holistic	60	2	2	0.9854885589673195	3.0257358556940046	23.966666666666665	59
358	conventional	60	4	4	0.6008084100297268	1.7850099988213681	18.266666666666666	58
359	holistic	60	4	4	0.9525825650370788	3.0110439645112694	21.833333333333332	59
359	conventional	60	0	0	0.6262827363021956	2.9520258414330396	19.266666666666666	59
360	holistic	60	2	2	1.0038345322763045	3.826629091803804	21.716666666666665	59
360	conventional	60	5	5	0.6105755774984052	2.2830557913883918	18.033333333333335	59
361	holistic	60	2	2	0.9952627815084412	2.9875794627775605	20.716666666666665	59
361	conventional	60	6	6	0.7181124932867611	2.364531297978215	16.616666666666667	59
362	holistic	60	3	3	1.0692478023081025	3.872340368600162	20.6	57
362	conventional	60	1	1	0.8187485875441587	5.597220836973218	16.616666666666667	50
363	holistic	60	1	1	1.0538284314021484	4.369553241723822	21.533333333333335	58
363	conventional	60	3	3	0.7464476153129043	2.5484072942580736	17.516666666666666	51
364	holistic	60	0	0	1.0357900480209183	3.2041303489156316	22.533333333333335	59
364	conventional	60	2	2	0.7027110160391373	1.7633597559736491	18.45	52
365	holistic	60	3	3	0.9898843856237725	2.7660951478924045	22.416666666666668	51
365	conventional	60	1	1	0.6578453829628472	1.461040562291577	19.266666666666666	53
366	holistic	60	2	2	0.991350911937396	2.723409529298031	23.283333333333335	52
366	conventional	60	2	2	0.8042698691271559	2.644356923564923	20.133333333333333	54
367	holistic	60	1	1	1.043476046716969	2.5965002236377193	24.216666666666665	53
367	conventional	60	3	3	0.7404121613443094	2.2816887861221344	20.633333333333333	55
368	holistic	60	1	1	1.0775567679856528	2.5222589835580465	25.083333333333332	54
368	conventional	60	2	2	0.7045269112835582	2.0278229187777557	21.366666666666667	56
369	holistic	60	0	0	1.0879547275723702	2.533562325168642	26.083333333333332	55
369	conventional	60	1	1	0.7644279676069948	1.835587750336118	22.333333333333332	57
370	holistic	60	0	0	1.06734633147882	2.582791423808906	27.083333333333332	56
370	conventional	60	2	2	0.7795537627909341	1.6740226201502963	23.233333333333334	58
371	holistic	60	0	0	1.0529973604696858	2.479890166496773	28.083333333333332	57
371	conventional	60	1	1	0.7782905686291864	1.5522168666570384	24.183333333333334	59
372	holistic	60	0	0	1.067801816793449	2.5989041160671675	29.083333333333332	58
372	conventional	60	1	1	0.770190954351558	1.4524940871882686	24.183333333333334	59
373	holistic	60	0	0	1.0916640873733026	2.502800411757371	30.083333333333332	59
373	conventional	60	2	2	0.7978822810139021	1.5460304055480125	24.133333333333333	56
374	holistic	60	1	1	1.090339694584479	2.4798919484335125	30.083333333333332	55
374	conventional	60	1	1	0.7436083368734934	1.312190673712739	24.666666666666668	57
375	holistic	60	0	0	1.0871094252292166	2.5549111288712476	31.083333333333332	56
375	conventional	60	2	2	0.7992965439580745	2.254472319311124	25.533333333333335	58
376	holistic	60	0	0	1.102891503736958	2.468978666014674	32.083333333333336	57
376	conventional	60	0	0	0.768692912792164	2.4158175671572804	26.533333333333335	59
377	holistic	60	1	1	1.1100480915625448	2.418650121735576	32.9	58
377	conventional	60	3	3	0.765993496340308	1.9619377862569265	25.5	59
378	holistic	60	1	1	1.1029961827697068	2.3419414149395315	33.06666666666667	59
378	conventional	60	1	1	0.7986057115040067	2.343348248399828	25.5	59
379	holistic	60	2	2	1.042463483263005	2.269674833523566	32.06666666666667	59
379	conventional	60	4	4	0.7649504482179469	2.3718327121846032	25.3	59
380	holistic	60	1	1	1.1048361450436652	3.873923158123419	32.06666666666667	59
380	conventional	60	3	3	0.8050173576772893	2.449548789681443	23.983333333333334	56
381	holistic	60	2	2	1.0808804736491073	2.2449161187021294	32.0	59
381	conventional	60	0	0	0.8364450404152968	2.6207335714463693	24.983333333333334	57
382	holistic	60	2	2	1.075237852201877	2.312271146969447	31.933333333333334	57
382	conventional	60	0	0	0.8068166280368824	2.1713412584137086	25.983333333333334	58
383	holistic	60	0	0	1.056087924866791	2.350833525861557	32.93333333333333	58
383	conventional	60	1	1	0.7556543990504401	1.8537716812127303	26.933333333333334	59
384	holistic	60	0	0	1.0443781784508839	2.3623287226134795	33.93333333333333	59
384	conventional	60	2	2	0.7613412450035766	1.7908488841204142	26.766666666666666	57
385	holistic	60	3	3	1.0458501970185303	2.3243349092032886	33.8	59
385	conventional	60	0	0	0.7438722758932843	1.984970298285282	27.766666666666666	58
386	holistic	60	2	2	1.0844904613182436	2.975124727466272	33.733333333333334	59
386	conventional	60	2	2	0.7435718125547142	1.8086668270431738	28.6	59
387	holistic	60	2	2	1.125459854500478	2.737630888810183	33.7	59
387	conventional	60	2	2	0.7490388411637334	1.8638608446241407	28.466666666666665	59
388	holistic	60	1	1	1.1489664029213502	3.2871716730207616	33.7	57
388	conventional	60	4	4	0.7115707120962484	1.725235307643536	27.4	59
389	holistic	60	1	1	1.1837513658370582	3.574983244365035	34.666666666666664	58
389	conventional	60	2	2	0.7890692181735314	1.7786659433331238	27.366666666666667	59
390	holistic	60	1	1	1.164716520908898	3.0320087709799735	35.6	59
390	conventional	60	1	1	0.7764345020324207	2.472236302796997	27.366666666666667	58
391	holistic	60	1	1	1.1745949386407633	2.6629479516464416	35.6	59
391	conventional	60	1	1	0.7742692000089255	1.7957027617415469	28.316666666666666	59
392	holistic	60	3	3	1.1271292184919768	2.5436339661662415	33.6	59
392	conventional	60	2	2	0.7993012644752258	2.42700191568754	28.3	59
393	holistic	60	2	2	1.1082880865000946	2.5811506352782767	32.6	59
393	conventional	60	1	1	0.8736709421127536	5.5037053250321275	28.3	59
394	holistic	60	2	2	1.1622322985200022	3.9134784622202408	31.6	59
394	conventional	60	1	1	0.8301719412983106	2.985787924400788	28.3	57
395	holistic	60	1	1	1.097295564666163	2.6273681841327234	31.6	59
395	conventional	60	1	1	0.8037308647372878	2.0332177908555225	28.8	58
396	holistic	60	4	4	1.1262110944153725	2.644671355562669	31.4	59
396	conventional	60	1	1	0.7573639866369954	1.6303074967414217	29.666666666666668	59
397	holistic	60	2	2	1.1123242316759065	2.906821178174481	30.4	59
397	conventional	60	1	1	0.7841265543846248	2.406208487879848	29.666666666666668	59
398	holistic	60	2	2	1.0313144962443503	2.367929915559644	29.4	59
398	conventional	60	2	2	0.7877673515126855	2.3908950142927043	29.283333333333335	58
399	holistic	60	3	3	1.0198803668144243	2.4909940864501094	28.266666666666666	59
399	conventional	60	0	0	0.8203611459728386	2.636993064163414	30.283333333333335	59
400	holistic	60	3	3	1.1044972068447205	2.365926315629008	28.133333333333333	59
400	conventional	60	2	2	0.7718905422482841	1.6413875149848223	30.2	59
401	holistic	60	5	5	1.0240075929292591	2.451693191139906	24.133333333333333	57
401	conventional	60	2	2	0.7655153864436668	1.5878163386189306	30.183333333333334	59
402	holistic	60	1	1	1.0825429025631113	2.7167329936888662	25.0	58
402	conventional	60	1	1	0.7577506760231698	1.574556135169559	30.183333333333334	54
403	holistic	60	1	1	1.1187268240901758	2.4940226565705164	25.933333333333334	59
403	conventional	60	2	2	0.7339062505016208	1.4614341413066267	30.616666666666667	55
404	holistic	60	2	2	1.1823992171304878	3.8689951976013455	25.8	56
404	conventional	60	5	5	0.7483328096625411	1.4828475022594876	31.3	56
405	holistic	60	1	1	1.1953587192935158	2.883173096764546	26.733333333333334	57
405	conventional	60	0	0	0.8427323367033954	2.489123772263268	32.3	57
406	holistic	60	0	0	1.237691262400637	3.0585757811756813	27.733333333333334	58
406	conventional	60	0	0	0.7917742856949176	1.9971894555020948	33.3	58
407	holistic	60	0	0	1.210095468275126	2.407184827181873	28.733333333333334	59
407	conventional	60	1	1	0.8386965304206252	2.499958332321222	34.15	59
408	holistic	60	3	3	1.1775315454289421	2.4778185440837324	27.666666666666668	59
408	conventional	60	1	1	0.8578419433439725	2.7456696030679426	34.15	59
409	holistic	60	1	1	1.155951515176156	2.3669664928367946	27.666666666666668	59
409	conventional	60	1	1	0.8230496191550501	2.100337529530742	34.15	59
410	holistic	60	6	6	1.0582191525891709	2.305204241030004	23.633333333333333	59
410	conventional	60	3	3	0.8256487875775603	2.3309287945944352	34.0	56
411	holistic	60	1	1	1.2097368911667572	2.9709015669164027	23.633333333333333	59
411	conventional	60	3	3	0.804165467492936	1.9263112341734925	34.93333333333333	57
412	holistic	60	3	3	1.2236480565430812	2.907321041335755	22.566666666666666	57
412	conventional	60	2	2	0.8491616250898522	3.23214259364769	35.88333333333333	58
413	holistic	60	0	0	1.3135689968751336	2.5742675038336427	23.566666666666666	58
413	conventional	60	0	0	0.862195715759537	1.7428773649641793	36.88333333333333	59
414	holistic	60	0	0	1.3019418608236313	2.9170970101430402	24.566666666666666	59
414	conventional	60	11	11	0.7167054648280391	1.9518752655007918	27.85	59
415	holistic	60	1	1	1.2276662187027483	2.3251425289376084	24.566666666666666	59
415	conventional	60	2	2	0.8699374469675085	5.560120953586317	27.833333333333332	59
416	holistic	60	1	1	1.2348656254092345	2.2785574844743657	24.566666666666666	59
416	conventional	60	3	3	0.8034929539037229	3.0664739505363654	25.833333333333332	59
417	holistic	60	2	2	1.3111775966933434	5.805759980959228	24.233333333333334	59
417	conventional	60	6	6	0.8348127317373515	2.895120581916364	24.666666666666668	59
418	holistic	60	2	2	1.3658261996845475	5.305696819024789	24.1	59
418	conventional	60	3	3	0.8281681335098419	2.560260145273554	22.666666666666668	58
419	holistic	60	2	2	1.2467960047586166	3.4721971326366354	23.1	59
419	conventional	60	2	2	0.8554038575768262	3.429735948901862	23.616666666666667	59
420	holistic	60	3	3	1.270250158374659	2.9510377128374254	22.933333333333334	59
420	conventional	60	5	5	0.7594401104405335	2.061212401630304	21.466666666666665	59
421	holistic	60	2	2	1.2170750890790865	2.8055752389255324	22.866666666666667	56
421	conventional	60	6	6	0.8116902397514278	5.364064627083474	19.333333333333332	58
422	holistic	60	1	1	1.2421453577817894	2.4971752972855317	23.833333333333332	57
422	conventional	60	1	1	0.875303521260997	4.459739348590474	20.25	59
423	holistic	60	0	0	1.3230999821561633	2.885149687227133	24.833333333333332	58
423	conventional	60	3	3	0.8709528997149802	3.9681789407175367	20.183333333333334	56
424	holistic	60	1	1	1.3237820360691281	2.9339486035378597	25.766666666666666	59
424	conventional	60	1	1	0.8405299122911083	2.6168347694666814	21.016666666666666	57
425	holistic	60	3	3	1.2233551329907932	2.5861447170661718	23.766666666666666	59
425	conventional	60	4	4	0.8785125034418985	3.898900590433076	21.833333333333332	58
426	holistic	60	1	1	1.3454990878040185	3.868591035984419	23.766666666666666	59
426	conventional	60	0	0	0.9114045923393483	3.4609893156555795	22.833333333333332	59
427	holistic	60	1	1	1.2672177069863717	2.841685703961127	23.766666666666666	59
427	conventional	60	4	4	0.8578009481062049	3.9563143958793883	21.766666666666666	57
428	holistic	60	2	2	1.2454935868724535	2.4567032954983685	23.633333333333333	54
428	conventional	60	1	1	0.9185534364344434	2.455746668581774	22.716666666666665	58
429	holistic	60	0	0	1.3145086997544955	4.8391474241483	24.633333333333333	55
429	conventional	60	1	1	0.9780798612660334	2.986789219119332	23.483333333333334	59
430	holistic	60	0	0	1.2829840764513956	3.372773858554709	25.633333333333333	56
430	conventional	60	1	1	0.8969216620250473	2.3254414971434216	23.483333333333334	58
431	holistic	60	0	0	1.2737471063795516	2.349739303065732	26.633333333333333	57
431	conventional	60	0	0	0.8592853630079748	2.2322228148484036	24.483333333333334	59
432	holistic	60	1	1	1.2682264719845204	2.3382857797106116	27.566666666666666	58
432	conventional	60	3	3	0.8136615671559674	2.1971085330508084	24.116666666666667	59
433	holistic	60	0	0	1.282712109634849	2.469830462117326	28.566666666666666	59
433	conventional	60	3	3	0.8355682276900218	2.063931363986174	23.766666666666666	56
434	holistic	60	1	1	1.2551625974534792	2.3986358071827727	28.566666666666666	55
434	conventional	60	0	0	0.8726611748835009	1.9794821863469525	24.766666666666666	57
435	holistic	60	1	1	1.2763181918651538	2.3874394122291185	29.3	56
435	conventional	60	0	0	0.8809835403054492	2.323881521205481	25.766666666666666	58
436	holistic	60	0	0	1.2690194727529716	2.402468111233692	30.3	57
436	conventional	60	1	1	0.8334093477963034	2.2409155832628223	26.7	59
437	holistic	60	0	0	1.2952164561866228	2.517369384804334	31.3	58
437	conventional	60	2	2	0.7755313637756835	2.1669572388102485	26.35	58
438	holistic	60	0	0	1.2590358483820294	2.4848003932505454	32.3	59
438	conventional	60	1	1	0.8089575749775229	2.130791157836038	27.2	59
439	holistic	60	2	2	1.2353499102973322	2.6726220040110773	31.3	59
439	conventional	60	2	2	0.7761118614070651	2.348588954396806	26.2	59
440	holistic	60	1	1	1.2432657267012337	2.5945858800994577	31.3	58
440	conventional	60	3	3	0.7791079505085928	2.2777960656564584	25.15	57
441	holistic	60	0	0	1.2693368775734764	2.5633410047185765	32.3	59
441	conventional	60	1	1	0.8290014079030146	2.244721168933501	26.133333333333333	58
442	holistic	60	1	1	1.2684089747337113	2.688046894326325	32.3	57
442	conventional	60	0	0	0.9096042060115318	3.663102793986437	27.133333333333333	59
443	holistic	60	1	1	1.258578073992999	2.5811349248871385	33.233333333333334	58
443	conventional	60	1	1	0.8337332098727265	2.1830103276185353	27.133333333333333	59
444	holistic	60	1	1	1.2745109137727215	2.4822010476015532	34.166666666666664	59
444	conventional	60	1	1	0.7774715067982904	2.1560612495806657	27.133333333333333	57
445	holistic	60	2	2	1.244608993659244	2.4589530335922927	33.166666666666664	59
445	conventional	60	0	0	0.8382139498940874	2.1583540587013896	28.133333333333333	58
446	holistic	60	2	2	1.2791703859631083	2.991100684736121	33.1	59
446	conventional	60	0	0	0.8292567303710862	2.1323427236708317	29.133333333333333	59
447	holistic	60	1	1	1.3185241031658304	3.6573323330596192	33.1	59
447	conventional	60	2	2	0.7920057349688502	2.082170310292943	28.95	59
448	holistic	60	1	1	1.2392130726789168	2.738409309411191	33.1	59
448	conventional	60	2	2	0.8186624635707483	2.7441983042010554	27.95	59
449	holistic	60	2	2	1.1934880291273742	2.470650011514996	33.03333333333333	59
449	conventional	60	2	2	0.770879543696872	2.0108575379719373	26.95	59
450	holistic	60	2	2	1.1976448466491354	2.421964311031534	32.96666666666667	57
450	conventional	60	1	1	0.7384216859101552	1.9452261898173027	26.95	58
451	holistic	60	0	0	1.2121953847548377	2.375504894474244	33.96666666666667	58
451	conventional	60	1	1	0.773091548586135	3.7232889669718325	27.766666666666666	59
452	holistic	60	0	0	1.1973973130207702	2.443505666471476	34.96666666666667	59
452	conventional	60	3	3	0.817472199752995	3.949338863892057	27.616666666666667	58
453	holistic	60	3	3	1.1615926667779728	2.453577029379861	33.9	59
453	conventional	60	1	1	0.8265916485893549	3.530105432809851	28.6	59
454	holistic	60	2	2	1.1649421824410697	2.4558324614858167	33.833333333333336	59
454	conventional	60	1	1	0.8002243545342481	2.8864052658287545	28.6	58
455	holistic	60	3	3	1.156674249513394	2.4800186360711614	33.583333333333336	59
455	conventional	60	0	0	0.7814084003576718	2.7997188191476616	29.6	59
456	holistic	60	1	1	1.1709667528491727	2.451648756666302	33.583333333333336	59
456	conventional	60	3	3	0.7604460395895909	2.713428236346745	29.166666666666668	59
457	holistic	60	2	2	1.2751039660513968	3.817129763648901	33.516666666666666	59
457	conventional	60	1	1	0.7810532462734573	3.5178272318661823	29.166666666666668	59
458	holistic	60	2	2	1.2462384358056418	2.812789068209634	32.516666666666666	59
458	conventional	60	2	2	0.8164149015326392	2.3959011876673117	29.133333333333333	58
459	holistic	60	3	3	1.3557290663644481	4.307919009986371	31.45	59
459	conventional	60	0	0	0.8101333340375135	2.202542097760666	30.133333333333333	59
460	holistic	60	3	3	1.3178442796444907	3.7509369593792514	29.45	59
460	conventional	60	1	1	0.8379387361242141	2.418448311318168	30.133333333333333	59
461	holistic	60	4	4	1.1896948505255354	3.2881574388554413	26.45	59
461	conventional	60	1	1	0.8213046861541231	2.071168171653137	30.133333333333333	57
462	holistic	60	1	1	1.3528107127830915	3.6751825264089963	26.45	59
462	conventional	60	0	0	0.8313727726325111	1.849887584300497	31.133333333333333	58
463	holistic	60	3	3	1.2645243556091599	3.0378532272316203	26.316666666666666	59
463	conventional	60	1	1	0.80173835847423	2.037014167553138	31.533333333333335	59
464	holistic	60	2	2	1.1713800196508133	2.677268710898535	26.25	59
464	conventional	60	5	5	0.7547978529184722	2.3640990814171206	28.433333333333334	56
465	holistic	60	2	2	1.1136947426193482	2.588953880977367	26.2	57
465	conventional	60	0	0	0.8009613302830292	1.7520903585822782	29.433333333333334	57
466	holistic	60	0	0	1.1174750902213204	2.426041213311059	27.2	58
466	conventional	60	0	0	0.815496317146417	3.5098636230173685	30.433333333333334	58
467	holistic	60	2	2	1.0930477607518172	2.4124980359145463	28.066666666666666	59
467	conventional	60	3	3	0.7725686540789521	2.50514317417973	31.133333333333333	59
468	holistic	60	2	2	1.100438123952898	2.401126493860395	28.0	59
468	conventional	60	2	2	0.8295343510211668	2.3793780263221733	30.866666666666667	57
469	holistic	60	2	2	1.0901025604911436	2.3811969343782806	27.933333333333334	59
469	conventional	60	0	0	0.7930918707843827	1.855805596801741	31.866666666666667	58
470	holistic	60	5	5	1.0511304268611281	3.437469403310624	23.933333333333334	59
470	conventional	60	2	2	0.8138070622930706	2.364843211948171	32.78333333333333	59
471	holistic	60	1	1	1.110055815568179	3.6131157876056803	23.933333333333334	59
471	conventional	60	2	2	0.8210382798953294	2.481512249550199	31.783333333333335	59
472	holistic	60	3	3	1.0456431621963709	2.7058176790978736	22.866666666666667	57
472	conventional	60	1	1	0.7691760361903859	2.4788721288508206	31.783333333333335	58
473	holistic	60	1	1	0.9964228549356249	2.278090207289633	23.816666666666666	58
473	conventional	60	2	2	0.762388920520119	2.084073555206853	32.71666666666667	59
474	holistic	60	1	1	1.111164719442706	2.8159052152383914	24.483333333333334	59
474	conventional	60	5	5	0.7410442518670233	2.0201873674433597	29.016666666666666	58
475	holistic	60	2	2	1.1080517613019094	2.2962293532149562	24.416666666666668	59
475	conventional	60	2	2	0.8072287169427717	2.4611017684655945	29.966666666666665	59
476	holistic	60	1	1	1.0869426837793716	2.825350958102478	24.416666666666668	59
476	conventional	60	5	5	0.7703334340111672	2.198332175878706	28.716666666666665	59
477	holistic	60	1	1	1.0607115450890632	3.0747060666790933	24.416666666666668	59
477	conventional	60	5	5	0.7254837943480517	2.1412045351295697	27.583333333333332	59
478	holistic	60	1	1	1.0466430484092741	2.4919912040667134	24.416666666666668	59
478	conventional	60	5	5	0.7940900366559096	5.443568795505171	26.483333333333334	58
479	holistic	60	2	2	1.0276220332607522	2.5565143799121572	24.35	58
479	conventional	60	2	2	0.732469574365224	2.9035707582436645	27.416666666666668	59
480	holistic	60	1	1	1.0909736700977377	2.9694268634361385	25.283333333333335	59
480	conventional	60	8	8	0.8160421442331838	5.45928379784864	23.316666666666666	59
481	holistic	60	4	4	1.0212816883214242	3.3083688085971277	23.883333333333333	59
481	conventional	60	6	6	0.7135621192761974	2.9588381234566503	22.066666666666666	58
482	holistic	60	2	2	1.0283190547460839	3.0468578994643285	23.816666666666666	58
482	conventional	60	5	5	1.0028645647753776	6.401721243011037	22.916666666666668	59
483	holistic	60	1	1	1.0750028928962476	2.7253091983767552	24.75	59
483	conventional	60	2	2	0.860613116859876	4.401142486401191	22.816666666666666	59
484	holistic	60	1	1	1.0699093722628585	2.8204781862646318	24.75	59
484	conventional	60	2	2	0.8814147150694144	2.773562566305607	22.783333333333335	59
485	holistic	60	4	4	0.9797259250186235	2.5145927126121546	22.683333333333334	59
485	conventional	60	4	4	0.8281140393085286	2.318870856169129	22.666666666666668	58
486	holistic	60	2	2	0.9623071920081263	2.4459042997906995	22.616666666666667	59
486	conventional	60	1	1	0.8316090779036567	2.6307431252788547	23.633333333333333	59
487	holistic	60	2	2	1.032496562805307	2.9162496489877947	22.55	59
487	conventional	60	6	6	0.7707933307723736	1.8325957564202657	21.35	55
488	holistic	60	1	1	1.0214977758392156	3.4316995291370658	22.55	56
488	conventional	60	0	0	0.9680419083111241	3.6501879293925477	22.35	56
489	holistic	60	3	3	1.0028539504870133	2.6280495785848705	23.216666666666665	57
489	conventional	60	0	0	0.9196742611557259	2.8047274265094027	23.35	57
490	holistic	60	0	0	1.0314241242686255	2.488865037277227	24.216666666666665	58
490	conventional	60	0	0	0.9162294291735688	2.59888094622528	24.35	58
491	holistic	60	1	1	1.0537319329900292	2.425452443526568	25.15	59
491	conventional	60	1	1	0.9029635007660336	2.5488896486861696	25.183333333333334	59
492	holistic	60	1	1	0.9967691320903922	2.434558975379862	25.15	58
492	conventional	60	1	1	0.824626753893213	1.9626488135334146	25.183333333333334	59
493	holistic	60	1	1	0.9993896699618591	2.473380071732332	26.083333333333332	59
493	conventional	60	4	4	0.7733469111670613	2.5473585588784906	23.666666666666668	56
494	holistic	60	1	1	1.007693740330368	2.5100575836730425	26.083333333333332	59
494	conventional	60	0	0	0.9162946037673929	4.536596897385427	24.666666666666668	57
495	holistic	60	1	1	0.964987505983607	2.4589532376716963	26.083333333333332	56
495	conventional	60	1	1	0.8675311697608706	2.532086928379202	25.633333333333333	58
496	holistic	60	0	0	0.9874605720072	2.493663504136902	27.083333333333332	57
496	conventional	60	1	1	0.8919039811001472	2.193586650921901	26.566666666666666	59
497	holistic	60	1	1	0.9730324377860243	2.499763714521893	28.016666666666666	58
497	conventional	60	2	2	0.8122227959718471	1.9237610711528628	26.5	59
498	holistic	60	1	1	0.9562565642322159	2.5320545556167486	28.95	59
498	conventional	60	1	1	0.7831712829460333	1.7042762302903198	26.5	59
499	holistic	60	1	1	0.9216109504350046	2.4854356252034293	28.95	56
499	conventional	60	4	4	0.7585929588622939	1.7662932262305224	24.6	59
500	holistic	60	0	0	0.9228782771147166	2.416154789056336	29.95	57
500	conventional	60	2	2	0.73730843914424	1.6930288502768458	24.533333333333335	59
501	holistic	60	2	2	0.9430526461106701	2.3505853169973285	30.783333333333335	58
501	conventional	60	5	5	0.7864652267180264	2.892290434666637	23.866666666666667	58
502	holistic	60	0	0	0.9459094416770398	2.4068489806375117	31.783333333333335	59
502	conventional	60	0	0	0.7947510397242109	3.3701489451319224	24.866666666666667	59
503	holistic	60	2	2	0.9544968675557727	2.3907582352860004	31.4	59
503	conventional	60	2	2	0.8005477218764729	2.871681928682762	24.833333333333332	56
504	holistic	60	3	3	0.9688749536590293	2.375530732537964	30.816666666666666	59
504	conventional	60	3	3	0.8057363629713835	2.707172413020541	25.716666666666665	57
505	holistic	60	3	3	0.942012757192079	2.3608749144698025	30.683333333333334	59
505	conventional	60	0	0	0.8051304655124792	1.8740798174530324	26.716666666666665	58
506	holistic	60	1	1	0.9308947049216734	2.3251096516872196	30.683333333333334	57
506	conventional	60	0	0	0.8239109513386977	2.412031976142847	27.716666666666665	59
507	holistic	60	2	2	0.9708043354938815	2.3335010145186	30.85	58
507	conventional	60	3	3	0.798992814160123	2.1309280026780257	27.433333333333334	59
508	holistic	60	1	1	1.068596590734039	4.848362254865585	31.783333333333335	59
508	conventional	60	3	3	0.7873628675559626	2.442734532536569	26.316666666666666	59
509	holistic	60	3	3	1.0345192340146292	4.834982912622392	31.65	59
509	conventional	60	2	2	0.7749921857561806	1.6799670005886895	25.316666666666666	59
510	holistic	60	1	1	1.1025072745838742	4.7620214616143715	31.65	57
510	conventional	60	2	2	0.8364864748103652	1.7665619660960499	25.283333333333335	58
511	holistic	60	0	0	1.1328864353510684	4.759267955209163	32.65	58
511	conventional	60	0	0	0.8232301623230545	1.656947352306577	26.283333333333335	59
512	holistic	60	0	0	1.0964158115652725	4.429223863580071	33.65	59
512	conventional	60	1	1	0.8350082366006417	2.506734428430108	26.283333333333335	58
513	holistic	60	3	3	1.0494787155267913	3.681731066344509	32.583333333333336	59
513	conventional	60	0	0	0.856643902458267	2.018127124914526	27.283333333333335	59
514	holistic	60	2	2	1.0569008321625966	3.41576261717148	32.516666666666666	59
514	conventional	60	1	1	0.8672509789398225	2.395443100611385	27.283333333333335	58
515	holistic	60	2	2	1.025962255372383	3.7166369646464252	31.516666666666666	59
515	conventional	60	1	1	0.8509761768878995	1.7920407402627885	28.033333333333335	59
516	holistic	60	1	1	1.0191500732019452	3.395368261704343	31.516666666666666	59
516	conventional	60	1	1	0.8199989313785477	2.0631190789517864	28.033333333333335	59
517	holistic	60	5	5	1.0321930343086776	3.4854631036020036	30.316666666666666	59
517	conventional	60	3	3	0.8098106138065	2.1039884439628946	27.916666666666668	59
518	holistic	60	3	3	1.0053915533282816	2.744956552940828	29.25	59
518	conventional	60	3	3	0.7708551031688228	1.7616695299317267	27.833333333333332	58
519	holistic	60	2	2	1.0213521026313226	2.501770826134834	29.183333333333334	59
519	conventional	60	1	1	0.8226423867274267	1.7189920235979617	28.783333333333335	59
520	holistic	60	2	2	1.0614767627870616	2.606667710412883	28.183333333333334	59
520	conventional	60	2	2	0.8880854051624743	4.347273115108532	28.733333333333334	59
521	holistic	60	4	4	1.0624508611066643	2.6225327825893348	27.05	58
521	conventional	60	1	1	0.8613623539371856	2.8681694306283827	28.733333333333334	57
522	holistic	60	0	0	1.1356672235745018	2.810705089600223	28.05	59
522	conventional	60	0	0	0.9013080546465156	2.7227685796249412	29.733333333333334	58
523	holistic	60	1	1	1.103724658857218	2.5223688075691784	28.05	59
523	conventional	60	1	1	0.8537128380703964	2.0695568605107892	30.683333333333334	59
524	holistic	60	1	1	1.0556064009226378	2.657745618635729	28.05	59
524	conventional	60	2	2	0.8205765456122823	1.969049181048236	29.683333333333334	57
525	holistic	60	3	3	1.1297461257749573	4.597465588174883	27.916666666666668	58
525	conventional	60	1	1	0.8239676099414119	2.469427842139202	30.65	58
526	holistic	60	0	0	1.226703359134857	3.8321289222038635	28.916666666666668	59
526	conventional	60	1	1	0.8410346798727584	2.3449264500174887	31.516666666666666	59
527	holistic	60	2	2	1.1223163722437381	2.633357652507233	27.916666666666668	59
527	conventional	60	4	4	0.7682601383693137	2.0254843959557665	30.366666666666667	57
528	holistic	60	1	1	1.1836952264817684	3.70910722277199	27.916666666666668	59
528	conventional	60	0	0	0.9493909323325002	5.503768618832311	31.366666666666667	58
529	holistic	60	3	3	1.1090326834213318	3.0409263749879174	26.783333333333335	59
529	conventional	60	2	2	0.8971189100154281	3.0437059824903683	32.3	59
530	holistic	60	4	4	1.0882648910366595	2.9627890013075278	23.783333333333335	58
530	conventional	60	1	1	0.9477362417255772	4.4418963577562405	32.3	58
531	holistic	60	0	0	1.198470782894785	4.942146607433243	24.783333333333335	59
531	conventional	60	0	0	0.940553893861641	2.9518813487298243	33.3	59
532	holistic	60	3	3	1.1110722962234825	3.0918953523000665	22.783333333333335	59
532	conventional	60	1	1	0.8989242305297165	2.455224147047797	33.3	59
533	holistic	60	1	1	1.0713059137028895	3.005433493797784	22.783333333333335	59
533	conventional	60	2	2	0.8807010911308459	2.2914977763683244	33.233333333333334	59
534	holistic	60	3	3	1.0834124820855875	2.9279944842093077	22.65	55
534	conventional	60	2	2	0.9540259513103709	5.357523895765542	33.166666666666664	58
535	holistic	60	1	1	1.078205246491899	2.861847398572597	23.6	56
535	conventional	60	0	0	0.8709507001150919	2.3539018552000033	34.166666666666664	59
536	holistic	60	1	1	1.1091456077832744	2.8036073196965043	24.533333333333335	57
536	conventional	60	2	2	0.861427686205516	2.0666022219115097	34.11666666666667	59
537	holistic	60	0	0	1.121664851003971	2.751877051918194	25.533333333333335	58
537	conventional	60	1	1	0.9159411760801338	2.4169911352613553	34.11666666666667	59
538	holistic	60	1	1	1.1145276083176516	2.7799680230068216	26.466666666666665	59
538	conventional	60	3	3	0.8343378495157396	2.1491928286880007	32.93333333333333	59
539	holistic	60	1	1	1.0677120875028914	2.8399220795311324	26.466666666666665	58
539	conventional	60	2	2	0.8159379029058671	2.159046529332589	32.916666666666664	59
540	holistic	60	1	1	1.0591782953868176	2.7907829251269454	27.4	59
540	conventional	60	3	3	0.8348304946228055	2.2957717087888816	30.916666666666668	59
541	holistic	60	4	4	1.0301194930764568	2.591666499886389	25.35	59
541	conventional	60	4	4	0.8258954198898772	2.438889865367642	28.9	59
542	holistic	60	2	2	1.0732096165206642	2.7377983566756705	25.3	58
542	conventional	60	5	5	0.7829974835515379	2.5355832212505476	26.683333333333334	58
543	holistic	60	1	1	1.0372943443871847	2.5737256369159427	26.266666666666666	59
543	conventional	60	2	2	0.767638843274622	1.9416849060229069	27.633333333333333	59
544	holistic	60	1	1	1.0358192460885534	2.50125460038222	26.266666666666666	59
544	conventional	60	4	4	0.8291442797310693	1.998607490395842	27.416666666666668	59
545	holistic	60	3	3	1.0529502416809764	3.0332984809074124	25.2	59
545	conventional	60	5	5	0.8174056574361243	2.3495831039888553	25.266666666666666	59
546	holistic	60	2	2	1.0428982452111573	2.99499893988267	24.2	57
546	conventional	60	5	5	0.7965904958015967	2.358766861171583	25.133333333333333	59
547	holistic	60	2	2	1.116328332813467	3.8417226885995115	24.666666666666668	58
547	conventional	60	7	7	0.8037897499119429	3.2055003090911507	20.1	54
548	holistic	60	1	1	1.2003765867809162	5.576315153730576	25.616666666666667	59
548	conventional	60	0	0	0.9560753916943576	6.32060107893867	21.1	55
549	holistic	60	3	3	1.1283581073186186	3.0804906583465836	24.55	58
549	conventional	60	3	3	0.9034121834102972	4.3204800738995965	22.0	56
550	holistic	60	1	1	1.256922944487435	3.9082708309501135	25.416666666666668	59
550	conventional	60	5	5	0.9785126716101192	4.530502403628844	22.583333333333332	57
551	holistic	60	1	1	1.2451608880272347	3.331603868916077	25.416666666666668	59
551	conventional	60	0	0	1.0480493755476945	3.5063580522946833	23.583333333333332	58
552	holistic	60	1	1	1.2153367583550632	2.984737267038632	25.416666666666668	54
552	conventional	60	1	1	0.9638199770885125	2.8339398396241466	24.55	59
553	holistic	60	0	0	1.2322032956854772	2.705358641682172	26.416666666666668	55
553	conventional	60	4	4	0.8721753927551148	2.267105229920616	23.266666666666666	58
554	holistic	60	0	0	1.2179198124791975	2.857791784354817	27.416666666666668	56
554	conventional	60	0	0	0.8495257652117886	2.1119638540883314	24.266666666666666	59
555	holistic	60	0	0	1.2363845544766934	2.9079839162606658	28.416666666666668	57
555	conventional	60	2	2	0.8684197665282716	2.0191751847382338	24.233333333333334	56
556	holistic	60	0	0	1.2186902352446558	2.623949535029783	29.416666666666668	58
556	conventional	60	0	0	0.8166342309145931	1.8817097443995758	25.233333333333334	57
557	holistic	60	0	0	1.2069694688482537	2.5497768836030428	30.416666666666668	59
557	conventional	60	2	2	0.8133433590633918	1.8440871227414084	26.116666666666667	58
558	holistic	60	1	1	1.1883094189180643	2.5517155033932197	30.416666666666668	59
558	conventional	60	0	0	0.8124492365200333	2.0238963056302306	27.116666666666667	59
559	holistic	60	1	1	1.1840356049701566	2.6370909434288534	30.416666666666668	56
559	conventional	60	2	2	0.7990569017272633	1.914785265560116	26.116666666666667	58
560	holistic	60	0	0	1.207536858602864	2.7153902676198003	31.416666666666668	57
560	conventional	60	2	2	0.7887085366458155	1.8210662693908843	27.016666666666666	59
561	holistic	60	1	1	1.1887663746779387	2.787660718025983	32.36666666666667	58
561	conventional	60	2	2	0.8503723532004744	4.433532115694532	26.983333333333334	58
562	holistic	60	0	0	1.1979235560658417	2.8177711265200873	33.36666666666667	59
562	conventional	60	3	3	0.7847495053357778	2.424858788785534	27.716666666666665	59
563	holistic	60	1	1	1.1944994004448914	2.738905690621715	33.36666666666667	59
563	conventional	60	1	1	0.8932696698395806	2.844898673181074	27.716666666666665	59
564	holistic	60	2	2	1.1911716234244252	2.976383594882871	32.36666666666667	59
564	conventional	60	4	4	0.8713377007280051	2.510023713532136	25.683333333333334	57
565	holistic	60	1	1	1.186127747357812	4.129287849544905	32.36666666666667	59
565	conventional	60	1	1	0.9315658811340619	2.6498169911742337	26.666666666666668	58
566	holistic	60	2	2	1.185593811450907	3.6330307832444397	32.333333333333336	59
566	conventional	60	0	0	0.86895525136145	2.2785752144020908	27.666666666666668	59
567	holistic	60	2	2	1.1521191878171464	3.662044274483738	31.333333333333332	59
567	conventional	60	4	4	0.809748651485153	2.30481772687005	25.633333333333333	59
568	holistic	60	2	2	1.1458780886048983	3.166489176610659	31.266666666666666	59
568	conventional	60	3	3	0.8215517570276346	2.3190363757568924	24.616666666666667	59
569	holistic	60	2	2	1.1110884729584083	2.763049432044286	30.266666666666666	55
569	conventional	60	3	3	0.7769922989615832	1.994533853086005	23.6	59
570	holistic	60	0	0	1.1582365455177306	2.917840644086299	31.266666666666666	56
570	conventional	60	5	5	0.7705802882292498	1.8269403072000518	22.5	53
571	holistic	60	0	0	1.183341183617848	2.7470401908124416	32.266666666666666	57
571	conventional	60	4	4	0.7474454004997527	1.791078016511075	22.883333333333333	54
572	holistic	60	1	1	1.177688150145595	2.691806175469316	33.2	58
572	conventional	60	1	1	0.770474793883473	1.5997735509579247	23.85	55
573	holistic	60	1	1	1.1866119013809149	2.558139224490349	34.13333333333333	59
573	conventional	60	2	2	0.866701834391658	2.1488178776352727	24.783333333333335	56
574	holistic	60	1	1	1.1695750931945432	2.5160751165475936	34.13333333333333	59
574	conventional	60	1	1	0.8119943799212719	1.4995939940551246	25.616666666666667	57
575	holistic	60	1	1	1.1517879481449425	2.604999521115999	34.13333333333333	59
575	conventional	60	1	1	0.7957181721048109	1.6302629174451115	26.583333333333332	58
576	holistic	60	1	1	1.1283951151522253	2.5056777478154078	34.13333333333333	59
576	conventional	60	2	2	0.7825707843408796	1.5595777732556055	27.466666666666665	59
577	holistic	60	4	4	1.1485826612125458	3.0917709719533226	32.06666666666667	59
577	conventional	60	2	2	0.7859790792056671	1.6083644587332788	27.35	59
578	holistic	60	4	4	1.171033031907016	2.8917585455410166	30.0	59
578	conventional	60	2	2	0.8100649127706687	2.455863648127781	26.35	59
579	holistic	60	2	2	1.2012780292024836	3.058546512506798	29.933333333333334	59
579	conventional	60	1	1	0.8182467395096169	1.9552003488285865	26.35	59
580	holistic	60	3	3	1.1404665063085588	2.8150133932565904	28.866666666666667	59
580	conventional	60	1	1	0.8335761712158763	1.7900740328394402	26.35	56
581	holistic	60	5	5	1.170761835020669	3.9006132088255923	28.216666666666665	58
581	conventional	60	1	1	0.7893883274036911	1.7149287134698459	26.7	57
582	holistic	60	2	2	1.2781168461690606	3.4250612335947364	29.116666666666667	59
582	conventional	60	1	1	0.7657873650486452	1.6132628518445118	27.666666666666668	58
583	holistic	60	1	1	1.2499355168944344	3.4545972205869426	29.116666666666667	59
583	conventional	60	0	0	0.863347505761951	3.325713239639454	28.666666666666668	59
584	holistic	60	1	1	1.1899949929285625	3.303746726526034	29.116666666666667	59
584	conventional	60	1	1	0.7966862221592825	1.6245999461646659	28.666666666666668	59
585	holistic	60	6	6	1.125156482646284	3.1703433229176925	26.916666666666668	58
585	conventional	60	1	1	0.8035452710459133	1.6050784423942877	28.666666666666668	59
586	holistic	60	1	1	1.1615079971256344	3.050127264601522	27.783333333333335	59
586	conventional	60	1	1	0.7345279585267755	1.6025562120051833	28.666666666666668	59
587	holistic	60	3	3	1.1751963082944143	3.1916596516224796	26.716666666666665	59
587	conventional	60	1	1	0.7504698406978114	1.5998279799090867	28.666666666666668	58
588	holistic	60	2	2	1.197680822304143	3.0822222275236277	26.033333333333335	59
588	conventional	60	0	0	0.8216225504424883	3.502715845401657	29.666666666666668	59
589	holistic	60	4	4	1.2405163495851002	3.028134685273671	23.966666666666665	59
589	conventional	60	2	2	0.8083950318747285	3.009421182070496	29.55	56
590	holistic	60	2	2	1.363249005465494	4.941001051864185	22.966666666666665	58
590	conventional	60	0	0	0.8456708479717805	3.1728102850561952	30.55	57
591	holistic	60	0	0	1.2788480400128974	3.1839842271510137	23.966666666666665	59
591	conventional	60	0	0	0.8296411483503341	2.513645687492028	31.55	58
592	holistic	60	2	2	1.22786937057318	3.0525582020445974	23.833333333333332	59
592	conventional	60	0	0	0.8192701606478248	2.3097977847542515	32.55	59
593	holistic	60	1	1	1.1717615531214585	2.969773233745816	23.833333333333332	59
593	conventional	60	2	2	0.768642878572336	1.8410791031743095	32.483333333333334	59
594	holistic	60	5	5	1.1535890325693527	2.9296052555862824	22.55	59
594	conventional	60	2	2	0.719319634040829	1.7693729984996611	31.483333333333334	58
595	holistic	60	1	1	1.2144424186998717	3.920310133199576	22.55	55
595	conventional	60	2	2	0.7441439180519288	1.8700672694824483	32.416666666666664	59
596	holistic	60	1	1	1.1898319588045783	2.995585715752106	23.483333333333334	56
596	conventional	60	1	1	0.7738005468876404	1.7175143525322758	32.416666666666664	59
597	holistic	60	1	1	1.3033812118220767	4.8847322054074285	24.45	57
597	conventional	60	2	2	0.7512677098677276	1.7958086828774948	32.36666666666667	59
598	holistic	60	1	1	1.2824683731957627	3.3829605540663907	25.383333333333333	58
598	conventional	60	3	3	0.7026512181770633	1.8133277642759458	31.316666666666666	58
599	holistic	60	0	0	1.2826646594465119	3.0485672609793317	26.383333333333333	59
599	conventional	60	1	1	0.7338207440146199	2.040242490476141	32.233333333333334	59
