season	population	sizes	names_in_groups_below_modal
0	holistic	4,4,4,4,4,4,4,4,4,4,4,4,4,4,4	
0	conventional	4,4,4,4,4,4,4,4,4,4,4,4,4,4,4	
1	holistic	4,4,4,4,4,4,4,4,4,4,4,4,4,4,4	
1	conventional	4,4,4,4,4,4,4,4,4,4,4,4,4,4,4	
2	holistic	4,4,4,4,4,4,4,4,4,4,4,4,4,4,4	
2	conventional	4,4,4,4,4,4,4,4,4,4,4,4,4,4,4	
3	holistic	4,4,4,4,4,4,4,4,4,4,4,4,4,4,4	
3	conventional	4,4,4,4,4,4,4,4,4,4,4,4,4,4,4	
4	holistic	4,4,4,4,4,4,4,4,4,4,4,4,4,4,4	
4	conventional	4,4,4,4,4,4,4,4,4,4,4,4,4,4,4	
5	holistic	4,4,4,4,4,4,4,4,4,4,4,4,4,4,4	
5	conventional	4,4,4,4,4,4,4,4,4,4,4,4,4,4,4	
6	holistic	4,4,4,4,4,4,4,4,4,4,4,4,4,4,4	
6	conventional	4,4,4,4,4,4,4,4,4,4,4,4,4,4,4	
7	holistic	4,4,4,4,4,4,4,4,4,4,4,4,4,4,4	
7	conventional	4,4,4,4,4,4,4,4,4,4,4,4,4,4,4	
8	holistic	4,4,4,4,4,4,4,4,4,4,4,4,4,4,4	
8	conventional	4,4,4,4,4,4,4,4,4,4,4,4,4,4,4	
9	holistic	4,4,4,4,4,4,4,4,4,4,4,4,4,4,1	h0-25
9	conventional	4,4,4,4,4,4,4,4,4,4,4,4,4,4,4	
10	holistic	4,4,4,4,4,4,4,4,4,4,4,4,4,4,4	
10	conventional	4,4,4,4,4,4,4,4,4,4,4,4,4,4,4	
11	holistic	4,4,4,4,4,4,4,4,4,4,4,4,4,3	h0-43,h0-38,h0-40
11	conventional	4,4,4,4,4,4,4,4,4,4,4,4,4,4,4	
12	holistic	4,4,4,4,4,4,1	h0-3
12	conventional	4,4,4,4,4,4,4,4,4,4,4,4,4,4,4	
13	holistic	4,4,4,4,4,4,1	he81
13	conventional	4,4,4,4,4,4,4,4,4,4,4,4,4,4,4	
14	holistic	4,4,4,4,4,4,3	he77,he90,h0-3
14	conventional	4,4,4,4,4,4,4,4,4,4,4,4,4,4,4	
15	holistic	4,4,4,4,4,4,2	h0-2,h0-20
15	conventional	4,4,4,4,4,4,4,4,4,4,4,4,4,4,4	
16	holistic	4,4,4,4,4,4,1	h0-28
16	conventional	4,4,4,4,4,4,4,4,4,4,4,4,4,4,4	
17	holistic	4,4,4,4,4,4,3	he90,he69,he83
17	conventional	4,4,4,4,4,4,4,4,4,4,4,4,4,4,4	
18	holistic	4,4,4,4,4,4,4,2	he106,he104
18	conventional	4,4,4,4,4,4,4,4,4,4,4,4,4,4,4	
19	holistic	4,4,4,4,4,4,4,4,4,2	h0-2,he106
19	conventional	4,4,4,4,4,4,4,4,4,4,4,4,4,4,4	
20	holistic	4,4,4,4,4,4,4,4,4,4,4,4,3	he123,he90,he93
20	conventional	4,4,4,4,4,4,4,4,4,4,4,4,4,4,4	
21	holistic	4,4,4,4,4,4,4,4,4,4,4,4,4,4,4	
21	conventional	4,4,4,4,4,4,4,4,4,4,4,4,4,4,4	
22	holistic	4,4,4,4,4,4,4,4,4,4,4,4,4,4,4	
22	conventional	4,4,4,4,4,4,4,4,4,4,4,4,4,4,4	
23	holistic	4,4,4,4,4,4,4,4,4,4,4,4,4,4,4	
23	conventional	4,4,4,4,4,4,4,4,4,4,4,4,4,4,4	
24	holistic	4,4,4,4,4,4,4,4,4,4,4,4,4,4,4	
24	conventional	4,4,4,4,4,4,4,4,4,4,4,4,4,4,4	
25	holistic	4,4,4,4,4,4,4,4,4,4,4,4,4,4,4	
25	conventional	4,4,4,4,4,4,4,4,4,4,4,4,4,4,4	
26	holistic	4,4,4,4,4,4,4,4,4,4,4,4,4,4,4	
26	conventional	4,4,4,4,4,4,4,4,4,4,4,4,4,4,4	
27	holistic	4,4,4,4,4,4,4,4,4,4,4,4,4,4,4	
27	conventional	4,4,4,4,4,4,4,4,4,4,4,4,4,4,4	
28	holistic	4,4,4,4,4,4,4,4,4,4,4,4,4,4,4	
28	conventional	4,4,4,4,4,4,4,4,4,4,4,4,4,4,4	
29	holistic	4,4,4,4,4,4,4,4,4,4,4,4,4,4,4	
29	conventional	4,4,4,4,4,4,4,4,4,4,4,4,4,4,4	
30	holistic	4,4,4,4,4,4,4,4,4,4,4,4,4,4,4	
30	conventional	4,4,4,4,4,4,4,4,4,4,4,4,4,4,4	
31	holistic	4,4,4,4,4,4,4,4,4,4,4,4,4,4,4	
31	conventional	4,4,4,4,4,4,4,4,4,4,4,4,4,4,4	
32	holistic	4,4,4,4,4,4,4,4,4,4,4,4,4,4,4	
32	conventional	4,4,4,4,4,4,4,4,4,4,4,4,4,4,4	
33	holistic	4,4,4,4,4,4,4,4,4,4,4,4,4,4,4	
33	conventional	4,4,4,4,4,4,4,4,4,4,4,4,4,4,4	
34	holistic	4,4,4,4,4,4,4,4,4,4,4,4,4,4,4	
34	conventional	4,4,4,4,4,4,4,4,4,4,4,4,4,4,4	
35	holistic	4,4,4,4,4,4,4,4,4,4,4,4,4,4,4	
35	conventional	4,4,4,4,4,4,4,4,4,4,4,4,4,4,4	
36	holistic	4,4,4,4,4,4,4,4,4,4,4,4,4,4,4	
36	conventional	4,4,4,4,4,4,4,4,4,4,4,4,4,4,4	
37	holistic	4,4,4,4,4,4,4,4,4,4,4,4,4,4,4	
37	conventional	4,4,4,4,4,4,4,4,4,4,4,4,4,4,4	
38	holistic	4,4,4,4,4,4,4,4,4,4,4,4,4,4,4	
38	conventional	4,4,4,4,4,4,4,4,4,4,4,4,4,4,4	
39	holistic	4,4,4,4,4,4,4,4,4,4,4,4,4,4,4	
39	conventional	4,4,4,4,4,4,4,4,4,4,4,4,4,4,4	
40	holistic	4,4,4,4,4,4,4,4,4,4,4,4,4,4,4	
40	conventional	4,4,4,4,4,4,4,4,4,4,4,4,4,4,4	
41	holistic	4,4,4,4,4,4,4,4,4,4,4,4,4,4,4	
41	conventional	4,4,4,4,4,4,4,4,4,4,4,4,4,4,4	
42	holistic	4,4,4,4,4,4,4,4,4,4,4,4,4,4,4	
42	conventional	4,4,4,4,4,4,4,4,4,4,4,4,4,4,4	
43	holistic	4,4,4,4,4,4,4,4,4,4,4,4,4,4,4	
43	conventional	4,4,4,4,4,4,4,4,4,4,4,4,4,4,4	
44	holistic	4,4,4,4,4,4,4,4,4,4,4,4,4,4,4	
44	conventional	4,4,4,4,4,4,4,4,4,4,4,4,4,4,4	
45	holistic	4,4,4,4,4,4,4,4,4,4,4,4,4,4,4	
45	conventional	4,4,4,4,4,4,4,4,4,4,4,4,4,4,4	
46	holistic	4,4,4,4,4,4,4,4,4,4,4,4,4,4,4	
46	conventional	4,4,4,4,4,4,4,4,4,4,4,4,4,4,4	
47	holistic	4,4,4,4,4,4,4,4,4,4,4,4,4,4,4	
47	conventional	4,4,4,4,4,4,4,4,4,4,4,4,4,4,4	
48	holistic	4,4,4,4,4,4,4,4,4,4,4,4,4,4,4	
48	conventional	4,4,4,4,4,4,4,4,4,4,4,4,4,4,4	
49	holistic	4,4,4,4,4,4,4,4,4,4,4,4,4,4,4	
49	conventional	4,4,4,4,4,4,4,4,4,4,4,4,4,4,4	
50	holistic	4,4,4,4,4,4,4,4,4,4,4,4,4,4,4	
50	conventional	4,4,4,4,4,4,4,4,4,4,4,4,4,4,4	
51	holistic	4,4,4,4,4,4,4,4,4,4,4,4,4,4,4	
51	conventional	4,4,4,4,4,4,4,4,4,4,4,4,4,4,4	
52	holistic	4,4,4,4,4,4,4,4,4,4,4,4,4,4,4	
52	conventional	4,4,4,4,4,4,4,4,4,4,4,4,4,4,4	
53	holistic	4,4,4,4,4,4,4,4,4,4,4,4,4,4,4	
53	conventional	4,4,4,4,4,4,4,4,4,4,4,4,4,4,4	
54	holistic	4,4,4,4,4,4,4,4,4,4,4,4,4,4,4	
54	conventional	4,4,4,4,4,4,4,4,4,4,4,4,4,4,4	
55	holistic	4,4,4,4,4,4,4,4,4,4,4,4,4,4,4	
55	conventional	4,4,4,4,4,4,4,4,4,4,4,4,4,4,4	
56	holistic	4,4,4,4,4,4,4,4,4,4,4,4,4,4,4	
56	conventional	4,4,4,4,4,4,4,4,4,4,4,4,4,4,4	
57	holistic	4,4,4,4,4,4,4,4,4,4,4,4,4,4,4	
57	conventional	4,4,4,4,4,4,4,4,4,4,4,4,4,4,4	
58	holistic	4,4,4,4,4,4,4,4,4,4,4,4,4,4,4	
58	conventional	4,4,4,4,4,4,4,4,4,4,4,4,4,4,4	
59	holistic	4,4,4,4,4,4,4,4,4,4,4,4,4,4,4	
59	conventional	4,4,4,4,4,4,4,4,4,4,4,4,4,4,4	
60	holistic	4,4,4,4,4,4,4,4,4,4,4,4,4,4,4	
60	conventional	4,4,4,4,4,4,4,4,4,4,4,4,4,4,4	
61	holistic	4,4,4,4,4,4,4,4,4,4,4,4,4,4,4	
61	conventional	4,4,4,4,4,4,4,4,4,4,4,4,4,4,4	
62	holistic	4,4,4,4,4,4,4,4,4,4,4,4,4,4,4	
62	conventional	4,4,4,4,4,4,4,4,4,4,4,4,4,4,4	
63	holistic	4,4,4,4,4,4,4,4,4,4,4,4,4,4,4	
63	conventional	4,4,4,4,4,4,4,4,4,4,4,4,4,4,4	
64	holistic	4,4,4,4,4,4,4,4,4,4,4,4,4,4,4	
64	conventional	4,4,4,4,4,4,4,4,4,4,4,4,4,4,4	
65	holistic	4,4,4,4,4,4,4,4,4,4,4,4,4,4,4	
65	conventional	4,4,4,4,4,4,4,4,4,4,4,4,4,4,4	
66	holistic	4,4,4,4,4,4,4,4,4,4,4,4,4,4,4	
66	conventional	4,4,4,4,4,4,4,4,4,4,4,4,4,4,4	
67	holistic	4,4,4,4,4,4,4,4,4,4,4,4,4,4,4	
67	conventional	4,4,4,4,4,4,4,4,4,4,4,4,4,4,4	
68	holistic	4,4,4,4,4,4,4,4,4,4,4,4,4,4,4	
68	conventional	4,4,4,4,4,4,4,4,4,4,4,4,4,4,4	
69	holistic	4,4,4,4,4,4,4,4,4,4,4,4,4,4,4	
69	conventional	4,4,4,4,4,4,4,4,4,4,4,4,4,4,4	
70	holistic	4,4,4,4,4,4,4,4,4,4,4,4,4,4,4	
70	conventional	4,4,4,4,4,4,4,4,4,4,4,4,4,4,4	
71	holistic	4,4,4,4,4,4,4,4,4,4,4,4,4,4,4	
71	conventional	4,4,4,4,4,4,4,4,4,4,4,4,4,4,4	
72	holistic	4,4,4,4,4,4,4,4,4,4,4,4,4,4,4	
72	conventional	4,4,4,4,4,4,4,4,4,4,4,4,4,4,4	
73	holistic	4,4,4,4,4,4,4,4,4,4,4,4,4,4,4	
73	conventional	4,4,4,4,4,4,4,4,4,4,4,4,4,4,4	
74	holistic	4,4,4,4,4,4,4,4,4,4,4,4,4,4,4	
74	conventional	4,4,4,4,4,4,4,4,4,4,4,4,4,4,4	
75	holistic	4,4,4,4,4,4,4,4,4,4,4,4,4,4,4	
75	conventional	4,4,4,4,4,4,4,4,4,4,4,4,4,4,4	
76	holistic	4,4,4,4,4,4,4,4,4,4,4,4,4,4,4	
76	conventional	4,4,4,4,4,4,4,4,4,4,4,4,4,4,4	
77	holistic	4,4,4,4,4,4,4,4,4,4,4,4,4,4,4	
77	conventional	4,4,4,4,4,4,4,4,4,4,4,4,4,4,4	
78	holistic	4,4,4,4,4,4,4,4,4,4,4,4,4,4,4	
78	conventional	4,4,4,4,4,4,4,4,4,4,4,4,4,4,4	
79	holistic	4,4,4,4,4,4,4,4,4,4,4,4,4,4,4	
79	conventional	4,4,4,4,4,4,4,4,4,4,4,4,4,4,4	
80	holistic	4,4,4,4,4,4,4,4,4,4,4,4,4,4,4	
80	conventional	4,4,4,4,4,4,4,4,4,4,4,4,4,4,4	
81	holistic	4,4,4,4,4,4,4,4,4,4,4,4,4,4,4	
81	conventional	4,4,4,4,4,4,4,4,4,4,4,4,4,4,4	
82	holistic	4,4,4,4,4,4,4,4,4,4,4,4,4,4,4	
82	conventional	4,4,4,4,4,4,4,4,4,4,4,4,4,4,4	
83	holistic	4,4,4,4,4,4,4,4,4,4,4,4,4,4,4	
83	conventional	4,4,4,4,4,4,4,4,4,4,4,4,4,4,4	
84	holistic	4,4,4,4,4,4,4,4,4,4,4,4,4,4,4	
84	conventional	4,4,4,4,4,4,4,4,4,4,4,4,4,4,4	
85	holistic	4,4,4,4,4,4,4,4,4,4,4,4,4,4,4	
85	conventional	4,4,4,4,4,4,4,4,4,4,4,4,4,4,4	
86	holistic	4,4,4,4,4,4,4,4,4,4,4,4,4,4,4	
86	conventional	4,4,4,4,4,4,4,4,4,4,4,4,4,4,4	
87	holistic	4,4,4,4,4,4,4,4,4,4,4,4,4,4,4	
87	conventional	4,4,4,4,4,4,4,4,4,4,4,4,4,4,4	
88	holistic	4,4,4,4,4,4,4,4,4,4,4,4,4,4,4	
88	conventional	4,4,4,4,4,4,4,4,4,4,4,4,4,4,4	
89	holistic	4,4,4,4,4,4,4,4,4,4,4,4,4,4,4	
89	conventional	4,4,4,4,4,4,4,4,4,4,4,4,4,4,4	
90	holistic	4,4,4,4,4,4,4,4,4,4,4,4,4,4,4	
90	conventional	4,4,4,4,4,4,4,4,4,4,4,4,4,4,4	
91	holistic	4,4,4,4,4,4,4,4,4,4,4,4,4,4,4	
91	conventional	4,4,4,4,4,4,4,4,4,4,4,4,4,4,4	
92	holistic	4,4,4,4,4,4,4,4,4,4,4,4,4,4,4	
92	conventional	4,4,4,4,4,4,4,4,4,4,4,4,4,4,4	
93	holistic	4,4,4,4,4,4,4,4,4,4,4,4,4,4,4	
93	conventional	4,4,4,4,4,4,4,4,4,4,4,4,4,4,4	
94	holistic	4,4,4,4,4,4,4,4,4,4,4,4,4,4,4	
94	conventional	4,4,4,4,4,4,4,4,4,4,4,4,4,4,4	
95	holistic	4,4,4,4,4,4,4,4,4,4,4,4,4,4,4	
95	conventional	4,4,4,4,4,4,4,4,4,4,4,4,4,4,4	
96	holistic	4,4,4,4,4,4,4,4,4,4,4,4,4,4,4	
96	conventional	4,4,4,4,4,4,4,4,4,4,4,4,4,4,4	
97	holistic	4,4,4,4,4,4,4,4,4,4,4,4,4,4,4	
97	conventional	4,4,4,4,4,4,4,4,4,4,4,4,4,4,4	
98	holistic	4,4,4,4,4,4,4,4,4,4,4,4,4,4,4	
98	conventional	4,4,4,4,4,4,4,4,4,4,4,4,4,4,4	
99	holistic	4,4,4,4,4,4,4,4,4,4,4,4,4,4,4	
99	conventional	4,4,4,4,4,4,4,4,4,4,4,4,4,4,4	
100	holistic	4,4,4,4,4,4,4,4,4,4,4,4,4,4,4	
100	conventional	4,4,4,4,4,4,4,4,4,4,4,4,4,4,4	
101	holistic	4,4,4,4,4,4,4,4,4,4,4,4,4,4,4	
101	conventional	4,4,4,4,4,4,4,4,4,4,4,4,4,4,4	
102	holistic	4,4,4,4,4,4,4,4,4,4,4,4,4,4,4	
102	conventional	4,4,4,4,4,4,4,4,4,4,4,4,4,4,4	
103	holistic	4,4,4,4,4,4,4,4,4,4,4,4,4,4,4	
103	conventional	4,4,4,4,4,4,4,4,4,4,4,4,4,4,4	
104	holistic	4,4,4,4,4,4,4,4,4,4,4,4,4,4,4	
104	conventional	4,4,4,4,4,4,4,4,4,4,4,4,4,4,4	
105	holistic	4,4,4,4,4,4,4,4,4,4,4,4,4,4,4	
105	conventional	4,4,4,4,4,4,4,4,4,4,4,4,4,4,4	
106	holistic	4,4,4,4,4,4,4,4,4,4,4,4,4,4,4	
106	conventional	4,4,4,4,4,4,4,4,4,4,4,4,4,4,4	
107	holistic	4,4,4,4,4,4,4,4,4,4,4,4,4,4,4	
107	conventional	4,4,4,4,4,4,4,4,4,4,4,4,4,4,4	
108	holistic	4,4,4,4,4,4,4,4,4,4,4,4,4,4,4	
108	conventional	4,4,4,4,4,4,4,4,4,4,4,4,4,4,4	
109	holistic	4,4,4,4,4,4,4,4,4,4,4,4,4,4,4	
109	conventional	4,4,4,4,4,4,4,4,4,4,4,4,4,4,4	
110	holistic	4,4,4,4,4,4,4,4,4,4,4,4,4,4,4	
110	conventional	4,4,4,4,4,4,4,4,4,4,4,4,4,4,4	
111	holistic	4,4,4,4,4,4,4,4,4,4,4,4,4,4,4	
111	conventional	4,4,4,4,4,4,4,4,4,4,4,4,4,4,4	
112	holistic	4,4,4,4,4,4,4,4,4,4,4,4,4,4,4	
112	conventional	4,4,4,4,4,4,4,4,4,4,4,4,4,4,4	
113	holistic	4,4,4,4,4,4,4,4,4,4,4,4,4,4,4	
113	conventional	4,4,4,4,4,4,4,4,4,4,4,4,4,4,4	
114	holistic	4,4,4,4,4,4,4,4,4,4,4,4,4,4,4	
114	conventional	4,4,4,4,4,4,4,4,4,4,4,4,4,4,4	
115	holistic	4,4,4,4,4,4,4,4,4,4,4,4,4,4,4	
115	conventional	4,4,4,4,4,4,4,4,4,4,4,4,4,4,4	
116	holistic	4,4,4,4,4,4,4,4,4,4,4,4,4,4,4	
116	conventional	4,4,4,4,4,4,4,4,4,4,4,4,4,4,4	
117	holistic	4,4,4,4,4,4,4,4,4,4,4,4,4,4,4	
117	conventional	4,4,4,4,4,4,4,4,4,4,4,4,4,4,4	
118	holistic	4,4,4,4,4,4,4,4,4,4,4,4,4,4,4	
118	conventional	4,4,4,4,4,4,4,4,4,4,4,4,4,4,4	
119	holistic	4,4,4,4,4,4,4,4,4,4,4,4,4,4,4	
119	conventional	4,4,4,4,4,4,4,4,4,4,4,4,4,4,4	
120	holistic	4,4,4,4,4,4,4,4,4,4,4,4,4,4,4	
120	conventional	4,4,4,4,4,4,4,4,4,4,4,4,4,4,4	
121	holistic	4,4,4,4,4,4,4,4,4,4,4,4,4,4,4	
121	conventional	4,4,4,4,4,4,4,4,4,4,4,4,4,4,4	
122	holistic	4,4,4,4,4,4,4,4,4,4,4,4,4,4,4	
122	conventional	4,4,4,4,4,4,4,4,4,4,4,4,4,4,4	
123	holistic	4,4,4,4,4,4,4,4,4,4,4,4,4,4,4	
123	conventional	4,4,4,4,4,4,4,4,4,4,4,4,4,4,4	
124	holistic	4,4,4,4,4,4,4,4,4,4,4,4,4,4,4	
124	conventional	4,4,4,4,4,4,4,4,4,4,4,4,4,4,4	
125	holistic	4,4,4,4,4,4,4,4,4,4,4,4,4,4,4	
125	conventional	4,4,4,4,4,4,4,4,4,4,4,4,4,4,4	
126	holistic	4,4,4,4,4,4,4,4,4,4,4,4,4,4,4	
126	conventional	4,4,4,4,4,4,4,4,4,4,4,4,4,4,4	
127	holistic	4,4,4,4,4,4,4,4,4,4,4,4,4,4,4	
127	conventional	4,4,4,4,4,4,4,4,4,4,4,4,4,4,4	
128	holistic	4,4,4,4,4,4,4,4,4,4,4,4,4,4,4	
128	conventional	4,4,4,4,4,4,4,4,4,4,4,4,4,4,4	
129	holistic	4,4,4,4,4,4,4,4,4,4,4,4,4,4,4	
129	conventional	4,4,4,4,4,4,4,4,4,4,4,4,4,4,4	
130	holistic	4,4,4,4,4,4,4,4,4,4,4,4,4,4,4	
130	conventional	4,4,4,4,4,4,4,4,4,4,4,4,4,4,4	
131	holistic	4,4,4,4,4,4,4,4,4,4,4,4,4,4,4	
131	conventional	4,4,4,4,4,4,4,4,4,4,4,4,4,4,4	
132	holistic	4,4,4,4,4,4,4,4,4,4,4,4,4,4,4	
132	conventional	4,4,4,4,4,4,4,4,4,4,4,4,4,4,4	
133	holistic	4,4,4,4,4,4,4,4,4,4,4,4,4,4,4	
133	conventional	4,4,4,4,4,4,4,4,4,4,4,4,4,4,4	
134	holistic	4,4,4,4,4,4,4,4,4,4,4,4,4,4,4	
134	conventional	4,4,4,4,4,4,4,4,4,4,4,4,4,4,4	
135	holistic	4,4,4,4,4,4,4,4,4,4,4,4,4,4,4	
135	conventional	4,4,4,4,4,4,4,4,4,4,4,4,4,4,4	
136	holistic	4,4,4,4,4,4,4,4,4,4,4,4,4,4,4	
136	conventional	4,4,4,4,4,4,4,4,4,4,4,4,4,4,4	
137	holistic	4,4,4,4,4,4,4,4,4,4,4,4,4,4,4	
137	conventional	4,4,4,4,4,4,4,4,4,4,4,4,4,4,4	
138	holistic	4,4,4,4,4,4,4,4,4,4,4,4,4,4,4	
138	conventional	4,4,4,4,4,4,4,4,4,4,4,4,4,4,4	
139	holistic	4,4,4,4,4,4,4,4,4,4,4,4,4,4,4	
139	conventional	4,4,4,4,4,4,4,4,4,4,4,4,4,4,4	
140	holistic	4,4,4,4,4,4,4,4,4,4,4,4,4,4,4	
140	conventional	4,4,4,4,4,4,4,4,4,4,4,4,4,4,4	
141	holistic	4,4,4,4,4,4,4,4,4,4,4,4,4,4,4	
141	conventional	4,4,4,4,4,4,4,4,4,4,4,4,4,4,4	
142	holistic	4,4,4,4,4,4,4,4,4,4,4,4,4,4,4	
142	conventional	4,4,4,4,4,4,4,4,4,4,4,4,4,4,4	
143	holistic	4,4,4,4,4,4,4,4,4,4,4,4,4,4,4	
143	conventional	4,4,4,4,4,4,4,4,4,4,4,4,4,4,4	
144	holistic	4,4,4,4,4,4,4,4,4,4,4,4,4,4,4	
144	conventional	4,4,4,4,4,4,4,4,4,4,4,4,4,4,4	
145	holistic	4,4,4,4,4,4,4,4,4,4,4,4,4,4,4	
145	conventional	4,4,4,4,4,4,4,4,4,4,4,4,4,4,4	
146	holistic	4,4,4,4,4,4,4,4,4,4,4,4,4,4,4	
146	conventional	4,4,4,4,4,4,4,4,4,4,4,4,4,4,4	
147	holistic	4,4,4,4,4,4,4,4,4,4,4,4,4,4,4	
147	conventional	4,4,4,4,4,4,4,4,4,4,4,4,4,4,4	
148	holistic	4,4,4,4,4,4,4,4,4,4,4,4,4,4,4	
148	conventional	4,4,4,4,4,4,4,4,4,4,4,4,4,4,4	
149	holistic	4,4,4,4,4,4,4,4,4,4,4,4,4,4,4	
149	conventional	4,4,4,4,4,4,4,4,4,4,4,4,4,4,4	
150	holistic	4,4,4,4,4,4,4,4,4,4,4,4,4,4,4	
150	conventional	4,4,4,4,4,4,4,4,4,4,4,4,4,4,4	
151	holistic	4,4,4,4,4,4,4,4,4,4,4,4,4,4,4	
151	conventional	4,4,4,4,4,4,4,4,4,4,4,4,4,4,4	
152	holistic	4,4,4,4,4,4,4,4,4,4,4,4,4,4,4	
152	conventional	4,4,4,4,4,4,4,4,4,4,4,4,4,4,4	
153	holistic	4,4,4,4,4,4,4,4,4,4,4,4,4,4,4	
153	conventional	4,4,4,4,4,4,4,4,4,4,4,4,4,4,4	
154	holistic	4,4,4,4,4,4,4,4,4,4,4,4,4,4,4	
154	conventional	4,4,4,4,4,4,4,4,4,4,4,4,4,4,4	
155	holistic	4,4,4,4,4,4,4,4,4,4,4,4,4,4,4	
155	conventional	4,4,4,4,4,4,4,4,4,4,4,4,4,4,4	
156	holistic	4,4,4,4,4,4,4,4,4,4,4,4,4,4,4	
156	conventional	4,4,4,4,4,4,4,4,4,4,4,4,4,4,4	
157	holistic	4,4,4,4,4,4,4,4,4,4,4,4,4,4,4	
157	conventional	4,4,4,4,4,4,4,4,4,4,4,4,4,4,4	
158	holistic	4,4,4,4,4,4,4,4,4,4,4,4,4,4,4	
158	conventional	4,4,4,4,4,4,4,4,4,4,4,4,4,4,4	
159	holistic	4,4,4,4,4,4,4,4,4,4,4,4,4,4,4	
159	conventional	4,4,4,4,4,4,4,4,4,4,4,4,4,4,4	
160	holistic	4,4,4,4,4,4,4,4,4,4,4,4,4,4,4	
160	conventional	4,4,4,4,4,4,4,4,4,4,4,4,4,4,4	
161	holistic	4,4,4,4,4,4,4,4,4,4,4,4,4,4,4	
161	conventional	4,4,4,4,4,4,4,4,4,4,4,4,4,4,4	
162	holistic	4,4,4,4,4,4,4,4,4,4,4,4,4,4,4	
162	conventional	4,4,4,4,4,4,4,4,4,4,4,4,4,4,4	
163	holistic	4,4,4,4,4,4,4,4,4,4,4,4,4,4,4	
163	conventional	4,4,4,4,4,4,4,4,4,4,4,4,4,4,4	
164	holistic	4,4,4,4,4,4,4,4,4,4,4,4,4,4,4	
164	conventional	4,4,4,4,4,4,4,4,4,4,4,4,4,4,4	
165	holistic	4,4,4,4,4,4,4,4,4,4,4,4,4,4,4	
165	conventional	4,4,4,4,4,4,4,4,4,4,4,4,4,4,4	
166	holistic	4,4,4,4,4,4,4,4,4,4,4,4,4,4,4	
166	conventional	4,4,4,4,4,4,4,4,4,4,4,4,4,4,4	
167	holistic	4,4,4,4,4,4,4,4,4,4,4,4,4,4,4	
167	conventional	4,4,4,4,4,4,4,4,4,4,4,4,4,4,4	
168	holistic	4,4,4,4,4,4,4,4,4,4,4,4,4,4,4	
168	conventional	4,4,4,4,4,4,4,4,4,4,4,4,4,4,4	
169	holistic	4,4,4,4,4,4,4,4,4,4,4,4,4,4,4	
169	conventional	4,4,4,4,4,4,4,4,4,4,4,4,4,4,4	
170	holistic	4,4,4,4,4,4,4,4,4,4,4,4,4,4,4	
170	conventional	4,4,4,4,4,4,4,4,4,4,4,4,4,4,4	
171	holistic	4,4,4,4,4,4,4,4,4,4,4,4,4,4,4	
171	conventional	4,4,4,4,4,4,4,4,4,4,4,4,4,4,4	
172	holistic	4,4,4,4,4,4,4,4,4,4,4,4,4,4,4	
172	conventional	4,4,4,4,4,4,4,4,4,4,4,4,4,4,4	
173	holistic	4,4,4,4,4,4,4,4,4,4,4,4,4,4,4	
173	conventional	4,4,4,4,4,4,4,4,4,4,4,4,4,4,4	
174	holistic	4,4,4,4,4,4,4,4,4,4,4,4,4,4,4	
174	conventional	4,4,4,4,4,4,4,4,4,4,4,4,4,4,4	
175	holistic	4,4,4,4,4,4,4,4,4,4,4,4,4,4,4	
175	conventional	4,4,4,4,4,4,4,4,4,4,4,4,4,4,4	
176	holistic	4,4,4,4,4,4,4,4,4,4,4,4,4,4,4	
176	conventional	4,4,4,4,4,4,4,4,4,4,4,4,4,4,4	
177	holistic	4,4,4,4,4,4,4,4,4,4,4,4,4,4,4	
177	conventional	4,4,4,4,4,4,4,4,4,4,4,4,4,4,4	
178	holistic	4,4,4,4,4,4,4,4,4,4,4,4,4,4,4	
178	conventional	4,4,4,4,4,4,4,4,4,4,4,4,4,4,4	
179	holistic	4,4,4,4,4,4,4,4,4,4,4,4,4,4,4	
179	conventional	4,4,4,4,4,4,4,4,4,4,4,4,4,4,4	
180	holistic	4,4,4,4,4,4,4,4,4,4,4,4,4,4,4	
180	conventional	4,4,4,4,4,4,4,4,4,4,4,4,4,4,4	
181	holistic	4,4,4,4,4,4,4,4,4,4,4,4,4,4,4	
181	conventional	4,4,4,4,4,4,4,4,4,4,4,4,4,4,4	
182	holistic	4,4,4,4,4,4,4,4,4,4,4,4,4,4,4	
182	conventional	4,4,4,4,4,4,4,4,4,4,4,4,4,4,4	
183	holistic	4,4,4,4,4,4,4,4,4,4,4,4,4,4,4	
183	conventional	4,4,4,4,4,4,4,4,4,4,4,4,4,4,4	
184	holistic	4,4,4,4,4,4,4,4,4,4,4,4,4,4,4	
184	conventional	4,4,4,4,4,4,4,4,4,4,4,4,4,4,4	
185	holistic	4,4,4,4,4,4,4,4,4,4,4,4,4,4,4	
185	conventional	4,4,4,4,4,4,4,4,4,4,4,4,4,4,4	
186	holistic	4,4,4,4,4,4,4,4,4,4,4,4,4,4,4	
186	conventional	4,4,4,4,4,4,4,4,4,4,4,4,4,4,4	
187	holistic	4,4,4,4,4,4,4,4,4,4,4,4,4,4,4	
187	conventional	4,4,4,4,4,4,4,4,4,4,4,4,4,4,4	
188	holistic	4,4,4,4,4,4,4,4,4,4,4,4,4,4,4	
188	conventional	4,4,4,4,4,4,4,4,4,4,4,4,4,4,4	
189	holistic	4,4,4,4,4,4,4,4,4,4,4,4,4,4,4	
189	conventional	4,4,4,4,4,4,4,4,4,4,4,4,4,4,4	
190	holistic	4,4,4,4,4,4,4,4,4,4,4,4,4,4,4	
190	conventional	4,4,4,4,4,4,4,4,4,4,4,4,4,4,4	
191	holistic	4,4,4,4,4,4,4,4,4,4,4,4,4,4,4	
191	conventional	4,4,4,4,4,4,4,4,4,4,4,4,4,4,4	
192	holistic	4,4,4,4,4,4,4,4,4,4,4,4,4,4,4	
192	conventional	4,4,4,4,4,4,4,4,4,4,4,4,4,4,4	
193	holistic	4,4,4,4,4,4,4,4,4,4,4,4,4,4,4	
193	conventional	4,4,4,4,4,4,4,4,4,4,4,4,4,4,4	
194	holistic	4,4,4,4,4,4,4,4,4,4,4,4,4,4,4	
194	conventional	4,4,4,4,4,4,4,4,4,4,4,4,4,4,4	
195	holistic	4,4,4,4,4,4,4,4,4,4,4,4,4,4,4	
195	conventional	4,4,4,4,4,4,4,4,4,4,4,4,4,4,4	
196	holistic	4,4,4,4,4,4,4,4,4,4,4,4,4,4,4	
196	conventional	4,4,4,4,4,4,4,4,4,4,4,4,4,4,4	
197	holistic	4,4,4,4,4,4,4,4,4,4,4,4,4,4,4	
197	conventional	4,4,4,4,4,4,4,4,4,4,4,4,4,4,4	
198	holistic	4,4,4,4,4,4,4,4,4,4,4,4,4,4,4	
198	conventional	4,4,4,4,4,4,4,4,4,4,4,4,4,4,4	
199	holistic	4,4,4,4,4,4,4,4,4,4,4,4,4,4,4	
199	conventional	4,4,4,4,4,4,4,4,4,4,4,4,4,4,4	
200	holistic	4,4,4,4,4,4,4,4,4,4,4,4,4,4,4	
200	conventional	4,4,4,4,4,4,4,4,4,4,4,4,4,4,4	
201	holistic	4,4,4,4,4,4,4,4,4,4,4,4,4,4,4	
201	conventional	4,4,4,4,4,4,4,4,4,4,4,4,4,4,4	
202	holistic	4,4,4,4,4,4,4,4,4,4,4,4,4,4,4	
202	conventional	4,4,4,4,4,4,4,4,4,4,4,4,4,4,4	
203	holistic	4,4,4,4,4,4,4,4,4,4,4,4,4,4,4	
203	conventional	4,4,4,4,4,4,4,4,4,4,4,4,4,4,4	
204	holistic	4,4,4,4,4,4,4,4,4,4,4,4,4,4,4	
204	conventional	4,4,4,4,4,4,4,4,4,4,4,4,4,4,4	
205	holistic	4,4,4,4,4,4,4,4,4,4,4,4,4,4,4	
205	conventional	4,4,4,4,4,4,4,4,4,4,4,4,4,4,4	
206	holistic	4,4,4,4,4,4,4,4,4,4,4,4,4,4,4	
206	conventional	4,4,4,4,4,4,4,4,4,4,4,4,4,4,4	
207	holistic	4,4,4,4,4,4,4,4,4,4,4,4,4,4,4	
207	conventional	4,4,4,4,4,4,4,4,4,4,4,4,4,4,4	
208	holistic	4,4,4,4,4,4,4,4,4,4,4,4,4,4,4	
208	conventional	4,4,4,4,4,4,4,4,4,4,4,4,4,4,4	
209	holistic	4,4,4,4,4,4,4,4,4,4,4,4,4,4,4	
209	conventional	4,4,4,4,4,4,4,4,4,4,4,4,4,4,4	
210	holistic	4,4,4,4,4,4,4,4,4,4,4,4,4,4,4	
210	conventional	4,4,4,4,4,4,4,4,4,4,4,4,4,4,4	
211	holistic	4,4,4,4,4,4,4,4,4,4,4,4,4,4,4	
211	conventional	4,4,4,4,4,4,4,4,4,4,4,4,4,4,4	
212	holistic	4,4,4,4,4,4,4,4,4,4,4,4,4,4,4	
212	conventional	4,4,4,4,4,4,4,4,4,4,4,4,4,4,4	
213	holistic	4,4,4,4,4,4,4,4,4,4,4,4,4,4,4	
213	conventional	4,4,4,4,4,4,4,4,4,4,4,4,4,4,4	
214	holistic	4,4,4,4,4,4,4,4,4,4,4,4,4,4,4	
214	conventional	4,4,4,4,4,4,4,4,4,4,4,4,4,4,4	
215	holistic	4,4,4,4,4,4,4,4,4,4,4,4,4,4,4	
215	conventional	4,4,4,4,4,4,4,4,4,4,4,4,4,4,4	
216	holistic	4,4,4,4,4,4,4,4,4,4,4,4,4,4,4	
216	conventional	4,4,4,4,4,4,4,4,4,4,4,4,4,4,4	
217	holistic	4,4,4,4,4,4,4,4,4,4,4,4,4,4,4	
217	conventional	4,4,4,4,4,4,4,4,4,4,4,4,4,4,4	
218	holistic	4,4,4,4,4,4,4,4,4,4,4,4,4,4,4	
218	conventional	4,4,4,4,4,4,4,4,4,4,4,4,4,4,4	
219	holistic	4,4,4,4,4,4,4,4,4,4,4,4,4,4,4	
219	conventional	4,4,4,4,4,4,4,4,4,4,4,4,4,4,4	
220	holistic	4,4,4,4,4,4,4,4,4,4,4,4,4,4,4	
220	conventional	4,4,4,4,4,4,4,4,4,4,4,4,4,4,4	
221	holistic	4,4,4,4,4,4,4,4,4,4,4,4,4,4,4	
221	conventional	4,4,4,4,4,4,4,4,4,4,4,4,4,4,4	
222	holistic	4,4,4,4,4,4,4,4,4,4,4,4,4,4,4	
222	conventional	4,4,4,4,4,4,4,4,4,4,4,4,4,4,4	
223	holistic	4,4,4,4,4,4,4,4,4,4,4,4,4,4,4	
223	conventional	4,4,4,4,4,4,4,4,4,4,4,4,4,4,4	
224	holistic	4,4,4,4,4,4,4,4,4,4,4,4,4,4,4	
224	conventional	4,4,4,4,4,4,4,4,4,4,4,4,4,4,4	
225	holistic	4,4,4,4,4,4,4,4,4,4,4,4,4,4,4	
225	conventional	4,4,4,4,4,4,4,4,4,4,4,4,4,4,4	
226	holistic	4,4,4,4,4,4,4,4,4,4,4,4,4,4,4	
226	conventional	4,4,4,4,4,4,4,4,4,4,4,4,4,4,4	
227	holistic	4,4,4,4,4,4,4,4,4,4,4,4,4,4,4	
227	conventional	4,4,4,4,4,4,4,4,4,4,4,4,4,4,4	
228	holistic	4,4,4,4,4,4,4,4,4,4,4,4,4,4,4	
228	conventional	4,4,4,4,4,4,4,4,4,4,4,4,4,4,4	
229	holistic	4,4,4,4,4,4,4,4,4,4,4,4,4,4,4	
229	conventional	4,4,4,4,4,4,4,4,4,4,4,4,4,4,4	
230	holistic	4,4,4,4,4,4,4,4,4,4,4,4,4,4,4	
230	conventional	4,4,4,4,4,4,4,4,4,4,4,4,4,4,4	
231	holistic	4,4,4,4,4,4,4,4,4,4,4,4,4,4,4	
231	conventional	4,4,4,4,4,4,4,4,4,4,4,4,4,4,4	
232	holistic	4,4,4,4,4,4,4,4,4,4,4,4,4,4,4	
232	conventional	4,4,4,4,4,4,4,4,4,4,4,4,4,4,4	
233	holistic	4,4,4,4,4,4,4,4,4,4,4,4,4,4,4	
233	conventional	4,4,4,4,4,4,4,4,4,4,4,4,4,4,4	
234	holistic	4,4,4,4,4,4,4,4,4,4,4,4,4,4,4	
234	conventional	4,4,4,4,4,4,4,4,4,4,4,4,4,4,4	
235	holistic	4,4,4,4,4,4,4,4,4,4,4,4,4,4,4	
235	conventional	4,4,4,4,4,4,4,4,4,4,4,4,4,4,4	
236	holistic	4,4,4,4,4,4,4,4,4,4,4,4,4,4,4	
236	conventional	4,4,4,4,4,4,4,4,4,4,4,4,4,4,4	
237	holistic	4,4,4,4,4,4,4,4,4,4,4,4,4,4,4	
237	conventional	4,4,4,4,4,4,4,4,4,4,4,4,4,4,4	
238	holistic	4,4,4,4,4,4,4,4,4,4,4,4,4,4,4	
238	conventional	4,4,4,4,4,4,4,4,4,4,4,4,4,4,4	
239	holistic	4,4,4,4,4,4,4,4,4,4,4,4,4,4,4	
239	conventional	4,4,4,4,4,4,4,4,4,4,4,4,4,4,4	
240	holistic	4,4,4,4,4,4,4,4,4,4,4,4,4,4,4	
240	conventional	4,4,4,4,4,4,4,4,4,4,4,4,4,4,4	
241	holistic	4,4,4,4,4,4,4,4,4,4,4,4,4,4,4	
241	conventional	4,4,4,4,4,4,4,4,4,4,4,4,4,4,4	
242	holistic	4,4,4,4,4,4,4,4,4,4,4,4,4,4,4	
242	conventional	4,4,4,4,4,4,4,4,4,4,4,4,4,4,4	
243	holistic	4,4,4,4,4,4,4,4,4,4,4,4,4,4,4	
243	conventional	4,4,4,4,4,4,4,4,4,4,4,4,4,4,4	
244	holistic	4,4,4,4,4,4,4,4,4,4,4,4,4,4,4	
244	conventional	4,4,4,4,4,4,4,4,4,4,4,4,4,4,4	
245	holistic	4,4,4,4,4,4,4,4,4,4,4,4,4,4,4	
245	conventional	4,4,4,4,4,4,4,4,4,4,4,4,4,4,4	
246	holistic	4,4,4,4,4,4,4,4,4,4,4,4,4,4,4	
246	conventional	4,4,4,4,4,4,4,4,4,4,4,4,4,4,4	
247	holistic	4,4,4,4,4,4,4,4,4,4,4,4,4,4,4	
247	conventional	4,4,4,4,4,4,4,4,4,4,4,4,4,4,4	
248	holistic	4,4,4,4,4,4,4,4,4,4,4,4,4,4,4	
248	conventional	4,4,4,4,4,4,4,4,4,4,4,4,4,4,4	
249	holistic	4,4,4,4,4,4,4,4,4,4,4,4,4,4,4	
249	conventional	4,4,4,4,4,4,4,4,4,4,4,4,4,4,4	
250	holistic	4,4,4,4,4,4,4,4,4,4,4,4,4,4,4	
250	conventional	4,4,4,4,4,4,4,4,4,4,4,4,4,4,4	
251	holistic	4,4,4,4,4,4,4,4,4,4,4,4,4,4,4	
251	conventional	4,4,4,4,4,4,4,4,4,4,4,4,4,4,4	
252	holistic	4,4,4,4,4,4,4,4,4,4,4,4,4,4,4	
252	conventional	4,4,4,4,4,4,4,4,4,4,4,4,4,4,4	
253	holistic	4,4,4,4,4,4,4,4,4,4,4,4,4,4,4	
253	conventional	4,4,4,4,4,4,4,4,4,4,4,4,4,4,4	
254	holistic	4,4,4,4,4,4,4,4,4,4,4,4,4,4,4	
254	conventional	4,4,4,4,4,4,4,4,4,4,4,4,4,4,4	
255	holistic	4,4,4,4,4,4,4,4,4,4,4,4,4,4,4	
255	conventional	4,4,4,4,4,4,4,4,4,4,4,4,4,4,4	
256	holistic	4,4,4,4,4,4,4,4,4,4,4,4,4,4,4	
256	conventional	4,4,4,4,4,4,4,4,4,4,4,4,4,4,4	
257	holistic	4,4,4,4,4,4,4,4,4,4,4,4,4,4,4	
257	conventional	4,4,4,4,4,4,4,4,4,4,4,4,4,4,4	
258	holistic	4,4,4,4,4,4,4,4,4,4,4,4,4,4,4	
258	conventional	4,4,4,4,4,4,4,4,4,4,4,4,4,4,4	
259	holistic	4,4,4,4,4,4,4,4,4,4,4,4,4,4,4	
259	conventional	4,4,4,4,4,4,4,4,4,4,4,4,4,4,4	
260	holistic	4,4,4,4,4,4,4,4,4,4,4,4,4,4,4	
260	conventional	4,4,4,4,4,4,4,4,4,4,4,4,4,4,4	
261	holistic	4,4,4,4,4,4,4,4,4,4,4,4,4,4,4	
261	conventional	4,4,4,4,4,4,4,4,4,4,4,4,4,4,4	
262	holistic	4,4,4,4,4,4,4,4,4,4,4,4,4,4,4	
262	conventional	4,4,4,4,4,4,4,4,4,4,4,4,4,4,4	
263	holistic	4,4,4,4,4,4,4,4,4,4,4,4,4,4,4	
263	conventional	4,4,4,4,4,4,4,4,4,4,4,4,4,4,4	
264	holistic	4,4,4,4,4,4,4,4,4,4,4,4,4,4,4	
264	conventional	4,4,4,4,4,4,4,4,4,4,4,4,4,4,4	
265	holistic	4,4,4,4,4,4,4,4,4,4,4,4,4,4,4	
265	conventional	4,4,4,4,4,4,4,4,4,4,4,4,4,4,4	
266	holistic	4,4,4,4,4,4,4,4,4,4,4,4,4,4,4	
266	conventional	4,4,4,4,4,4,4,4,4,4,4,4,4,4,4	
267	holistic	4,4,4,4,4,4,4,4,4,4,4,4,4,4,4	
267	conventional	4,4,4,4,4,4,4,4,4,4,4,4,4,4,4	
268	holistic	4,4,4,4,4,4,4,4,4,4,4,4,4,4,4	
268	conventional	4,4,4,4,4,4,4,4,4,4,4,4,4,4,4	
269	holistic	4,4,4,4,4,4,4,4,4,4,4,4,4,4,4	
269	conventional	4,4,4,4,4,4,4,4,4,4,4,4,4,4,4	
270	holistic	4,4,4,4,4,4,4,4,4,4,4,4,4,4,4	
270	conventional	4,4,4,4,4,4,4,4,4,4,4,4,4,4,4	
271	holistic	4,4,4,4,4,4,4,4,4,4,4,4,4,4,4	
271	conventional	4,4,4,4,4,4,4,4,4,4,4,4,4,4,4	
272	holistic	4,4,4,4,4,4,4,4,4,4,4,4,4,4,4	
272	conventional	4,4,4,4,4,4,4,4,4,4,4,4,4,4,4	
273	holistic	4,4,4,4,4,4,4,4,4,4,4,4,4,4,4	
273	conventional	4,4,4,4,4,4,4,4,4,4,4,4,4,4,4	
274	holistic	4,4,4,4,4,4,4,4,4,4,4,4,4,4,4	
274	conventional	4,4,4,4,4,4,4,4,4,4,4,4,4,4,4	
275	holistic	4,4,4,4,4,4,4,4,4,4,4,4,4,4,4	
275	conventional	4,4,4,4,4,4,4,4,4,4,4,4,4,4,4	
276	holistic	4,4,4,4,4,4,4,4,4,4,4,4,4,4,4	
276	conventional	4,4,4,4,4,4,4,4,4,4,4,4,4,4,4	
277	holistic	4,4,4,4,4,4,4,4,4,4,4,4,4,4,4	
277	conventional	4,4,4,4,4,4,4,4,4,4,4,4,4,4,4	
278	holistic	4,4,4,4,4,4,4,4,4,4,4,4,4,4,4	
278	conventional	4,4,4,4,4,4,4,4,4,4,4,4,4,4,4	
279	holistic	4,4,4,4,4,4,4,4,4,4,4,4,4,4,4	
279	conventional	4,4,4,4,4,4,4,4,4,4,4,4,4,4,4	
280	holistic	4,4,4,4,4,4,4,4,4,4,4,4,4,4,4	
280	conventional	4,4,4,4,4,4,4,4,4,4,4,4,4,4,4	
281	holistic	4,4,4,4,4,4,4,4,4,4,4,4,4,4,4	
281	conventional	4,4,4,4,4,4,4,4,4,4,4,4,4,4,4	
282	holistic	4,4,4,4,4,4,4,4,4,4,4,4,4,4,4	
282	conventional	4,4,4,4,4,4,4,4,4,4,4,4,4,4,4	
283	holistic	4,4,4,4,4,4,4,4,4,4,4,4,4,4,4	
283	conventional	4,4,4,4,4,4,4,4,4,4,4,4,4,4,4	
284	holistic	4,4,4,4,4,4,4,4,4,4,4,4,4,4,4	
284	conventional	4,4,4,4,4,4,4,4,4,4,4,4,4,4,4	
285	holistic	4,4,4,4,4,4,4,4,4,4,4,4,4,4,4	
285	conventional	4,4,4,4,4,4,4,4,4,4,4,4,4,4,4	
286	holistic	4,4,4,4,4,4,4,4,4,4,4,4,4,4,4	
286	conventional	4,4,4,4,4,4,4,4,4,4,4,4,4,4,4	
287	holistic	4,4,4,4,4,4,4,4,4,4,4,4,4,4,4	
287	conventional	4,4,4,4,4,4,4,4,4,4,4,4,4,4,4	
288	holistic	4,4,4,4,4,4,4,4,4,4,4,4,4,4,4	
288	conventional	4,4,4,4,4,4,4,4,4,4,4,4,4,4,4	
289	holistic	4,4,4,4,4,4,4,4,4,4,4,4,4,4,4	
289	conventional	4,4,4,4,4,4,4,4,4,4,4,4,4,4,4	
290	holistic	4,4,4,4,4,4,4,4,4,4,4,4,4,4,4	
290	conventional	4,4,4,4,4,4,4,4,4,4,4,4,4,4,4	
291	holistic	4,4,4,4,4,4,4,4,4,4,4,4,4,4,4	
291	conventional	4,4,4,4,4,4,4,4,4,4,4,4,4,4,4	
292	holistic	4,4,4,4,4,4,4,4,4,4,4,4,4,4,4	
292	conventional	4,4,4,4,4,4,4,4,4,4,4,4,4,4,4	
293	holistic	4,4,4,4,4,4,4,4,4,4,4,4,4,4,4	
293	conventional	4,4,4,4,4,4,4,4,4,4,4,4,4,4,4	
294	holistic	4,4,4,4,4,4,4,4,4,4,4,4,4,4,4	
294	conventional	4,4,4,4,4,4,4,4,4,4,4,4,4,4,4	
295	holistic	4,4,4,4,4,4,4,4,4,4,4,4,4,4,4	
295	conventional	4,4,4,4,4,4,4,4,4,4,4,4,4,4,4	
296	holistic	4,4,4,4,4,4,4,4,4,4,4,4,4,4,4	
296	conventional	4,4,4,4,4,4,4,4,4,4,4,4,4,4,4	
297	holistic	4,4,4,4,4,4,4,4,4,4,4,4,4,4,4	
297	conventional	4,4,4,4,4,4,4,4,4,4,4,4,4,4,4	
298	holistic	4,4,4,4,4,4,4,4,4,4,4,4,4,4,4	
298	conventional	4,4,4,4,4,4,4,4,4,4,4,4,4,4,4	
299	holistic	4,4,4,4,4,4,4,4,4,4,4,4,4,4,4	
299	conventional	4,4,4,4,4,4,4,4,4,4,4,4,4,4,4	
300	holistic	4,4,4,4,4,4,4,4,4,4,4,4,4,4,4	
300	conventional	4,4,4,4,4,4,4,4,4,4,4,4,4,4,4	
301	holistic	4,4,4,4,4,4,4,4,4,4,4,4,4,4,4	
301	conventional	4,4,4,4,4,4,4,4,4,4,4,4,4,4,4	
302	holistic	4,4,4,4,4,4,4,4,4,4,4,4,4,4,4	
302	conventional	4,4,4,4,4,4,4,4,4,4,4,4,4,4,4	
303	holistic	4,4,4,4,4,4,4,4,4,4,4,4,4,4,4	
303	conventional	4,4,4,4,4,4,4,4,4,4,4,4,4,4,4	
304	holistic	4,4,4,4,4,4,4,4,4,4,4,4,4,4,4	
304	conventional	4,4,4,4,4,4,4,4,4,4,4,4,4,4,4	
305	holistic	4,4,4,4,4,4,4,4,4,4,4,4,4,4,4	
305	conventional	4,4,4,4,4,4,4,4,4,4,4,4,4,4,4	
306	holistic	4,4,4,4,4,4,4,4,4,4,4,4,4,4,4	
306	conventional	4,4,4,4,4,4,4,4,4,4,4,4,4,4,4	
307	holistic	4,4,4,4,4,4,4,4,4,4,4,4,4,4,4	
307	conventional	4,4,4,4,4,4,4,4,4,4,4,4,4,4,4	
308	holistic	4,4,4,4,4,4,4,4,4,4,4,4,4,4,4	
308	conventional	4,4,4,4,4,4,4,4,4,4,4,4,4,4,4	
309	holistic	4,4,4,4,4,4,4,4,4,4,4,4,4,4,4	
309	conventional	4,4,4,4,4,4,4,4,4,4,4,4,4,4,4	
310	holistic	4,4,4,4,4,4,4,4,4,4,4,4,4,4,4	
310	conventional	4,4,4,4,4,4,4,4,4,4,4,4,4,4,4	
311	holistic	4,4,4,4,4,4,4,4,4,4,4,4,4,4,4	
311	conventional	4,4,4,4,4,4,4,4,4,4,4,4,4,4,4	
312	holistic	4,4,4,4,4,4,4,4,4,4,4,4,4,4,4	
312	conventional	4,4,4,4,4,4,4,4,4,4,4,4,4,4,4	
313	holistic	4,4,4,4,4,4,4,4,4,4,4,4,4,4,4	
313	conventional	4,4,4,4,4,4,4,4,4,4,4,4,4,4,4	
314	holistic	4,4,4,4,4,4,4,4,4,4,4,4,4,4,4	
314	conventional	4,4,4,4,4,4,4,4,4,4,4,4,4,4,4	
315	holistic	4,4,4,4,4,4,4,4,4,4,4,4,4,4,4	
315	conventional	4,4,4,4,4,4,4,4,4,4,4,4,4,4,4	
316	holistic	4,4,4,4,4,4,4,4,4,4,4,4,4,4,4	
316	conventional	4,4,4,4,4,4,4,4,4,4,4,4,4,4,4	
317	holistic	4,4,4,4,4,4,4,4,4,4,4,4,4,4,4	
317	conventional	4,4,4,4,4,4,4,4,4,4,4,4,4,4,4	
318	holistic	4,4,4,4,4,4,4,4,4,4,4,4,4,4,4	
318	conventional	4,4,4,4,4,4,4,4,4,4,4,4,4,4,4	
319	holistic	4,4,4,4,4,4,4,4,4,4,4,4,4,4,4	
319	conventional	4,4,4,4,4,4,4,4,4,4,4,4,4,4,4	
320	holistic	4,4,4,4,4,4,4,4,4,4,4,4,4,4,4	
320	conventional	4,4,4,4,4,4,4,4,4,4,4,4,4,4,4	
321	holistic	4,4,4,4,4,4,4,4,4,4,4,4,4,4,4	
321	conventional	4,4,4,4,4,4,4,4,4,4,4,4,4,4,4	
322	holistic	4,4,4,4,4,4,4,4,4,4,4,4,4,4,4	
322	conventional	4,4,4,4,4,4,4,4,4,4,4,4,4,4,4	
323	holistic	4,4,4,4,4,4,4,4,4,4,4,4,4,4,4	
323	conventional	4,4,4,4,4,4,4,4,4,4,4,4,4,4,4	
324	holistic	4,4,4,4,4,4,4,4,4,4,4,4,4,4,4	
324	conventional	4,4,4,4,4,4,4,4,4,4,4,4,4,4,4	
325	holistic	4,4,4,4,4,4,4,4,4,4,4,4,4,4,4	
325	conventional	4,4,4,4,4,4,4,4,4,4,4,4,4,4,4	
326	holistic	4,4,4,4,4,4,4,4,4,4,4,4,4,4,4	
326	conventional	4,4,4,4,4,4,4,4,4,4,4,4,4,4,4	
327	holistic	4,4,4,4,4,4,4,4,4,4,4,4,4,4,4	
327	conventional	4,4,4,4,4,4,4,4,4,4,4,4,4,4,4	
328	holistic	4,4,4,4,4,4,4,4,4,4,4,4,4,4,4	
328	conventional	4,4,4,4,4,4,4,4,4,4,4,4,4,4,4	
329	holistic	4,4,4,4,4,4,4,4,4,4,4,4,4,4,4	
329	conventional	4,4,4,4,4,4,4,4,4,4,4,4,4,4,4	
330	holistic	4,4,4,4,4,4,4,4,4,4,4,4,4,4,4	
330	conventional	4,4,4,4,4,4,4,4,4,4,4,4,4,4,4	
331	holistic	4,4,4,4,4,4,4,4,4,4,4,4,4,4,4	
331	conventional	4,4,4,4,4,4,4,4,4,4,4,4,4,4,4	
332	holistic	4,4,4,4,4,4,4,4,4,4,4,4,4,4,4	
332	conventional	4,4,4,4,4,4,4,4,4,4,4,4,4,4,4	
333	holistic	4,4,4,4,4,4,4,4,4,4,4,4,4,4,4	
333	conventional	4,4,4,4,4,4,4,4,4,4,4,4,4,4,4	
334	holistic	4,4,4,4,4,4,4,4,4,4,4,4,4,4,4	
334	conventional	4,4,4,4,4,4,4,4,4,4,4,4,4,4,4	
335	holistic	4,4,4,4,4,4,4,4,4,4,4,4,4,4,4	
335	conventional	4,4,4,4,4,4,4,4,4,4,4,4,4,4,4	
336	holistic	4,4,4,4,4,4,4,4,4,4,4,4,4,4,4	
336	conventional	4,4,4,4,4,4,4,4,4,4,4,4,4,4,4	
337	holistic	4,4,4,4,4,4,4,4,4,4,4,4,4,4,4	
337	conventional	4,4,4,4,4,4,4,4,4,4,4,4,4,4,4	
338	holistic	4,4,4,4,4,4,4,4,4,4,4,4,4,4,4	
338	conventional	4,4,4,4,4,4,4,4,4,4,4,4,4,4,4	
339	holistic	4,4,4,4,4,4,4,4,4,4,4,4,4,4,4	
339	conventional	4,4,4,4,4,4,4,4,4,4,4,4,4,4,4	
340	holistic	4,4,4,4,4,4,4,4,4,4,4,4,4,4,4	
340	conventional	4,4,4,4,4,4,4,4,4,4,4,4,4,4,4	
341	holistic	4,4,4,4,4,4,4,4,4,4,4,4,4,4,4	
341	conventional	4,4,4,4,4,4,4,4,4,4,4,4,4,4,4	
342	holistic	4,4,4,4,4,4,4,4,4,4,4,4,4,4,4	
342	conventional	4,4,4,4,4,4,4,4,4,4,4,4,4,4,4	
343	holistic	4,4,4,4,4,4,4,4,4,4,4,4,4,4,4	
343	conventional	4,4,4,4,4,4,4,4,4,4,4,4,4,4,4	
344	holistic	4,4,4,4,4,4,4,4,4,4,4,4,4,4,4	
344	conventional	4,4,4,4,4,4,4,4,4,4,4,4,4,4,4	
345	holistic	4,4,4,4,4,4,4,4,4,4,4,4,4,4,4	
345	conventional	4,4,4,4,4,4,4,4,4,4,4,4,4,4,4	
346	holistic	4,4,4,4,4,4,4,4,4,4,4,4,4,4,4	
346	conventional	4,4,4,4,4,4,4,4,4,4,4,4,4,4,4	
347	holistic	4,4,4,4,4,4,4,4,4,4,4,4,4,4,4	
347	conventional	4,4,4,4,4,4,4,4,4,4,4,4,4,4,4	
348	holistic	4,4,4,4,4,4,4,4,4,4,4,4,4,4,4	
348	conventional	4,4,4,4,4,4,4,4,4,4,4,4,4,4,4	
349	holistic	4,4,4,4,4,4,4,4,4,4,4,4,4,4,4	
349	conventional	4,4,4,4,4,4,4,4,4,4,4,4,4,4,4	
350	holistic	4,4,4,4,4,4,4,4,4,4,4,4,4,4,4	
350	conventional	4,4,4,4,4,4,4,4,4,4,4,4,4,4,4	
351	holistic	4,4,4,4,4,4,4,4,4,4,4,4,4,4,4	
351	conventional	4,4,4,4,4,4,4,4,4,4,4,4,4,4,4	
352	holistic	4,4,4,4,4,4,4,4,4,4,4,4,4,4,4	
352	conventional	4,4,4,4,4,4,4,4,4,4,4,4,4,4,4	
353	holistic	4,4,4,4,4,4,4,4,4,4,4,4,4,4,4	
353	conventional	4,4,4,4,4,4,4,4,4,4,4,4,4,4,4	
354	holistic	8,8,8,8,8,8,8,4	he711,he700,he632,he672
354	conventional	8,8,8,8,8,8,8,4	ce813,ce757,ce740,ce815
355	holistic	8,8,8,8,8,8,8,4	he708,he638,he693,he679
355	conventional	8,8,8,8,8,8,8,4	ce801,ce812,ce780,ce766
356	holistic	8,8,8,8,8,8,8,4	he684,he670,he696,he637
356	conventional	8,8,8,8,8,8,8,4	ce751,ce718,ce769,ce811
357	holistic	8,8,8,8,8,8,8,4	he676,he697,he694,he704
357	conventional	8,8,8,8,8,8,8,4	ce770,ce758,ce825,ce722
358	holistic	8,8,8,8,8,8,8,4	he679,he689,he661,he664
358	conventional	8,8,8,8,8,8,8,4	ce732,ce795,ce740,ce750
359	holistic	8,8,8,8,8,8,8,4	he724,he709,he661,he632
359	conventional	8,8,8,8,8,8,8,4	ce720,ce732,ce782,ce800
360	holistic	8,8,8,8,8,8,8,4	he675,he712,he726,he700
360	conventional	8,8,8,8,8,8,8,4	ce763,ce732,ce744,ce813
361	holistic	8,8,8,8,8,8,8,4	he682,he729,he725,he672
361	conventional	8,8,8,8,8,8,8,4	ce803,ce829,ce764,ce788
362	holistic	8,8,8,8,8,8,8,4	he687,he661,he697,he673
362	conventional	8,8,8,8,8,8,8,4	ce753,ce738,ce744,ce755
363	holistic	8,8,8,8,8,8,8,4	he693,he713,he657,he711
363	conventional	8,8,8,8,8,8,8,4	ce832,ce795,ce810,ce800
364	holistic	8,8,8,8,8,8,8,4	he680,he661,he653,he727
364	conventional	8,8,8,8,8,8,8,4	ce758,ce806,ce769,ce791
365	holistic	8,8,8,8,8,8,8,4	he713,he725,he672,he679
365	conventional	8,8,8,8,8,8,8,4	ce800,ce826,ce763,ce782
366	holistic	8,8,8,8,8,8,8,4	he675,he727,he692,he721
366	conventional	8,8,8,8,8,8,8,4	ce779,ce791,ce776,ce814
367	holistic	8,8,8,8,8,8,8,4	he710,he736,he735,he721
367	conventional	8,8,8,8,8,8,8,4	ce766,ce794,ce763,ce826
368	holistic	8,8,8,8,8,8,8,4	he716,he680,he661,he706
368	conventional	8,8,8,8,8,8,8,4	ce835,ce836,ce839,ce735
369	holistic	8,8,8,8,8,8,8,4	he727,he714,he709,he657
369	conventional	8,8,8,8,8,8,8,4	ce779,ce819,ce738,ce742
370	holistic	8,8,8,8,8,8,8,4	he732,he725,he645,he673
370	conventional	8,8,8,8,8,8,8,4	ce832,ce800,ce734,ce817
371	holistic	8,8,8,8,8,8,8,4	he693,he687,he684,he651
371	conventional	8,8,8,8,8,8,8,4	ce780,ce744,ce835,ce782
372	holistic	8,8,8,8,8,8,8,4	he687,he728,he739,he719
372	conventional	8,8,8,8,8,8,8,4	ce800,ce784,ce831,ce738
373	holistic	8,8,8,8,8,8,8,4	he672,he657,he696,he670
373	conventional	8,8,8,8,8,8,8,4	ce779,ce828,ce814,ce780
374	holistic	8,8,8,8,8,8,8,4	he690,he712,he653,he707
374	conventional	8,8,8,8,8,8,8,4	ce819,ce813,ce817,ce815
375	holistic	8,8,8,8,8,8,8,4	he657,he678,he706,he730
375	conventional	8,8,8,8,8,8,8,4	ce822,ce853,ce838,ce848
376	holistic	8,8,8,8,8,8,8,4	he704,he735,he679,he710
376	conventional	8,8,8,8,8,8,8,4	ce782,ce777,ce751,ce826
377	holistic	8,8,8,8,8,8,8,4	he687,he676,he732,he707
377	conventional	8,8,8,8,8,8,8,4	ce769,ce761,ce784,ce816
378	holistic	8,8,8,8,8,8,8,4	he657,he730,he706,he684
378	conventional	8,8,8,8,8,8,8,4	ce770,ce779,ce777,ce816
379	holistic	8,8,8,8,8,8,8,4	he645,he739,he727,he738
379	conventional	8,8,8,8,8,8,8,4	ce769,ce857,ce791,ce812
380	holistic	8,8,8,8,8,8,8,4	he730,he674,he689,he738
380	conventional	8,8,8,8,8,8,8,4	ce832,ce867,ce820,ce812
381	holistic	8,8,8,8,8,8,8,4	he710,he716,he661,he685
381	conventional	8,8,8,8,8,8,8,4	ce814,ce871,ce782,ce852
382	holistic	8,8,8,8,8,8,8,4	he675,he679,he734,he710
382	conventional	8,8,8,8,8,8,8,4	ce801,ce836,ce831,ce786
383	holistic	8,8,8,8,8,8,8,4	he657,he690,he716,he706
383	conventional	8,8,8,8,8,8,8,4	ce860,ce848,ce794,ce822
384	holistic	8,8,8,8,8,8,8,4	he725,he687,he721,he678
384	conventional	8,8,8,8,8,8,8,4	ce823,ce819,ce843,ce828
385	holistic	8,8,8,8,8,8,8,4	he730,he664,he725,he721
385	conventional	8,8,8,8,8,8,8,4	ce811,ce817,ce827,ce879
386	holistic	8,8,8,8,8,8,8,4	he750,he695,he721,he716
386	conventional	8,8,8,8,8,8,8,4	ce788,ce831,ce870,ce813
387	holistic	8,8,8,8,8,8,8,4	he675,he689,he749,he740
387	conventional	8,8,8,8,8,8,8,4	ce786,ce884,ce819,ce823
388	holistic	8,8,8,8,8,8,8,4	he737,he751,he689,he682
388	conventional	8,8,8,8,8,8,8,4	ce873,ce860,ce890,ce888
389	holistic	8,8,8,8,8,8,8,4	he755,he694,he685,he693
389	conventional	8,8,8,8,8,8,8,4	ce884,ce889,ce848,ce788
390	holistic	8,8,8,8,8,8,8,4	he754,he706,he732,he687
390	conventional	8,8,8,8,8,8,8,4	ce894,ce810,ce895,ce800
391	holistic	8,8,8,8,8,8,8,4	he745,he715,he689,he711
391	conventional	8,8,8,8,8,8,8,4	ce863,ce875,ce878,ce813
392	holistic	8,8,8,8,8,8,8,4	he673,he687,he738,he715
392	conventional	8,8,8,8,8,8,8,4	ce875,ce884,ce836,ce816
393	holistic	8,8,8,8,8,8,8,4	he755,he729,he759,he738
393	conventional	8,8,8,8,8,8,8,4	ce898,ce900,ce804,ce860
394	holistic	8,8,8,8,8,8,8,4	he696,he750,he761,he687
394	conventional	8,8,8,8,8,8,8,4	ce876,ce886,ce882,ce851
395	holistic	8,8,8,8,8,8,8,4	he730,he763,he693,he764
395	conventional	8,8,8,8,8,8,8,4	ce878,ce898,ce870,ce897
396	holistic	8,8,8,8,8,8,8,4	he734,he691,he727,he696
396	conventional	8,8,8,8,8,8,8,4	ce891,ce897,ce857,ce800
397	holistic	8,8,8,8,8,8,8,4	he760,he697,he762,he763
397	conventional	8,8,8,8,8,8,8,4	ce863,ce840,ce812,ce848
398	holistic	8,8,8,8,8,8,8,4	he721,he770,he745,he734
398	conventional	8,8,8,8,8,8,8,4	ce810,ce887,ce870,ce872
399	holistic	8,8,8,8,8,8,8,4	he767,he765,he752,he750
399	conventional	8,8,8,8,8,8,8,4	ce852,ce820,ce887,ce892
400	holistic	8,8,8,8,8,8,8,4	he735,he759,he694,he715
400	conventional	8,8,8,8,8,8,8,4	ce905,ce831,ce908,ce892
401	holistic	8,8,8,8,8,8,8,4	he746,he710,he754,he752
401	conventional	8,8,8,8,8,8,8,4	ce844,ce816,ce859,ce819
402	holistic	8,8,8,8,8,8,8,4	he729,he775,he725,he780
402	conventional	8,8,8,8,8,8,8,4	ce900,ce887,ce884,ce828
403	holistic	8,8,8,8,8,8,8,4	he745,he785,he719,he777
403	conventional	8,8,8,8,8,8,8,4	ce854,ce884,ce892,ce819
404	holistic	8,8,8,8,8,8,8,4	he755,he713,he781,he711
404	conventional	8,8,8,8,8,8,8,4	ce820,ce823,ce886,ce905
405	holistic	8,8,8,8,8,8,8,4	he734,he758,he711,he755
405	conventional	8,8,8,8,8,8,8,4	ce827,ce912,ce875,ce921
406	holistic	8,8,8,8,8,8,8,4	he739,he756,he755,he725
406	conventional	8,8,8,8,8,8,8,4	ce863,ce859,ce828,ce826
407	holistic	8,8,8,8,8,8,8,4	he739,he734,he721,he780
407	conventional	8,8,8,8,8,8,8,4	ce854,ce913,ce927,ce836
408	holistic	8,8,8,8,8,8,8,4	he706,he738,he752,he716
408	conventional	8,8,8,8,8,8,8,4	ce901,ce824,ce836,ce899
409	holistic	8,8,8,8,8,8,8,4	he781,he798,he709,he799
409	conventional	8,8,8,8,8,8,8,4	ce870,ce887,ce900,ce832
410	holistic	8,8,8,8,8,8,8,4	he732,he771,he749,he728
410	conventional	8,8,8,8,8,8,8,4	ce860,ce843,ce896,ce929
411	holistic	8,8,8,8,8,8,8,4	he725,he746,he799,he781
411	conventional	8,8,8,8,8,8,8,4	ce866,ce904,ce919,ce836
412	holistic	8,8,8,8,8,8,8,4	he788,he730,he732,he810
412	conventional	8,8,8,8,8,8,8,4	ce866,ce852,ce892,ce916
413	holistic	8,8,8,8,8,8,8,4	he785,he756,he754,he738
413	conventional	8,8,8,8,8,8,8,4	ce884,ce897,ce899,ce872
414	holistic	8,8,8,8,8,8,8,4	he789,he798,he811,he765
414	conventional	8,8,8,8,8,8,8,4	ce918,ce892,ce904,ce844
415	holistic	8,8,8,8,8,8,8,4	he812,he800,he730,he788
415	conventional	8,8,8,8,8,8,8,4	ce899,ce854,ce859,ce904
416	holistic	8,8,8,8,8,8,8,4	he795,he763,he782,he809
416	conventional	8,8,8,8,8,8,8,4	ce844,ce945,ce937,ce851
417	holistic	8,8,8,8,8,8,8,4	he771,he738,he724,he799
417	conventional	8,8,8,8,8,8,8,4	ce913,ce937,ce947,ce882
418	holistic	8,8,8,8,8,8,8,4	he728,he729,he739,he782
418	conventional	8,8,8,8,8,8,8,4	ce945,ce939,ce851,ce933
419	holistic	8,8,8,8,8,8,8,4	he768,he728,he749,he772
419	conventional	8,8,8,8,8,8,8,4	ce866,ce898,ce832,ce882
420	holistic	8,8,8,8,8,8,8,4	he750,he746,he749,he754
420	conventional	8,8,8,8,8,8,8,4	ce897,ce843,ce848,ce831
421	holistic	8,8,8,8,8,8,8,4	he768,he812,he781,he740
421	conventional	8,8,8,8,8,8,8,4	ce854,ce886,ce870,ce863
422	holistic	8,8,8,8,8,8,8,4	he823,he771,he737,he770
422	conventional	8,8,8,8,8,8,8,4	ce844,ce948,ce892,ce852
423	holistic	8,8,8,8,8,8,8,4	he787,he799,he737,he819
423	conventional	8,8,8,8,8,8,8,4	ce948,ce848,ce947,ce952
424	holistic	8,8,8,8,8,8,8,4	he809,he738,he749,he805
424	conventional	8,8,8,8,8,8,8,4	ce854,ce918,ce904,ce896
425	holistic	8,8,8,8,8,8,8,4	he830,he737,he750,he816
425	conventional	8,8,8,8,8,8,8,4	ce947,ce875,ce870,ce884
426	holistic	8,8,8,8,8,8,8,4	he827,he822,he841,he781
426	conventional	8,8,8,8,8,8,8,4	ce900,ce929,ce949,ce843
427	holistic	8,8,8,8,8,8,8,4	he749,he831,he809,he756
427	conventional	8,8,8,8,8,8,8,4	ce851,ce887,ce913,ce929
428	holistic	8,8,8,8,8,8,8,4	he798,he816,he738,he836
428	conventional	8,8,8,8,8,8,8,4	ce909,ce913,ce851,ce947
429	holistic	8,8,8,8,8,8,8,4	he765,he754,he749,he771
429	conventional	8,8,8,8,8,8,8,4	ce933,ce956,ce857,ce916
430	holistic	8,8,8,8,8,8,8,4	he813,he838,he787,he746
430	conventional	8,8,8,8,8,8,8,4	ce964,ce898,ce947,ce939
431	holistic	8,8,8,8,8,8,8,4	he845,he830,he833,he788
431	conventional	8,8,8,8,8,8,8,4	ce874,ce843,ce946,ce892
432	holistic	8,8,8,8,8,8,8,4	he795,he759,he772,he745
432	conventional	8,8,8,8,8,8,8,4	ce848,ce876,ce946,ce874
433	holistic	8,8,8,8,8,8,8,4	he842,he780,he749,he781
433	conventional	8,8,8,8,8,8,8,4	ce883,ce946,ce957,ce860
434	holistic	8,8,8,8,8,8,8,4	he805,he762,he785,he834
434	conventional	8,8,8,8,8,8,8,4	ce949,ce964,ce965,ce897
435	holistic	8,8,8,8,8,8,8,4	he830,he839,he836,he754
435	conventional	8,8,8,8,8,8,8,4	ce952,ce955,ce957,ce911
436	holistic	8,8,8,8,8,8,8,4	he843,he781,he771,he772
436	conventional	8,8,8,8,8,8,8,4	ce897,ce963,ce937,ce905
437	holistic	8,8,8,8,8,8,8,4	he812,he787,he841,he833
437	conventional	8,8,8,8,8,8,8,4	ce923,ce900,ce939,ce965
438	holistic	8,8,8,8,8,8,8,4	he765,he780,he834,he823
438	conventional	8,8,8,8,8,8,8,4	ce937,ce929,ce883,ce982
439	holistic	8,8,8,8,8,8,8,4	he836,he781,he790,he822
439	conventional	8,8,8,8,8,8,8,4	ce968,ce965,ce970,ce872
440	holistic	8,8,8,8,8,8,8,4	he759,he787,he843,he810
440	conventional	8,8,8,8,8,8,8,4	ce918,ce876,ce964,ce988
441	holistic	8,8,8,8,8,8,8,4	he762,he810,he841,he836
441	conventional	8,8,8,8,8,8,8,4	ce923,ce941,ce946,ce937
442	holistic	8,8,8,8,8,8,8,4	he805,he764,he834,he851
442	conventional	8,8,8,8,8,8,8,4	ce937,ce900,ce956,ce986
443	holistic	8,8,8,8,8,8,8,4	he759,he805,he762,he833
443	conventional	8,8,8,8,8,8,8,4	ce968,ce972,ce993,ce905
444	holistic	8,8,8,8,8,8,8,4	he810,he788,he836,he758
444	conventional	8,8,8,8,8,8,8,4	ce883,ce987,ce985,ce915
445	holistic	8,8,8,8,8,8,8,4	he800,he804,he827,he838
445	conventional	8,8,8,8,8,8,8,4	ce911,ce992,ce971,ce913
446	holistic	8,8,8,8,8,8,8,4	he772,he855,he823,he765
446	conventional	8,8,8,8,8,8,8,4	ce967,ce941,ce981,ce946
447	holistic	8,8,8,8,8,8,8,4	he764,he805,he763,he830
447	conventional	8,8,8,8,8,8,8,4	ce952,ce981,ce1002,ce898
448	holistic	8,8,8,8,8,8,8,4	he841,he770,he764,he854
448	conventional	8,8,8,8,8,8,8,4	ce974,ce933,ce948,ce939
449	holistic	8,8,8,8,8,8,8,4	he772,he787,he836,he843
449	conventional	8,8,8,8,8,8,8,4	ce974,ce964,ce971,ce955
450	holistic	8,8,8,8,8,8,8,4	he841,he805,he809,he812
450	conventional	8,8,8,8,8,8,8,4	ce933,ce918,ce937,ce919
451	holistic	8,8,8,8,8,8,8,4	he842,he809,he827,he799
451	conventional	8,8,8,8,8,8,8,4	ce956,ce918,ce1011,ce916
452	holistic	8,8,8,8,8,8,8,4	he844,he858,he790,he813
452	conventional	8,8,8,8,8,8,8,4	ce948,ce974,ce1016,ce915
453	holistic	8,8,8,8,8,8,8,4	he780,he857,he832,he771
453	conventional	8,8,8,8,8,8,8,4	ce964,ce929,ce1003,ce913
454	holistic	8,8,8,8,8,8,8,4	he832,he838,he804,he861
454	conventional	8,8,8,8,8,8,8,4	ce983,ce1000,ce913,ce937
455	holistic	8,8,8,8,8,8,8,4	he833,he822,he845,he839
455	conventional	8,8,8,8,8,8,8,4	ce1003,ce963,ce949,ce1023
456	holistic	8,8,8,8,8,8,8,4	he852,he787,he839,he846
456	conventional	8,8,8,8,8,8,8,4	ce1009,ce983,ce1010,ce938
457	holistic	8,8,8,8,8,8,8,4	he865,he785,he842,he804
457	conventional	8,8,8,8,8,8,8,4	ce919,ce1010,ce1001,ce941
458	holistic	8,8,8,8,8,8,8,4	he809,he798,he834,he780
458	conventional	8,8,8,8,8,8,8,4	ce971,ce981,ce929,ce947
459	holistic	8,8,8,8,8,8,8,4	he814,he844,he804,he857
459	conventional	8,8,8,8,8,8,8,4	ce1021,ce941,ce987,ce916
460	holistic	8,8,8,8,8,8,8,4	he876,he814,he812,he843
460	conventional	8,8,8,8,8,8,8,4	ce1012,ce984,ce1000,ce916
461	holistic	8,8,8,8,8,8,8,4	he834,he845,he781,he812
461	conventional	8,8,8,8,8,8,8,4	ce1021,ce1023,ce1027,ce980
462	holistic	8,8,8,8,8,8,8,4	he816,he834,he815,he863
462	conventional	8,8,8,8,8,8,8,4	ce991,ce986,ce1029,ce1002
463	holistic	8,8,8,8,8,8,8,4	he813,he799,he847,he822
463	conventional	8,8,8,8,8,8,8,4	ce984,ce1021,ce1027,ce1006
464	holistic	8,8,8,8,8,8,8,4	he845,he801,he885,he830
464	conventional	8,8,8,8,8,8,8,4	ce984,ce956,ce923,ce1005
465	holistic	8,8,8,8,8,8,8,4	he830,he872,he841,he851
465	conventional	8,8,8,8,8,8,8,4	ce1014,ce1030,ce1035,ce1009
466	holistic	8,8,8,8,8,8,8,4	he832,he888,he835,he870
466	conventional	8,8,8,8,8,8,8,4	ce1030,ce948,ce1023,ce1036
467	holistic	8,8,8,8,8,8,8,4	he867,he846,he813,he865
467	conventional	8,8,8,8,8,8,8,4	ce1014,ce996,ce984,ce1003
468	holistic	8,8,8,8,8,8,8,4	he816,he888,he861,he873
468	conventional	8,8,8,8,8,8,8,4	ce1018,ce1039,ce987,ce1025
469	holistic	8,8,8,8,8,8,8,4	he836,he875,he842,he890
469	conventional	8,8,8,8,8,8,8,4	ce1021,ce968,ce985,ce1001
470	holistic	8,8,8,8,8,8,8,4	he832,he887,he805,he844
470	conventional	8,8,8,8,8,8,8,4	ce974,ce1014,ce1045,ce1022
471	holistic	8,8,8,8,8,8,8,4	he897,he892,he858,he810
471	conventional	8,8,8,8,8,8,8,4	ce1029,ce1032,ce1040,ce1021
472	holistic	8,8,8,8,8,8,8,4	he843,he895,he861,he900
472	conventional	8,8,8,8,8,8,8,4	ce1030,ce985,ce1010,ce1002
473	holistic	8,8,8,8,8,8,8,4	he852,he871,he884,he814
473	conventional	8,8,8,8,8,8,8,4	ce1003,ce1018,ce1010,ce980
474	holistic	8,8,8,8,8,8,8,4	he844,he906,he887,he878
474	conventional	8,8,8,8,8,8,8,4	ce955,ce991,ce1005,ce1032
475	holistic	8,8,8,8,8,8,8,4	he844,he861,he877,he872
475	conventional	8,8,8,8,8,8,8,4	ce956,ce1025,ce1002,ce1022
476	holistic	8,8,8,8,8,8,8,4	he882,he902,he899,he878
476	conventional	8,8,8,8,8,8,8,4	ce1026,ce985,ce1012,ce1003
477	holistic	8,8,8,8,8,8,8,4	he902,he844,he904,he867
477	conventional	8,8,8,8,8,8,8,4	ce1025,ce991,ce974,ce1012
478	holistic	8,8,8,8,8,8,8,4	he880,he834,he861,he898
478	conventional	8,8,8,8,8,8,8,4	ce1014,ce1043,ce965,ce1056
479	holistic	8,8,8,8,8,8,8,4	he846,he876,he838,he850
479	conventional	8,8,8,8,8,8,8,4	ce1010,ce1021,ce967,ce1054
480	holistic	8,8,8,8,8,8,8,4	he901,he857,he887,he870
480	conventional	8,8,8,8,8,8,8,4	ce1012,ce1014,ce1023,ce1006
481	holistic	8,8,8,8,8,8,8,4	he878,he912,he884,he904
481	conventional	8,8,8,8,8,8,8,4	ce964,ce1025,ce983,ce972
482	holistic	8,8,8,8,8,8,8,4	he845,he879,he846,he915
482	conventional	8,8,8,8,8,8,8,4	ce986,ce1021,ce1062,ce1022
483	holistic	8,8,8,8,8,8,8,4	he894,he914,he865,he839
483	conventional	8,8,8,8,8,8,8,4	ce1022,ce1003,ce967,ce998
484	holistic	8,8,8,8,8,8,8,4	he918,he901,he869,he870
484	conventional	8,8,8,8,8,8,8,4	ce992,ce1022,ce986,ce1066
485	holistic	8,8,8,8,8,8,8,4	he917,he845,he839,he870
485	conventional	8,8,8,8,8,8,8,4	ce1069,ce984,ce1025,ce1002
486	holistic	8,8,8,8,8,8,8,4	he909,he850,he844,he908
486	conventional	8,8,8,8,8,8,8,4	ce1025,ce1030,ce1072,ce1050
487	holistic	8,8,8,8,8,8,8,4	he910,he879,he884,he919
487	conventional	8,8,8,8,8,8,8,4	ce1018,ce1050,ce1059,ce1067
488	holistic	8,8,8,8,8,8,8,4	he904,he899,he903,he916
488	conventional	8,8,8,8,8,8,8,4	ce1060,ce1040,ce1003,ce1000
489	holistic	8,8,8,8,8,8,8,4	he885,he852,he899,he880
489	conventional	8,8,8,8,8,8,8,4	ce1024,ce972,ce1079,ce1077
490	holistic	8,8,8,8,8,8,8,4	he852,he858,he931,he886
490	conventional	8,8,8,8,8,8,8,4	ce1066,ce1023,ce1069,ce987
491	holistic	8,8,8,8,8,8,8,4	he868,he867,he926,he903
491	conventional	8,8,8,8,8,8,8,4	ce1012,ce1062,ce1002,ce974
492	holistic	8,8,8,8,8,8,8,4	he910,he934,he902,he940
492	conventional	8,8,8,8,8,8,8,4	ce1069,ce1040,ce1076,ce974
493	holistic	8,8,8,8,8,8,8,4	he896,he934,he900,he905
493	conventional	8,8,8,8,8,8,8,4	ce1064,ce1067,ce1054,ce1005
494	holistic	8,8,8,8,8,8,8,4	he873,he880,he902,he943
494	conventional	8,8,8,8,8,8,8,4	ce1002,ce1037,ce1005,ce1003
495	holistic	8,8,8,8,8,8,8,4	he905,he886,he885,he907
495	conventional	8,8,8,8,8,8,8,4	ce1026,ce984,ce991,ce1054
496	holistic	8,8,8,8,8,8,8,4	he945,he861,he916,he931
496	conventional	8,8,8,8,8,8,8,4	ce1014,ce1074,ce1094,ce1030
497	holistic	8,8,8,8,8,8,8,4	he869,he909,he947,he877
497	conventional	8,8,8,8,8,8,8,4	ce1066,ce1011,ce1078,ce1003
498	holistic	8,8,8,8,8,8,8,4	he867,he904,he938,he877
498	conventional	8,8,8,8,8,8,8,4	ce1037,ce1054,ce1087,ce1098
499	holistic	8,8,8,8,8,8,8,4	he916,he865,he945,he946
499	conventional	8,8,8,8,8,8,8,4	ce1101,ce1025,ce1088,ce1032
500	holistic	8,8,8,8,8,8,8,4	he879,he907,he940,he899
500	conventional	8,8,8,8,8,8,8,4	ce1027,ce1060,ce1055,ce1031
501	holistic	8,8,8,8,8,8,8,4	he896,he949,he942,he931
501	conventional	8,8,8,8,8,8,8,4	ce1055,ce1014,ce1067,ce1087
502	holistic	8,8,8,8,8,8,8,4	he907,he869,he931,he898
502	conventional	8,8,8,8,8,8,8,4	ce1060,ce1024,ce1092,ce1062
503	holistic	8,8,8,8,8,8,8,4	he916,he896,he932,he854
503	conventional	8,8,8,8,8,8,8,4	ce1107,ce1014,ce1074,ce1072
504	holistic	8,8,8,8,8,8,8,4	he949,he954,he955,he919
504	conventional	8,8,8,8,8,8,8,4	ce1077,ce1032,ce1064,ce1037
505	holistic	8,8,8,8,8,8,8,4	he955,he902,he944,he885
505	conventional	8,8,8,8,8,8,8,4	ce1003,ce1112,ce1103,ce1024
506	holistic	8,8,8,8,8,8,8,4	he900,he910,he921,he934
506	conventional	8,8,8,8,8,8,8,4	ce1060,ce1116,ce1119,ce1027
507	holistic	8,8,8,8,8,8,8,4	he879,he947,he948,he916
507	conventional	8,8,8,8,8,8,8,4	ce1064,ce1106,ce1009,ce1108
508	holistic	8,8,8,8,8,8,8,4	he918,he894,he942,he895
508	conventional	8,8,8,8,8,8,8,4	ce1078,ce1092,ce1027,ce1067
509	holistic	8,8,8,8,8,8,8,4	he948,he959,he953,he886
509	conventional	8,8,8,8,8,8,8,4	ce1030,ce1125,ce1119,ce1063
510	holistic	8,8,8,8,8,8,8,4	he934,he909,he956,he904
510	conventional	8,8,8,8,8,8,8,4	ce1014,ce1107,ce1129,ce1126
511	holistic	8,8,8,8,8,8,8,4	he962,he946,he926,he949
511	conventional	8,8,8,8,8,8,8,4	ce1096,ce1029,ce1076,ce1134
512	holistic	8,8,8,8,8,8,8,4	he870,he934,he904,he954
512	conventional	8,8,8,8,8,8,8,4	ce1054,ce1026,ce1107,ce1135
513	holistic	8,8,8,8,8,8,8,4	he904,he918,he898,he885
513	conventional	8,8,8,8,8,8,8,4	ce1067,ce1087,ce1100,ce1076
514	holistic	8,8,8,8,8,8,8,4	he932,he954,he900,he963
514	conventional	8,8,8,8,8,8,8,4	ce1130,ce1111,ce1059,ce1025
515	holistic	8,8,8,8,8,8,8,4	he965,he968,he921,he944
515	conventional	8,8,8,8,8,8,8,4	ce1126,ce1092,ce1037,ce1087
516	holistic	8,8,8,8,8,8,8,4	he872,he961,he969,he927
516	conventional	8,8,8,8,8,8,8,4	ce1064,ce1060,ce1077,ce1147
517	holistic	8,8,8,8,8,8,8,4	he880,he901,he947,he916
517	conventional	8,8,8,8,8,8,8,4	ce1133,ce1122,ce1149,ce1029
518	holistic	8,8,8,8,8,8,8,4	he899,he880,he956,he972
518	conventional	8,8,8,8,8,8,8,4	ce1151,ce1064,ce1027,ce1098
519	holistic	8,8,8,8,8,8,8,4	he896,he973,he978,he895
519	conventional	8,8,8,8,8,8,8,4	ce1062,ce1122,ce1149,ce1143
520	holistic	8,8,8,8,8,8,8,4	he974,he955,he954,he932
520	conventional	8,8,8,8,8,8,8,4	ce1133,ce1072,ce1105,ce1120
521	holistic	8,8,8,8,8,8,8,4	he946,he939,he901,he934
521	conventional	8,8,8,8,8,8,8,4	ce1131,ce1063,ce1059,ce1030
522	holistic	8,8,8,8,8,8,8,4	he900,he884,he896,he970
522	conventional	8,8,8,8,8,8,8,4	ce1032,ce1116,ce1133,ce1147
523	holistic	8,8,8,8,8,8,8,4	he946,he916,he945,he958
523	conventional	8,8,8,8,8,8,8,4	ce1151,ce1087,ce1100,ce1072
524	holistic	8,8,8,8,8,8,8,4	he905,he898,he942,he903
524	conventional	8,8,8,8,8,8,8,4	ce1131,ce1100,ce1162,ce1066
525	holistic	8,8,8,8,8,8,8,4	he900,he980,he988,he947
525	conventional	8,8,8,8,8,8,8,4	ce1064,ce1062,ce1139,ce1131
526	holistic	8,8,8,8,8,8,8,4	he953,he973,he974,he989
526	conventional	8,8,8,8,8,8,8,4	ce1100,ce1098,ce1050,ce1135
527	holistic	8,8,8,8,8,8,8,4	he985,he919,he944,he991
527	conventional	8,8,8,8,8,8,8,4	ce1117,ce1139,ce1096,ce1088
528	holistic	8,8,8,8,8,8,8,4	he982,he981,he946,he902
528	conventional	8,8,8,8,8,8,8,4	ce1157,ce1167,ce1117,ce1126
529	holistic	8,8,8,8,8,8,8,4	he983,he900,he903,he939
529	conventional	8,8,8,8,8,8,8,4	ce1069,ce1087,ce1103,ce1060
530	holistic	8,8,8,8,8,8,8,4	he994,he904,he905,he982
530	conventional	8,8,8,8,8,8,8,4	ce1072,ce1064,ce1131,ce1145
531	holistic	8,8,8,8,8,8,8,4	he994,he903,he983,he956
531	conventional	8,8,8,8,8,8,8,4	ce1164,ce1149,ce1103,ce1074
532	holistic	8,8,8,8,8,8,8,4	he932,he908,he949,he967
532	conventional	8,8,8,8,8,8,8,4	ce1087,ce1143,ce1160,ce1172
533	holistic	8,8,8,8,8,8,8,4	he967,he994,he1002,he927
533	conventional	8,8,8,8,8,8,8,4	ce1119,ce1096,ce1145,ce1101
534	holistic	8,8,8,8,8,8,8,4	he984,he993,he916,he997
534	conventional	8,8,8,8,8,8,8,4	ce1105,ce1119,ce1139,ce1107
535	holistic	8,8,8,8,8,8,8,4	he972,he956,he946,he980
535	conventional	8,8,8,8,8,8,8,4	ce1131,ce1177,ce1133,ce1096
536	holistic	8,8,8,8,8,8,8,4	he918,he955,he993,he948
536	conventional	8,8,8,8,8,8,8,4	ce1151,ce1164,ce1092,ce1173
537	holistic	8,8,8,8,8,8,8,4	he954,he958,he982,he953
537	conventional	8,8,8,8,8,8,8,4	ce1133,ce1148,ce1069,ce1103
538	holistic	8,8,8,8,8,8,8,4	he1013,he1011,he947,he996
538	conventional	8,8,8,8,8,8,8,4	ce1138,ce1074,ce1139,ce1132
539	holistic	8,8,8,8,8,8,8,4	he1000,he1002,he919,he949
539	conventional	8,8,8,8,8,8,8,4	ce1147,ce1184,ce1130,ce1143
540	holistic	8,8,8,8,8,8,8,4	he991,he984,he1007,he927
540	conventional	8,8,8,8,8,8,8,4	ce1076,ce1130,ce1167,ce1074
541	holistic	8,8,8,8,8,8,8,4	he989,he988,he977,he954
541	conventional	8,8,8,8,8,8,8,4	ce1156,ce1111,ce1106,ce1184
542	holistic	8,8,8,8,8,8,8,4	he991,he1007,he989,he977
542	conventional	8,8,8,8,8,8,8,4	ce1112,ce1100,ce1186,ce1194
543	holistic	8,8,8,8,8,8,8,4	he948,he1016,he1017,he1001
543	conventional	8,8,8,8,8,8,8,4	ce1177,ce1109,ce1131,ce1117
544	holistic	8,8,8,8,8,8,8,4	he977,he981,he956,he1007
544	conventional	8,8,8,8,8,8,8,4	ce1186,ce1183,ce1105,ce1098
545	holistic	8,8,8,8,8,8,8,4	he946,he939,he995,he931
545	conventional	8,8,8,8,8,8,8,4	ce1156,ce1199,ce1152,ce1135
546	holistic	8,8,8,8,8,8,8,4	he1002,he1014,he1008,he979
546	conventional	8,8,8,8,8,8,8,4	ce1092,ce1142,ce1173,ce1112
547	holistic	8,8,8,8,8,8,8,4	he1020,he961,he934,he956
547	conventional	8,8,8,8,8,8,8,4	ce1199,ce1111,ce1098,ce1135
548	holistic	8,8,8,8,8,8,8,4	he953,he1014,he1022,he932
548	conventional	8,8,8,8,8,8,8,4	ce1145,ce1092,ce1197,ce1148
549	holistic	8,8,8,8,8,8,8,4	he1021,he1026,he980,he1003
549	conventional	8,8,8,8,8,8,8,4	ce1111,ce1196,ce1167,ce1091
550	holistic	8,8,8,8,8,8,8,4	he946,he981,he1000,he1019
550	conventional	8,8,8,8,8,8,8,4	ce1208,ce1184,ce1195,ce1138
551	holistic	8,8,8,8,8,8,8,4	he984,he992,he972,he1017
551	conventional	8,8,8,8,8,8,8,4	ce1158,ce1202,ce1199,ce1100
552	holistic	8,8,8,8,8,8,8,4	he972,he984,he1025,he1017
552	conventional	8,8,8,8,8,8,8,4	ce1112,ce1199,ce1109,ce1151
553	holistic	8,8,8,8,8,8,8,4	he973,he996,he1022,he1002
553	conventional	8,8,8,8,8,8,8,4	ce1112,ce1154,ce1145,ce1186
554	holistic	8,8,8,8,8,8,8,4	he985,he956,he1026,he974
554	conventional	8,8,8,8,8,8,8,4	ce1174,ce1112,ce1100,ce1107
555	holistic	8,8,8,8,8,8,8,4	he1012,he948,he969,he1023
555	conventional	8,8,8,8,8,8,8,4	ce1131,ce1217,ce1197,ce1106
556	holistic	8,8,8,8,8,8,8,4	he956,he1019,he1030,he1001
556	conventional	8,8,8,8,8,8,8,4	ce1211,ce1106,ce1173,ce1130
557	holistic	8,8,8,8,8,8,8,4	he996,he982,he1034,he1007
557	conventional	8,8,8,8,8,8,8,4	ce1112,ce1178,ce1219,ce1208
558	holistic	8,8,8,8,8,8,8,4	he953,he974,he1000,he999
558	conventional	8,8,8,8,8,8,8,4	ce1182,ce1105,ce1178,ce1147
559	holistic	8,8,8,8,8,8,8,4	he1016,he996,he976,he1026
559	conventional	8,8,8,8,8,8,8,4	ce1145,ce1105,ce1112,ce1149
560	holistic	8,8,8,8,8,8,8,4	he996,he976,he1016,he983
560	conventional	8,8,8,8,8,8,8,4	ce1178,ce1212,ce1208,ce1132
561	holistic	8,8,8,8,8,8,8,4	he1004,he1017,he981,he1014
561	conventional	8,8,8,8,8,8,8,4	ce1218,ce1233,ce1160,ce1211
562	holistic	8,8,8,8,8,8,8,4	he982,he1017,he1023,he1025
562	conventional	8,8,8,8,8,8,8,4	ce1231,ce1195,ce1133,ce1233
563	holistic	8,8,8,8,8,8,8,4	he1025,he981,he1001,he992
563	conventional	8,8,8,8,8,8,8,4	ce1138,ce1160,ce1221,ce1197
564	holistic	8,8,8,8,8,8,8,4	he1036,he1032,he980,he978
564	conventional	8,8,8,8,8,8,8,4	ce1156,ce1235,ce1202,ce1198
565	holistic	8,8,8,8,8,8,8,4	he1016,he1011,he1017,he1039
565	conventional	8,8,8,8,8,8,8,4	ce1238,ce1131,ce1133,ce1227
566	holistic	8,8,8,8,8,8,8,4	he974,he1025,he972,he1041
566	conventional	8,8,8,8,8,8,8,4	ce1197,ce1232,ce1160,ce1230
567	holistic	8,8,8,8,8,8,8,4	he988,he1039,he1002,he982
567	conventional	8,8,8,8,8,8,8,4	ce1183,ce1227,ce1194,ce1138
568	holistic	8,8,8,8,8,8,8,4	he1004,he1039,he1025,he1041
568	conventional	8,8,8,8,8,8,8,4	ce1132,ce1172,ce1156,ce1245
569	holistic	8,8,8,8,8,8,8,4	he1016,he1037,he973,he1046
569	conventional	8,8,8,8,8,8,8,4	ce1175,ce1139,ce1142,ce1133
570	holistic	8,8,8,8,8,8,8,4	he988,he1008,he1021,he1044
570	conventional	8,8,8,8,8,8,8,4	ce1160,ce1232,ce1158,ce1182
571	holistic	8,8,8,8,8,8,8,4	he996,he1023,he979,he1022
571	conventional	8,8,8,8,8,8,8,4	ce1243,ce1142,ce1227,ce1232
572	holistic	8,8,8,8,8,8,8,4	he969,he985,he1047,he1023
572	conventional	8,8,8,8,8,8,8,4	ce1221,ce1197,ce1174,ce1263
573	holistic	8,8,8,8,8,8,8,4	he1009,he1039,he1014,he979
573	conventional	8,8,8,8,8,8,8,4	ce1154,ce1151,ce1184,ce1260
574	holistic	8,8,8,8,8,8,8,4	he1024,he1047,he978,he996
574	conventional	8,8,8,8,8,8,8,4	ce1211,ce1172,ce1263,ce1261
575	holistic	8,8,8,8,8,8,8,4	he1009,he1035,he1004,he1000
575	conventional	8,8,8,8,8,8,8,4	ce1267,ce1244,ce1186,ce1201
576	holistic	8,8,8,8,8,8,8,4	he993,he1037,he980,he1035
576	conventional	8,8,8,8,8,8,8,4	ce1175,ce1201,ce1178,ce1245
577	holistic	8,8,8,8,8,8,8,4	he985,he1011,he1008,he1016
577	conventional	8,8,8,8,8,8,8,4	ce1258,ce1269,ce1156,ce1264
578	holistic	8,8,8,8,8,8,8,4	he1039,he1045,he1003,he985
578	conventional	8,8,8,8,8,8,8,4	ce1265,ce1242,ce1274,ce1244
579	holistic	8,8,8,8,8,8,8,4	he1003,he984,he1007,he1017
579	conventional	8,8,8,8,8,8,8,4	ce1233,ce1160,ce1247,ce1265
580	holistic	8,8,8,8,8,8,8,4	he1026,he1063,he996,he1030
580	conventional	8,8,8,8,8,8,8,4	ce1268,ce1186,ce1252,ce1264
581	holistic	8,8,8,8,8,8,8,4	he1009,he1060,he1065,he1056
581	conventional	8,8,8,8,8,8,8,4	ce1233,ce1258,ce1186,ce1230
582	holistic	8,8,8,8,8,8,8,4	he1046,he1023,he1026,he1057
582	conventional	8,8,8,8,8,8,8,4	ce1208,ce1183,ce1230,ce1184
583	holistic	8,8,8,8,8,8,8,4	he1069,he991,he1038,he1000
583	conventional	8,8,8,8,8,8,8,4	ce1186,ce1256,ce1257,ce1197
584	holistic	8,8,8,8,8,8,8,4	he1049,he1012,he1034,he1004
584	conventional	8,8,8,8,8,8,8,4	ce1280,ce1265,ce1244,ce1291
585	holistic	8,8,8,8,8,8,8,4	he1022,he1001,he1008,he1036
585	conventional	8,8,8,8,8,8,8,4	ce1295,ce1199,ce1263,ce1230
586	holistic	8,8,8,8,8,8,8,4	he1056,he1004,he1014,he1049
586	conventional	8,8,8,8,8,8,8,4	ce1290,ce1182,ce1197,ce1230
587	holistic	8,8,8,8,8,8,8,4	he1012,he1072,he1069,he1045
587	conventional	8,8,8,8,8,8,8,4	ce1184,ce1295,ce1258,ce1197
588	holistic	8,8,8,8,8,8,8,4	he1045,he1069,he1004,he1038
588	conventional	8,8,8,8,8,8,8,4	ce1216,ce1195,ce1218,ce1294
589	holistic	8,8,8,8,8,8,8,4	he1073,he1078,he1071,he1064
589	conventional	8,8,8,8,8,8,8,4	ce1291,ce1267,ce1244,ce1190
590	holistic	8,8,8,8,8,8,8,4	he1081,he1002,he1014,he1077
590	conventional	8,8,8,8,8,8,8,4	ce1218,ce1221,ce1172,ce1287
591	holistic	8,8,8,8,8,8,8,4	he1077,he1065,he1057,he1011
591	conventional	8,8,8,8,8,8,8,4	ce1262,ce1304,ce1172,ce1175
592	holistic	8,8,8,8,8,8,8,4	he1049,he1079,he1057,he1077
592	conventional	8,8,8,8,8,8,8,4	ce1198,ce1183,ce1175,ce1208
593	holistic	8,8,8,8,8,8,8,4	he1073,he1061,he1035,he1024
593	conventional	8,8,8,8,8,8,8,4	ce1183,ce1312,ce1297,ce1245
594	holistic	8,8,8,8,8,8,8,4	he1087,he1022,he1065,he1016
594	conventional	8,8,8,8,8,8,8,4	ce1282,ce1233,ce1309,ce1298
595	holistic	8,8,8,8,8,8,8,4	he1072,he1031,he1092,he1026
595	conventional	8,8,8,8,8,8,8,4	ce1233,ce1287,ce1294,ce1194
596	holistic	8,8,8,8,8,8,8,4	he1035,he1049,he1082,he1066
596	conventional	8,8,8,8,8,8,8,4	ce1244,ce1290,ce1201,ce1198
597	holistic	8,8,8,8,8,8,8,4	he1021,he1064,he1070,he1091
597	conventional	8,8,8,8,8,8,8,4	ce1219,ce1221,ce1247,ce1311
598	holistic	8,8,8,8,8,8,8,4	he1097,he1036,he1090,he1075
598	conventional	8,8,8,8,8,8,8,4	ce1252,ce1324,ce1230,ce1286
599	holistic	8,8,8,8,8,8,8,4	he1017,he1057,he1090,he1096
599	conventional	8,8,8,8,8,8,8,4	ce1299,ce1280,ce1247,ce1256
