season	population	alive	energy_head	ran	starved	aged	net_survivors	net_all_ub	food	work
0	holistic	59	2.7110	59	0	0	-0.0390	-0.0390	0.0000	0.0390
0	conventional	60	2.5606	59	0	0	-0.1460	-0.1460	0.4407	0.5867
1	holistic	60	2.4042	59	0	0	-0.0160	-0.0160	0.0169	0.0330
1	conventional	60	2.5809	57	0	3	0.3753	0.3753	0.9649	0.5896
2	holistic	60	2.3234	59	0	1	0.2101	0.2101	0.2542	0.0441
2	conventional	60	2.6408	55	4	1	0.3956	0.3367	0.9455	0.5498
3	holistic	60	2.1014	60	0	0	0.0281	0.0281	0.0667	0.0386
3	conventional	60	2.7985	54	5	1	0.5303	0.4518	1.0741	0.5438
4	holistic	60	1.8193	59	0	1	-0.0031	-0.0031	0.0339	0.0370
4	conventional	60	2.9518	54	3	3	0.7592	0.7086	1.2963	0.5371
5	holistic	60	1.5445	58	1	1	-0.0013	-0.0019	0.0345	0.0358
5	conventional	60	3.0296	52	8	0	0.4075	0.3278	0.9423	0.5348
6	holistic	60	1.3119	59	1	0	0.0169	0.0174	0.0678	0.0509
6	conventional	60	3.2525	56	4	0	0.5069	0.4729	1.0536	0.5466
7	holistic	60	1.2118	58	2	0	0.1576	0.1498	0.2069	0.0493
7	conventional	60	3.3685	50	9	1	0.4559	0.3805	0.9800	0.5241
8	holistic	59	1.0915	55	3	2	0.1477	0.1413	0.1818	0.0341
8	conventional	60	3.5578	54	6	0	0.5049	0.4393	1.0185	0.5136
9	holistic	60	0.9123	55	2	2	0.0986	0.0960	0.1455	0.0469
9	conventional	60	3.7644	55	5	0	0.5426	0.4566	1.0545	0.5119
10	holistic	59	0.8333	55	3	2	0.2029	0.1970	0.2545	0.0516
10	conventional	60	3.9728	54	5	1	0.5389	0.4852	1.0370	0.4981
11	holistic	29	1.5831	23	35	1	0.4629	0.1983	0.6087	0.1458
11	conventional	60	3.7937	54	5	1	0.4453	0.3803	0.9444	0.4991
12	holistic	28	1.5849	25	4	0	0.2139	0.1971	0.3600	0.1461
12	conventional	60	3.6177	52	8	0	0.1394	0.0741	0.6346	0.4952
13	holistic	36	1.6582	26	2	0	0.8615	0.7971	1.0000	0.1385
13	conventional	60	3.6795	57	3	0	0.3415	0.3118	0.8421	0.5006
14	holistic	47	1.7320	35	1	0	0.8744	0.8530	1.0000	0.1256
14	conventional	60	4.1565	56	4	0	0.7871	0.7270	1.2857	0.4986
15	holistic	51	1.5138	45	2	0	0.1675	0.1605	0.3111	0.1436
15	conventional	60	4.0384	55	5	0	0.1642	0.1319	0.6364	0.4722
16	holistic	57	1.7584	48	3	0	0.7458	0.7016	0.8750	0.1292
16	conventional	60	4.2589	53	7	0	0.5566	0.4705	1.0566	0.5000
17	holistic	60	2.0141	51	6	0	0.6762	0.6116	0.8039	0.1278
17	conventional	60	4.5296	52	7	1	0.6453	0.5515	1.0962	0.4508
18	holistic	60	2.4964	59	1	0	0.7448	0.7324	0.8644	0.1196
18	conventional	60	5.1347	59	1	0	0.8823	0.8551	1.3559	0.4736
19	holistic	60	3.2112	57	3	0	1.0143	0.9647	1.1404	0.1260
19	conventional	60	5.3559	54	5	1	0.7936	0.7260	1.2778	0.4841
20	holistic	60	3.9494	53	7	0	1.1183	0.9882	1.2453	0.1270
20	conventional	60	5.5450	57	2	1	0.8759	0.8306	1.3509	0.4750
21	holistic	60	4.7039	57	3	0	1.0540	1.0044	1.1930	0.1390
21	conventional	60	6.0939	60	0	0	0.7989	0.7989	1.2833	0.4845
22	holistic	60	5.6021	60	0	0	1.1483	1.1483	1.2833	0.1350
22	conventional	60	6.1721	56	3	1	0.5053	0.4670	0.9821	0.4769
23	holistic	60	6.3577	57	3	0	1.0621	1.0056	1.1930	0.1309
23	conventional	60	7.0648	58	2	0	1.1975	1.1426	1.6724	0.4750
24	holistic	60	6.9696	58	2	0	0.8920	0.8619	1.0172	0.1252
24	conventional	60	7.1721	59	1	0	0.3657	0.3573	0.8475	0.4818
25	holistic	60	7.4864	58	1	1	0.8731	0.8604	1.0000	0.1269
25	conventional	60	7.5970	59	1	0	0.6930	0.6750	1.1695	0.4765
26	holistic	60	8.0095	60	0	0	0.7730	0.7730	0.9000	0.1270
26	conventional	60	7.8912	59	1	0	0.5515	0.5441	1.0169	0.4654
27	holistic	60	9.0999	57	3	0	1.4096	1.3404	1.5439	0.1342
27	conventional	60	8.4575	59	1	0	0.8332	0.8163	1.3220	0.4888
28	holistic	60	9.9862	59	1	0	1.1555	1.1363	1.2881	0.1326
28	conventional	60	8.9243	59	1	0	0.7305	0.7167	1.2203	0.4898
29	holistic	60	10.7868	59	1	0	1.0681	1.0506	1.2034	0.1353
29	conventional	60	9.2718	58	2	0	0.6379	0.5976	1.1034	0.4655
30	holistic	60	11.5533	59	1	0	1.0360	1.0165	1.1695	0.1335
30	conventional	60	10.1016	58	2	0	1.1236	1.0798	1.6034	0.4798
31	holistic	60	12.5030	59	1	0	1.2200	1.1997	1.3559	0.1359
31	conventional	60	10.6295	58	2	0	0.7999	0.7779	1.2759	0.4760
32	holistic	60	13.0912	59	0	1	0.9887	0.9887	1.1186	0.1299
32	conventional	60	10.5089	59	0	1	0.4928	0.4928	0.9661	0.4734
33	holistic	60	14.1208	57	3	0	1.3415	1.2795	1.4737	0.1322
33	conventional	60	11.3776	58	2	0	1.1614	1.1186	1.6379	0.4765
34	holistic	60	14.7609	59	1	0	0.9049	0.8901	1.0339	0.1290
34	conventional	60	11.9730	59	1	0	0.8637	0.8454	1.3390	0.4753
35	holistic	60	15.1534	59	1	0	0.6534	0.6425	0.7797	0.1263
35	conventional	60	12.3110	59	1	0	0.5952	0.5880	1.0508	0.4556
36	holistic	60	15.9263	59	1	0	1.0390	1.0229	1.1695	0.1305
36	conventional	60	12.6623	58	2	0	0.6261	0.6013	1.1034	0.4773
37	holistic	60	16.5602	59	1	0	0.8989	0.8839	1.0339	0.1350
37	conventional	60	12.9172	59	0	1	0.8781	0.8781	1.3559	0.4778
38	holistic	60	17.1616	60	0	0	0.8514	0.8514	0.9833	0.1319
38	conventional	60	12.7444	58	1	1	0.4510	0.4435	0.9310	0.4801
39	holistic	60	17.8321	59	1	0	0.9340	0.9205	1.0678	0.1338
39	conventional	60	12.4186	56	3	1	0.5308	0.4944	1.0000	0.4692
40	holistic	60	18.9487	60	0	0	1.3666	1.3666	1.5000	0.1334
40	conventional	60	13.2278	59	1	0	1.0899	1.0592	1.5593	0.4695
41	holistic	60	19.4679	59	1	0	0.7820	0.7692	0.9153	0.1333
41	conventional	60	13.0008	59	0	1	0.5462	0.5462	1.0169	0.4707
42	holistic	60	19.7838	59	1	0	0.5746	0.5659	0.7119	0.1373
42	conventional	60	12.8253	57	2	1	0.4120	0.3997	0.8772	0.4652
43	holistic	60	20.5998	59	1	0	1.0841	1.0661	1.2203	0.1362
43	conventional	60	13.1200	59	0	1	0.8272	0.8272	1.3051	0.4779
44	holistic	60	21.7130	60	0	0	1.3632	1.3632	1.5000	0.1368
44	conventional	60	14.1022	59	1	0	1.2502	1.2322	1.7288	0.4786
45	holistic	60	22.7587	60	0	0	1.2957	1.2957	1.4333	0.1376
45	conventional	60	14.9180	59	1	0	1.0838	1.0659	1.5763	0.4924
46	holistic	60	23.9402	59	1	0	1.4556	1.4315	1.5932	0.1376
46	conventional	60	15.4637	57	3	0	0.8489	0.7957	1.3333	0.4844
47	holistic	60	24.8692	60	0	0	1.1790	1.1790	1.3167	0.1376
47	conventional	60	16.2530	60	0	0	1.0393	1.0393	1.5333	0.4940
48	holistic	60	26.2626	60	0	0	1.6434	1.6434	1.7833	0.1399
48	conventional	60	17.1069	60	0	0	1.1039	1.1039	1.6000	0.4961
49	holistic	60	27.1228	60	0	0	1.1102	1.1102	1.2500	0.1398
49	conventional	60	17.2195	59	0	1	0.6845	0.6845	1.1695	0.4850
50	holistic	60	27.8671	60	0	0	0.9943	0.9943	1.1333	0.1390
50	conventional	60	17.7774	58	2	0	0.8371	0.8079	1.3276	0.4905
51	holistic	60	28.6102	60	0	0	0.9930	0.9930	1.1333	0.1403
51	conventional	60	18.5935	60	0	0	1.0661	1.0661	1.5500	0.4839
52	holistic	60	29.5028	60	0	0	1.1427	1.1427	1.2833	0.1407
52	conventional	60	18.7940	58	1	1	0.7090	0.6942	1.1897	0.4806
53	holistic	60	30.4944	60	0	0	1.2416	1.2416	1.3833	0.1417
53	conventional	60	19.1849	60	0	0	0.6409	0.6409	1.1333	0.4925
54	holistic	60	31.1190	60	0	0	0.8745	0.8745	1.0167	0.1421
54	conventional	60	19.2782	60	0	0	0.3433	0.3433	0.8333	0.4901
55	holistic	60	31.6794	60	0	0	0.8104	0.8104	0.9500	0.1396
55	conventional	60	19.9047	60	0	0	0.8765	0.8765	1.3667	0.4902
56	holistic	60	32.6570	60	0	0	1.2276	1.2276	1.3667	0.1390
56	conventional	60	20.6706	58	2	0	1.0617	1.0159	1.5517	0.4901
57	holistic	60	32.9918	59	0	1	1.0115	1.0115	1.1525	0.1410
57	conventional	60	20.8506	60	0	0	0.4300	0.4300	0.9167	0.4866
58	holistic	60	33.9401	60	0	0	1.1983	1.1983	1.3333	0.1351
58	conventional	60	21.8676	59	1	0	1.2899	1.2670	1.7797	0.4897
59	holistic	60	34.3002	59	0	1	0.9274	0.9274	1.0678	0.1404
59	conventional	60	22.1735	59	1	0	0.5747	0.5559	1.0508	0.4762
60	holistic	60	34.9651	60	0	0	0.9149	0.9149	1.0500	0.1351
60	conventional	60	22.4430	59	0	1	0.8616	0.8616	1.3390	0.4773
61	holistic	60	34.8298	59	0	1	0.4929	0.4929	0.6271	0.1342
61	conventional	60	21.6325	59	0	1	0.0924	0.0924	0.5763	0.4838
62	holistic	60	35.5445	60	0	0	0.9647	0.9647	1.1000	0.1353
62	conventional	60	21.0811	58	0	2	0.8595	0.8595	1.3621	0.5026
63	holistic	60	36.0589	59	1	0	0.7773	0.7644	0.9153	0.1379
63	conventional	60	21.2043	58	1	1	0.8797	0.8573	1.3793	0.4996
64	holistic	60	36.7888	60	0	0	0.9799	0.9799	1.1167	0.1368
64	conventional	60	22.0011	59	1	0	1.0652	1.0468	1.5593	0.4941
65	holistic	60	37.9708	60	0	0	1.4320	1.4320	1.5667	0.1347
65	conventional	60	20.8245	57	1	2	0.7805	0.7541	1.2807	0.5002
66	holistic	60	38.5142	59	0	1	1.2193	1.2193	1.3559	0.1366
66	conventional	60	20.6630	57	1	2	0.8015	0.7845	1.3158	0.5143
67	holistic	60	37.1757	57	1	2	1.0938	1.0751	1.2281	0.1343
67	conventional	60	20.4980	58	1	1	0.4759	0.4681	0.9828	0.5068
68	holistic	60	37.8909	60	0	0	0.9652	0.9652	1.1000	0.1348
68	conventional	60	18.5730	57	1	2	0.2086	0.2059	0.7193	0.5107
69	holistic	60	36.9123	58	0	2	0.6907	0.6907	0.8276	0.1369
69	conventional	60	18.1099	58	1	1	0.3599	0.3539	0.8793	0.5194
70	holistic	60	35.7913	56	1	3	0.9734	0.9599	1.1071	0.1337
70	conventional	60	17.4917	56	2	2	0.6273	0.6004	1.1429	0.5156
71	holistic	60	34.0180	56	1	3	0.8478	0.8352	0.9821	0.1344
71	conventional	60	17.3337	56	3	1	0.5059	0.4821	1.0357	0.5298
72	holistic	60	32.3556	58	0	2	1.4542	1.4542	1.5862	0.1320
72	conventional	60	17.3512	58	1	1	0.7621	0.7531	1.2759	0.5138
73	holistic	60	28.9786	52	2	6	1.2135	1.1716	1.3462	0.1327
73	conventional	60	16.5299	56	2	2	1.0564	1.0197	1.5893	0.5329
74	holistic	60	24.3945	53	0	7	1.1131	1.1131	1.2453	0.1322
74	conventional	60	15.5508	56	1	3	0.7261	0.7128	1.2500	0.5239
75	holistic	60	21.5407	54	2	4	1.1283	1.0844	1.2593	0.1309
75	conventional	60	15.0737	57	0	3	0.8417	0.8417	1.3860	0.5442
76	holistic	60	20.9626	57	1	2	0.8849	0.8697	1.0175	0.1326
76	conventional	60	13.5864	54	4	2	0.4920	0.4458	1.0370	0.5450
77	holistic	60	16.6446	55	1	4	0.6444	0.6332	0.7818	0.1374
77	conventional	60	13.0852	55	2	3	0.6053	0.5672	1.1455	0.5402
78	holistic	60	16.6518	56	3	1	0.6684	0.6353	0.8036	0.1352
78	conventional	60	13.5099	55	5	0	0.7449	0.6748	1.2909	0.5460
79	holistic	60	16.9347	57	2	1	0.7543	0.7288	0.8947	0.1405
79	conventional	60	11.4223	51	5	4	0.6030	0.5195	1.1373	0.5343
80	holistic	60	13.5853	54	2	4	0.8829	0.8447	1.0185	0.1356
80	conventional	60	12.0262	57	3	0	0.9083	0.8539	1.4386	0.5303
81	holistic	60	14.0354	59	1	0	0.7120	0.7001	0.8475	0.1355
81	conventional	60	12.3517	57	3	0	0.6170	0.5755	1.1404	0.5234
82	holistic	60	15.3280	56	4	0	1.6473	1.5425	1.7857	0.1384
82	conventional	60	11.7566	56	2	2	1.0326	0.9929	1.5536	0.5210
83	holistic	60	16.0045	58	1	1	1.0490	1.0312	1.1897	0.1407
83	conventional	60	11.1192	56	3	1	0.4093	0.3665	0.9286	0.5193
84	holistic	60	16.1037	57	2	1	0.6840	0.6618	0.8246	0.1405
84	conventional	60	10.4294	54	5	1	0.6976	0.6212	1.2037	0.5061
85	holistic	60	14.5827	56	2	2	1.1821	1.1447	1.3214	0.1393
85	conventional	60	10.1610	57	2	1	0.5559	0.5274	1.0702	0.5142
86	holistic	60	15.5286	60	0	0	1.1960	1.1960	1.3333	0.1374
86	conventional	60	10.6351	57	3	0	0.7766	0.7241	1.2982	0.5216
87	holistic	60	14.3784	57	1	2	0.9483	0.9321	1.0877	0.1394
87	conventional	60	11.3880	58	2	0	1.0357	1.0029	1.5345	0.4988
88	holistic	60	13.6262	57	2	1	0.6610	0.6387	0.8070	0.1460
88	conventional	60	10.9258	56	3	1	0.4781	0.4426	0.9821	0.5041
89	holistic	60	14.7167	58	2	0	1.3862	1.3405	1.5345	0.1483
89	conventional	60	11.0176	57	2	1	0.8396	0.8090	1.3509	0.5113
90	holistic	60	14.8025	58	1	1	0.7129	0.7029	0.8621	0.1492
90	conventional	60	11.3149	59	1	0	0.5540	0.5474	1.0678	0.5138
91	holistic	60	15.6428	60	0	0	1.0903	1.0903	1.2333	0.1430
91	conventional	60	11.9556	56	3	1	0.9835	0.9341	1.5000	0.5165
92	holistic	60	16.3816	59	1	0	1.0056	0.9888	1.1525	0.1470
92	conventional	60	11.8969	59	1	0	0.2073	0.1914	0.7119	0.5045
93	holistic	60	15.5695	56	2	2	1.1492	1.1090	1.3036	0.1543
93	conventional	60	12.6916	58	1	1	1.2804	1.2572	1.7931	0.5127
94	holistic	60	16.2203	60	0	0	0.9008	0.9008	1.0500	0.1492
94	conventional	60	13.0386	59	1	0	0.6156	0.5970	1.1356	0.5200
95	holistic	60	16.3085	58	1	1	1.0558	1.0371	1.2069	0.1511
95	conventional	60	13.6625	60	0	0	0.8739	0.8739	1.3667	0.4928
96	holistic	60	15.7071	58	1	1	0.5775	0.5710	0.7241	0.1467
96	conventional	60	14.0624	58	1	1	0.7858	0.7696	1.2931	0.5073
97	holistic	60	16.7679	56	4	0	1.3965	1.3108	1.5536	0.1571
97	conventional	60	15.4276	60	0	0	1.6152	1.6152	2.1333	0.5182
98	holistic	60	17.6930	59	1	0	1.1914	1.1751	1.3390	0.1476
98	conventional	60	14.1352	56	2	2	0.6247	0.5982	1.1429	0.5182
99	holistic	60	18.7482	60	0	0	1.3053	1.3053	1.4500	0.1447
99	conventional	60	13.2308	58	1	1	0.6100	0.6006	1.1379	0.5279
100	holistic	60	19.8329	60	0	0	1.3346	1.3346	1.4833	0.1487
100	conventional	60	13.8649	59	1	0	0.8974	0.8841	1.4237	0.5263
101	holistic	60	19.3798	57	2	1	0.9865	0.9531	1.1404	0.1538
101	conventional	60	14.3300	58	2	0	0.7428	0.7150	1.2759	0.5331
102	holistic	60	19.9100	59	1	0	0.7926	0.7802	0.9492	0.1566
102	conventional	60	13.6158	55	3	2	0.2368	0.2083	0.7636	0.5269
103	holistic	60	20.5657	59	0	1	1.1706	1.1706	1.3220	0.1515
103	conventional	60	13.8817	58	2	0	0.5522	0.5159	1.0690	0.5167
104	holistic	60	21.4611	60	0	0	1.1453	1.1453	1.3000	0.1547
104	conventional	60	14.3184	59	0	1	0.9539	0.9539	1.4746	0.5207
105	holistic	60	22.0761	58	2	0	0.8966	0.8651	1.0517	0.1552
105	conventional	60	14.9744	58	2	0	0.9330	0.9059	1.4483	0.5153
106	holistic	60	22.0622	58	1	1	1.6521	1.6241	1.8103	0.1583
106	conventional	60	15.7058	60	0	0	0.9814	0.9814	1.5000	0.5186
107	holistic	60	23.2042	60	0	0	1.3920	1.3920	1.5500	0.1580
107	conventional	60	16.6034	60	0	0	1.1476	1.1476	1.6667	0.5191
108	holistic	60	23.8323	60	0	0	0.8781	0.8781	1.0333	0.1552
108	conventional	60	16.9881	60	0	0	0.6347	0.6347	1.1500	0.5153
109	holistic	60	24.8146	59	1	0	1.2507	1.2323	1.4068	0.1561
109	conventional	60	16.8494	59	0	1	0.5986	0.5986	1.1017	0.5031
110	holistic	60	25.9105	59	1	0	1.3684	1.3459	1.5254	0.1570
110	conventional	60	16.4950	59	0	1	0.5832	0.5832	1.1017	0.5185
111	holistic	60	27.1071	60	0	0	1.4466	1.4466	1.6000	0.1534
111	conventional	60	16.7253	57	3	0	0.5214	0.4803	1.0351	0.5137
112	holistic	60	28.0369	60	0	0	1.1799	1.1799	1.3333	0.1535
112	conventional	60	16.7098	59	0	1	0.6837	0.6837	1.2034	0.5197
113	holistic	60	28.9989	60	0	0	1.2119	1.2119	1.3667	0.1547
113	conventional	60	17.4024	60	0	0	0.9426	0.9426	1.4833	0.5407
114	holistic	60	30.2455	59	1	0	1.5191	1.4967	1.6780	0.1589
114	conventional	60	17.9062	57	3	0	0.7944	0.7538	1.3158	0.5214
115	holistic	60	31.3079	60	0	0	1.3124	1.3124	1.4667	0.1543
115	conventional	60	18.2794	59	1	0	0.6405	0.6231	1.1525	0.5120
116	holistic	60	32.1370	60	0	0	1.0790	1.0790	1.2333	0.1543
116	conventional	60	18.4840	59	1	0	0.4640	0.4546	0.9831	0.5191
117	holistic	60	32.2082	59	0	1	0.8952	0.8952	1.0508	0.1556
117	conventional	60	18.6804	58	2	0	0.4641	0.4464	0.9828	0.5186
118	holistic	60	33.3555	59	1	0	1.4210	1.3973	1.5763	0.1553
118	conventional	60	19.3927	59	1	0	0.9769	0.9623	1.4915	0.5146
119	holistic	60	34.1172	60	0	0	1.0117	1.0117	1.1667	0.1550
119	conventional	60	19.8659	59	1	0	0.7359	0.7232	1.2542	0.5183
120	holistic	60	34.7469	60	0	0	0.8797	0.8797	1.0333	0.1536
120	conventional	60	19.6487	58	1	1	0.5066	0.4982	1.0345	0.5278
121	holistic	60	34.8015	59	0	1	1.0862	1.0862	1.2373	0.1511
121	conventional	60	19.0498	58	1	1	0.5357	0.5243	1.0690	0.5333
122	holistic	60	35.7005	59	1	0	1.1684	1.1491	1.3220	0.1536
122	conventional	60	19.5112	59	1	0	0.7207	0.7114	1.2542	0.5335
123	holistic	60	36.3809	60	0	0	0.9304	0.9304	1.0833	0.1529
123	conventional	60	18.9886	59	0	1	0.6583	0.6583	1.1864	0.5282
124	holistic	60	37.2593	60	0	0	1.1284	1.1284	1.2833	0.1550
124	conventional	60	19.5253	59	1	0	0.7977	0.7866	1.3220	0.5244
125	holistic	60	38.1221	60	0	0	1.1129	1.1129	1.2667	0.1538
125	conventional	60	19.4741	59	0	1	0.5566	0.5566	1.0678	0.5112
126	holistic	60	39.0075	59	1	0	1.1537	1.1353	1.3051	0.1514
126	conventional	60	19.4149	58	0	2	1.0148	1.0148	1.5517	0.5369
127	holistic	60	37.9018	58	0	2	0.9172	0.9172	1.0690	0.1517
127	conventional	60	18.5534	58	1	1	0.5190	0.5059	1.0517	0.5327
128	holistic	60	38.8152	60	0	0	1.1633	1.1633	1.3167	0.1533
128	conventional	60	17.1373	56	2	2	0.3940	0.3759	0.9286	0.5346
129	holistic	60	37.9023	59	0	1	0.9478	0.9478	1.1017	0.1539
129	conventional	60	17.3992	59	1	0	0.5188	0.5119	1.0508	0.5320
130	holistic	60	36.5011	57	0	3	1.3705	1.3705	1.5263	0.1558
130	conventional	60	17.2324	57	2	1	0.9311	0.8805	1.4386	0.5075
131	holistic	60	34.1020	57	0	3	1.1797	1.1797	1.3333	0.1537
131	conventional	60	16.6264	56	2	2	0.4760	0.4547	1.0000	0.5240
132	holistic	60	33.6641	59	0	1	0.9451	0.9451	1.1017	0.1566
132	conventional	60	16.6225	58	1	1	1.0803	1.0542	1.5862	0.5059
133	holistic	60	29.6222	55	0	5	0.9715	0.9715	1.1273	0.1558
133	conventional	60	16.3043	57	1	2	0.6742	0.6620	1.1754	0.5012
134	holistic	60	28.8117	57	0	3	1.1643	1.1643	1.3158	0.1515
134	conventional	60	17.0151	58	2	0	1.0054	0.9607	1.5000	0.4946
135	holistic	60	26.3304	56	1	3	0.8136	0.7993	0.9643	0.1507
135	conventional	60	17.3336	60	0	0	0.5685	0.5685	1.0833	0.5148
136	holistic	60	25.7627	57	1	2	0.6127	0.6039	0.7544	0.1416
136	conventional	60	17.0806	58	0	2	0.6516	0.6516	1.1724	0.5208
137	holistic	60	24.1520	56	2	2	1.2608	1.2174	1.4107	0.1499
137	conventional	60	17.1984	58	1	1	0.9005	0.8800	1.4138	0.5133
138	holistic	60	22.6202	57	1	2	0.5432	0.5339	0.6842	0.1410
138	conventional	60	16.2591	57	0	3	0.6573	0.6573	1.1754	0.5182
139	holistic	60	22.6047	58	1	1	1.0676	1.0499	1.2069	0.1393
139	conventional	60	14.1559	53	2	5	0.3299	0.3176	0.8491	0.5191
140	holistic	60	19.0867	54	1	5	0.9897	0.9713	1.1296	0.1399
140	conventional	60	14.4353	58	1	1	0.8092	0.7828	1.3448	0.5356
141	holistic	60	20.2291	58	2	0	1.4404	1.3923	1.5862	0.1459
141	conventional	60	13.3417	55	3	2	0.9334	0.8940	1.4727	0.5393
142	holistic	60	19.1001	58	0	2	0.8268	0.8268	0.9655	0.1387
142	conventional	60	12.8174	57	2	1	0.2750	0.2631	0.8070	0.5320
143	holistic	60	19.7125	58	1	1	1.2055	1.1853	1.3448	0.1393
143	conventional	60	13.0143	58	2	0	0.4755	0.4469	1.0000	0.5245
144	holistic	60	19.6521	58	1	1	1.0647	1.0466	1.2069	0.1422
144	conventional	60	12.0466	53	4	3	1.2317	1.1102	1.7736	0.5419
145	holistic	60	18.7137	57	1	2	0.9639	0.9463	1.1053	0.1413
145	conventional	60	11.6329	57	2	1	0.6516	0.6134	1.1930	0.5413
146	holistic	60	19.3592	59	1	0	0.9074	0.8955	1.0508	0.1434
146	conventional	60	10.5416	55	3	2	0.7510	0.7199	1.2909	0.5400
147	holistic	60	16.9965	56	1	3	0.7028	0.6932	0.8393	0.1365
147	conventional	60	10.1759	55	4	1	0.6144	0.5515	1.1455	0.5310
148	holistic	60	15.6238	57	1	2	1.2007	1.1812	1.3509	0.1501
148	conventional	60	9.1363	53	4	3	0.8495	0.7590	1.3962	0.5467
149	holistic	60	15.1229	58	1	1	0.8659	0.8513	1.0172	0.1513
149	conventional	60	9.4467	58	2	0	0.5816	0.5604	1.1207	0.5391
150	holistic	60	16.2621	58	2	0	1.4388	1.3892	1.5862	0.1474
150	conventional	60	9.7073	54	6	0	0.5913	0.5106	1.1296	0.5383
151	holistic	60	16.8081	60	0	0	0.7960	0.7960	0.9500	0.1540
151	conventional	60	9.3222	58	1	1	0.5804	0.5648	1.1207	0.5403
152	holistic	60	16.9172	59	0	1	0.9655	0.9655	1.1186	0.1532
152	conventional	60	9.9147	57	3	0	0.8988	0.8425	1.4386	0.5398
153	holistic	60	18.0715	59	1	0	1.4282	1.4044	1.5763	0.1481
153	conventional	60	9.9632	57	2	1	0.7233	0.6849	1.2632	0.5398
154	holistic	60	18.5891	59	1	0	0.7802	0.7675	0.9322	0.1520
154	conventional	60	10.2851	60	0	0	0.5719	0.5719	1.1000	0.5281
155	holistic	60	18.3666	59	0	1	1.3540	1.3540	1.5085	0.1545
155	conventional	60	10.9386	58	2	0	0.9427	0.9035	1.4828	0.5400
156	holistic	60	17.1672	56	2	2	1.2033	1.1613	1.3571	0.1539
156	conventional	60	11.2603	58	2	0	0.5954	0.5717	1.1379	0.5425
157	holistic	60	16.9499	58	0	2	0.9997	0.9997	1.1552	0.1554
157	conventional	60	11.6490	59	1	0	0.6622	0.6387	1.2034	0.5411
158	holistic	60	16.6068	59	0	1	1.2751	1.2751	1.4237	0.1486
158	conventional	60	10.9906	57	1	2	0.6748	0.6559	1.2105	0.5357
159	holistic	60	17.8308	59	1	0	1.4989	1.4740	1.6441	0.1452
159	conventional	60	10.8285	57	1	2	1.2546	1.2201	1.7895	0.5348
160	holistic	60	18.5330	60	0	0	0.9523	0.9523	1.1000	0.1477
160	conventional	60	11.4847	58	2	0	0.9633	0.9062	1.5000	0.5367
161	holistic	60	17.5538	58	1	1	0.8840	0.8690	1.0345	0.1505
161	conventional	60	11.6555	58	1	1	0.6845	0.6664	1.2241	0.5396
162	holistic	60	18.4159	59	1	0	1.1309	1.1121	1.2881	0.1572
162	conventional	60	12.4275	59	0	1	1.1078	1.1078	1.6441	0.5362
163	holistic	60	19.2318	60	0	0	1.0659	1.0659	1.2167	0.1507
163	conventional	60	12.7455	60	0	0	0.5680	0.5680	1.1000	0.5320
164	holistic	60	19.6855	60	0	0	0.7037	0.7037	0.8500	0.1463
164	conventional	60	12.7881	57	2	1	0.5902	0.5583	1.1228	0.5326
165	holistic	60	19.1021	57	1	2	0.7620	0.7509	0.9123	0.1503
165	conventional	60	12.5841	56	2	2	0.5748	0.5563	1.1071	0.5323
166	holistic	60	19.9671	59	1	0	1.1335	1.1150	1.2881	0.1546
166	conventional	60	12.7305	59	1	0	0.3992	0.3965	0.9322	0.5330
167	holistic	60	21.0011	60	0	0	1.2840	1.2840	1.4333	0.1494
167	conventional	60	13.1329	59	1	0	0.6619	0.6524	1.1864	0.5246
168	holistic	60	21.6673	60	0	0	0.9163	0.9163	1.0667	0.1504
168	conventional	60	13.7507	58	2	0	0.9070	0.8678	1.4483	0.5413
169	holistic	60	21.3655	58	1	1	1.0540	1.0362	1.2069	0.1529
169	conventional	60	14.4039	58	2	0	0.9491	0.9032	1.4828	0.5337
170	holistic	60	21.8787	59	1	0	0.7761	0.7632	0.9322	0.1561
170	conventional	60	14.5795	59	0	1	1.1794	1.1794	1.7119	0.5324
171	holistic	60	22.4488	60	0	0	0.8201	0.8201	0.9833	0.1632
171	conventional	60	14.8251	59	1	0	0.5019	0.4956	1.0339	0.5319
172	holistic	60	23.0888	59	1	0	0.9102	0.8900	1.0678	0.1576
172	conventional	60	14.9110	57	3	0	0.3594	0.3359	0.8947	0.5354
173	holistic	60	23.9335	59	1	0	1.1138	1.0947	1.2712	0.1574
173	conventional	60	15.3736	60	0	0	0.7126	0.7126	1.2500	0.5374
174	holistic	60	24.5346	59	1	0	0.8662	0.8511	1.0169	0.1508
174	conventional	60	15.6313	58	2	0	0.5367	0.5076	1.0690	0.5323
175	holistic	60	25.1386	60	0	0	0.8540	0.8540	1.0000	0.1460
175	conventional	60	16.6739	60	0	0	1.2926	1.2926	1.8333	0.5407
176	holistic	60	25.5602	60	0	0	0.6716	0.6716	0.8167	0.1450
176	conventional	60	16.3730	57	2	1	0.5504	0.5297	1.0702	0.5198
177	holistic	60	26.4222	57	2	1	1.3011	1.2596	1.4561	0.1551
177	conventional	60	16.3905	58	1	1	0.5577	0.5452	1.0862	0.5285
178	holistic	60	27.5792	59	1	0	1.4309	1.4070	1.5932	0.1623
178	conventional	60	16.7301	60	0	0	0.5897	0.5897	1.1167	0.5270
179	holistic	60	28.5218	60	0	0	1.1925	1.1925	1.3500	0.1575
179	conventional	60	17.2186	59	0	1	0.8432	0.8432	1.3559	0.5128
180	holistic	60	29.3293	60	0	0	1.0575	1.0575	1.2167	0.1591
180	conventional	60	18.3568	60	0	0	1.3882	1.3882	1.9167	0.5285
181	holistic	60	28.9956	59	0	1	1.1781	1.1781	1.3390	0.1609
181	conventional	60	17.6823	58	0	2	1.3607	1.3607	1.8793	0.5186
182	holistic	60	29.3266	58	1	1	1.1683	1.1485	1.3276	0.1593
182	conventional	60	17.9535	58	2	0	0.5495	0.5213	1.0690	0.5194
183	holistic	60	30.1065	60	0	0	1.0299	1.0299	1.2000	0.1701
183	conventional	60	18.2915	59	1	0	0.5966	0.5879	1.1186	0.5220
184	holistic	60	30.8423	60	0	0	0.9858	0.9858	1.1500	0.1642
184	conventional	60	18.9133	59	1	0	0.8925	0.8718	1.4068	0.5142
185	holistic	60	31.3233	59	1	0	0.7434	0.7310	0.9153	0.1719
185	conventional	60	19.1885	59	1	0	0.5400	0.5252	1.0678	0.5278
186	holistic	60	31.7654	59	0	1	1.2721	1.2721	1.4407	0.1686
186	conventional	60	19.5240	59	0	1	1.2352	1.2352	1.7458	0.5106
187	holistic	60	30.9643	58	0	2	1.3900	1.3900	1.5517	0.1618
187	conventional	60	20.2493	60	0	0	0.9753	0.9753	1.5000	0.5247
188	holistic	60	31.7561	60	0	0	1.0418	1.0418	1.2000	0.1582
188	conventional	60	20.3142	59	0	1	0.9267	0.9267	1.4407	0.5139
189	holistic	60	32.3919	59	0	1	1.5803	1.5803	1.7458	0.1655
189	conventional	60	20.3769	58	1	1	0.5161	0.4946	1.0172	0.5012
190	holistic	60	31.8036	57	1	2	1.2872	1.2666	1.4561	0.1689
190	conventional	60	20.7919	58	1	1	1.1452	1.1189	1.6724	0.5273
191	holistic	60	30.7003	58	0	2	1.0123	1.0123	1.1724	0.1601
191	conventional	60	18.9481	56	1	3	0.3478	0.3433	0.8750	0.5272
192	holistic	60	30.7315	59	0	1	0.7716	0.7716	0.9322	0.1606
192	conventional	60	18.1119	57	1	2	0.7175	0.7042	1.2456	0.5281
193	holistic	60	30.6003	59	0	1	0.7729	0.7729	0.9322	0.1593
193	conventional	60	17.8686	55	3	2	0.8433	0.7972	1.3818	0.5385
194	holistic	60	29.2060	57	1	2	1.0657	1.0476	1.2281	0.1624
194	conventional	60	18.5565	59	0	1	1.1176	1.1176	1.6441	0.5264
195	holistic	60	29.4066	57	1	2	1.0296	1.0119	1.1930	0.1634
195	conventional	60	19.0648	59	1	0	0.7686	0.7583	1.2881	0.5195
196	holistic	60	27.5506	57	0	3	0.6203	0.6203	0.7719	0.1516
196	conventional	60	18.7620	58	1	1	0.3619	0.3523	0.8793	0.5174
197	holistic	60	27.4467	57	1	2	1.1958	1.1777	1.3509	0.1551
197	conventional	60	18.5836	54	5	1	0.5648	0.5089	1.0926	0.5278
198	holistic	60	26.0551	57	1	2	0.4957	0.4872	0.6491	0.1535
198	conventional	60	18.5772	58	1	1	0.8431	0.8161	1.3793	0.5362
199	holistic	60	25.6426	57	1	2	1.3802	1.3565	1.5263	0.1461
199	conventional	60	16.2630	57	0	3	0.8425	0.8425	1.3684	0.5259
200	holistic	60	22.8184	55	1	4	0.9374	0.9209	1.0909	0.1535
200	conventional	60	15.4568	59	0	1	0.3480	0.3480	0.8814	0.5334
201	holistic	60	21.6949	56	2	2	1.2867	1.2439	1.4464	0.1598
201	conventional	60	15.1111	58	0	2	0.9217	0.9217	1.4483	0.5266
202	holistic	60	20.8966	58	1	1	0.4544	0.4484	0.6207	0.1662
202	conventional	60	14.9793	56	4	0	0.1535	0.1182	0.6786	0.5251
203	holistic	60	21.4276	58	1	1	1.4380	1.4137	1.6034	0.1654
203	conventional	60	15.4373	59	1	0	0.7267	0.7081	1.2542	0.5275
204	holistic	60	20.9150	58	1	1	0.6977	0.6858	0.8621	0.1644
204	conventional	60	14.1653	56	1	3	0.0121	0.0123	0.5357	0.5236
205	holistic	60	20.7013	59	0	1	0.6819	0.6819	0.8475	0.1656
205	conventional	60	14.5390	59	1	0	0.6371	0.6237	1.1525	0.5155
206	holistic	60	20.4274	58	1	1	1.0378	1.0202	1.2069	0.1691
206	conventional	60	14.2084	57	1	2	0.9658	0.9430	1.4912	0.5255
207	holistic	60	19.6829	55	2	3	1.2379	1.1991	1.4000	0.1621
207	conventional	60	13.4158	57	1	2	0.5077	0.4860	1.0351	0.5274
208	holistic	60	18.3043	56	1	3	1.1911	1.1702	1.3571	0.1660
208	conventional	60	12.8789	57	1	2	0.8523	0.8352	1.3860	0.5336
209	holistic	60	15.6286	57	1	2	0.6424	0.6349	0.8070	0.1646
209	conventional	60	13.5709	60	0	0	0.9420	0.9420	1.4667	0.5247
210	holistic	60	14.2317	56	2	2	1.1949	1.1475	1.3571	0.1622
210	conventional	60	12.2417	55	2	3	0.7165	0.6907	1.2545	0.5381
211	holistic	60	14.8533	56	4	0	0.9286	0.8716	1.0893	0.1607
211	conventional	60	11.6146	57	2	1	0.2011	0.1874	0.7368	0.5358
212	holistic	60	15.8519	59	1	0	1.2728	1.2486	1.4237	0.1510
212	conventional	60	12.1672	57	3	0	0.8568	0.8026	1.3860	0.5292
213	holistic	60	16.6921	60	0	0	1.0902	1.0902	1.2333	0.1431
213	conventional	60	11.4652	58	0	2	0.9328	0.9328	1.4828	0.5500
214	holistic	60	17.0068	59	0	1	0.7651	0.7651	0.9153	0.1502
214	conventional	60	11.7243	60	0	0	0.5091	0.5091	1.0500	0.5409
215	holistic	60	17.6100	58	2	0	0.8823	0.8532	1.0345	0.1522
215	conventional	60	11.5861	58	1	1	0.7561	0.7445	1.3103	0.5543
216	holistic	60	14.7836	56	1	3	1.0435	1.0260	1.1964	0.1529
216	conventional	60	11.3303	59	0	1	0.0694	0.0694	0.6102	0.5408
217	holistic	60	15.8386	60	0	0	1.3050	1.3050	1.4500	0.1450
217	conventional	60	11.5569	57	2	1	0.8471	0.8248	1.3684	0.5213
218	holistic	60	17.1095	60	0	0	1.5209	1.5209	1.6667	0.1458
218	conventional	60	11.5639	57	2	1	1.2517	1.2031	1.7895	0.5378
219	holistic	60	17.1945	58	1	1	1.0549	1.0370	1.2069	0.1520
219	conventional	60	11.3822	58	1	1	0.4780	0.4699	1.0172	0.5393
220	holistic	60	17.8151	59	1	0	0.8853	0.8705	1.0339	0.1486
220	conventional	60	11.1187	58	1	1	0.5518	0.5389	1.1034	0.5517
221	holistic	60	17.8870	59	0	1	1.7479	1.7479	1.8983	0.1504
221	conventional	60	10.8552	55	3	2	0.9025	0.8273	1.4545	0.5521
222	holistic	60	18.2922	60	0	0	0.6553	0.6553	0.8000	0.1447
222	conventional	60	11.7207	60	0	0	1.1155	1.1156	1.6500	0.5345
223	holistic	60	18.9652	60	0	0	0.9229	0.9229	1.0667	0.1437
223	conventional	60	11.3931	59	1	0	-0.0794	-0.0776	0.4576	0.5370
224	holistic	60	19.9812	59	1	0	1.2872	1.2661	1.4407	0.1535
224	conventional	60	11.7517	59	0	1	1.1609	1.1609	1.7119	0.5510
225	holistic	60	20.0499	59	0	1	0.8376	0.8376	0.9831	0.1454
225	conventional	60	11.8191	57	2	1	0.6694	0.6505	1.2281	0.5587
226	holistic	60	20.8375	60	0	0	1.0376	1.0376	1.1833	0.1457
226	conventional	60	12.0105	58	2	0	0.4705	0.4413	1.0345	0.5640
227	holistic	60	21.3363	60	0	0	0.7488	0.7488	0.9000	0.1512
227	conventional	60	12.2369	59	1	0	0.4808	0.4765	1.0339	0.5531
228	holistic	60	22.1072	60	0	0	1.0209	1.0209	1.1667	0.1458
228	conventional	60	11.8798	57	2	1	0.3017	0.2952	0.8596	0.5579
229	holistic	60	22.2271	59	0	1	1.2395	1.2395	1.3898	0.1503
229	conventional	60	12.2140	57	2	1	1.0694	1.0330	1.6316	0.5622
230	holistic	60	23.2450	60	0	0	1.2679	1.2679	1.4167	0.1488
230	conventional	60	12.4864	59	1	0	0.5270	0.5224	1.1017	0.5747
231	holistic	60	24.3538	59	1	0	1.3785	1.3588	1.5254	0.1469
231	conventional	60	12.7235	58	1	1	1.2107	1.1926	1.7759	0.5652
232	holistic	60	24.1017	58	1	1	1.0441	1.0293	1.1897	0.1455
232	conventional	60	12.9300	57	1	2	0.7811	0.7638	1.3509	0.5698
233	holistic	60	24.7100	59	1	0	0.8714	0.8582	1.0169	0.1456
233	conventional	60	13.4938	58	2	0	0.8468	0.8139	1.4310	0.5843
234	holistic	60	25.2502	60	0	0	0.7903	0.7903	0.9333	0.1431
234	conventional	60	13.8366	58	2	0	0.6238	0.5928	1.1724	0.5487
235	holistic	60	25.6673	60	0	0	0.6671	0.6671	0.8167	0.1496
235	conventional	60	14.0065	58	2	0	0.4393	0.4198	1.0172	0.5779
236	holistic	60	26.4459	58	2	0	1.0624	1.0286	1.2069	0.1445
236	conventional	60	13.9296	55	3	2	0.9945	0.9461	1.5636	0.5692
237	holistic	60	24.3688	56	1	3	0.9296	0.9136	1.0714	0.1419
237	conventional	60	13.4841	57	2	1	0.5805	0.5575	1.1579	0.5774
238	holistic	60	25.0806	60	0	0	0.9618	0.9618	1.1167	0.1549
238	conventional	60	13.5875	59	1	0	0.3578	0.3534	0.9322	0.5744
239	holistic	60	25.6685	59	1	0	0.8509	0.8379	1.0000	0.1491
239	conventional	60	14.1633	60	0	0	0.8258	0.8258	1.4000	0.5742
240	holistic	60	26.0370	60	0	0	0.6185	0.6185	0.7667	0.1481
240	conventional	60	14.4339	58	2	0	0.5396	0.5206	1.1207	0.5811
241	holistic	60	26.4574	60	0	0	0.6704	0.6704	0.8167	0.1463
241	conventional	60	14.6556	59	1	0	0.4818	0.4717	1.0678	0.5860
242	holistic	60	27.2004	58	0	2	1.6068	1.6068	1.7414	0.1346
242	conventional	60	15.2607	60	0	0	0.8551	0.8551	1.4500	0.5949
243	holistic	60	28.2318	59	1	0	1.3030	1.2814	1.4407	0.1377
243	conventional	60	16.0978	59	1	0	1.1063	1.0871	1.6949	0.5886
244	holistic	60	29.4485	60	0	0	1.4667	1.4667	1.6000	0.1333
244	conventional	60	16.0044	58	1	1	0.5943	0.5779	1.1897	0.5953
245	holistic	60	29.7675	58	1	1	1.1862	1.1694	1.3276	0.1414
245	conventional	60	16.7264	59	1	0	1.0012	0.9720	1.5932	0.5920
246	holistic	60	30.5771	60	0	0	1.0597	1.0597	1.2000	0.1403
246	conventional	60	16.6880	58	2	0	0.2342	0.2116	0.8103	0.5762
247	holistic	60	29.7339	58	0	2	0.9323	0.9323	1.0690	0.1366
247	conventional	60	17.0502	59	1	0	0.6352	0.6122	1.2203	0.5851
248	holistic	60	30.3162	60	0	0	0.8323	0.8323	0.9667	0.1344
248	conventional	60	17.1347	59	1	0	0.3467	0.3345	0.9322	0.5855
249	holistic	60	30.3526	58	1	1	0.8843	0.8696	1.0172	0.1329
249	conventional	60	17.0513	58	0	2	0.9057	0.9057	1.4828	0.5770
250	holistic	60	30.0914	56	1	3	1.4370	1.4104	1.5714	0.1344
250	conventional	60	17.2704	59	0	1	1.5926	1.5926	2.1695	0.5769
251	holistic	60	30.7268	59	1	0	0.9004	0.8854	1.0339	0.1335
251	conventional	60	17.0123	58	0	2	0.5686	0.5686	1.1379	0.5693
252	holistic	60	30.9147	59	0	1	1.2472	1.2472	1.3729	0.1257
252	conventional	60	16.8440	59	0	1	0.8945	0.8945	1.4576	0.5632
253	holistic	60	31.3385	58	1	1	0.8631	0.8505	1.0000	0.1369
253	conventional	60	17.3682	58	2	0	0.8017	0.7742	1.3793	0.5776
254	holistic	60	32.1989	58	1	1	1.2442	1.2231	1.3793	0.1351
254	conventional	60	18.0164	58	1	1	1.1129	1.0918	1.6897	0.5768
255	holistic	60	30.8231	58	0	2	0.7978	0.7978	0.9310	0.1332
255	conventional	60	18.2793	59	1	0	0.5203	0.5129	1.1017	0.5814
256	holistic	60	30.2255	58	0	2	1.4087	1.4087	1.5517	0.1430
256	conventional	60	18.5269	58	1	1	1.2581	1.2347	1.8448	0.5867
257	holistic	60	29.1392	58	1	1	1.0195	1.0022	1.1552	0.1357
257	conventional	60	17.9178	57	0	3	0.8682	0.8682	1.4561	0.5880
258	holistic	60	28.2483	56	1	3	0.8819	0.8689	1.0179	0.1359
258	conventional	60	18.1282	60	0	0	0.4604	0.4604	1.0667	0.6063
259	holistic	60	26.9314	58	0	2	0.6579	0.6579	0.7931	0.1353
259	conventional	60	17.0175	57	2	1	0.1784	0.1703	0.7719	0.5935
260	holistic	60	24.5778	55	1	4	1.3629	1.3384	1.4909	0.1280
260	conventional	60	17.3544	57	2	1	0.8158	0.7747	1.4035	0.5877
261	holistic	60	22.6147	56	0	4	1.4298	1.4298	1.5536	0.1237
261	conventional	60	17.7916	58	1	1	1.1185	1.1015	1.7241	0.6056
262	holistic	60	22.1616	58	1	1	1.0740	1.0558	1.1897	0.1157
262	conventional	60	17.5864	58	0	2	1.0001	1.0001	1.6034	0.6034
263	holistic	60	22.6004	60	0	0	0.6889	0.6889	0.8000	0.1112
263	conventional	60	16.9302	56	3	1	0.6328	0.6049	1.2321	0.5994
264	holistic	60	23.0736	58	1	1	1.0413	1.0236	1.1552	0.1139
264	conventional	60	16.3742	55	2	3	1.1165	1.0510	1.7273	0.6108
265	holistic	60	24.2078	57	3	0	1.4564	1.3842	1.5789	0.1225
265	conventional	60	15.9137	58	1	1	0.6150	0.6084	1.2069	0.5919
266	holistic	60	25.1016	58	1	1	1.4686	1.4475	1.5862	0.1176
266	conventional	60	16.0532	54	5	1	0.8471	0.7694	1.4444	0.5973
267	holistic	60	24.7124	58	1	1	0.7091	0.7010	0.8276	0.1184
267	conventional	60	16.3180	59	0	1	1.0337	1.0337	1.6441	0.6103
268	holistic	60	23.0240	56	1	3	1.0203	1.0026	1.1429	0.1225
268	conventional	60	16.3990	60	0	0	0.3310	0.3310	0.9333	0.6023
269	holistic	60	20.6471	57	1	2	0.5241	0.5115	0.6316	0.1075
269	conventional	60	17.1017	59	1	0	0.9773	0.9526	1.5763	0.5990
270	holistic	60	16.8496	54	2	4	0.5804	0.5597	0.7037	0.1233
270	conventional	60	15.7939	55	2	3	0.7249	0.6986	1.3091	0.5842
271	holistic	60	15.7886	58	0	2	0.7597	0.7597	0.8793	0.1196
271	conventional	60	14.9626	57	1	2	0.5411	0.5314	1.1579	0.6168
272	holistic	60	16.3957	58	2	0	0.8865	0.8571	1.0000	0.1135
272	conventional	60	14.5667	55	2	3	1.3922	1.3485	2.0000	0.6078
273	holistic	60	17.1062	59	1	0	0.9753	0.9606	1.0847	0.1094
273	conventional	60	14.0470	55	4	1	0.7091	0.6657	1.3273	0.6182
274	holistic	60	16.8851	57	2	1	0.8822	0.8542	1.0000	0.1178
274	conventional	60	14.5225	59	1	0	0.7357	0.7254	1.3559	0.6202
275	holistic	60	16.2634	58	1	1	0.7078	0.6958	0.8276	0.1198
275	conventional	60	15.1165	58	2	0	0.8734	0.8440	1.4828	0.6094
276	holistic	60	15.3132	57	1	2	1.3074	1.2881	1.4211	0.1137
276	conventional	60	16.4176	60	0	0	1.5512	1.5512	2.1667	0.6155
277	holistic	60	16.1630	60	0	0	1.0998	1.0998	1.2167	0.1169
277	conventional	60	15.5822	57	1	2	0.6965	0.6835	1.3158	0.6193
278	holistic	60	16.5442	60	0	0	0.6312	0.6312	0.7500	0.1188
278	conventional	60	14.6976	58	0	2	0.7089	0.7089	1.3276	0.6187
279	holistic	60	15.4742	57	1	2	0.7075	0.6978	0.8246	0.1171
279	conventional	60	15.3940	59	0	1	1.1734	1.1734	1.7797	0.6063
280	holistic	60	16.3218	57	3	0	1.1552	1.0976	1.2807	0.1255
280	conventional	60	15.2937	59	0	1	0.7829	0.7829	1.4068	0.6238
281	holistic	60	17.4330	59	1	0	1.3831	1.3612	1.5085	0.1254
281	conventional	60	16.5128	59	0	1	1.5291	1.5291	2.1525	0.6235
282	holistic	60	18.1548	60	0	0	0.9718	0.9718	1.1000	0.1282
282	conventional	60	17.1611	60	0	0	0.8983	0.8983	1.5167	0.6184
283	holistic	60	18.9990	59	1	0	1.1125	1.0942	1.2373	0.1248
283	conventional	60	16.8474	59	0	1	0.7030	0.7030	1.3220	0.6190
284	holistic	60	18.8210	57	2	1	1.1945	1.1507	1.3158	0.1213
284	conventional	60	16.8126	59	0	1	1.0333	1.0333	1.6610	0.6277
285	holistic	60	19.6573	58	2	0	1.1219	1.0862	1.2414	0.1195
285	conventional	60	17.8425	58	1	1	1.7588	1.7183	2.3621	0.6033
286	holistic	60	20.2818	60	0	0	0.8746	0.8746	1.0000	0.1254
286	conventional	60	17.7196	59	0	1	0.8873	0.8873	1.5085	0.6211
287	holistic	60	21.1062	59	1	0	1.0924	1.0744	1.2203	0.1279
287	conventional	60	18.3873	60	0	0	0.9178	0.9178	1.5500	0.6322
288	holistic	60	22.2681	58	2	0	1.4595	1.4119	1.5862	0.1267
288	conventional	60	18.6234	59	0	1	0.9500	0.9500	1.5763	0.6263
289	holistic	60	22.8506	59	1	0	0.8437	0.8325	0.9661	0.1224
289	conventional	60	19.3395	59	0	1	1.3244	1.3244	1.9492	0.6248
290	holistic	60	23.3430	60	0	0	0.7424	0.7424	0.8667	0.1242
290	conventional	60	19.4433	58	1	1	0.6344	0.6249	1.2414	0.6070
291	holistic	60	24.1231	58	1	1	1.4731	1.4482	1.6034	0.1303
291	conventional	60	20.5493	60	0	0	1.3560	1.3560	1.9833	0.6274
292	holistic	60	24.8968	58	2	0	1.0590	1.0237	1.1897	0.1307
292	conventional	60	20.0990	58	0	2	1.1227	1.1227	1.7414	0.6187
293	holistic	60	26.1535	60	0	0	1.5067	1.5067	1.6333	0.1266
293	conventional	60	20.8163	60	0	0	0.9674	0.9674	1.6000	0.6326
294	holistic	60	27.4408	60	0	0	1.5372	1.5372	1.6667	0.1294
294	conventional	60	21.4586	59	1	0	0.9047	0.8923	1.5254	0.6207
295	holistic	60	28.5721	60	0	0	1.3813	1.3813	1.5167	0.1354
295	conventional	60	22.2941	58	1	1	1.6495	1.6088	2.2759	0.6264
296	holistic	60	29.8362	58	1	1	1.6471	1.6195	1.7759	0.1288
296	conventional	60	20.4940	57	0	3	0.3705	0.3705	1.0000	0.6295
297	holistic	60	27.2133	57	0	3	0.6553	0.6553	0.7895	0.1342
297	conventional	60	20.1315	59	0	1	0.7290	0.7290	1.3559	0.6269
298	holistic	60	27.9564	60	0	0	0.9932	0.9932	1.1167	0.1235
298	conventional	60	21.0892	58	2	0	1.2423	1.2076	1.8793	0.6370
299	holistic	60	29.2026	60	0	0	1.4961	1.4961	1.6167	0.1206
299	conventional	60	21.8884	60	0	0	1.0493	1.0493	1.6833	0.6340
300	holistic	60	29.7138	60	0	0	0.7612	0.7612	0.8833	0.1221
300	conventional	60	22.4451	59	1	0	0.8270	0.8067	1.4407	0.6137
301	holistic	60	30.4195	56	4	0	1.0247	0.9557	1.1607	0.1361
301	conventional	60	23.3487	60	0	0	1.1536	1.1536	1.7833	0.6298
302	holistic	60	28.8217	58	0	2	0.9134	0.9134	1.0345	0.1211
302	conventional	60	24.2380	60	0	0	1.1393	1.1393	1.7667	0.6274
303	holistic	60	28.0651	59	0	1	1.0300	1.0300	1.1525	0.1225
303	conventional	60	25.1721	60	0	0	1.1841	1.1841	1.8167	0.6326
304	holistic	60	28.9463	60	0	0	1.1312	1.1312	1.2500	0.1188
304	conventional	60	24.9035	59	0	1	0.6735	0.6735	1.3051	0.6316
305	holistic	60	29.9120	57	3	0	1.2795	1.2157	1.4035	0.1240
305	conventional	60	24.6971	59	0	1	0.8207	0.8207	1.4576	0.6369
306	holistic	60	30.5774	58	2	0	0.9448	0.9154	1.0690	0.1242
306	conventional	60	23.7950	59	0	1	0.1603	0.1603	0.7966	0.6363
307	holistic	60	31.5816	60	0	0	1.2541	1.2541	1.3833	0.1292
307	conventional	60	24.1989	58	1	1	1.2066	1.1739	1.8448	0.6382
308	holistic	60	32.0199	59	1	0	0.7000	0.6884	0.8305	0.1305
308	conventional	60	23.1379	59	0	1	0.2292	0.2292	0.8644	0.6352
309	holistic	60	31.6488	59	0	1	0.8682	0.8682	1.0000	0.1318
309	conventional	60	22.4326	57	1	2	0.4827	0.4721	1.1228	0.6401
310	holistic	60	30.0897	58	0	2	0.9159	0.9159	1.0517	0.1358
310	conventional	60	22.4493	60	0	0	0.2667	0.2667	0.9000	0.6333
311	holistic	60	29.5873	59	0	1	0.7934	0.7934	0.9153	0.1219
311	conventional	60	22.7170	59	0	1	1.0123	1.0123	1.6441	0.6318
312	holistic	60	28.9936	59	0	1	1.3348	1.3348	1.4576	0.1228
312	conventional	60	22.4177	59	0	1	0.7808	0.7808	1.4237	0.6429
313	holistic	60	28.5643	58	1	1	0.8925	0.8797	1.0172	0.1247
313	conventional	60	22.9631	59	1	0	0.8060	0.7953	1.4576	0.6517
314	holistic	60	28.0641	58	0	2	1.2838	1.2838	1.4138	0.1300
314	conventional	60	22.2294	58	0	2	1.4255	1.4255	2.0345	0.6090
315	holistic	60	28.1958	59	0	1	0.8605	0.8605	0.9831	0.1226
315	conventional	60	21.5199	58	1	1	0.5906	0.5815	1.2241	0.6335
316	holistic	60	27.9402	57	1	2	1.2638	1.2420	1.3860	0.1221
316	conventional	60	21.6912	59	1	0	0.4293	0.4213	1.0678	0.6385
317	holistic	60	28.0885	59	0	1	0.7466	0.7466	0.8644	0.1178
317	conventional	60	22.0358	58	2	0	0.6189	0.5946	1.2586	0.6397
318	holistic	60	26.1935	56	2	2	0.8721	0.8427	0.9821	0.1100
318	conventional	60	22.6884	59	1	0	0.9149	0.9026	1.5424	0.6275
319	holistic	60	25.7011	58	0	2	0.9644	0.9644	1.0690	0.1046
319	conventional	60	23.2002	58	1	1	0.9718	0.9510	1.6034	0.6316
320	holistic	60	23.1918	55	1	4	0.7825	0.7686	0.8909	0.1084
320	conventional	60	21.9671	57	1	2	1.0767	1.0577	1.7018	0.6250
321	holistic	60	23.1209	56	3	1	1.2940	1.2164	1.4107	0.1167
321	conventional	60	22.6182	59	1	0	0.9161	0.9011	1.5424	0.6263
322	holistic	60	24.0045	57	3	0	1.1949	1.1336	1.3158	0.1208
322	conventional	60	21.3027	58	0	2	0.8036	0.8036	1.4310	0.6274
323	holistic	60	24.7214	59	1	0	0.9831	0.9669	1.1017	0.1186
323	conventional	60	21.9157	59	1	0	0.8903	0.8630	1.5254	0.6351
324	holistic	60	24.9719	57	2	1	1.2117	1.1707	1.3333	0.1216
324	conventional	60	21.3022	56	2	2	1.0349	0.9878	1.6607	0.6258
325	holistic	60	22.7742	57	0	3	0.9376	0.9376	1.0526	0.1150
325	conventional	60	21.3759	59	0	1	1.1174	1.1174	1.7458	0.6283
326	holistic	60	23.0624	60	0	0	0.5382	0.5382	0.6500	0.1118
326	conventional	60	19.2220	54	2	4	0.2772	0.2439	0.8889	0.6117
327	holistic	60	22.9716	57	2	1	0.8884	0.8592	1.0000	0.1116
327	conventional	60	19.6160	58	2	0	0.6921	0.6440	1.3103	0.6183
328	holistic	60	22.2752	57	2	1	0.6390	0.6182	0.7544	0.1154
328	conventional	60	20.0709	59	1	0	0.7207	0.7049	1.3390	0.6183
329	holistic	60	20.3635	56	1	3	0.8465	0.8317	0.9643	0.1177
329	conventional	60	20.8537	59	1	0	1.0547	1.0328	1.6610	0.6063
330	holistic	60	18.8854	55	1	4	1.3535	1.3318	1.4727	0.1193
330	conventional	60	20.7411	57	1	2	1.6081	1.5790	2.2281	0.6200
331	holistic	60	18.1345	59	0	1	0.9590	0.9590	1.0678	0.1088
331	conventional	60	21.1025	59	0	1	1.2471	1.2471	1.8644	0.6173
332	holistic	60	17.8866	57	2	1	0.7527	0.7287	0.8596	0.1069
332	conventional	60	18.8622	56	0	4	0.3930	0.3930	1.0179	0.6249
333	holistic	60	17.4238	57	2	1	0.6549	0.6336	0.7719	0.1170
333	conventional	60	15.9143	55	1	4	0.5591	0.5357	1.1636	0.6046
334	holistic	60	17.4258	55	4	1	0.7560	0.7026	0.8727	0.1168
334	conventional	60	16.1609	59	0	1	1.1805	1.1805	1.7797	0.5991
335	holistic	60	15.8684	57	1	2	1.0607	1.0424	1.1754	0.1148
335	conventional	60	16.6752	59	0	1	1.1078	1.1078	1.7119	0.6040
336	holistic	60	15.6828	59	0	1	1.1381	1.1381	1.2542	0.1162
336	conventional	60	17.2386	60	0	0	0.8134	0.8134	1.4167	0.6032
337	holistic	60	16.4516	59	1	0	1.0359	1.0188	1.1525	0.1167
337	conventional	60	15.0938	57	0	3	0.7103	0.7103	1.3158	0.6055
338	holistic	60	17.2309	59	1	0	1.0462	1.0293	1.1695	0.1233
338	conventional	60	13.6758	58	0	2	0.3376	0.3376	0.9483	0.6106
339	holistic	60	17.0466	56	3	1	0.6408	0.6068	0.7679	0.1271
339	conventional	60	13.0396	58	1	1	0.4287	0.4236	1.0345	0.6058
340	holistic	60	15.8440	57	1	2	0.6099	0.5998	0.7368	0.1270
340	conventional	60	13.1278	59	0	1	0.5614	0.5614	1.1695	0.6081
341	holistic	60	16.1358	60	0	0	0.5418	0.5418	0.6667	0.1249
341	conventional	60	12.7946	57	2	1	0.4625	0.4369	1.0702	0.6076
342	holistic	60	16.6867	59	1	0	0.8118	0.8009	0.9322	0.1204
342	conventional	60	13.4914	60	0	0	0.9468	0.9468	1.5500	0.6032
343	holistic	60	17.3515	59	1	0	0.9297	0.9148	1.0508	0.1212
343	conventional	60	14.6084	59	1	0	1.3961	1.3671	2.0000	0.6039
344	holistic	60	17.8461	56	4	0	0.7978	0.7447	0.9286	0.1308
344	conventional	60	14.7427	58	1	1	0.7749	0.7580	1.3793	0.6044
345	holistic	60	16.3723	57	1	2	1.0303	1.0149	1.1579	0.1276
345	conventional	60	14.7039	58	1	1	0.7941	0.7679	1.3966	0.6025
346	holistic	60	17.1261	60	0	0	1.0038	1.0038	1.1333	0.1295
346	conventional	60	15.5711	60	0	0	1.1172	1.1172	1.7167	0.5995
347	holistic	60	17.7867	59	1	0	0.9246	0.9105	1.0508	0.1263
347	conventional	60	16.2780	58	2	0	0.9966	0.9570	1.5862	0.5896
348	holistic	60	18.4387	59	1	0	0.9164	0.9020	1.0508	0.1344
348	conventional	60	16.5631	58	1	1	0.8288	0.8023	1.4310	0.6022
349	holistic	60	18.1756	57	2	1	0.8901	0.8637	1.0175	0.1274
349	conventional	60	16.1475	59	0	1	0.4872	0.4872	1.0508	0.5637
350	holistic	60	18.8479	60	0	0	0.9223	0.9223	1.0500	0.1277
350	conventional	60	15.8953	59	0	1	0.4343	0.4343	1.0339	0.5996
351	holistic	60	17.1719	58	0	2	0.8871	0.8871	1.0172	0.1301
351	conventional	60	16.7287	60	0	0	1.0834	1.0834	1.6833	0.6000
352	holistic	60	16.5145	58	0	2	0.7851	0.7851	0.9138	0.1286
352	conventional	60	16.7742	59	0	1	0.9047	0.9047	1.4915	0.5868
353	holistic	60	17.2373	59	1	0	0.9892	0.9728	1.1186	0.1294
353	conventional	60	17.4132	59	1	0	0.9168	0.8890	1.5085	0.5917
354	holistic	60	18.0864	60	0	0	1.0991	1.0991	1.2333	0.1343
354	conventional	60	18.3241	60	0	0	1.1609	1.1609	1.7500	0.5891
355	holistic	60	18.7724	59	1	0	0.9539	0.9361	1.0847	0.1309
355	conventional	60	18.5777	59	0	1	0.8415	0.8415	1.4407	0.5992
356	holistic	60	18.1313	59	0	1	0.7889	0.7889	0.9153	0.1264
356	conventional	60	18.1883	58	1	1	0.4851	0.4743	1.0517	0.5666
357	holistic	60	18.5717	60	0	0	0.6904	0.6904	0.8167	0.1263
357	conventional	60	18.1314	59	0	1	0.6383	0.6383	1.2203	0.5820
358	holistic	60	19.1782	60	0	0	0.8565	0.8565	0.9833	0.1268
358	conventional	60	18.1231	58	0	2	1.1121	1.1121	1.7069	0.5948
359	holistic	60	19.7230	60	0	0	0.7948	0.7948	0.9167	0.1218
359	conventional	60	18.3748	57	3	0	0.5350	0.5017	1.1228	0.5878
360	holistic	60	20.4092	59	1	0	0.9520	0.9362	1.0847	0.1327
360	conventional	60	17.9134	57	2	1	0.7677	0.7357	1.3509	0.5832
361	holistic	60	20.7675	59	0	1	0.8387	0.8387	0.9661	0.1274
361	conventional	60	19.0280	58	2	0	1.4135	1.3646	2.0000	0.5865
362	holistic	60	21.6332	59	0	1	1.2282	1.2282	1.3559	0.1278
362	conventional	60	19.5567	58	2	0	0.8012	0.7787	1.3793	0.5781
363	holistic	60	22.5033	60	0	0	1.1202	1.1202	1.2500	0.1298
363	conventional	60	19.6968	58	2	0	0.4151	0.3901	1.0000	0.5849
364	holistic	60	22.9301	60	0	0	0.6768	0.6768	0.8000	0.1232
364	conventional	60	19.5227	57	2	1	0.7511	0.7116	1.3333	0.5822
365	holistic	60	21.7088	58	0	2	0.7664	0.7664	0.8966	0.1302
365	conventional	60	19.9267	58	2	0	0.6924	0.6539	1.2931	0.6007
366	holistic	60	22.0683	57	1	2	0.9610	0.9465	1.0877	0.1267
366	conventional	60	20.0194	59	0	1	1.0440	1.0440	1.6271	0.5831
367	holistic	60	22.5664	60	0	0	0.7480	0.7480	0.8833	0.1353
367	conventional	60	19.1689	58	0	2	0.7108	0.7108	1.2931	0.5823
368	holistic	60	22.7877	58	1	1	1.0217	1.0074	1.1552	0.1334
368	conventional	60	19.4340	58	1	1	0.9667	0.9461	1.5345	0.5678
369	holistic	60	23.4775	59	1	0	0.9558	0.9399	1.0847	0.1290
369	conventional	60	19.2137	57	1	2	0.8029	0.7837	1.3860	0.5831
370	holistic	60	23.4319	59	0	1	1.3759	1.3759	1.5085	0.1325
370	conventional	60	19.9454	60	0	0	0.9818	0.9818	1.5667	0.5849
371	holistic	60	23.6595	59	0	1	0.9373	0.9373	1.0678	0.1305
371	conventional	60	20.5319	59	1	0	0.8489	0.8364	1.4407	0.5917
372	holistic	60	24.1781	59	1	0	0.7821	0.7686	0.9153	0.1331
372	conventional	60	20.3186	59	0	1	0.3889	0.3889	0.9661	0.5772
373	holistic	60	24.3545	58	1	1	1.1147	1.0969	1.2414	0.1267
373	conventional	60	20.8106	59	1	0	0.7673	0.7420	1.3390	0.5716
374	holistic	60	23.5501	58	1	1	0.8336	0.8195	0.9655	0.1319
374	conventional	60	20.4547	58	1	1	0.4560	0.4483	1.0345	0.5785
375	holistic	60	23.6396	59	0	1	1.0571	1.0571	1.1864	0.1293
375	conventional	60	19.3888	57	1	2	0.5705	0.5605	1.1579	0.5874
376	holistic	60	23.0821	56	2	2	0.9227	0.8911	1.0536	0.1309
376	conventional	60	19.7809	60	0	0	0.6421	0.6421	1.2333	0.5912
377	holistic	60	23.9622	60	0	0	1.1301	1.1301	1.2667	0.1366
377	conventional	60	20.6362	57	3	0	1.1640	1.1054	1.7544	0.5904
378	holistic	60	23.2609	57	1	2	1.2144	1.1947	1.3509	0.1364
378	conventional	60	21.7327	60	0	0	1.3464	1.3464	1.9500	0.6036
379	holistic	60	23.9832	59	0	1	1.0126	1.0126	1.1525	0.1399
379	conventional	60	21.7065	57	2	1	0.6698	0.6550	1.2632	0.5933
380	holistic	60	22.8704	57	1	2	0.5333	0.5244	0.6667	0.1334
380	conventional	60	20.6145	58	0	2	0.2809	0.2809	0.8793	0.5984
381	holistic	60	21.7795	56	0	4	1.3129	1.3129	1.4464	0.1335
381	conventional	60	20.3268	57	2	1	0.9506	0.9059	1.5439	0.5933
382	holistic	60	21.6344	57	1	2	1.3244	1.3016	1.4561	0.1317
382	conventional	60	21.3009	59	1	0	1.2483	1.2241	1.8475	0.5991
383	holistic	60	22.2050	58	2	0	0.8486	0.8207	0.9828	0.1342
383	conventional	60	21.8520	58	2	0	0.8304	0.8010	1.4138	0.5834
384	holistic	60	22.1043	59	0	1	0.9452	0.9452	1.0847	0.1395
384	conventional	60	20.9788	57	1	2	0.3779	0.3702	0.9649	0.5870
385	holistic	60	22.1511	58	1	1	0.8297	0.8119	0.9655	0.1358
385	conventional	60	21.4651	59	1	0	0.7509	0.7362	1.3559	0.6051
386	holistic	60	22.7978	59	1	0	0.9094	0.8967	1.0339	0.1245
386	conventional	60	19.8285	55	2	3	0.5933	0.5618	1.1818	0.5885
387	holistic	60	21.4618	55	3	2	0.7217	0.6834	0.8545	0.1329
387	conventional	60	18.7559	56	2	2	0.7874	0.7574	1.3750	0.5876
388	holistic	60	20.7234	58	0	2	1.3179	1.3179	1.4483	0.1304
388	conventional	60	18.8911	57	2	1	0.8076	0.7682	1.3860	0.5783
389	holistic	60	21.2080	59	0	1	0.8902	0.8902	1.0169	0.1268
389	conventional	60	19.0615	58	1	1	0.9644	0.9497	1.5517	0.5873
390	holistic	60	20.3208	56	2	2	1.2081	1.1666	1.3393	0.1312
390	conventional	60	17.5551	57	0	3	0.8370	0.8370	1.4386	0.6016
391	holistic	60	21.0786	59	1	0	1.0249	1.0078	1.1525	0.1277
391	conventional	60	17.2896	59	0	1	0.7976	0.7976	1.3898	0.5922
392	holistic	60	20.2221	58	1	1	0.8363	0.8227	0.9655	0.1292
392	conventional	60	16.1232	56	2	2	0.6111	0.5834	1.2143	0.6032
393	holistic	60	20.2573	58	0	2	1.3813	1.3813	1.5172	0.1359
393	conventional	60	14.3532	53	2	5	1.0050	0.9412	1.6226	0.6176
394	holistic	60	17.8971	56	1	3	1.3539	1.3304	1.4821	0.1282
394	conventional	60	14.7218	55	5	0	0.7165	0.6186	1.3091	0.5926
395	holistic	60	18.8799	59	0	1	1.5127	1.5127	1.6441	0.1314
395	conventional	60	14.7035	57	2	1	0.8847	0.8347	1.4912	0.6065
396	holistic	60	19.1757	59	0	1	1.0729	1.0729	1.2034	0.1305
396	conventional	60	14.7400	58	2	0	0.3005	0.2865	0.8966	0.5961
397	holistic	60	20.0225	60	0	0	1.0969	1.0969	1.2333	0.1364
397	conventional	60	14.8395	57	2	1	1.4238	1.3634	2.0351	0.6113
398	holistic	60	19.7442	58	1	1	0.9846	0.9680	1.1207	0.1361
398	conventional	60	14.9220	57	2	1	0.8602	0.8223	1.4737	0.6135
399	holistic	60	19.7429	59	0	1	1.0252	1.0252	1.1525	0.1274
399	conventional	60	13.3373	56	2	2	0.3654	0.3540	0.9821	0.6167
400	holistic	60	20.3772	60	0	0	0.8843	0.8843	1.0167	0.1323
400	conventional	60	12.9251	56	3	1	0.7335	0.6959	1.3393	0.6058
401	holistic	60	21.2155	60	0	0	1.0883	1.0883	1.2167	0.1284
401	conventional	60	11.8630	57	0	3	1.1241	1.1241	1.7193	0.5952
402	holistic	60	21.1880	58	1	1	0.6906	0.6789	0.8276	0.1370
402	conventional	60	12.5443	58	2	0	0.9649	0.9313	1.5690	0.6041
403	holistic	60	21.7756	60	0	0	0.8376	0.8376	0.9667	0.1291
403	conventional	60	12.9233	59	1	0	0.6367	0.6290	1.2373	0.6006
404	holistic	60	21.7848	58	0	2	1.1124	1.1124	1.2414	0.1289
404	conventional	60	14.2025	58	2	0	1.5849	1.5292	2.1897	0.6048
405	holistic	60	20.8509	58	0	2	0.8726	0.8726	1.0000	0.1274
405	conventional	60	14.0740	58	0	2	1.3052	1.3052	1.8966	0.5914
406	holistic	60	21.6670	59	1	0	1.0835	1.0662	1.2034	0.1199
406	conventional	60	14.1320	57	3	0	0.3258	0.3080	0.9298	0.6040
407	holistic	60	21.8547	59	0	1	1.3540	1.3540	1.4746	0.1206
407	conventional	60	13.8012	57	1	2	1.3845	1.3614	1.9649	0.5804
408	holistic	60	21.7790	58	1	1	1.0318	1.0145	1.1552	0.1234
408	conventional	60	13.6574	58	1	1	0.6017	0.5918	1.2069	0.6052
409	holistic	60	20.5684	56	1	3	1.1620	1.1416	1.2857	0.1238
409	conventional	60	13.9016	59	0	1	0.7642	0.7642	1.3559	0.5917
410	holistic	60	21.5947	60	0	0	1.2764	1.2764	1.4000	0.1236
410	conventional	60	14.4990	59	1	0	0.8587	0.8474	1.4407	0.5820
411	holistic	60	20.9697	57	1	2	1.0891	1.0711	1.2105	0.1214
411	conventional	60	16.2568	60	0	0	2.0078	2.0078	2.6000	0.5922
412	holistic	60	20.8492	58	0	2	1.3311	1.3311	1.4655	0.1344
412	conventional	60	17.0217	60	0	0	1.0149	1.0149	1.6000	0.5851
413	holistic	60	21.4976	59	1	0	0.9131	0.8984	1.0508	0.1378
413	conventional	60	18.1498	60	0	0	1.3781	1.3781	1.9667	0.5886
414	holistic	60	22.3139	59	1	0	1.0826	1.0663	1.2203	0.1377
414	conventional	60	18.6175	60	0	0	0.7178	0.7178	1.3000	0.5822
415	holistic	60	23.5747	60	0	0	1.5107	1.5107	1.6500	0.1393
415	conventional	60	19.6595	60	0	0	1.2919	1.2919	1.8833	0.5914
416	holistic	60	24.3216	60	0	0	0.9970	0.9970	1.1333	0.1363
416	conventional	60	19.5780	59	0	1	0.8073	0.8073	1.4068	0.5995
417	holistic	60	24.8151	60	0	0	0.7434	0.7434	0.8833	0.1399
417	conventional	60	19.9330	60	0	0	0.6050	0.6050	1.2000	0.5950
418	holistic	60	25.4109	60	0	0	0.8459	0.8459	0.9833	0.1375
418	conventional	60	20.8798	59	1	0	1.2236	1.1968	1.8136	0.5899
419	holistic	60	26.2714	60	0	0	1.1104	1.1104	1.2500	0.1396
419	conventional	60	22.0243	60	0	0	1.3945	1.3945	1.9833	0.5888
420	holistic	60	25.9259	59	0	1	0.7570	0.7570	0.8983	0.1413
420	conventional	60	21.5833	58	0	2	0.8383	0.8383	1.4310	0.5927
421	holistic	60	26.5188	60	0	0	0.8429	0.8429	0.9833	0.1404
421	conventional	60	21.0253	57	2	1	0.1169	0.0875	0.7018	0.5849
422	holistic	60	27.0398	58	1	1	1.5297	1.5058	1.6724	0.1427
422	conventional	60	21.7092	59	1	0	0.9625	0.9339	1.5593	0.5969
423	holistic	60	27.7087	60	0	0	0.9189	0.9189	1.0667	0.1478
423	conventional	60	21.8291	59	0	1	0.5482	0.5482	1.1356	0.5874
424	holistic	60	28.8792	60	0	0	1.4205	1.4205	1.5667	0.1462
424	conventional	60	22.7559	60	0	0	1.1767	1.1767	1.7667	0.5899
425	holistic	60	29.8819	60	0	0	1.2526	1.2526	1.4000	0.1474
425	conventional	60	23.1923	59	1	0	0.6996	0.6864	1.2881	0.5885
426	holistic	60	28.1587	58	0	2	1.1004	1.1004	1.2414	0.1410
426	conventional	60	23.1894	58	1	1	0.9471	0.9260	1.5345	0.5873
427	holistic	60	29.3543	60	0	0	1.4456	1.4456	1.5833	0.1378
427	conventional	60	22.5907	59	0	1	0.6039	0.6039	1.1864	0.5825
428	holistic	60	29.3334	58	0	2	1.3592	1.3592	1.5000	0.1408
428	conventional	60	23.1922	60	0	0	0.8514	0.8514	1.4333	0.5819
429	holistic	60	30.2415	60	0	0	1.1581	1.1581	1.3000	0.1419
429	conventional	60	22.7549	58	0	2	1.0278	1.0278	1.6207	0.5929
430	holistic	60	31.5017	60	0	0	1.5102	1.5102	1.6500	0.1398
430	conventional	60	23.5319	60	0	0	1.0270	1.0270	1.6000	0.5730
431	holistic	60	32.0586	59	0	1	1.1811	1.1811	1.3220	0.1409
431	conventional	60	23.1657	59	0	1	0.5408	0.5408	1.1186	0.5779
432	holistic	60	32.6873	59	1	0	0.8936	0.8787	1.0339	0.1403
432	conventional	60	24.1063	60	0	0	1.1906	1.1906	1.7667	0.5760
433	holistic	60	32.7279	59	0	1	1.6933	1.6933	1.8305	0.1372
433	conventional	60	24.6205	58	2	0	0.7874	0.7642	1.3793	0.5919
434	holistic	60	31.6888	58	0	2	1.3491	1.3491	1.4828	0.1337
434	conventional	60	24.5993	59	0	1	1.0402	1.0402	1.6102	0.5700
435	holistic	60	32.6390	60	0	0	1.2002	1.2002	1.3333	0.1331
435	conventional	60	24.0364	57	0	3	0.8757	0.8757	1.4386	0.5629
436	holistic	60	32.3387	58	0	2	1.2104	1.2104	1.3448	0.1344
436	conventional	60	25.1848	59	1	0	1.4221	1.3984	1.9831	0.5609
437	holistic	60	33.1892	60	0	0	1.1006	1.1006	1.2333	0.1328
437	conventional	60	26.1912	60	0	0	1.2564	1.2564	1.8167	0.5602
438	holistic	60	32.0206	57	1	2	1.3059	1.2834	1.4386	0.1327
438	conventional	60	26.8731	60	0	0	0.9319	0.9319	1.5000	0.5681
439	holistic	60	32.9543	59	1	0	1.2041	1.1836	1.3390	0.1349
439	conventional	60	26.4586	57	1	2	1.0707	1.0526	1.6316	0.5609
440	holistic	60	32.4782	58	0	2	1.1758	1.1758	1.3103	0.1346
440	conventional	60	26.3636	59	0	1	1.3598	1.3598	1.9322	0.5724
441	holistic	60	30.9328	57	0	3	1.4635	1.4635	1.5965	0.1330
441	conventional	60	25.9154	59	0	1	0.7129	0.7129	1.2712	0.5583
442	holistic	60	28.2088	57	0	3	0.9645	0.9645	1.1053	0.1408
442	conventional	60	26.6851	58	2	0	1.0514	1.0197	1.6207	0.5693
443	holistic	60	29.0903	58	2	0	1.1685	1.1314	1.3103	0.1418
443	conventional	60	27.2849	59	1	0	0.8648	0.8498	1.4237	0.5589
444	holistic	60	29.4758	58	1	1	1.1489	1.1321	1.2931	0.1442
444	conventional	60	27.5207	59	0	1	0.9985	0.9985	1.5593	0.5608
445	holistic	60	29.1077	57	2	1	1.0117	0.9801	1.1579	0.1462
445	conventional	60	27.5316	59	1	0	0.2671	0.2609	0.8305	0.5634
446	holistic	60	30.1825	60	0	0	1.3247	1.3247	1.4667	0.1419
446	conventional	60	25.3975	56	0	4	0.9621	0.9621	1.5179	0.5557
447	holistic	60	28.3674	57	0	3	1.1049	1.1049	1.2456	0.1407
447	conventional	60	24.5244	59	0	1	0.7303	0.7303	1.2881	0.5578
448	holistic	60	28.8819	58	1	1	1.1501	1.1314	1.2931	0.1430
448	conventional	60	22.5452	55	2	3	0.8603	0.8248	1.4182	0.5579
449	holistic	60	28.9362	59	0	1	1.1148	1.1148	1.2542	0.1394
449	conventional	60	21.6959	56	2	2	0.9151	0.8786	1.4643	0.5491
450	holistic	60	26.6331	57	0	3	1.2852	1.2852	1.4211	0.1358
450	conventional	60	22.7620	60	0	0	1.3161	1.3161	1.8833	0.5672
451	holistic	60	26.9498	58	1	1	1.3045	1.2824	1.4483	0.1438
451	conventional	60	24.2515	59	1	0	1.7690	1.7395	2.3390	0.5700
452	holistic	60	27.2111	58	0	2	1.2349	1.2349	1.3793	0.1444
452	conventional	60	23.1501	58	0	2	0.6886	0.6886	1.2414	0.5528
453	holistic	60	25.8319	58	0	2	1.1154	1.1154	1.2586	0.1432
453	conventional	60	21.9304	56	1	3	1.3580	1.3210	1.9286	0.5705
454	holistic	60	22.9655	57	0	3	0.7154	0.7154	0.8596	0.1442
454	conventional	60	20.8479	57	1	2	0.5719	0.5652	1.1404	0.5685
455	holistic	60	23.4408	58	1	1	1.2200	1.1998	1.3621	0.1420
455	conventional	60	19.0026	57	1	2	0.6950	0.6863	1.2456	0.5506
456	holistic	60	23.7623	57	2	1	1.2359	1.1927	1.3860	0.1501
456	conventional	60	19.5616	57	3	0	0.8662	0.8091	1.3860	0.5197
457	holistic	60	25.0545	60	0	0	1.5422	1.5422	1.6833	0.1411
457	conventional	60	19.5575	58	1	1	1.1410	1.1222	1.6897	0.5487
458	holistic	60	25.1613	59	0	1	1.0400	1.0400	1.1864	0.1464
458	conventional	60	18.3850	57	1	2	0.5345	0.5253	1.0702	0.5357
459	holistic	60	24.0861	59	0	1	1.0929	1.0929	1.2373	0.1444
459	conventional	60	16.3847	54	3	3	0.5849	0.5408	1.1111	0.5262
460	holistic	60	24.7514	58	2	0	0.9460	0.9152	1.0862	0.1402
460	conventional	60	14.3460	55	2	3	0.7198	0.6719	1.2727	0.5529
461	holistic	60	25.3399	60	0	0	0.8385	0.8385	0.9833	0.1448
461	conventional	60	13.6010	56	2	2	0.4886	0.4520	1.0357	0.5471
462	holistic	60	25.1635	58	1	1	1.4364	1.4123	1.5862	0.1498
462	conventional	60	13.9726	59	1	0	0.6448	0.6216	1.1864	0.5416
463	holistic	60	25.8426	59	1	0	0.9447	0.9291	1.0847	0.1400
463	conventional	60	13.3406	58	1	1	0.5061	0.4941	1.0517	0.5456
464	holistic	60	25.8769	58	1	1	1.2690	1.2487	1.4138	0.1448
464	conventional	60	13.5641	58	1	1	0.9803	0.9612	1.5345	0.5542
465	holistic	60	25.8297	59	0	1	0.9047	0.9047	1.0508	0.1461
465	conventional	60	12.6136	57	2	1	0.0457	0.0325	0.5965	0.5508
466	holistic	60	26.6009	58	2	0	1.0543	1.0211	1.2069	0.1526
466	conventional	60	12.4926	56	2	2	1.2616	1.2211	1.8214	0.5598
467	holistic	60	27.2247	60	0	0	0.8739	0.8739	1.0167	0.1428
467	conventional	60	12.1542	58	0	2	0.8657	0.8657	1.4310	0.5653
468	holistic	60	26.0886	57	1	2	0.9049	0.8900	1.0526	0.1477
468	conventional	60	12.2333	55	4	1	0.5088	0.4694	1.0727	0.5639
469	holistic	60	23.7682	57	0	3	1.2259	1.2259	1.3860	0.1600
469	conventional	60	12.1520	59	0	1	0.8973	0.8973	1.4746	0.5773
470	holistic	60	24.7241	58	2	0	1.2420	1.2059	1.3966	0.1546
470	conventional	60	12.7443	60	0	0	0.8423	0.8423	1.4000	0.5577
471	holistic	60	22.5542	56	1	3	1.0248	1.0051	1.1786	0.1538
471	conventional	60	13.4329	59	1	0	0.9572	0.9386	1.5254	0.5682
472	holistic	60	21.9022	58	0	2	1.4401	1.4401	1.5862	0.1461
472	conventional	60	14.1079	60	0	0	0.9250	0.9250	1.5000	0.5750
473	holistic	60	21.9308	58	1	1	0.9621	0.9465	1.1034	0.1413
473	conventional	60	14.7406	60	0	0	0.8826	0.8826	1.4500	0.5674
474	holistic	60	21.9741	59	0	1	1.2580	1.2580	1.3898	0.1319
474	conventional	60	14.9558	59	1	0	0.4801	0.4653	1.0339	0.5538
475	holistic	60	22.8543	60	0	0	1.1302	1.1302	1.2667	0.1364
475	conventional	60	16.2091	60	0	0	1.5033	1.5033	2.0667	0.5634
476	holistic	60	24.3181	58	2	0	1.7725	1.7138	1.9138	0.1413
476	conventional	60	15.9737	59	0	1	0.6655	0.6655	1.2373	0.5718
477	holistic	60	25.1474	58	2	0	1.1176	1.0792	1.2586	0.1410
477	conventional	60	16.5230	60	0	0	0.7993	0.7993	1.3667	0.5674
478	holistic	60	26.2232	60	0	0	1.3259	1.3259	1.4667	0.1408
478	conventional	60	17.2971	57	2	1	1.4032	1.3427	1.9649	0.5618
479	holistic	60	26.8444	60	0	0	0.8712	0.8712	1.0167	0.1455
479	conventional	60	17.9266	59	1	0	0.9033	0.8795	1.4576	0.5543
480	holistic	60	26.2394	59	0	1	1.1258	1.1258	1.2712	0.1454
480	conventional	60	18.4406	59	1	0	0.7771	0.7640	1.3390	0.5619
481	holistic	60	27.2257	60	0	0	1.2363	1.2363	1.3833	0.1471
481	conventional	60	18.9746	60	0	0	0.7840	0.7840	1.3500	0.5660
482	holistic	60	25.9683	57	1	2	1.2008	1.1804	1.3509	0.1501
482	conventional	60	18.8100	58	1	1	0.4788	0.4661	1.0345	0.5557
483	holistic	60	26.7380	60	0	0	1.0198	1.0198	1.1667	0.1469
483	conventional	60	18.4804	59	0	1	0.4734	0.4734	1.0339	0.5605
484	holistic	60	27.4611	60	0	0	0.9731	0.9731	1.1167	0.1436
484	conventional	60	18.8009	60	0	0	0.5705	0.5705	1.1333	0.5629
485	holistic	60	28.5214	58	2	0	1.3512	1.3103	1.5000	0.1488
485	conventional	60	18.4563	58	1	1	0.9609	0.9463	1.5172	0.5564
486	holistic	60	28.1187	58	0	2	1.2119	1.2119	1.3621	0.1501
486	conventional	60	17.7555	58	0	2	0.8252	0.8252	1.3793	0.5542
487	holistic	60	28.7306	60	0	0	0.8619	0.8619	1.0167	0.1548
487	conventional	60	17.2546	58	1	1	0.5981	0.5879	1.1724	0.5744
488	holistic	60	28.5080	58	1	1	0.6374	0.6282	0.7931	0.1557
488	conventional	60	17.5179	57	3	0	0.5532	0.5133	1.1053	0.5520
489	holistic	60	29.0745	60	0	0	0.8166	0.8166	0.9667	0.1501
489	conventional	60	17.4928	57	2	1	0.7102	0.6823	1.2807	0.5705
490	holistic	60	29.6206	60	0	0	0.7960	0.7960	0.9500	0.1540
490	conventional	60	18.1205	60	0	0	0.8777	0.8777	1.4500	0.5723
491	holistic	60	29.9836	58	1	1	1.1095	1.0918	1.2586	0.1491
491	conventional	60	18.8172	58	2	0	0.9764	0.9468	1.5517	0.5753
492	holistic	60	29.3041	58	1	1	1.0137	0.9965	1.1724	0.1587
492	conventional	60	19.9195	60	0	0	1.3523	1.3523	1.9000	0.5477
493	holistic	60	29.1831	59	0	1	1.2509	1.2509	1.4068	0.1559
493	conventional	60	20.3550	58	2	0	0.7207	0.6855	1.2931	0.5724
494	holistic	60	29.4635	58	1	1	1.3193	1.2968	1.4828	0.1635
494	conventional	60	19.8848	59	0	1	0.9355	0.9355	1.5085	0.5730
495	holistic	60	30.1694	60	0	0	0.9559	0.9559	1.1167	0.1607
495	conventional	60	17.7636	57	0	3	0.7636	0.7636	1.3333	0.5697
496	holistic	60	29.2424	59	0	1	0.6899	0.6899	0.8475	0.1576
496	conventional	60	18.6539	60	0	0	1.1403	1.1403	1.7000	0.5597
497	holistic	60	30.2006	60	0	0	1.2082	1.2082	1.3667	0.1585
497	conventional	60	19.4300	60	0	0	1.0261	1.0261	1.6000	0.5739
498	holistic	60	27.3904	56	1	3	0.6104	0.6027	0.7679	0.1574
498	conventional	60	19.0186	58	2	0	-0.1511	-0.1613	0.4138	0.5649
499	holistic	60	28.2060	60	0	0	1.0656	1.0656	1.2167	0.1511
499	conventional	60	18.7061	58	1	1	0.6320	0.6237	1.1897	0.5576
500	holistic	60	28.2332	58	1	1	1.1484	1.1239	1.2931	0.1447
500	conventional	60	18.8001	59	0	1	0.8505	0.8505	1.4068	0.5563
501	holistic	60	28.6736	59	0	1	0.9927	0.9927	1.1356	0.1429
501	conventional	60	18.2142	58	1	1	0.8394	0.8285	1.3966	0.5571
502	holistic	60	28.2244	57	1	2	1.2586	1.2369	1.4035	0.1449
502	conventional	60	18.4849	59	0	1	0.9510	0.9510	1.5085	0.5575
503	holistic	60	27.3393	58	0	2	1.0928	1.0928	1.2414	0.1485
503	conventional	60	19.0134	58	1	1	1.3293	1.2946	1.8966	0.5672
504	holistic	60	27.1122	59	0	1	1.1421	1.1421	1.2881	0.1460
504	conventional	60	19.4799	59	0	1	1.2782	1.2782	1.8305	0.5523
505	holistic	60	25.5344	58	0	2	1.1155	1.1155	1.2586	0.1432
505	conventional	60	20.2558	60	0	0	1.0258	1.0258	1.5833	0.5575
506	holistic	60	26.3121	60	0	0	1.0276	1.0276	1.1667	0.1391
506	conventional	60	19.8872	58	1	1	0.5156	0.5005	1.0862	0.5706
507	holistic	60	24.8163	58	0	2	0.7570	0.7570	0.8966	0.1396
507	conventional	60	20.2151	58	1	1	0.9110	0.8829	1.4655	0.5545
508	holistic	60	23.4786	57	1	2	1.2319	1.2140	1.3684	0.1365
508	conventional	60	18.5320	56	0	4	0.5891	0.5891	1.1429	0.5538
509	holistic	60	23.7828	57	2	1	1.0473	1.0096	1.1930	0.1457
509	conventional	60	17.6346	57	0	3	1.1039	1.1039	1.6491	0.5452
510	holistic	60	22.0716	57	0	3	1.1205	1.1205	1.2632	0.1427
510	conventional	60	18.4002	60	0	0	1.0156	1.0156	1.5667	0.5511
511	holistic	60	21.8079	58	0	2	0.7795	0.7795	0.9138	0.1342
511	conventional	60	17.9667	57	2	1	0.4332	0.4097	0.9825	0.5493
512	holistic	60	22.2884	59	1	0	0.7427	0.7304	0.8814	0.1387
512	conventional	60	17.9712	59	1	0	0.2618	0.2545	0.7966	0.5348
513	holistic	60	22.0844	59	0	1	1.0315	1.0315	1.1695	0.1380
513	conventional	60	18.1168	55	3	2	0.7843	0.7431	1.3091	0.5247
514	holistic	60	20.1379	56	1	3	0.7408	0.7284	0.8750	0.1342
514	conventional	60	18.3678	60	0	0	0.5010	0.5010	1.0333	0.5324
515	holistic	60	18.8825	57	1	2	1.2022	1.1814	1.3333	0.1312
515	conventional	60	17.4690	54	4	2	0.8026	0.7255	1.3333	0.5308
516	holistic	60	19.4243	59	0	1	1.6306	1.6306	1.7627	0.1321
516	conventional	60	18.2375	57	1	2	1.8804	1.8523	2.4211	0.5406
517	holistic	60	20.0868	60	0	0	0.9124	0.9124	1.0500	0.1376
517	conventional	60	19.5486	59	1	0	1.5876	1.5611	2.1186	0.5310
518	holistic	60	20.9371	60	0	0	1.1004	1.1004	1.2333	0.1329
518	conventional	60	20.2549	59	1	0	0.9725	0.9563	1.5085	0.5360
519	holistic	60	21.3012	59	1	0	0.6241	0.6140	0.7627	0.1386
519	conventional	60	17.3693	56	0	4	0.4877	0.4877	1.0179	0.5302
520	holistic	60	20.7804	57	1	2	0.9306	0.9147	1.0702	0.1396
520	conventional	60	16.1488	57	1	2	0.3020	0.2991	0.8246	0.5225
521	holistic	60	22.1462	60	0	0	1.6158	1.6158	1.7500	0.1342
521	conventional	60	15.9215	58	1	1	0.8078	0.7912	1.3103	0.5026
522	holistic	60	22.7957	60	0	0	0.8994	0.8994	1.0333	0.1339
522	conventional	60	16.5217	59	1	0	0.8618	0.8502	1.3729	0.5111
523	holistic	60	23.2469	59	1	0	0.7127	0.7012	0.8475	0.1348
523	conventional	60	15.7815	57	2	1	0.0295	0.0292	0.5439	0.5144
524	holistic	60	23.3660	57	2	1	1.2536	1.2145	1.4035	0.1499
524	conventional	60	14.5521	58	0	2	0.9384	0.9384	1.4483	0.5099
525	holistic	60	23.8239	58	1	1	1.0910	1.0731	1.2414	0.1504
525	conventional	60	14.6618	57	2	1	0.4364	0.4227	0.9649	0.5285
526	holistic	60	24.9164	60	0	0	1.3426	1.3426	1.4833	0.1408
526	conventional	60	14.9192	58	1	1	1.0991	1.0818	1.6379	0.5388
527	holistic	60	25.4394	60	0	0	0.7729	0.7729	0.9167	0.1438
527	conventional	60	14.7133	55	3	2	0.8743	0.8341	1.4000	0.5257
528	holistic	60	22.4403	55	2	3	0.7440	0.7216	0.8909	0.1469
528	conventional	60	11.9872	53	3	4	0.3925	0.3569	0.9057	0.5131
529	holistic	60	22.2819	56	2	2	1.1454	1.1061	1.2857	0.1403
529	conventional	60	12.4976	59	1	0	0.7733	0.7604	1.2881	0.5148
530	holistic	60	20.9364	58	0	2	0.5462	0.5462	0.6897	0.1435
530	conventional	60	12.7159	59	1	0	0.4742	0.4683	1.0000	0.5258
531	holistic	60	18.5223	56	1	3	0.9143	0.8941	1.0536	0.1392
531	conventional	60	11.7011	58	1	1	0.2897	0.2771	0.8103	0.5206
532	holistic	60	19.4224	59	1	0	1.1693	1.1501	1.3051	0.1358
532	conventional	60	12.2944	58	2	0	0.8662	0.8432	1.3966	0.5303
533	holistic	60	19.3193	59	0	1	1.3344	1.3344	1.4746	0.1402
533	conventional	60	13.4260	59	1	0	1.4064	1.3816	1.9322	0.5258
534	holistic	60	20.2790	60	0	0	1.2097	1.2097	1.3500	0.1403
534	conventional	60	14.5105	60	0	0	1.3345	1.3345	1.8667	0.5322
535	holistic	60	20.9425	59	1	0	0.9289	0.9135	1.0678	0.1389
535	conventional	60	15.4748	60	0	0	1.2143	1.2143	1.7500	0.5357
536	holistic	60	20.2432	57	1	2	1.2474	1.2266	1.3860	0.1386
536	conventional	60	15.7776	59	0	1	0.8197	0.8197	1.3390	0.5193
537	holistic	60	19.8870	57	2	1	1.1558	1.1203	1.2982	0.1424
537	conventional	60	16.2674	60	0	0	0.7398	0.7398	1.2667	0.5269
538	holistic	60	20.5745	60	0	0	0.9375	0.9375	1.0833	0.1458
538	conventional	60	16.0650	59	0	1	0.5462	0.5462	1.0678	0.5216
539	holistic	60	21.3311	60	0	0	1.0066	1.0066	1.1500	0.1434
539	conventional	60	15.9994	59	0	1	0.5130	0.5130	1.0339	0.5209
540	holistic	60	21.8030	57	2	1	1.2081	1.1686	1.3509	0.1427
540	conventional	60	16.4491	59	0	1	0.8719	0.8719	1.3898	0.5179
541	holistic	60	22.5105	60	0	0	0.9574	0.9574	1.1000	0.1426
541	conventional	60	17.0159	60	0	0	0.8167	0.8167	1.3500	0.5333
542	holistic	60	21.9211	58	0	2	1.2051	1.2051	1.3448	0.1398
542	conventional	60	16.0061	56	2	2	0.1389	0.1155	0.6607	0.5218
543	holistic	60	22.4309	60	0	0	0.7598	0.7598	0.9000	0.1402
543	conventional	60	16.3622	60	0	0	0.6061	0.6061	1.1333	0.5272
544	holistic	60	23.3388	59	1	0	1.1775	1.1579	1.3220	0.1445
544	conventional	60	17.3126	60	0	0	1.2004	1.2004	1.7167	0.5162
545	holistic	60	23.8495	59	0	1	1.0167	1.0167	1.1525	0.1358
545	conventional	60	16.8854	59	0	1	0.6189	0.6189	1.1525	0.5336
546	holistic	60	22.5225	58	0	2	0.7100	0.7100	0.8448	0.1348
546	conventional	60	17.4950	58	2	0	0.8958	0.8596	1.4138	0.5180
547	holistic	60	23.2470	60	0	0	0.9745	0.9745	1.1167	0.1422
547	conventional	60	18.1289	59	0	1	1.2573	1.2573	1.7797	0.5223
548	holistic	60	24.4865	59	1	0	1.5148	1.4896	1.6610	0.1462
548	conventional	60	18.3273	59	0	1	1.3867	1.3867	1.9153	0.5285
549	holistic	60	25.4288	60	0	0	1.1923	1.1923	1.3333	0.1411
549	conventional	60	18.8198	58	1	1	1.0274	1.0043	1.5517	0.5243
550	holistic	60	26.0543	60	0	0	0.8755	0.8755	1.0167	0.1412
550	conventional	60	19.0382	59	1	0	0.4804	0.4685	1.0000	0.5196
551	holistic	60	27.0338	60	0	0	1.2295	1.2295	1.3667	0.1372
551	conventional	60	19.2759	59	0	1	0.8489	0.8489	1.3729	0.5240
552	holistic	60	27.0550	58	0	2	1.2565	1.2565	1.3966	0.1400
552	conventional	60	20.1645	59	1	0	1.1556	1.1386	1.6780	0.5224
553	holistic	60	28.5473	60	0	0	1.7423	1.7423	1.8833	0.1410
553	conventional	60	19.2830	57	1	2	1.4019	1.3801	1.9123	0.5104
554	holistic	60	28.0075	58	0	2	1.2897	1.2897	1.4310	0.1414
554	conventional	60	19.0822	59	0	1	0.5434	0.5434	1.0678	0.5244
555	holistic	60	28.6345	60	0	0	0.8770	0.8770	1.0167	0.1396
555	conventional	60	18.6280	58	0	2	1.2404	1.2404	1.7759	0.5355
556	holistic	60	29.9161	60	0	0	1.5316	1.5316	1.6667	0.1351
556	conventional	60	19.5551	60	0	0	1.1771	1.1771	1.7000	0.5229
557	holistic	60	30.4262	60	0	0	0.7601	0.7601	0.9000	0.1399
557	conventional	60	19.7777	59	1	0	0.4806	0.4727	1.0000	0.5194
558	holistic	60	28.6667	57	0	3	1.0312	1.0312	1.1754	0.1442
558	conventional	60	18.8351	58	0	2	0.9659	0.9659	1.5000	0.5341
559	holistic	60	29.5282	60	0	0	1.1115	1.1115	1.2500	0.1385
559	conventional	60	19.2929	59	0	1	1.1737	1.1737	1.7119	0.5381
560	holistic	60	29.1822	59	0	1	0.8207	0.8207	0.9661	0.1454
560	conventional	60	18.8933	58	1	1	0.2279	0.2278	0.7586	0.5307
561	holistic	60	29.9829	59	0	1	1.4981	1.4981	1.6441	0.1459
561	conventional	60	19.6889	59	1	0	1.0638	1.0455	1.5932	0.5295
562	holistic	60	28.1976	56	1	3	0.6609	0.6497	0.8036	0.1427
562	conventional	60	19.3684	58	1	1	0.1867	0.1869	0.7069	0.5202
563	holistic	60	28.3612	58	0	2	1.1353	1.1353	1.2759	0.1406
563	conventional	60	20.0692	60	0	0	0.9508	0.9508	1.4833	0.5325
564	holistic	60	28.7669	60	0	0	0.6557	0.6557	0.8000	0.1443
564	conventional	60	20.3445	59	1	0	0.5350	0.5253	1.0678	0.5328
565	holistic	60	29.5565	60	0	0	1.0396	1.0396	1.1833	0.1437
565	conventional	60	20.9219	59	1	0	0.8395	0.8274	1.3729	0.5333
566	holistic	60	29.9355	58	2	0	0.6495	0.6290	0.7931	0.1436
566	conventional	60	20.7560	59	0	1	0.4840	0.4840	1.0169	0.5329
567	holistic	60	28.8666	58	0	2	1.2840	1.2840	1.4310	0.1471
567	conventional	60	20.8181	58	0	2	1.0028	1.0028	1.5517	0.5489
568	holistic	60	29.4026	59	0	1	0.9839	0.9839	1.1356	0.1517
568	conventional	60	20.1826	58	0	2	0.8290	0.8290	1.3793	0.5503
569	holistic	60	27.6618	57	0	3	0.6235	0.6235	0.7719	0.1484
569	conventional	60	19.5595	58	1	1	0.2795	0.2620	0.8276	0.5481
570	holistic	60	27.4790	57	2	1	0.9820	0.9493	1.1404	0.1583
570	conventional	60	20.1239	58	2	0	0.8440	0.8144	1.3793	0.5353
571	holistic	60	27.1920	58	1	1	1.4873	1.4624	1.6552	0.1679
571	conventional	60	20.7550	57	2	1	1.0334	0.9958	1.5789	0.5456
572	holistic	60	27.0374	58	1	1	1.1520	1.1328	1.3103	0.1583
572	conventional	60	20.2345	57	2	1	0.7987	0.7542	1.3509	0.5522
573	holistic	60	26.8705	59	0	1	0.7560	0.7560	0.9153	0.1593
573	conventional	60	18.7117	56	1	3	0.3407	0.3372	0.9107	0.5700
574	holistic	60	24.5828	55	2	3	1.1725	1.1351	1.3273	0.1547
574	conventional	60	19.6072	60	0	0	1.1455	1.1455	1.7000	0.5545
575	holistic	60	23.0731	57	1	2	1.2916	1.2693	1.4386	0.1470
575	conventional	60	18.4775	57	0	3	1.0125	1.0125	1.5439	0.5314
576	holistic	60	23.8123	59	1	0	1.0052	0.9892	1.1525	0.1474
576	conventional	60	17.9518	57	1	2	0.4708	0.4645	1.0351	0.5643
577	holistic	60	24.8451	59	1	0	1.3051	1.2828	1.4576	0.1525
577	conventional	60	17.2483	57	2	1	0.4256	0.4076	0.9825	0.5568
578	holistic	60	25.7338	59	1	0	1.1580	1.1387	1.3051	0.1471
578	conventional	60	17.4467	59	1	0	0.4583	0.4484	1.0169	0.5586
579	holistic	60	26.6200	59	1	0	1.1525	1.1363	1.3051	0.1526
579	conventional	60	16.9914	58	1	1	0.5059	0.4908	1.0690	0.5631
580	holistic	60	25.8651	57	1	2	1.2315	1.2103	1.3860	0.1545
580	conventional	60	15.7305	56	1	3	0.4895	0.4747	1.0714	0.5820
581	holistic	60	26.6451	60	0	0	1.0300	1.0300	1.1833	0.1533
581	conventional	60	16.0797	60	0	0	0.5992	0.5992	1.1833	0.5841
582	holistic	60	27.4589	60	0	0	1.0638	1.0638	1.2167	0.1528
582	conventional	60	15.5668	58	1	1	0.5185	0.5106	1.1034	0.5849
583	holistic	60	27.0009	56	3	1	0.7208	0.6916	0.8750	0.1542
583	conventional	60	15.2227	58	1	1	0.3963	0.3896	0.9655	0.5692
584	holistic	60	24.1665	57	0	3	1.3803	1.3803	1.5263	0.1460
584	conventional	60	16.3722	59	1	0	1.4196	1.3995	1.9831	0.5634
585	holistic	60	24.7159	60	0	0	0.7994	0.7994	0.9500	0.1506
585	conventional	60	15.6303	57	2	1	0.4100	0.3862	0.9825	0.5724
586	holistic	60	25.9375	59	1	0	1.4982	1.4716	1.6441	0.1458
586	conventional	60	16.1194	58	1	1	1.0819	1.0610	1.6379	0.5560
587	holistic	60	26.6476	59	1	0	0.9755	0.9601	1.1186	0.1431
587	conventional	60	14.6641	57	0	3	0.5356	0.5356	1.1053	0.5697
588	holistic	60	24.1731	56	0	4	1.2925	1.2925	1.4464	0.1539
588	conventional	60	12.6939	53	3	4	0.6198	0.5891	1.1887	0.5688
589	holistic	60	22.9701	56	1	3	1.5600	1.5359	1.7143	0.1543
589	conventional	60	13.2162	58	2	0	0.7991	0.7724	1.3621	0.5629
590	holistic	60	21.3823	58	0	2	0.9630	0.9630	1.1207	0.1577
590	conventional	60	13.4311	59	1	0	0.4754	0.4649	1.0508	0.5755
591	holistic	60	19.2978	57	0	3	1.3205	1.3205	1.4737	0.1532
591	conventional	60	12.7546	53	5	2	1.2224	1.1101	1.7925	0.5700
592	holistic	60	19.9773	58	2	0	0.9616	0.9296	1.1207	0.1591
592	conventional	60	12.1098	57	1	2	0.5503	0.5279	1.1053	0.5550
593	holistic	60	20.8092	59	1	0	1.0983	1.0819	1.2542	0.1559
593	conventional	60	12.3508	58	2	0	0.5099	0.4910	1.0690	0.5591
594	holistic	60	21.4745	58	2	0	0.9431	0.9152	1.1034	0.1604
594	conventional	60	13.3125	59	1	0	1.2294	1.2117	1.7966	0.5673
595	holistic	60	21.4648	58	1	1	0.9069	0.8920	1.0690	0.1620
595	conventional	60	13.1348	59	1	0	0.0742	0.0724	0.6271	0.5529
596	holistic	60	21.0517	58	0	2	1.0949	1.0949	1.2586	0.1637
596	conventional	60	13.7242	58	1	1	1.1742	1.1514	1.7414	0.5672
597	holistic	60	20.9984	59	0	1	0.8864	0.8864	1.0508	0.1644
597	conventional	60	14.1344	58	2	0	0.6944	0.6602	1.2586	0.5642
598	holistic	60	21.8199	60	0	0	1.0715	1.0715	1.2333	0.1618
598	conventional	60	14.2709	59	0	1	1.0362	1.0362	1.5932	0.5570
599	holistic	60	22.4943	59	1	0	0.9395	0.9244	1.1017	0.1622
599	conventional	60	14.5567	58	1	1	1.0339	1.0177	1.5862	0.5523
