generation	terrain_seed	start_seed	h_best	h_mean	h_best_distance	h_best_parts	h_best_mass	c_best	c_mean	c_best_distance	c_best_parts	c_best_mass	champ_holistic_mean	champ_holistic_wins	champ_conventional_wins	champ_bouts
0	1674391996		0.554556	0.486871	1.608308	2	15.340000	0.962277	0.542315	0.604560	5	15.337000	0.546668	33	17	50
1	754156627		0.589394	0.419463	1.369945	2	15.340000	0.865769	0.257746	0.723139	5	15.337000				
2	137023252		0.494474	0.423642	1.448326	2	15.340000	0.622529	0.296799	0.876297	5	15.337000				
3	589516909		0.508383	0.428725	1.369945	2	15.340000	0.748320	0.471887	1.215097	5	15.337000				
4	1487372689		0.523433	0.461029	1.416663	2	15.340000	0.929916	0.466421	2.483061	5	15.337000				
5	1476687338		0.522711	0.427014	1.293561	2	15.340000	0.860347	0.569867	2.119258	5	15.337000	0.490682	23	27	50
6	247094358		0.586927	0.410843	1.304535	2	15.340000	0.862718	0.565575	0.323426	5	15.337000				
7	1478814700		0.525575	0.417227	1.167670	2	15.340000	0.891298	0.308214	0.261596	5	15.337000				
8	1147709660		0.535045	0.389092	1.014708	2	15.340000	0.607251	0.297060	0.295687	5	15.337000				
9	2052488688		0.524380	0.352990	1.014708	2	15.340000	0.750037	0.530744	0.457932	5	15.337000				
10	1173921586		0.525617	0.355966	1.014708	2	15.340000	0.789589	0.562082	0.420614	5	15.337000	0.379851	9	41	50
11	1570760811		0.502128	0.363631	1.014708	2	15.340000	0.921074	0.403994	1.601338	5	15.337000				
12	301066804		0.477721	0.371527	1.394974	2	15.340000	0.922707	0.356957	0.046543	5	15.337000				
13	1587736913		0.572277	0.461111	1.223400	2	15.340000	0.852409	0.565460	0.187448	5	15.337000				
14	1589123717		0.596503	0.422765	1.152813	2	15.340000	0.747270	0.428310	0.537145	5	15.337000				
15	260397214		0.573194	0.415487	1.152813	2	15.340000	0.544766	0.352363	0.754899	5	15.337000	0.425433	21	29	50
16	1040867336		0.583959	0.418619	1.117526	2	15.340000	0.870392	0.441028	0.302057	5	15.337000				
17	124748082		0.588449	0.399688	1.117526	2	15.340000	0.965455	0.405346	0.026978	5	15.337000				
18	100501075		0.552094	0.398289	0.906633	2	15.340000	0.673706	0.478867	0.431417	5	15.337000				
19	754912847		0.573071	0.418819	1.283788	2	15.340000	0.772064	0.491085	0.245591	5	15.337000				
20	1588644059		0.502700	0.424307	1.283788	2	15.340000	0.945124	0.401362	0.030707	5	15.337000	0.184588	1	49	50
21	754235027		0.584363	0.445557	0.938953	2	15.340000	0.742785	0.471923	0.388425	5	15.337000				
22	471137281		0.562249	0.370398	0.933156	2	15.340000	0.752203	0.456164	0.111013	5	15.337000				
23	1233867881		0.621642	0.412432	0.933156	2	15.340000	0.933840	0.383398	0.038781	5	15.337000				
24	1427563659		0.658345	0.359638	0.484270	2	15.340000	0.726377	0.389744	0.248781	5	15.337000				
25	708342378		0.559441	0.292895	1.352800	2	15.340000	0.833470	0.495924	0.073953	5	15.337000	0.426063	12	38	50
26	417107120		0.534531	0.440771	1.240513	2	15.340000	1.000000	0.522343	0.912241	5	15.337000				
27	1046844605		0.540661	0.465700	1.439038	2	15.340000	0.893078	0.403674	0.147835	5	15.337000				
28	1462164354		0.554938	0.425232	1.240513	2	15.340000	0.853417	0.518785	0.189608	5	15.337000				
29	138586401		0.557387	0.434813	1.153088	2	15.340000	0.882227	0.519018	0.065018	5	15.337000				
30	776666402		0.521693	0.359370	1.061478	2	15.340000	0.991281	0.569455	0.007236	5	15.337000	0.219692	0	50	50
31	2064095148		0.514616	0.390893	1.061478	2	15.340000	0.897067	0.465547	1.709596	5	15.337000				
32	1850188388		0.517166	0.402671	0.991011	2	15.340000	0.736478	0.557702	0.603750	5	15.337000				
33	213854755		0.517166	0.373163	0.991011	2	15.340000	0.965390	0.436789	0.624735	5	15.337000				
34	566297622		0.616161	0.405387	0.991011	2	15.340000	0.736108	0.575214	0.521026	5	15.337000				
35	1673787583		0.733857	0.402559	0.536790	2	15.340000	0.778575	0.443081	0.301265	5	15.337000	0.349090	11	39	50
36	1211841385		0.828334	0.481344	0.386372	2	15.340000	0.723878	0.411038	0.186430	5	15.337000				
37	1002035765		0.575032	0.343659	1.085126	2	15.340000	0.616513	0.481814	0.377120	5	15.337000				
38	2015684208		0.722709	0.430602	0.592619	2	15.340000	0.763730	0.547014	0.469731	5	15.337000				
39	444948663		0.789697	0.241328	0.386372	2	15.340000	0.783512	0.482433	0.101607	5	15.337000				
40	1648396621		0.577018	0.434245	1.234294	2	15.340000	0.732684	0.522803	0.556472	5	15.337000	0.398243	15	35	50
41	388311251		0.774245	0.399523	0.536903	2	15.340000	0.934564	0.539018	0.034233	5	15.337000				
42	410048937		0.955176	0.432557	0.084364	2	15.340000	0.843198	0.572014	0.066452	5	15.337000				
43	1966350018		0.541324	0.435504	1.308960	2	15.340000	0.715836	0.511957	0.585461	5	15.337000				
44	1706829439		0.955204	0.344164	0.075997	2	15.340000	0.596494	0.417601	0.791634	5	15.337000				
45	906824590		0.962680	0.326902	0.075997	2	15.340000	0.763017	0.526472	0.122827	5	15.337000	0.444409	16	34	50
46	1586021023		0.966472	0.453337	0.075997	2	15.340000	1.000000	0.659401	1.269822	5	15.337000				
47	1310396775		0.946444	0.216405	0.075997	2	15.340000	0.718679	0.487310	0.461281	5	15.337000				
48	131670873		0.546363	0.438072	1.206525	2	15.340000	0.869251	0.458683	0.131543	5	15.337000				
49	841702274		0.759113	0.448662	0.382863	2	15.340000	0.669786	0.456238	0.377749	5	15.337000				
50	1887861816		0.948262	0.381153	0.075997	2	15.340000	0.869408	0.569681	0.193092	5	15.337000	0.487881	25	25	50
51	555962155		0.630951	0.111450	0.157813	2	15.340000	0.856883	0.432911	0.080536	5	15.337000				
52	1243767375		0.882357	0.319407	0.275858	2	15.340000	0.867644	0.516189	0.238277	5	15.337000				
53	79500607		0.692702	0.537749	1.185200	2	15.340000	0.550056	0.501434	1.197896	5	15.337000				
54	1739461474		0.960591	0.408399	0.044328	2	15.340000	0.923830	0.457079	0.064197	5	15.337000				
55	724996984		0.960591	0.210425	0.044328	2	15.340000	0.810303	0.372814	0.085085	5	15.337000	0.376072	13	37	50
56	332076621		0.546334	0.216514	0.395917	2	15.340000	0.581827	0.449482	0.344802	5	15.337000				
57	778601481		0.894886	0.305355	0.299806	2	15.340000	1.000000	0.345383	1.484567	5	15.337000				
58	1651624102		0.714617	0.261953	0.595854	2	15.340000	1.000000	0.432476	0.474213	5	15.337000				
59	1471975044		0.595855	0.389694	0.833806	2	15.340000	0.861372	0.400867	0.174328	5	15.337000				
60	905210490		0.964187	0.264529	0.044328	2	15.340000	0.916876	0.569013	0.034765	5	15.337000	0.484287	16	34	50
61	973553628		0.818584	0.204279	0.118327	2	15.340000	0.987775	0.507251	0.005583	5	15.337000				
62	2142355253		0.909867	0.501519	0.146967	2	15.340000	0.885477	0.434616	0.137702	5	15.337000				
63	2092173050		0.950266	0.387619	0.051379	2	15.340000	0.967238	0.495282	0.629828	5	15.337000				
64	1414415566		0.580553	0.478228	1.730053	2	15.340000	0.765590	0.447766	0.452973	5	15.337000				
65	1564040416		0.667149	0.378740	0.872104	2	15.340000	0.871422	0.532169	0.054622	5	15.337000	0.529156	20	30	50
66	2100893565		0.964382	0.474192	0.062932	2	15.340000	0.951350	0.408367	0.073773	5	15.337000				
67	1456088492		0.784835	0.223131	0.288933	2	15.340000	0.889512	0.543118	0.060367	5	15.337000				
68	156523904		0.985967	0.191090	0.019643	2	15.340000	0.859570	0.392249	0.076162	5	15.337000				
69	1908691243		0.746924	0.499590	0.664177	2	15.340000	0.874380	0.535817	0.092210	5	15.337000				
70	264321056		0.704981	0.430611	0.414475	2	15.340000	0.582200	0.507285	0.821127	5	15.337000	0.458580	15	35	50
71	879394267		0.877843	0.435537	0.084814	2	15.340000	0.947785	0.435764	0.022744	5	15.337000				
72	1378091438		0.638945	0.501628	0.590971	2	15.340000	0.908359	0.539863	0.104205	5	15.337000				
73	265058776		0.568555	0.486455	1.302565	2	15.340000	0.797516	0.447887	0.342627	5	15.337000				
74	1971833773		0.816317	0.504687	0.376694	2	15.340000	0.878900	0.374144	0.064287	5	15.337000				
75	1245742470		0.919751	0.416673	0.304088	2	15.340000	0.972809	0.399985	0.039955	5	15.337000	0.285441	11	39	50
76	1448006329		0.588455	0.488159	1.363727	2	15.340000	0.919906	0.518501	0.034953	5	15.337000				
77	135784911		0.571151	0.438435	1.133656	2	15.340000	0.885345	0.438869	0.154581	5	15.337000				
78	1120230401		0.581598	0.442803	1.215316	2	15.340000	0.750595	0.421857	0.188910	5	15.337000				
79	155424823		0.711623	0.461824	0.529123	2	15.340000	0.785807	0.466895	0.296752	5	15.337000				
80	1392645007		0.659083	0.407635	0.741190	2	15.340000	0.826959	0.462694	0.276411	5	15.337000	0.409617	14	36	50
81	436176769		0.598066	0.345885	0.488678	2	15.340000	0.601653	0.451944	0.327533	5	15.337000				
82	1985743662		0.559231	0.452204	0.979618	2	15.340000	0.831034	0.444155	0.103598	5	15.337000				
83	1358214429		0.815063	0.446842	0.237974	2	15.340000	0.978744	0.572288	0.009610	5	15.337000				
84	1478460110		0.569344	0.476103	1.195136	2	15.340000	0.912101	0.382605	0.105098	5	15.337000				
85	1087044930		0.794594	0.440713	0.308947	2	15.340000	0.597776	0.405830	0.242461	5	15.337000	0.199199	0	50	50
86	476873487		0.746533	0.502357	0.799307	5	15.340000	0.753668	0.464065	0.340778	5	15.337000				
87	759930597		0.682401	0.474972	0.604736	2	15.340000	1.000000	0.409511	6.492101	5	15.337000				
88	979022905		0.918463	0.471738	0.148530	2	15.340000	0.871468	0.384671	0.168815	5	15.337000				
89	1187677553		0.617911	0.496535	1.377364	2	15.340000	0.994495	0.441916	0.073894	5	15.337000				
90	1790762215		0.954735	0.471559	0.065303	2	15.340000	0.987672	0.411276	0.027348	5	15.337000	0.425503	21	29	50
91	965490213		0.796687	0.337993	0.370449	2	15.340000	0.915558	0.505358	0.252245	5	15.337000				
92	1848802710		0.884713	0.274182	0.305360	2	15.340000	0.894583	0.495112	0.144912	5	15.337000				
93	582809590		0.673507	0.384103	1.017324	2	15.340000	0.610383	0.444010	0.700182	5	15.337000				
94	1405274497		0.959647	0.524636	0.142713	2	15.340000	0.933129	0.457827	0.059687	5	15.337000				
95	1213624369		0.687521	0.341193	0.584628	2	15.340000	0.905640	0.443341	0.105048	5	15.337000	0.284985	14	36	50
96	1168847597		0.562941	0.337541	0.584628	2	15.340000	0.885497	0.521109	0.100850	5	15.337000				
97	1635423228		0.620877	0.319507	0.584628	2	15.340000	0.879719	0.479604	0.119888	5	15.337000				
98	1935751250		0.599588	0.457789	1.120699	2	15.340000	0.767413	0.420540	0.391398	5	15.337000				
99	1515315862		0.604050	0.476828	1.139046	2	15.340000	0.851716	0.553347	0.072201	5	15.337000				
100	1748562769		0.695503	0.418701	0.598942	2	15.340000	0.823990	0.598527	0.262614	5	15.337000	0.403590	24	26	50
101	1555024225		0.653834	0.360150	0.881867	2	15.340000	0.955266	0.509128	0.020097	5	15.337000				
102	820790357		0.782601	0.463839	0.734211	2	15.340000	0.976048	0.494629	0.540840	5	15.337000				
103	1154895043		0.660401	0.398440	0.734211	2	15.340000	0.789578	0.477671	0.379471	5	15.337000				
104	712001585		0.590674	0.373241	0.718025	2	15.340000	0.675607	0.337604	0.345697	5	15.337000				
105	1450048445		0.563586	0.464887	1.431321	2	15.340000	0.510519	0.496455	1.346040	5	15.337000	0.467973	0	50	50
106	753757654		0.558271	0.456823	1.512826	2	15.340000	0.908895	0.610320	1.442474	5	15.337000				
107	1307399825		0.579909	0.439862	1.358646	2	15.340000	0.952261	0.413931	0.655217	5	15.337000				
108	1510459945		0.595931	0.453812	0.921225	2	15.340000	0.942416	0.547332	1.157233	5	15.337000				
109	261102212		0.634345	0.473897	0.953149	2	15.340000	0.842716	0.338091	0.342483	5	15.337000				
110	111597102		0.671894	0.391883	0.465450	2	15.340000	0.984858	0.556002	0.327272	5	15.337000	0.508617	26	24	50
111	67072901		0.571010	0.489949	1.490606	2	15.340000	0.561087	0.492669	1.182561	5	15.337000				
112	534521531		0.740346	0.373088	0.334289	2	15.340000	0.970947	0.443542	0.044193	5	15.337000				
113	682255153		0.674079	0.393776	0.637571	2	15.340000	0.860536	0.455252	0.837968	5	15.337000				
114	1183969300		0.824659	0.417175	0.258410	2	15.340000	0.963936	0.300834	0.567183	5	15.337000				
115	665847130		0.907853	0.512913	0.199965	2	15.340000	0.923152	0.376250	0.093723	5	15.337000	0.255566	7	43	50
116	1121916848		0.642839	0.522382	1.148054	2	15.340000	0.949140	0.559800	0.078630	5	15.337000				
117	1764146419		0.635687	0.405905	0.781017	2	15.340000	0.950878	0.553391	0.070662	5	15.337000				
118	1628462527		0.683717	0.281742	0.258553	2	15.340000	0.951719	0.459825	0.035808	5	15.337000				
119	1097700444		0.658775	0.264401	1.769773	2	15.340000	0.962326	0.463481	0.016322	5	15.337000				
120	1856207038		0.936251	0.791882	0.671157	2	15.340000	0.972281	0.434768	0.015173	5	15.337000	0.124405	2	48	50
121	1030291512		0.715119	0.405395	0.585824	2	15.340000	0.938421	0.314308	0.054071	5	15.337000				
122	794579838		0.796284	0.380493	0.286828	2	15.340000	0.835096	0.410469	0.207194	5	15.337000				
123	1358378866		0.884887	0.416170	0.338460	2	15.340000	0.946431	0.476888	0.052270	5	15.337000				
124	612144300		0.610066	0.431280	0.925440	2	15.340000	0.904304	0.459395	0.042576	5	15.337000				
125	1350611584		0.738013	0.395786	0.380205	10	15.340000	0.951239	0.461275	0.104567	5	15.337000	0.218691	1	49	50
126	458291174		0.836615	0.593092	0.925440	2	15.340000	0.966627	0.527992	0.017893	5	15.337000				
127	474119003		0.588683	0.379709	0.925440	2	15.340000	0.788826	0.242505	0.097646	5	15.337000				
128	291974614		0.646755	0.372858	0.925440	2	15.340000	0.740470	0.510803	0.284676	5	15.337000				
129	925334071		0.840571	0.398193	0.252440	2	15.340000	0.959088	0.460636	0.024693	5	15.337000				
130	1293586744		0.830785	0.404938	0.308836	2	15.340000	0.824792	0.418449	0.339163	5	15.337000	0.384949	13	37	50
131	143653937		0.753830	0.318702	0.624445	2	15.340000	0.889440	0.454959	0.200700	5	15.337000				
132	637489407		0.711607	0.239984	0.215597	2	15.340000	0.862478	0.556283	0.078739	5	15.337000				
133	1592349929		0.654592	0.374102	0.576656	2	15.340000	0.528314	0.433553	0.553416	5	15.337000				
134	1759370799		0.708016	0.246761	0.147562	2	15.340000	0.856373	0.488891	0.076725	5	15.337000				
135	75682873		0.780322	0.272519	0.145359	2	15.340000	0.753117	0.490601	0.169831	5	15.337000	0.400925	15	35	50
136	306846970		0.899217	0.406741	0.197366	2	15.340000	0.825541	0.473198	0.126769	5	15.337000				
137	2105523861		0.892645	0.373856	0.200619	2	15.340000	0.919013	0.460614	0.045778	5	15.337000				
138	1534564676		0.866779	0.278471	0.413430	2	15.340000	0.895828	0.498054	0.055510	5	15.337000				
139	879272505		0.543736	0.456533	1.403711	2	15.340000	0.710149	0.401828	0.627339	5	15.337000				
140	736679305		0.517638	0.433736	1.308053	2	15.340000	0.730430	0.371514	0.295084	5	15.337000	0.405880	5	45	50
141	23455651		0.783425	0.450111	0.361607	2	15.340000	0.929628	0.419287	0.087252	5	15.337000				
142	1551918843		0.729663	0.352009	0.484629	2	15.340000	0.784845	0.476340	0.308986	5	15.337000				
143	385833010		0.778508	0.321731	0.353439	2	15.340000	0.908286	0.359266	0.044691	5	15.337000				
144	1367636562		0.847207	0.434787	0.320900	2	15.340000	0.937067	0.528136	0.150246	5	15.337000				
145	1457880071		0.921999	0.610423	0.219782	2	15.340000	0.917542	0.431292	0.059975	5	15.337000	0.201683	5	45	50
146	470384196		0.715189	0.294419	0.310262	2	15.340000	0.954827	0.462252	0.035075	5	15.337000				
147	1821017334		0.739166	0.471157	0.711803	2	15.340000	0.912298	0.516532	0.113680	5	15.337000				
148	1133333063		0.779846	0.324973	0.231257	2	15.340000	0.782896	0.385942	0.144929	5	15.337000				
149	1869641874		0.783678	0.507996	0.657666	2	15.340000	0.894137	0.425550	0.155065	5	15.337000				
150	2020011435		0.878642	0.473320	0.340191	2	15.340000	0.896624	0.491448	0.074277	5	15.337000	0.338032	11	39	50
151	1887381645		0.611729	0.393038	1.284662	2	15.340000	0.564780	0.441197	0.462317	5	15.337000				
152	1206290277		0.553864	0.468282	1.551257	2	15.340000	0.907314	0.642892	0.160461	5	15.337000				
153	232376661		0.741488	0.445966	0.540829	2	15.340000	0.930000	0.535001	0.059898	5	15.337000				
154	1693606386		0.626610	0.347655	0.517416	2	15.340000	0.810696	0.543002	0.127524	5	15.337000				
155	878777844		0.436907	0.379504	1.832717	10	15.340000	0.611931	0.468965	0.878750	5	15.337000	0.372216	0	50	50
156	438834399		0.658723	0.519967	1.123770	2	15.340000	0.893443	0.497476	0.052769	5	15.337000				
157	845273583		0.647864	0.383291	1.191478	2	15.340000	0.934532	0.515799	0.073781	5	15.337000				
158	342186208		0.722383	0.387950	0.431872	2	15.340000	0.926334	0.465605	0.063924	5	15.337000				
159	134357319		0.737871	0.361296	0.490308	2	15.340000	0.672829	0.377220	0.160790	5	15.337000				
160	107616993		0.586252	0.291766	0.490308	2	15.340000	0.937895	0.322094	0.098500	5	15.337000	0.441495	11	39	50
161	1386075116		0.590974	0.317215	1.868152	2	15.340000	0.855351	0.364838	0.076184	5	15.337000				
162	1795613358		0.948173	0.618809	0.522157	2	15.340000	0.887930	0.465808	0.078948	5	15.337000				
163	207260653		0.735967	0.338123	0.430710	2	15.340000	0.931900	0.535922	0.038330	5	15.337000				
164	1484610307		0.517477	0.374105	0.946276	2	15.340000	0.792428	0.345035	0.087622	5	15.337000				
165	202279698		0.588255	0.343311	0.632572	2	15.340000	0.852261	0.335016	0.068371	5	15.337000	0.112068	0	50	50
166	338528281		0.657635	0.468991	1.008571	2	15.340000	1.000000	0.611976	2.000000	5	15.337000				
167	1900655906		0.590985	0.372864	0.680087	2	15.340000	0.824127	0.375070	0.108759	5	15.337000				
168	1832170151		0.646901	0.417684	0.614640	2	15.340000	0.955532	0.461673	0.046872	5	15.337000				
169	346454899		0.651597	0.346103	0.328643	2	15.340000	0.896250	0.427359	0.046062	5	15.337000				
170	1388130889		0.727701	0.489880	0.871421	2	15.340000	0.923114	0.519925	0.069192	5	15.337000	0.251857	5	45	50
171	1964909614		0.753319	0.509637	0.614640	2	15.340000	0.953256	0.511876	0.021612	5	15.337000				
172	141382871		0.544539	0.427055	1.312516	2	15.340000	0.920895	0.461065	0.105519	5	15.337000				
173	1134111598		0.696016	0.481451	0.626800	2	15.340000	0.967298	0.469546	0.028505	5	15.337000				
174	236227062		0.674299	0.396810	0.605146	2	15.340000	0.778057	0.444380	0.288771	5	15.337000				
175	590349377		0.712611	0.393508	0.599464	2	15.340000	0.936481	0.609387	0.043306	5	15.337000	0.151285	0	50	50
176	1107808672		0.753381	0.453329	0.752899	2	15.340000	0.797196	0.425282	0.181273	5	15.337000				
177	1857857211		0.628131	0.416546	0.772626	2	15.340000	0.747585	0.580897	0.355053	5	15.337000				
178	198434256		0.657380	0.398208	0.586325	2	15.340000	0.901395	0.463884	0.064989	5	15.337000				
179	1081157558		0.555487	0.302098	0.618272	2	15.340000	0.959224	0.458569	0.148633	5	15.337000				
180	103130927		0.517075	0.334671	0.800637	2	15.340000	0.795967	0.417435	0.206232	5	15.337000	0.381696	13	37	50
181	753533676		0.722350	0.399895	0.587556	2	15.340000	0.658186	0.461707	0.556090	5	15.337000				
182	433774469		0.573994	0.305320	0.969369	2	15.340000	0.800375	0.466028	0.113176	5	15.337000				
183	739533334		0.531895	0.280343	0.586325	2	15.340000	0.909256	0.526628	0.094356	5	15.337000				
184	162232288		0.513781	0.287843	0.586325	2	15.340000	0.842111	0.470387	0.114010	5	15.337000				
185	1866696180		0.620150	0.336958	0.665327	2	15.340000	0.995603	0.551360	0.004615	5	15.337000	0.265035	10	40	50
186	1134613658		0.525827	0.433013	1.302172	2	15.340000	0.621161	0.505932	0.798020	5	15.337000				
187	1646978545		0.605999	0.396627	0.665327	2	15.340000	0.991346	0.493527	0.004608	5	15.337000				
188	1154047103		0.500000	0.306395	0.665327	2	15.340000	0.882527	0.542529	0.092169	5	15.337000				
189	1798791239		0.500000	0.352071	0.665327	2	15.340000	0.876014	0.517258	0.058051	5	15.337000				
190	195833310		0.810500	0.449206	0.299459	2	15.340000	0.828961	0.496933	0.096130	5	15.337000	0.230149	1	49	50
191	161077588		0.625216	0.489911	0.793600	2	15.340000	1.000000	0.580488	2.095291	5	15.337000				
192	1065654306		0.582523	0.373238	0.723941	2	15.340000	0.799723	0.513609	0.165424	5	15.337000				
193	891135121		0.644746	0.455961	0.823354	2	15.340000	0.918390	0.468359	0.081125	5	15.337000				
194	860596148		0.595817	0.367644	0.604955	2	15.340000	0.860700	0.387354	0.593411	5	15.337000				
195	1335925915		0.638389	0.351810	0.604955	2	15.340000	0.937272	0.452184	0.069564	5	15.337000	0.384163	21	29	50
196	2084204850		0.794447	0.359355	0.439963	2	15.340000	0.976636	0.496608	0.036224	5	15.337000				
197	616002835		0.528498	0.334985	0.645867	2	15.340000	0.976335	0.486841	0.020516	5	15.337000				
198	2057514016		0.500057	0.387067	0.692448	2	15.340000	0.875147	0.464992	0.099460	5	15.337000				
199	537740051		0.597897	0.368500	0.850593	2	15.340000	0.921958	0.410854	0.042443	5	15.337000				
200	874870326		0.855417	0.685145	0.830195	2	15.340000	0.842888	0.449826	0.177588	5	15.337000	0.389528	10	40	50
201	1096682093		0.677714	0.367265	0.626886	2	15.340000	0.938625	0.478592	0.061240	5	15.337000				
202	10066111		0.568437	0.316152	0.626886	2	15.340000	0.973866	0.568585	0.152616	5	15.337000				
203	1340936670		0.707757	0.336434	0.626886	2	15.340000	0.879405	0.444054	0.066749	5	15.337000				
204	854114262		0.507063	0.321113	0.609421	2	15.340000	0.959695	0.472621	0.028140	5	15.337000				
205	1329918311		0.697307	0.383645	0.609421	2	15.340000	0.940748	0.445455	0.061663	5	15.337000	0.370055	20	30	50
206	1646917592		0.703673	0.356955	0.256636	2	15.340000	0.859492	0.511539	0.233401	5	15.337000				
207	1261171379		0.550711	0.446757	1.131489	2	15.340000	0.980026	0.527406	0.291887	5	15.337000				
208	748414552		0.891841	0.410545	0.176924	2	15.340000	0.991584	0.358954	0.009808	5	15.337000				
209	444422078		0.849982	0.272514	0.176924	2	15.340000	0.913288	0.552539	0.090225	5	15.337000				
210	2068938626		0.850329	0.166880	0.176924	2	15.340000	0.796993	0.433107	0.086079	5	15.337000	0.382379	16	34	50
211	1715251872		0.518022	0.372274	0.566566	2	15.340000	0.777757	0.556855	0.559727	5	15.337000				
212	508261172		0.685071	0.494893	0.830821	2	15.340000	0.764764	0.364848	0.366531	5	15.337000				
213	821546316		0.637537	0.456872	0.809272	2	15.340000	1.000000	0.545680	0.783314	5	15.337000				
214	676833348		0.605717	0.396316	0.809272	2	15.340000	0.820512	0.440023	0.121426	5	15.337000				
215	852085637		0.582928	0.405297	0.579015	2	15.340000	0.952288	0.496137	1.271457	5	15.337000	0.631189	36	14	50
216	1628474747		0.832916	0.428889	0.209529	2	15.340000	0.959575	0.365125	0.120788	5	15.337000				
217	1226213211		0.819859	0.602444	0.510637	2	15.340000	0.915281	0.497443	0.090582	5	15.337000				
218	393567998		0.531376	0.326511	0.510637	2	15.340000	0.691715	0.439685	0.168267	5	15.337000				
219	96826325		0.545155	0.374755	0.577907	2	15.340000	0.767959	0.380426	0.454458	5	15.337000				
220	1909775637		0.588866	0.414821	0.743106	2	15.340000	0.856389	0.341510	0.086695	5	15.337000	0.297482	3	47	50
221	413176133		0.806671	0.462683	0.460504	2	15.340000	0.822577	0.530767	1.349769	5	15.337000				
222	1485531285		0.710767	0.403422	0.579015	2	15.340000	0.764735	0.534818	0.373382	5	15.337000				
223	526386679		0.582150	0.411498	0.718856	2	15.340000	0.755994	0.432781	0.330270	5	15.337000				
224	1317552733		0.618936	0.248563	0.756240	2	15.340000	0.866361	0.482022	0.115859	5	15.337000				
225	413358760		0.656672	0.228851	0.319347	2	15.340000	0.729543	0.369114	0.307255	5	15.337000	0.429108	21	29	50
226	1009831883		0.748945	0.322857	0.319347	2	15.340000	0.976108	0.405201	0.011813	5	15.337000				
227	591019503		0.656672	0.313465	0.319347	2	15.340000	0.829661	0.392983	0.292361	5	15.337000				
228	1469858977		0.784928	0.502096	0.320370	2	15.340000	0.746808	0.571077	0.753371	5	15.337000				
229	396939932		0.763225	0.197253	0.279852	2	15.340000	0.627527	0.343764	0.479588	5	15.337000				
230	1759858744		0.596996	0.418584	0.671269	2	15.340000	0.820958	0.356179	0.216072	5	15.337000	0.455496	17	33	50
231	1627078695		0.702526	0.324899	0.671269	2	15.340000	0.779810	0.495686	0.496143	5	15.337000				
232	942512164		0.538527	0.469289	1.582559	2	15.340000	0.642916	0.373868	0.402001	5	15.337000				
233	666355467		0.766223	0.361163	0.376985	2	15.340000	0.789474	0.448273	0.111498	5	15.337000				
234	1867907663		0.544307	0.296616	0.711069	2	15.340000	0.696704	0.336768	0.367026	5	15.337000				
235	1955726238		0.653523	0.355870	0.376985	2	15.340000	0.819100	0.276876	0.142314	5	15.337000	0.478066	22	28	50
236	1828008522		0.743125	0.364036	0.333998	2	15.340000	0.901149	0.379530	0.917746	5	15.337000				
237	1393427825		0.690974	0.314067	0.387673	2	15.340000	0.712635	0.390674	0.259816	5	15.337000				
238	1041593565		0.811205	0.428145	0.333998	2	15.340000	0.547742	0.264424	0.229481	5	15.337000				
239	2124379918		0.724511	0.464308	0.674111	2	15.340000	0.925878	0.361797	0.841723	5	15.337000				
240	171031127		0.796687	0.382825	0.333998	2	15.340000	0.681491	0.286419	0.220783	5	15.337000	0.312571	4	46	50
241	2137200221		0.721781	0.469471	0.499696	2	15.340000	0.704672	0.401377	0.486235	5	15.337000				
242	636635937		0.754616	0.343627	0.471770	2	15.340000	0.820839	0.463820	0.565461	5	15.337000				
243	1952979038		0.677124	0.294390	0.277613	2	15.340000	0.866185	0.332436	0.095291	5	15.337000				
244	1341705280		0.659438	0.270839	1.075198	2	15.340000	1.000000	0.521938	0.805811	5	15.337000				
245	1337749911		0.665559	0.368692	1.075198	2	15.340000	0.699797	0.309201	0.303360	5	15.337000	0.353638	7	43	50
246	206757618		0.651837	0.432724	0.670918	2	15.340000	0.616123	0.317863	0.458394	5	15.337000				
247	1845682220		0.542219	0.445958	1.215026	2	15.340000	0.584349	0.353563	0.536011	5	15.337000				
248	404790104		0.880008	0.462343	0.141536	2	15.340000	0.896555	0.406441	0.048520	5	15.337000				
249	194614610		0.594957	0.408248	1.514988	2	15.340000	0.929400	0.517119	0.100416	5	15.337000	0.248593	2	48	50
