# garden fresh-cull20-22-conventional-d800 seed 22 conventional season 1160 n=60 J=16 worlds=0..15 run=/tmp/rbt107-h1/cull20-22 work_cost=0.03 (126 s, workers 4)
fresh-cull20-22-conventional-d800	22	conventional	1160	ce2043	1.8843	1.0706	2.0000	1.1875	3855.1726	3898.1109	0	0
fresh-cull20-22-conventional-d800	22	conventional	1160	ce2044	1.1231	0.7046	1.5000	1.0625	12563.5763	11928.4519	0	0
fresh-cull20-22-conventional-d800	22	conventional	1160	ce2045	2.4715	0.6457	2.7500	0.9375	9281.9706	9725.8381	0	0
fresh-cull20-22-conventional-d800	22	conventional	1160	ce2046	1.9460	1.2003	2.6250	1.8750	22634.3476	22491.0827	0	0
fresh-cull20-22-conventional-d800	22	conventional	1160	ce2048	0.5141	0.5230	0.9375	0.9375	14114.0571	13817.7956	0	0
fresh-cull20-22-conventional-d800	22	conventional	1160	ce2050	2.7273	0.5193	3.3125	1.0625	19506.9789	18108.0327	0	1
fresh-cull20-22-conventional-d800	22	conventional	1160	ce2051	1.1241	0.8143	1.1875	0.8750	2113.7240	2024.9472	0	0
fresh-cull20-22-conventional-d800	22	conventional	1160	ce2052	2.2691	1.2927	2.8750	1.8750	20197.1364	19409.3028	0	0
fresh-cull20-22-conventional-d800	22	conventional	1160	ce2053	2.2640	0.5763	2.7500	1.0625	16198.8457	16207.8195	0	0
fresh-cull20-22-conventional-d800	22	conventional	1160	ce2054	0.0606	-0.1353	0.7500	0.5000	22980.4116	21175.6632	0	0
fresh-cull20-22-conventional-d800	22	conventional	1160	ce2055	0.8650	0.4261	1.4375	1.0000	19082.5594	19128.4101	0	0
fresh-cull20-22-conventional-d800	22	conventional	1160	ce2057	3.0137	0.6412	3.5000	1.1250	16208.4225	16127.8663	0	0
fresh-cull20-22-conventional-d800	22	conventional	1160	ce2059	1.2773	1.0136	1.5625	1.3125	9506.8548	9961.8305	0	0
fresh-cull20-22-conventional-d800	22	conventional	1160	ce2061	2.2045	0.6357	2.7500	1.1875	18183.2986	18393.8370	0	0
fresh-cull20-22-conventional-d800	22	conventional	1160	ce2062	1.0145	1.0087	1.5625	1.5625	18266.4694	18461.0539	0	0
fresh-cull20-22-conventional-d800	22	conventional	1160	ce2063	1.1662	1.0350	1.6250	1.5000	15293.8717	15499.7931	0	0
fresh-cull20-22-conventional-d800	22	conventional	1160	ce2066	1.6117	0.7405	2.1250	1.2500	17108.9156	16983.4238	0	0
fresh-cull20-22-conventional-d800	22	conventional	1160	ce2067	1.7728	1.3962	2.5000	2.1250	24239.2874	24292.6078	0	0
fresh-cull20-22-conventional-d800	22	conventional	1160	ce2069	3.1595	0.4853	3.5000	0.8125	11351.5432	10905.5147	0	0
fresh-cull20-22-conventional-d800	22	conventional	1160	ce2073	2.3467	1.2850	3.0000	1.9375	21776.7621	21751.1494	0	0
fresh-cull20-22-conventional-d800	22	conventional	1160	ce2076	0.9290	1.2719	1.4375	1.8125	16948.6427	18019.9123	0	0
fresh-cull20-22-conventional-d800	22	conventional	1160	ce2077	1.5157	0.7048	2.1875	1.3750	22394.3590	22340.3937	0	0
fresh-cull20-22-conventional-d800	22	conventional	1160	ce2078	1.7403	1.4940	2.2500	2.0000	16989.4147	16867.3092	0	0
fresh-cull20-22-conventional-d800	22	conventional	1160	ce2080	2.1815	1.0000	2.4375	1.2500	8532.8872	8332.1683	0	0
fresh-cull20-22-conventional-d800	22	conventional	1160	ce2082	1.7512	1.0171	2.3125	1.5625	18710.3441	18181.5029	0	0
fresh-cull20-22-conventional-d800	22	conventional	1160	ce2083	2.1195	0.5223	2.6250	1.0000	16849.1123	15922.3668	0	1
fresh-cull20-22-conventional-d800	22	conventional	1160	ce2086	1.1351	0.6344	1.6875	1.1875	18412.8573	18435.7826	0	0
fresh-cull20-22-conventional-d800	22	conventional	1160	ce2087	0.5301	0.3398	0.9375	0.7500	13579.2188	13673.7980	0	0
fresh-cull20-22-conventional-d800	22	conventional	1160	ce2089	1.3645	0.7499	2.0000	1.3750	21181.7823	20836.5898	0	0
fresh-cull20-22-conventional-d800	22	conventional	1160	ce2091	1.4922	0.6807	1.9375	1.1250	14844.7216	14811.4382	0	0
fresh-cull20-22-conventional-d800	22	conventional	1160	ce2093	1.6545	1.6566	2.0625	2.0625	13601.0729	13531.4543	0	0
fresh-cull20-22-conventional-d800	22	conventional	1160	ce2094	1.3521	0.4928	2.0000	1.1250	21595.7094	21073.6876	0	0
fresh-cull20-22-conventional-d800	22	conventional	1160	ce2095	0.5268	0.4073	1.1250	1.0000	19939.5193	19757.5424	0	0
fresh-cull20-22-conventional-d800	22	conventional	1160	ce2096	1.5344	1.2342	2.1250	1.8125	19688.1551	19277.2398	0	0
fresh-cull20-22-conventional-d800	22	conventional	1160	ce2097	1.9025	1.3418	2.0000	1.4375	3248.3492	3189.0276	0	0
fresh-cull20-22-conventional-d800	22	conventional	1160	ce2098	0.8255	0.7618	1.6250	1.5625	26650.6259	26689.9426	0	0
fresh-cull20-22-conventional-d800	22	conventional	1160	ce2099	2.6583	0.9628	3.0000	1.3125	11389.5868	11657.5481	0	0
fresh-cull20-22-conventional-d800	22	conventional	1160	ce2100	1.4472	0.8986	1.5625	1.0000	3843.8401	3379.5257	0	0
fresh-cull20-22-conventional-d800	22	conventional	1160	ce2101	0.9941	0.7407	1.6875	1.4375	23114.2304	23227.0083	0	0
fresh-cull20-22-conventional-d800	22	conventional	1160	ce2103	1.7364	1.0581	2.3125	1.6250	19202.2143	18897.9814	0	0
fresh-cull20-22-conventional-d800	22	conventional	1160	ce2105	1.2137	0.7737	1.7500	1.3125	17876.9326	17959.5405	0	0
fresh-cull20-22-conventional-d800	22	conventional	1160	ce2107	2.0416	1.3648	2.6875	2.0000	21530.1100	21174.5426	0	0
fresh-cull20-22-conventional-d800	22	conventional	1160	ce2108	1.3066	1.1272	1.9375	1.7500	21031.2540	20759.4374	0	0
fresh-cull20-22-conventional-d800	22	conventional	1160	ce2110	0.9696	0.2682	1.4375	0.7500	15596.6372	16061.0622	0	0
fresh-cull20-22-conventional-d800	22	conventional	1160	ce2111	2.8679	1.2339	3.0625	1.4375	6485.5264	6787.4942	0	0
fresh-cull20-22-conventional-d800	22	conventional	1160	ce2112	3.1132	1.8610	3.5000	2.2500	12893.7926	12967.5314	0	0
fresh-cull20-22-conventional-d800	22	conventional	1160	ce2113	1.0008	0.5637	1.1250	0.6875	4140.0471	4126.0156	0	0
fresh-cull20-22-conventional-d800	22	conventional	1160	ce2115	0.3798	0.3869	0.8750	0.8750	16507.8279	16271.5733	0	0
fresh-cull20-22-conventional-d800	22	conventional	1160	ce2116	1.9251	0.6857	2.0625	0.8125	4578.8411	4226.5890	0	0
fresh-cull20-22-conventional-d800	22	conventional	1160	ce2117	1.9824	1.1053	2.7500	1.8750	25587.3497	25657.7874	0	0
fresh-cull20-22-conventional-d800	22	conventional	1160	ce2118	1.6493	0.8991	1.7500	1.0000	3357.2411	3364.5524	0	0
fresh-cull20-22-conventional-d800	22	conventional	1160	ce2120	0.5184	0.3944	1.0000	0.8750	16053.2620	16021.0705	0	0
fresh-cull20-22-conventional-d800	22	conventional	1160	ce2125	2.8046	1.3117	3.3125	1.8125	16931.1845	16692.8382	0	0
fresh-cull20-22-conventional-d800	22	conventional	1160	ce2126	1.4043	0.2737	1.9375	0.8125	17772.4992	17959.8793	0	0
fresh-cull20-22-conventional-d800	22	conventional	1160	ce2127	0.5142	0.7043	1.0000	1.1875	16192.1512	16107.0103	0	0
fresh-cull20-22-conventional-d800	22	conventional	1160	ce2128	1.1536	0.6562	1.5625	1.0625	13629.9891	13544.1396	0	0
fresh-cull20-22-conventional-d800	22	conventional	1160	ce2129	3.0299	1.2486	3.5000	1.6875	15671.2067	14629.6214	0	1
fresh-cull20-22-conventional-d800	22	conventional	1160	ce2131	0.4842	0.2361	0.8750	0.6250	13025.1874	12964.0159	0	0
fresh-cull20-22-conventional-d800	22	conventional	1160	ce2132	0.4293	0.1793	0.6875	0.4375	8606.4675	8607.6636	0	0
fresh-cull20-22-conventional-d800	22	conventional	1160	ce2133	0.6289	0.1055	1.1875	0.6875	18620.6460	19399.5028	0	0
