# garden fresh-base-26-holistic-d600 seed 26 holistic season 960 n=60 J=16 worlds=16..31 run=/tmp/rbt107-h1/base-26 work_cost=0.03 (91 s, workers 4)
fresh-base-26-holistic-d600	26	holistic	960	he1371	0.6306	0.5044	0.7500	0.6250	3979.9910	4018.3599	0	0
fresh-base-26-holistic-d600	26	holistic	960	he1373	1.2856	0.9122	1.3125	0.9375	895.2902	842.3689	0	0
fresh-base-26-holistic-d600	26	holistic	960	he1374	1.8725	1.5641	2.0625	1.7500	6332.8774	6195.3029	0	0
fresh-base-26-holistic-d600	26	holistic	960	he1375	0.2483	0.3112	0.4375	0.5000	6305.0092	6294.5683	0	0
fresh-base-26-holistic-d600	26	holistic	960	he1376	1.1384	0.6408	1.2500	0.7500	3721.2506	3641.6402	0	0
fresh-base-26-holistic-d600	26	holistic	960	he1377	1.4415	1.3829	1.5625	1.5000	4032.7285	3904.8186	0	0
fresh-base-26-holistic-d600	26	holistic	960	he1381	1.0699	0.8221	1.3750	1.1250	10171.4438	10095.2256	0	0
fresh-base-26-holistic-d600	26	holistic	960	he1382	1.1519	0.5888	1.3125	0.7500	5352.9989	5373.0898	0	0
fresh-base-26-holistic-d600	26	holistic	960	he1383	1.3673	1.2449	1.5625	1.4375	6507.0615	6420.0100	0	0
fresh-base-26-holistic-d600	26	holistic	960	he1385	0.9611	0.7728	1.0000	0.8125	1295.9886	1323.8519	0	0
fresh-base-26-holistic-d600	26	holistic	960	he1386	1.1243	1.1219	1.2500	1.2500	4189.1770	4270.8293	0	0
fresh-base-26-holistic-d600	26	holistic	960	he1387	0.9158	0.9922	1.0000	1.0625	2806.0340	2341.7195	0	0
fresh-base-26-holistic-d600	26	holistic	960	he1388	0.9642	1.1530	1.0625	1.2500	3276.0669	3231.9071	0	0
fresh-base-26-holistic-d600	26	holistic	960	he1389	0.8216	1.1967	0.9375	1.3125	3864.7521	3860.4888	0	0
fresh-base-26-holistic-d600	26	holistic	960	he1390	0.8511	1.2903	0.9375	1.3750	2879.4185	2821.9458	0	0
fresh-base-26-holistic-d600	26	holistic	960	he1393	1.2193	0.9670	1.3125	1.0625	3107.1295	3183.3955	0	0
fresh-base-26-holistic-d600	26	holistic	960	he1396	1.9370	1.3124	2.0625	1.4375	4182.4688	4169.4372	0	0
fresh-base-26-holistic-d600	26	holistic	960	he1397	1.8407	1.0248	1.9375	1.1250	3227.7609	3339.6223	0	0
fresh-base-26-holistic-d600	26	holistic	960	he1399	1.6541	0.9055	1.8750	1.1250	7364.1642	7317.5740	0	0
fresh-base-26-holistic-d600	26	holistic	960	he1400	1.2586	0.8813	1.3750	1.0000	3879.8045	3955.6788	0	0
fresh-base-26-holistic-d600	26	holistic	960	he1401	1.1504	1.2085	1.2500	1.3125	3318.8052	3465.9230	0	0
fresh-base-26-holistic-d600	26	holistic	960	he1404	1.9153	1.0407	2.0000	1.1250	2821.7065	2810.1777	0	0
fresh-base-26-holistic-d600	26	holistic	960	he1406	1.6776	1.0044	1.8750	1.1875	6581.4204	6103.0641	0	0
fresh-base-26-holistic-d600	26	holistic	960	he1407	0.1241	0.0617	0.1250	0.0625	28.7306	28.1126	0	0
fresh-base-26-holistic-d600	26	holistic	960	he1412	1.4532	0.9546	1.5625	1.0625	3642.8781	3596.0146	0	0
fresh-base-26-holistic-d600	26	holistic	960	he1414	2.7065	2.0861	2.7500	2.1250	1449.9108	1296.0135	0	0
fresh-base-26-holistic-d600	26	holistic	960	he1417	1.2510	1.6316	1.3125	1.6875	2049.5788	1863.2950	0	0
fresh-base-26-holistic-d600	26	holistic	960	he1418	0.8892	0.7012	1.1875	1.0000	9944.4372	9960.2187	0	0
fresh-base-26-holistic-d600	26	holistic	960	he1419	0.8634	0.8654	0.9375	0.9375	2470.3108	2404.8361	0	0
fresh-base-26-holistic-d600	26	holistic	960	he1420	0.1863	0.1238	0.1875	0.1250	39.0428	39.0657	0	0
fresh-base-26-holistic-d600	26	holistic	960	he1422	1.4016	1.2816	1.5000	1.3750	3279.3657	3113.1149	0	0
fresh-base-26-holistic-d600	26	holistic	960	he1423	2.7045	1.3334	2.7500	1.3750	1515.5880	1386.0209	0	0
fresh-base-26-holistic-d600	26	holistic	960	he1424	1.0250	0.8992	1.0625	0.9375	1249.4781	1276.7772	0	0
fresh-base-26-holistic-d600	26	holistic	960	he1426	2.4335	1.0679	2.5000	1.1250	2215.9243	1904.4573	0	0
fresh-base-26-holistic-d600	26	holistic	960	he1427	1.7864	1.2949	2.0000	1.5000	7119.5817	6836.6152	0	0
fresh-base-26-holistic-d600	26	holistic	960	he1429	1.5655	1.7530	1.6875	1.8750	4066.5652	4067.0645	0	0
fresh-base-26-holistic-d600	26	holistic	960	he1432	0.1315	0.2544	0.2500	0.3750	3950.2977	4020.4112	0	0
fresh-base-26-holistic-d600	26	holistic	960	he1433	1.5059	0.9449	1.6250	1.0625	3970.4762	3920.9080	0	0
fresh-base-26-holistic-d600	26	holistic	960	he1434	1.6288	1.7523	1.7500	1.8750	4039.3283	4090.8394	0	0
fresh-base-26-holistic-d600	26	holistic	960	he1437	1.7981	2.1085	2.0000	2.3125	6730.2374	6800.4563	0	0
fresh-base-26-holistic-d600	26	holistic	960	he1440	2.3183	2.0058	2.4375	2.1250	3973.6764	3974.0416	0	0
fresh-base-26-holistic-d600	26	holistic	960	he1442	1.0435	0.9812	1.1250	1.0625	2718.2720	2710.6988	0	0
fresh-base-26-holistic-d600	26	holistic	960	he1443	0.7419	0.6813	1.0000	0.9375	8602.5916	8539.5780	0	0
fresh-base-26-holistic-d600	26	holistic	960	he1444	2.6189	1.3049	2.7500	1.4375	4370.4820	4421.5183	0	0
fresh-base-26-holistic-d600	26	holistic	960	he1445	1.9961	1.4302	2.1875	1.6250	6379.7163	6492.6634	0	0
fresh-base-26-holistic-d600	26	holistic	960	he1446	2.0441	1.3587	2.1250	1.4375	2697.9760	2627.7896	0	0
fresh-base-26-holistic-d600	26	holistic	960	he1447	0.9820	0.6015	1.0625	0.6875	2684.2761	2865.0880	0	0
fresh-base-26-holistic-d600	26	holistic	960	he1449	1.7277	2.2290	1.8125	2.3125	2827.0325	2781.9604	0	0
fresh-base-26-holistic-d600	26	holistic	960	he1450	2.2823	1.3442	2.4375	1.5000	5174.3648	5191.8532	0	0
fresh-base-26-holistic-d600	26	holistic	960	he1451	1.6158	2.0539	1.7500	2.1875	4472.1162	4454.8120	0	0
fresh-base-26-holistic-d600	26	holistic	960	he1452	1.3144	1.5651	1.3750	1.6250	2021.6486	1996.3332	0	0
fresh-base-26-holistic-d600	26	holistic	960	he1453	1.5439	1.1774	1.6250	1.2500	2703.4629	2420.4974	0	0
fresh-base-26-holistic-d600	26	holistic	960	he1455	1.3991	1.3312	1.5000	1.4375	3364.5796	3542.5721	0	0
fresh-base-26-holistic-d600	26	holistic	960	he1456	0.9116	0.7874	1.0625	0.9375	5028.7201	5003.0238	0	0
fresh-base-26-holistic-d600	26	holistic	960	he1457	0.0562	0.1817	0.0625	0.1875	210.9655	192.0989	0	0
fresh-base-26-holistic-d600	26	holistic	960	he1458	0.6212	0.3685	0.7500	0.5000	4291.7989	4383.4363	0	0
fresh-base-26-holistic-d600	26	holistic	960	he1459	0.0619	0.0619	0.0625	0.0625	19.6640	19.8045	0	0
fresh-base-26-holistic-d600	26	holistic	960	he1460	0.6415	0.5771	0.7500	0.6875	3615.7702	3680.5415	0	0
fresh-base-26-holistic-d600	26	holistic	960	he1461	0.0000	0.0000	0.0000	0.0000	0.0000	0.0000	0	0
fresh-base-26-holistic-d600	26	holistic	960	he1462	1.1659	0.6737	1.2500	0.7500	2802.2096	2543.4714	0	0
