# garden fresh-cull20-12-holistic-d800 seed 12 holistic season 1160 n=60 J=16 worlds=0..15 run=/tmp/rbt107-h1/cull20-12 work_cost=0.03 (172 s, workers 4)
fresh-cull20-12-holistic-d800	12	holistic	1160	he1762	0.4815	0.4207	0.5000	0.4375	617.8570	559.7004	0	0
fresh-cull20-12-holistic-d800	12	holistic	1160	he1763	1.0491	0.5542	1.1250	0.6250	2529.6702	2360.3779	0	0
fresh-cull20-12-holistic-d800	12	holistic	1160	he1764	1.7754	2.0168	2.1250	2.3750	11653.5667	11939.5941	0	0
fresh-cull20-12-holistic-d800	12	holistic	1160	he1765	1.1775	0.9944	1.3125	1.1250	4498.4213	4354.0044	0	0
fresh-cull20-12-holistic-d800	12	holistic	1160	he1766	2.0876	1.9568	2.1875	2.0625	3329.6332	3524.1933	0	0
fresh-cull20-12-holistic-d800	12	holistic	1160	he1767	1.2651	1.3864	1.4375	1.5625	5746.9859	5870.0326	0	0
fresh-cull20-12-holistic-d800	12	holistic	1160	he1768	0.6518	0.7848	0.6875	0.8125	1190.3304	921.7566	0	0
fresh-cull20-12-holistic-d800	12	holistic	1160	he1769	1.3064	1.1655	1.4375	1.3125	4369.1115	4901.3330	0	0
fresh-cull20-12-holistic-d800	12	holistic	1160	he1770	2.1364	0.9639	2.5625	1.3750	14203.6262	13702.2209	0	0
fresh-cull20-12-holistic-d800	12	holistic	1160	he1771	1.1322	0.3869	1.4375	0.6875	10176.1527	10019.9572	0	0
fresh-cull20-12-holistic-d800	12	holistic	1160	he1772	1.3833	0.9408	1.8750	1.4375	16389.4933	16555.8028	0	0
fresh-cull20-12-holistic-d800	12	holistic	1160	he1773	1.5150	1.3242	1.7500	1.5625	7834.8620	7942.9972	0	0
fresh-cull20-12-holistic-d800	12	holistic	1160	he1774	1.7331	1.4211	2.0000	1.6875	8898.1142	8880.9301	0	0
fresh-cull20-12-holistic-d800	12	holistic	1160	he1775	2.2837	1.4690	2.5000	1.6875	7209.9761	7284.2362	0	0
fresh-cull20-12-holistic-d800	12	holistic	1160	he1776	2.4131	1.6708	2.6250	1.8750	7064.3222	6805.5806	0	0
fresh-cull20-12-holistic-d800	12	holistic	1160	he1777	2.2504	1.2559	2.5000	1.5000	8321.3995	8135.9746	0	0
fresh-cull20-12-holistic-d800	12	holistic	1160	he1779	2.1650	1.9819	2.5625	2.3750	13249.9606	13101.8156	0	0
fresh-cull20-12-holistic-d800	12	holistic	1160	he1780	0.9716	0.9249	1.3750	1.3125	13447.1929	12919.6948	0	0
fresh-cull20-12-holistic-d800	12	holistic	1160	he1782	2.2422	2.0649	2.7500	2.5625	16926.8272	16587.7404	0	0
fresh-cull20-12-holistic-d800	12	holistic	1160	he1783	1.0429	1.1071	1.1250	1.1875	2737.0727	2680.7678	0	0
fresh-cull20-12-holistic-d800	12	holistic	1160	he1786	0.8056	0.7458	0.8750	0.8125	2312.3702	2223.8331	0	0
fresh-cull20-12-holistic-d800	12	holistic	1160	he1787	1.5959	2.2010	2.0000	2.6250	13468.8804	14134.1877	0	0
fresh-cull20-12-holistic-d800	12	holistic	1160	he1788	0.0646	0.3189	0.1250	0.3750	2014.0792	1870.4120	0	0
fresh-cull20-12-holistic-d800	12	holistic	1160	he1789	2.0622	2.1240	2.3125	2.3750	8343.2766	8367.2401	0	0
fresh-cull20-12-holistic-d800	12	holistic	1160	he1790	2.3175	1.6900	2.8125	2.1875	16500.3557	16583.3568	0	0
fresh-cull20-12-holistic-d800	12	holistic	1160	he1791	2.5105	2.0767	2.6250	2.1875	3816.3324	3692.7165	0	0
fresh-cull20-12-holistic-d800	12	holistic	1160	he1792	2.2419	1.9938	2.3125	2.0625	2354.2253	2291.4098	0	0
fresh-cull20-12-holistic-d800	12	holistic	1160	he1794	0.2684	0.4578	0.3750	0.5625	3552.0570	3491.4151	0	0
fresh-cull20-12-holistic-d800	12	holistic	1160	he1796	0.3982	0.5872	0.4375	0.6250	1310.5414	1260.0309	0	0
fresh-cull20-12-holistic-d800	12	holistic	1160	he1799	1.1152	1.1196	1.2500	1.2500	4493.5256	4346.9958	0	0
fresh-cull20-12-holistic-d800	12	holistic	1160	he1800	2.0439	1.5595	2.3125	1.8125	8953.1683	8434.4140	0	0
fresh-cull20-12-holistic-d800	12	holistic	1160	he1802	2.9355	1.8777	3.1875	2.1250	8399.2665	8241.6849	0	0
fresh-cull20-12-holistic-d800	12	holistic	1160	he1803	0.8474	1.3437	1.1250	1.6250	9253.1612	9375.1665	0	0
fresh-cull20-12-holistic-d800	12	holistic	1160	he1804	1.6351	1.4490	2.0000	1.8125	12162.9299	12118.2192	0	0
fresh-cull20-12-holistic-d800	12	holistic	1160	he1805	1.1290	1.0050	1.2500	1.1250	4032.8423	4000.0736	0	0
fresh-cull20-12-holistic-d800	12	holistic	1160	he1806	1.6528	1.2141	1.8125	1.3750	5324.9339	5363.7408	0	0
fresh-cull20-12-holistic-d800	12	holistic	1160	he1807	0.9646	0.9048	1.0625	1.0000	3262.7157	3172.9201	0	0
fresh-cull20-12-holistic-d800	12	holistic	1160	he1808	1.1436	1.0818	1.3125	1.2500	5629.5317	5605.5548	0	0
fresh-cull20-12-holistic-d800	12	holistic	1160	he1809	0.2945	0.2928	0.3125	0.3125	599.8296	657.0437	0	0
fresh-cull20-12-holistic-d800	12	holistic	1160	he1810	0.3954	0.3424	0.4375	0.3750	1404.5174	1085.0741	0	0
fresh-cull20-12-holistic-d800	12	holistic	1160	he1812	1.1559	0.9057	1.2500	1.0000	3136.5513	3141.7835	0	0
fresh-cull20-12-holistic-d800	12	holistic	1160	he1814	1.1485	1.2789	1.2500	1.3750	3382.2017	3204.8185	0	0
fresh-cull20-12-holistic-d800	12	holistic	1160	he1815	0.9997	0.7574	1.1250	0.8750	4176.7723	3921.0542	0	0
fresh-cull20-12-holistic-d800	12	holistic	1160	he1817	1.8310	2.2264	2.1250	2.5000	9801.6248	9119.6568	0	0
fresh-cull20-12-holistic-d800	12	holistic	1160	he1818	1.6515	1.3369	1.9375	1.6250	9534.3630	9604.3322	0	0
fresh-cull20-12-holistic-d800	12	holistic	1160	he1819	1.8919	2.3790	2.2500	2.7500	11936.6819	12367.1308	0	0
fresh-cull20-12-holistic-d800	12	holistic	1160	he1820	0.9787	0.6243	1.2500	0.8750	9042.4434	8356.6582	0	0
fresh-cull20-12-holistic-d800	12	holistic	1160	he1821	0.6665	0.8454	1.3125	1.5000	21533.1009	21819.4839	0	0
fresh-cull20-12-holistic-d800	12	holistic	1160	he1822	2.1935	1.5575	2.4375	1.8125	8134.1472	8498.8554	0	0
fresh-cull20-12-holistic-d800	12	holistic	1160	he1823	1.1796	1.2392	1.3125	1.3750	4429.4127	4527.2005	0	0
fresh-cull20-12-holistic-d800	12	holistic	1160	he1824	1.3514	1.4802	1.6250	1.7500	9120.1578	8992.2531	0	0
fresh-cull20-12-holistic-d800	12	holistic	1160	he1826	0.8591	1.0424	1.1250	1.3125	8864.0245	9003.0085	0	0
fresh-cull20-12-holistic-d800	12	holistic	1160	he1827	1.3670	1.0085	1.6250	1.2500	8600.9005	8048.9585	0	0
fresh-cull20-12-holistic-d800	12	holistic	1160	he1828	1.6199	0.9261	1.8125	1.1250	6421.0067	6631.2253	0	0
fresh-cull20-12-holistic-d800	12	holistic	1160	he1829	0.6542	0.7247	0.7500	0.8125	3194.8004	2926.5657	0	0
fresh-cull20-12-holistic-d800	12	holistic	1160	he1830	2.0780	2.0183	2.2500	2.1875	5732.8781	5641.3258	0	0
fresh-cull20-12-holistic-d800	12	holistic	1160	he1831	1.1048	1.1686	1.1250	1.1875	674.1099	630.1758	0	0
fresh-cull20-12-holistic-d800	12	holistic	1160	he1832	0.2976	0.1748	0.3125	0.1875	495.9876	421.8021	0	0
fresh-cull20-12-holistic-d800	12	holistic	1160	he1833	1.0532	0.9233	1.2500	1.1250	6561.3713	6724.5424	0	0
fresh-cull20-12-holistic-d800	12	holistic	1160	he1834	1.0972	0.5984	1.6875	1.1875	19677.7879	19637.3226	0	0
