# garden fresh-cull20-27-holistic-d400 seed 27 holistic season 760 n=60 J=16 worlds=16..31 run=/tmp/rbt107-h1/cull20-27 work_cost=0.03 (182 s, workers 4)
fresh-cull20-27-holistic-d400	27	holistic	760	he1266	0.4290	0.3661	0.4375	0.3750	282.7513	295.3208	0	0
fresh-cull20-27-holistic-d400	27	holistic	760	he1269	1.1013	1.2194	1.1875	1.3125	2873.0975	3104.1720	0	0
fresh-cull20-27-holistic-d400	27	holistic	760	he1270	2.0010	1.8868	2.1250	2.0000	4131.6828	3772.8266	0	0
fresh-cull20-27-holistic-d400	27	holistic	760	he1271	1.7906	1.5212	1.9375	1.6875	4898.1985	5544.9615	0	0
fresh-cull20-27-holistic-d400	27	holistic	760	he1272	-0.0067	0.1153	0.0000	0.1250	223.8285	322.0278	0	0
fresh-cull20-27-holistic-d400	27	holistic	760	he1276	1.0877	0.9637	1.1250	1.0000	1243.2264	1209.8916	0	0
fresh-cull20-27-holistic-d400	27	holistic	760	he1277	0.9415	0.8791	1.0000	0.9375	1949.1231	1946.8570	0	0
fresh-cull20-27-holistic-d400	27	holistic	760	he1278	0.1229	0.1229	0.1250	0.1250	71.2316	71.1231	0	0
fresh-cull20-27-holistic-d400	27	holistic	760	he1279	2.1766	2.1188	2.3125	2.2500	4529.9254	4373.9846	0	0
fresh-cull20-27-holistic-d400	27	holistic	760	he1280	2.5881	2.1553	2.7500	2.3125	5396.7499	5241.2232	0	0
fresh-cull20-27-holistic-d400	27	holistic	760	he1281	2.4477	2.4387	2.5625	2.5625	3828.0399	4125.4840	0	0
fresh-cull20-27-holistic-d400	27	holistic	760	he1282	2.0487	1.6169	2.1875	1.7500	4627.7195	4436.4085	0	0
fresh-cull20-27-holistic-d400	27	holistic	760	he1283	1.4039	1.4022	1.4375	1.4375	1120.5199	1177.1792	0	0
fresh-cull20-27-holistic-d400	27	holistic	760	he1284	0.0448	0.1109	0.2500	0.3125	6840.8757	6719.6148	0	0
fresh-cull20-27-holistic-d400	27	holistic	760	he1286	2.2889	2.4073	2.5000	2.6250	7036.7339	7258.2545	0	0
fresh-cull20-27-holistic-d400	27	holistic	760	he1287	1.2237	0.9739	1.2500	1.0000	875.5685	868.8141	0	0
fresh-cull20-27-holistic-d400	27	holistic	760	he1288	0.6597	0.5934	0.7500	0.6875	3011.1783	3137.9471	0	0
fresh-cull20-27-holistic-d400	27	holistic	760	he1290	1.0297	0.7183	1.3125	1.0000	9428.1262	9388.7016	0	0
fresh-cull20-27-holistic-d400	27	holistic	760	he1291	1.7587	1.8098	2.0625	2.1250	10128.2856	10507.9128	0	0
fresh-cull20-27-holistic-d400	27	holistic	760	he1292	2.4623	1.5297	2.6875	1.7500	7507.6214	7343.4859	0	0
fresh-cull20-27-holistic-d400	27	holistic	760	he1294	0.7210	0.7846	0.7500	0.8125	965.4072	930.3918	0	0
fresh-cull20-27-holistic-d400	27	holistic	760	he1295	2.7329	2.7948	3.0000	3.0625	8901.8167	8922.9050	0	0
fresh-cull20-27-holistic-d400	27	holistic	760	he1296	2.0325	1.7209	2.1250	1.8125	3083.7967	3051.7100	0	0
fresh-cull20-27-holistic-d400	27	holistic	760	he1298	0.5548	0.4311	0.5625	0.4375	256.3348	214.5678	0	0
fresh-cull20-27-holistic-d400	27	holistic	760	he1299	1.0694	0.8745	1.1875	1.0000	3936.0404	4183.5499	0	0
fresh-cull20-27-holistic-d400	27	holistic	760	he1300	0.7975	1.3095	1.1875	1.6875	13001.1411	12600.7983	0	0
fresh-cull20-27-holistic-d400	27	holistic	760	he1302	2.7199	2.9308	2.9375	3.1250	7253.9439	6473.7685	0	0
fresh-cull20-27-holistic-d400	27	holistic	760	he1305	2.4398	2.2067	2.5625	2.3125	4089.1812	3526.5616	0	0
fresh-cull20-27-holistic-d400	27	holistic	760	he1306	2.0903	1.4646	2.2500	1.6250	5324.8284	5347.3637	0	0
fresh-cull20-27-holistic-d400	27	holistic	760	he1307	1.2132	0.7292	1.3125	0.8125	3310.0733	2775.7814	0	0
fresh-cull20-27-holistic-d400	27	holistic	760	he1308	2.1779	1.7384	2.5000	2.0625	10735.8352	10802.4537	0	0
fresh-cull20-27-holistic-d400	27	holistic	760	he1311	0.6532	0.4729	0.6875	0.5000	1143.1717	904.7242	0	0
fresh-cull20-27-holistic-d400	27	holistic	760	he1312	2.1157	2.3616	2.2500	2.5000	4477.9476	4614.1282	0	0
fresh-cull20-27-holistic-d400	27	holistic	760	he1314	0.9999	0.8149	1.0625	0.8750	2087.1381	2004.2516	0	0
fresh-cull20-27-holistic-d400	27	holistic	760	he1315	2.3952	2.4019	2.5625	2.5625	5575.2835	5352.1232	0	0
fresh-cull20-27-holistic-d400	27	holistic	760	he1316	0.2835	0.2229	0.3125	0.2500	966.6803	904.7605	0	0
fresh-cull20-27-holistic-d400	27	holistic	760	he1317	2.4106	1.5357	2.5000	1.6250	2978.6145	2976.8312	0	0
fresh-cull20-27-holistic-d400	27	holistic	760	he1319	0.1676	0.4121	0.1875	0.4375	664.9890	847.3642	0	0
fresh-cull20-27-holistic-d400	27	holistic	760	he1320	2.4498	1.8296	2.5625	1.9375	3755.1237	3597.1397	0	0
fresh-cull20-27-holistic-d400	27	holistic	760	he1322	0.6717	0.6099	0.7500	0.6875	2608.3712	2586.3959	0	0
fresh-cull20-27-holistic-d400	27	holistic	760	he1323	3.2691	2.5193	3.4375	2.6875	5614.7789	5607.7563	0	0
fresh-cull20-27-holistic-d400	27	holistic	760	he1324	1.0549	1.2332	1.1250	1.3125	2335.5131	2644.9026	0	0
fresh-cull20-27-holistic-d400	27	holistic	760	he1329	3.1368	2.6958	3.5000	3.0625	12105.0923	12224.4773	0	0
fresh-cull20-27-holistic-d400	27	holistic	760	he1332	2.2865	2.4112	2.3750	2.5000	2950.5564	2960.3861	0	0
fresh-cull20-27-holistic-d400	27	holistic	760	he1333	3.4038	3.2859	3.5625	3.4375	5288.5819	5052.1760	0	0
fresh-cull20-27-holistic-d400	27	holistic	760	he1334	1.2572	1.1936	1.6250	1.5625	12261.2882	12298.0962	0	0
fresh-cull20-27-holistic-d400	27	holistic	760	he1335	0.4940	0.4315	0.5000	0.4375	199.5186	198.3906	0	0
fresh-cull20-27-holistic-d400	27	holistic	760	he1336	4.0960	3.2242	4.3125	3.4375	7216.0332	7109.0823	0	0
fresh-cull20-27-holistic-d400	27	holistic	760	he1337	2.1229	2.5003	2.4375	2.8125	10486.8058	10407.6967	0	0
fresh-cull20-27-holistic-d400	27	holistic	760	he1339	1.7602	1.7021	1.8125	1.7500	1743.5002	1597.0398	0	0
fresh-cull20-27-holistic-d400	27	holistic	760	he1340	0.8029	0.9334	0.8750	1.0000	2404.1666	2219.0227	0	0
fresh-cull20-27-holistic-d400	27	holistic	760	he1341	0.7388	0.6719	0.8125	0.7500	2455.5546	2602.7775	0	0
fresh-cull20-27-holistic-d400	27	holistic	760	he1342	1.0595	1.1190	1.1250	1.1875	2183.3945	2283.2158	0	0
fresh-cull20-27-holistic-d400	27	holistic	760	he1343	0.3799	0.5467	0.6250	0.8125	8169.1180	8860.4637	0	0
fresh-cull20-27-holistic-d400	27	holistic	760	he1344	2.1583	1.4040	2.3125	1.5625	5139.6832	5283.4419	0	0
fresh-cull20-27-holistic-d400	27	holistic	760	he1345	2.2150	1.1222	2.5000	1.3750	9499.6760	8425.2206	0	0
fresh-cull20-27-holistic-d400	27	holistic	760	he1346	2.0941	1.5704	2.2500	1.6875	5197.5294	3902.7240	0	0
fresh-cull20-27-holistic-d400	27	holistic	760	he1347	1.8179	1.6365	2.1250	1.9375	10236.5196	10031.9835	0	0
fresh-cull20-27-holistic-d400	27	holistic	760	he1348	-0.0014	-0.0018	0.0000	0.0000	47.2026	61.2196	0	0
fresh-cull20-27-holistic-d400	27	holistic	760	he1349	1.3072	1.2482	1.5000	1.4375	6426.7135	6311.5315	0	0
