# garden fresh-cull20-27-conventional-d400 seed 27 conventional season 760 n=60 J=16 worlds=16..31 run=/tmp/rbt107-h1/cull20-27 work_cost=0.03 (109 s, workers 4)
fresh-cull20-27-conventional-d400	27	conventional	760	ce1381	0.8338	0.5144	1.0625	0.7500	7624.5133	7854.1532	0	0
fresh-cull20-27-conventional-d400	27	conventional	760	ce1382	2.8127	0.7145	3.4375	1.3750	20826.0234	22017.7802	0	0
fresh-cull20-27-conventional-d400	27	conventional	760	ce1383	2.3929	1.3246	3.0625	2.0000	22321.4153	22513.6714	0	0
fresh-cull20-27-conventional-d400	27	conventional	760	ce1384	1.2161	1.0845	1.9375	1.8125	24045.3723	24267.2390	0	0
fresh-cull20-27-conventional-d400	27	conventional	760	ce1385	1.4941	0.8728	2.1250	1.5000	21031.3569	20906.9097	0	0
fresh-cull20-27-conventional-d400	27	conventional	760	ce1387	1.0570	0.8107	1.8125	1.5625	25182.7741	25059.9055	0	0
fresh-cull20-27-conventional-d400	27	conventional	760	ce1396	1.3205	0.7452	1.7500	1.1875	14317.4524	14744.8719	0	0
fresh-cull20-27-conventional-d400	27	conventional	760	ce1398	1.1256	1.5644	1.8125	2.2500	22896.7198	22851.8762	0	0
fresh-cull20-27-conventional-d400	27	conventional	760	ce1399	0.9939	0.4241	1.6250	1.0625	21037.1739	21278.7183	0	0
fresh-cull20-27-conventional-d400	27	conventional	760	ce1400	0.5504	0.1800	1.3125	0.9375	25404.8913	25249.7787	0	0
fresh-cull20-27-conventional-d400	27	conventional	760	ce1401	1.7712	1.1572	2.4375	1.8125	22208.5029	21842.5564	0	0
fresh-cull20-27-conventional-d400	27	conventional	760	ce1402	2.0703	0.9470	2.7500	1.6250	22656.5831	22601.5054	0	0
fresh-cull20-27-conventional-d400	27	conventional	760	ce1407	1.4659	0.8422	2.0625	1.4375	19885.9047	19844.3034	0	0
fresh-cull20-27-conventional-d400	27	conventional	760	ce1411	1.3145	0.3455	2.0000	1.0000	22848.7446	21817.0381	0	0
fresh-cull20-27-conventional-d400	27	conventional	760	ce1413	2.5702	1.3746	3.2500	2.0625	22660.3020	22929.4052	0	0
fresh-cull20-27-conventional-d400	27	conventional	760	ce1416	1.3262	1.0840	2.0000	1.7500	22458.4879	22199.8634	0	0
fresh-cull20-27-conventional-d400	27	conventional	760	ce1418	0.8405	0.4698	1.6250	1.2500	26149.4683	26007.3136	0	0
fresh-cull20-27-conventional-d400	27	conventional	760	ce1421	2.1230	0.8885	2.7500	1.5000	20898.9030	20382.3410	0	0
fresh-cull20-27-conventional-d400	27	conventional	760	ce1426	1.7575	1.3789	2.5000	2.1250	24749.1522	24870.4336	0	0
fresh-cull20-27-conventional-d400	27	conventional	760	ce1430	1.2850	1.0459	2.0625	1.8125	25918.1662	25552.8329	0	0
fresh-cull20-27-conventional-d400	27	conventional	760	ce1432	1.7985	1.2938	2.5000	2.0000	23382.2004	23538.8705	0	0
fresh-cull20-27-conventional-d400	27	conventional	760	ce1433	2.0388	0.6825	2.5625	1.1875	17455.8444	16832.6004	0	0
fresh-cull20-27-conventional-d400	27	conventional	760	ce1434	3.5153	0.4547	4.1250	1.0625	20324.2627	20261.3030	0	0
fresh-cull20-27-conventional-d400	27	conventional	760	ce1435	1.2522	1.3307	2.0625	2.1250	27008.4518	26475.6702	0	0
fresh-cull20-27-conventional-d400	27	conventional	760	ce1436	1.1832	0.6834	1.8125	1.3125	20975.7318	20968.4508	0	0
fresh-cull20-27-conventional-d400	27	conventional	760	ce1437	1.3611	0.9277	1.8750	1.4375	17130.2156	16992.5579	0	0
fresh-cull20-27-conventional-d400	27	conventional	760	ce1439	0.5866	0.4601	0.7500	0.6250	5445.7369	5496.4036	0	0
fresh-cull20-27-conventional-d400	27	conventional	760	ce1443	1.9123	0.7660	2.5000	1.3750	19590.9182	20301.0186	0	0
fresh-cull20-27-conventional-d400	27	conventional	760	ce1445	1.0705	0.9442	1.8750	1.7500	26815.8007	26859.1746	0	0
fresh-cull20-27-conventional-d400	27	conventional	760	ce1447	1.8719	0.6207	2.5625	1.3125	23021.0449	23061.4687	0	0
fresh-cull20-27-conventional-d400	27	conventional	760	ce1448	1.8615	0.9873	2.5000	1.6250	21283.7327	21258.2732	0	0
fresh-cull20-27-conventional-d400	27	conventional	760	ce1449	1.3480	1.0387	2.0625	1.7500	23815.6080	23708.3549	0	0
fresh-cull20-27-conventional-d400	27	conventional	760	ce1451	1.2832	0.7227	1.7500	1.1875	15560.6195	15492.1786	0	0
fresh-cull20-27-conventional-d400	27	conventional	760	ce1453	1.3674	0.9947	2.0000	1.6250	21086.6510	21009.1382	0	0
fresh-cull20-27-conventional-d400	27	conventional	760	ce1454	1.1650	0.5998	1.9375	1.3750	25749.4275	25841.3535	0	0
fresh-cull20-27-conventional-d400	27	conventional	760	ce1455	1.5664	0.4710	2.2500	1.1875	22786.4349	23882.6369	0	0
fresh-cull20-27-conventional-d400	27	conventional	760	ce1457	1.7832	0.9796	2.4375	1.6250	21809.4804	21511.9403	0	0
fresh-cull20-27-conventional-d400	27	conventional	760	ce1458	2.5511	0.2565	3.2500	1.0000	23298.2612	24784.0251	0	0
fresh-cull20-27-conventional-d400	27	conventional	760	ce1459	0.9351	0.8095	1.6250	1.5000	22995.3916	23015.2955	0	0
fresh-cull20-27-conventional-d400	27	conventional	760	ce1460	2.2739	0.8660	2.9375	1.5000	22120.1826	21133.8329	0	0
fresh-cull20-27-conventional-d400	27	conventional	760	ce1462	1.8072	1.2548	2.5000	1.9375	23092.4604	22756.2543	0	0
fresh-cull20-27-conventional-d400	27	conventional	760	ce1463	1.2254	0.7893	1.9375	1.5000	23737.1570	23689.1767	0	0
fresh-cull20-27-conventional-d400	27	conventional	760	ce1464	1.0080	0.3284	1.7500	1.0625	24732.1077	24469.4665	0	0
fresh-cull20-27-conventional-d400	27	conventional	760	ce1466	2.2412	1.5096	3.0000	2.2500	25294.2965	24680.4330	0	0
fresh-cull20-27-conventional-d400	27	conventional	760	ce1467	2.0962	0.4291	2.7500	1.0625	21793.1709	21112.7201	0	0
fresh-cull20-27-conventional-d400	27	conventional	760	ce1468	2.0719	0.8896	2.7500	1.5625	22602.9931	22431.6345	0	0
fresh-cull20-27-conventional-d400	27	conventional	760	ce1469	0.9393	0.9406	1.6875	1.6875	24938.9091	24895.5190	0	0
fresh-cull20-27-conventional-d400	27	conventional	760	ce1470	1.6777	0.7104	2.4375	1.5000	25327.1745	26321.1348	0	0
fresh-cull20-27-conventional-d400	27	conventional	760	ce1471	0.1705	-0.0254	0.5625	0.3750	13068.3164	13346.9784	0	0
fresh-cull20-27-conventional-d400	27	conventional	760	ce1472	0.5145	1.0203	1.2500	1.7500	24516.3869	24324.7426	0	0
fresh-cull20-27-conventional-d400	27	conventional	760	ce1473	0.4626	0.9025	1.1875	1.6250	24163.6168	24083.6767	0	0
fresh-cull20-27-conventional-d400	27	conventional	760	ce1474	2.3187	0.9454	3.0000	1.6250	22709.8210	22651.6799	0	0
fresh-cull20-27-conventional-d400	27	conventional	760	ce1475	1.6133	1.3432	2.1875	1.9375	19141.2856	19809.1936	0	0
fresh-cull20-27-conventional-d400	27	conventional	760	ce1477	1.4994	0.4212	1.9375	0.8750	14603.0669	15127.3909	0	0
fresh-cull20-27-conventional-d400	27	conventional	760	ce1478	3.5378	0.4240	4.1875	1.1250	21657.8963	23367.5630	0	0
fresh-cull20-27-conventional-d400	27	conventional	760	ce1479	1.8430	0.5961	2.4375	1.1875	19815.5604	19714.0382	0	0
fresh-cull20-27-conventional-d400	27	conventional	760	ce1481	2.3301	0.6850	2.8750	1.2500	18164.8508	18831.8843	0	0
fresh-cull20-27-conventional-d400	27	conventional	760	ce1482	3.4148	1.1737	4.0000	1.7500	19508.0788	19209.7096	0	0
fresh-cull20-27-conventional-d400	27	conventional	760	ce1483	2.2311	0.6032	2.8750	1.2500	21464.7158	21561.1750	0	0
fresh-cull20-27-conventional-d400	27	conventional	760	ce1484	1.7414	0.6794	2.5000	1.4375	25286.2304	25269.4514	0	0
