# garden fresh-cull20-20-conventional-d800 seed 20 conventional season 1160 n=60 J=16 worlds=0..15 run=/tmp/rbt107-h1/cull20-20 work_cost=0.03 (112 s, workers 4)
fresh-cull20-20-conventional-d800	20	conventional	1160	ce2108	2.6755	1.3536	3.3750	2.0625	23318.1728	23629.7830	0	0
fresh-cull20-20-conventional-d800	20	conventional	1160	ce2115	1.7482	0.7168	2.5000	1.4375	25059.0147	24021.9187	0	0
fresh-cull20-20-conventional-d800	20	conventional	1160	ce2116	2.0953	1.0261	2.8750	1.8125	25989.1171	26212.7108	0	0
fresh-cull20-20-conventional-d800	20	conventional	1160	ce2118	2.2893	0.8528	3.0000	1.5625	23690.4345	23656.7838	0	0
fresh-cull20-20-conventional-d800	20	conventional	1160	ce2122	2.0316	1.0543	2.8125	1.8125	26031.1977	25272.8399	0	0
fresh-cull20-20-conventional-d800	20	conventional	1160	ce2125	1.2709	0.2838	2.0625	1.0625	26386.3307	25957.4411	0	0
fresh-cull20-20-conventional-d800	20	conventional	1160	ce2132	2.5389	1.1521	3.2500	1.8750	23704.8949	24097.3734	0	0
fresh-cull20-20-conventional-d800	20	conventional	1160	ce2134	2.5527	1.2499	3.3125	2.0000	25327.8091	25004.6459	0	0
fresh-cull20-20-conventional-d800	20	conventional	1160	ce2135	3.9873	1.2269	4.7500	1.9375	25423.0958	23686.1600	0	1
fresh-cull20-20-conventional-d800	20	conventional	1160	ce2141	2.0582	0.8929	2.8125	1.6250	25143.3784	24402.8124	0	0
fresh-cull20-20-conventional-d800	20	conventional	1160	ce2143	1.5931	1.0898	2.3750	1.8125	26061.7595	24089.0447	0	1
fresh-cull20-20-conventional-d800	20	conventional	1160	ce2144	2.3026	1.5777	3.0000	2.2500	23245.0266	22410.2793	0	0
fresh-cull20-20-conventional-d800	20	conventional	1160	ce2148	2.0715	0.8877	2.8750	1.6875	26784.3754	26659.8732	0	0
fresh-cull20-20-conventional-d800	20	conventional	1160	ce2149	2.3082	0.9689	3.0000	1.6250	23061.3904	21868.4526	0	0
fresh-cull20-20-conventional-d800	20	conventional	1160	ce2152	1.8655	0.7978	2.6250	1.5625	25317.4218	25489.4061	0	0
fresh-cull20-20-conventional-d800	20	conventional	1160	ce2156	3.4506	1.9048	4.0625	2.5625	20396.2897	21922.3091	0	0
fresh-cull20-20-conventional-d800	20	conventional	1160	ce2157	1.0509	0.6915	1.6875	1.3125	21218.5016	20699.8041	0	0
fresh-cull20-20-conventional-d800	20	conventional	1160	ce2158	1.9429	1.4402	2.6250	2.1250	22736.8096	22825.3523	0	0
fresh-cull20-20-conventional-d800	20	conventional	1160	ce2160	3.1025	1.1492	3.8125	1.8750	23666.4659	24193.4579	0	0
fresh-cull20-20-conventional-d800	20	conventional	1160	ce2162	1.8132	0.8670	2.5000	1.5625	22892.0377	23183.1580	0	0
fresh-cull20-20-conventional-d800	20	conventional	1160	ce2165	2.1049	1.3618	2.8125	2.0625	23585.2812	23356.7265	0	0
fresh-cull20-20-conventional-d800	20	conventional	1160	ce2166	1.8069	0.6179	2.6250	1.4375	27269.3848	27320.0518	0	0
fresh-cull20-20-conventional-d800	20	conventional	1160	ce2169	2.6517	0.4425	3.3125	1.1250	22027.3736	22749.0981	0	0
fresh-cull20-20-conventional-d800	20	conventional	1160	ce2170	2.2793	0.7326	3.0000	1.4375	24023.9817	23495.9558	0	0
fresh-cull20-20-conventional-d800	20	conventional	1160	ce2174	1.3581	0.4455	2.1250	1.1875	25563.4341	24733.9239	0	0
fresh-cull20-20-conventional-d800	20	conventional	1160	ce2175	1.2052	0.8530	2.0000	1.6250	26494.8107	25733.3530	0	0
fresh-cull20-20-conventional-d800	20	conventional	1160	ce2179	2.1676	0.8957	2.8750	1.5625	23580.6577	22225.0851	0	0
fresh-cull20-20-conventional-d800	20	conventional	1160	ce2181	1.5419	0.7677	2.1875	1.3750	21519.0688	20243.9572	0	1
fresh-cull20-20-conventional-d800	20	conventional	1160	ce2182	1.1573	0.2789	1.7500	0.8750	19758.2286	19869.8613	0	0
fresh-cull20-20-conventional-d800	20	conventional	1160	ce2183	2.8365	0.3183	3.5625	1.0625	24200.8926	24807.2624	0	1
fresh-cull20-20-conventional-d800	20	conventional	1160	ce2185	2.8253	0.7855	3.6250	1.5625	26656.7166	25898.4357	0	0
fresh-cull20-20-conventional-d800	20	conventional	1160	ce2187	1.3527	1.1728	2.1250	1.9375	25742.0970	25488.5413	0	0
fresh-cull20-20-conventional-d800	20	conventional	1160	ce2188	1.2186	1.0317	2.0000	1.8125	26046.7596	26027.3304	0	0
fresh-cull20-20-conventional-d800	20	conventional	1160	ce2189	4.0411	1.2226	4.7500	1.9375	23630.0784	23830.5812	0	0
fresh-cull20-20-conventional-d800	20	conventional	1160	ce2190	3.4064	0.6216	4.1875	1.3750	26035.5680	25114.7451	0	0
fresh-cull20-20-conventional-d800	20	conventional	1160	ce2191	2.1027	1.1767	2.7500	1.8125	21575.5884	21192.8174	0	0
fresh-cull20-20-conventional-d800	20	conventional	1160	ce2193	1.9043	1.2195	2.5625	1.8750	21938.4720	21848.6441	0	0
fresh-cull20-20-conventional-d800	20	conventional	1160	ce2196	2.6631	1.8490	3.3750	2.5625	23728.5126	23783.0954	0	0
fresh-cull20-20-conventional-d800	20	conventional	1160	ce2197	1.7188	0.7739	2.3750	1.4375	21874.8619	22120.0875	0	0
fresh-cull20-20-conventional-d800	20	conventional	1160	ce2199	2.9604	1.2235	3.6875	1.9375	24238.2982	23799.9235	0	0
fresh-cull20-20-conventional-d800	20	conventional	1160	ce2201	1.7498	0.6802	2.3750	1.3125	20840.1848	21077.7648	0	0
fresh-cull20-20-conventional-d800	20	conventional	1160	ce2202	1.8316	0.9257	2.5000	1.6250	22278.3670	23309.6400	0	0
fresh-cull20-20-conventional-d800	20	conventional	1160	ce2204	2.2161	0.9783	2.9375	1.6875	24045.0561	23639.3294	0	0
fresh-cull20-20-conventional-d800	20	conventional	1160	ce2205	1.3124	1.1296	2.0625	1.8750	25003.2598	24847.0796	0	0
fresh-cull20-20-conventional-d800	20	conventional	1160	ce2206	2.7412	1.0493	3.4375	1.7500	23210.1483	23357.4831	0	0
fresh-cull20-20-conventional-d800	20	conventional	1160	ce2208	3.3838	0.5133	4.1875	1.3125	26789.8670	26638.3777	0	0
fresh-cull20-20-conventional-d800	20	conventional	1160	ce2209	1.4449	0.5909	2.3125	1.4375	28921.4765	28221.6004	0	0
fresh-cull20-20-conventional-d800	20	conventional	1160	ce2210	2.3437	0.9558	3.0000	1.6250	21878.0198	22305.1677	0	0
fresh-cull20-20-conventional-d800	20	conventional	1160	ce2211	2.1964	2.0057	2.8750	2.6875	22618.6968	22727.9294	0	0
fresh-cull20-20-conventional-d800	20	conventional	1160	ce2212	0.9956	1.0502	1.5625	1.6250	18896.8163	19158.7792	0	0
fresh-cull20-20-conventional-d800	20	conventional	1160	ce2214	1.1429	1.1403	1.6875	1.6875	18153.8629	18241.2113	0	0
fresh-cull20-20-conventional-d800	20	conventional	1160	ce2216	2.9704	1.0772	3.6875	1.8125	23902.6800	24509.9360	0	0
fresh-cull20-20-conventional-d800	20	conventional	1160	ce2217	1.8611	1.8419	2.5000	2.5000	21296.1317	21937.9482	0	0
fresh-cull20-20-conventional-d800	20	conventional	1160	ce2218	1.2005	0.4412	1.9375	1.1875	24565.3142	24877.9529	0	0
fresh-cull20-20-conventional-d800	20	conventional	1160	ce2220	0.4737	-0.0878	1.3125	0.7500	27961.6567	27927.0765	0	0
fresh-cull20-20-conventional-d800	20	conventional	1160	ce2221	0.5647	0.5025	1.2500	1.1875	22842.1869	22832.7880	0	0
fresh-cull20-20-conventional-d800	20	conventional	1160	ce2224	2.6056	1.3779	3.3125	2.0625	23563.2615	22821.4832	0	0
fresh-cull20-20-conventional-d800	20	conventional	1160	ce2226	0.3342	0.2821	1.1250	1.0625	26361.0287	26014.5960	0	0
fresh-cull20-20-conventional-d800	20	conventional	1160	ce2227	0.3037	0.1297	1.1250	0.9375	27376.2520	26927.9315	0	0
fresh-cull20-20-conventional-d800	20	conventional	1160	ce2228	0.1490	0.3544	0.6875	0.9375	17948.4277	19435.5837	0	0
