# garden fresh-cull20-19-holistic-d400 seed 19 holistic season 760 n=60 J=16 worlds=0..15 run=/tmp/rbt107-h1/cull20-19 work_cost=0.03 (98 s, workers 4)
fresh-cull20-19-holistic-d400	19	holistic	760	he1155	1.5846	1.2115	1.6875	1.3125	3430.2312	3366.3081	0	0
fresh-cull20-19-holistic-d400	19	holistic	760	he1156	0.9908	0.9905	1.3750	1.3750	12807.6800	12815.9576	0	0
fresh-cull20-19-holistic-d400	19	holistic	760	he1159	1.3050	0.9931	1.6250	1.3125	10667.9877	10647.7155	0	0
fresh-cull20-19-holistic-d400	19	holistic	760	he1160	1.1624	0.6061	1.1875	0.6250	836.7492	628.6203	0	0
fresh-cull20-19-holistic-d400	19	holistic	760	he1162	1.5023	1.5661	1.6875	1.7500	6174.2588	6130.6353	0	0
fresh-cull20-19-holistic-d400	19	holistic	760	he1163	0.5054	0.5673	0.5625	0.6250	1903.6080	1922.0509	0	0
fresh-cull20-19-holistic-d400	19	holistic	760	he1164	0.4874	0.4871	0.6875	0.6875	6670.6536	6678.9238	0	0
fresh-cull20-19-holistic-d400	19	holistic	760	he1165	2.3878	1.6366	2.4375	1.6875	1655.5146	1697.4311	0	0
fresh-cull20-19-holistic-d400	19	holistic	760	he1166	1.3905	0.9821	1.5625	1.1250	5732.9078	4762.7344	0	0
fresh-cull20-19-holistic-d400	19	holistic	760	he1167	1.1821	0.9956	1.2500	1.0625	2262.4919	2229.5029	0	0
fresh-cull20-19-holistic-d400	19	holistic	760	he1168	2.0838	1.3999	2.1875	1.5000	3457.4066	3335.5630	0	0
fresh-cull20-19-holistic-d400	19	holistic	760	he1170	0.8264	0.8282	0.8750	0.8750	1618.7455	1559.8304	0	0
fresh-cull20-19-holistic-d400	19	holistic	760	he1172	1.7003	1.8941	1.8125	2.0000	3740.7152	3530.2368	0	0
fresh-cull20-19-holistic-d400	19	holistic	760	he1173	2.6302	1.9442	2.7500	2.0625	3992.9480	3942.7598	0	0
fresh-cull20-19-holistic-d400	19	holistic	760	he1176	0.7109	0.4036	0.7500	0.4375	1302.1150	1130.7691	0	0
fresh-cull20-19-holistic-d400	19	holistic	760	he1177	0.9726	0.8509	1.0625	0.9375	2995.9642	2887.1872	0	0
fresh-cull20-19-holistic-d400	19	holistic	760	he1179	0.3668	0.4267	0.3750	0.4375	273.2393	359.8287	0	0
fresh-cull20-19-holistic-d400	19	holistic	760	he1180	0.9165	0.9176	1.0625	1.0625	4866.8419	4829.6050	0	0
fresh-cull20-19-holistic-d400	19	holistic	760	he1183	0.9776	1.0380	1.0000	1.0625	746.9486	817.2447	0	0
fresh-cull20-19-holistic-d400	19	holistic	760	he1184	1.4311	1.5572	1.5000	1.6250	2297.2848	2259.2145	0	0
fresh-cull20-19-holistic-d400	19	holistic	760	he1185	0.9600	0.8350	1.0000	0.8750	1332.0739	1334.8327	0	0
fresh-cull20-19-holistic-d400	19	holistic	760	he1186	0.4056	0.4051	0.4375	0.4375	1064.5029	1080.8340	0	0
fresh-cull20-19-holistic-d400	19	holistic	760	he1187	1.0981	0.9762	1.1250	1.0000	896.4620	793.4208	0	0
fresh-cull20-19-holistic-d400	19	holistic	760	he1188	0.4849	0.2345	0.6250	0.3750	4669.3427	4684.5483	0	0
fresh-cull20-19-holistic-d400	19	holistic	760	he1189	1.3437	0.9118	1.5000	1.0625	5210.6649	5022.2656	0	0
fresh-cull20-19-holistic-d400	19	holistic	760	he1190	0.4916	0.9292	0.8125	1.2500	10696.1733	10693.1746	0	0
fresh-cull20-19-holistic-d400	19	holistic	760	he1191	1.3606	1.2359	1.5000	1.3750	4645.8215	4637.1960	0	0
fresh-cull20-19-holistic-d400	19	holistic	760	he1192	0.1645	0.1632	0.1875	0.1875	767.3942	809.5416	0	0
fresh-cull20-19-holistic-d400	19	holistic	760	he1193	1.0869	1.2142	1.1875	1.3125	3354.7782	3275.7642	0	0
fresh-cull20-19-holistic-d400	19	holistic	760	he1194	1.6971	1.2611	2.1250	1.6875	14264.2805	14214.4125	0	0
fresh-cull20-19-holistic-d400	19	holistic	760	he1195	1.4191	0.9195	1.5000	1.0000	2697.3760	2684.5717	0	0
fresh-cull20-19-holistic-d400	19	holistic	760	he1198	0.3595	0.3600	0.3750	0.3750	515.5462	499.3681	0	0
fresh-cull20-19-holistic-d400	19	holistic	760	he1201	0.4204	0.4822	0.5625	0.6250	4737.6847	4760.7784	0	0
fresh-cull20-19-holistic-d400	19	holistic	760	he1202	0.6473	0.5209	1.0625	0.9375	13838.5230	13885.4653	0	0
fresh-cull20-19-holistic-d400	19	holistic	760	he1206	0.4977	0.6231	0.6875	0.8125	6327.4249	6313.7640	0	0
fresh-cull20-19-holistic-d400	19	holistic	760	he1208	0.6779	0.6782	0.8125	0.8125	4487.8288	4475.1351	0	0
fresh-cull20-19-holistic-d400	19	holistic	760	he1209	0.7807	0.9709	0.9375	1.1250	5225.1955	5135.7823	0	0
fresh-cull20-19-holistic-d400	19	holistic	760	he1210	2.4201	3.1068	2.6250	3.3125	6828.7986	6856.7341	0	0
fresh-cull20-19-holistic-d400	19	holistic	760	he1211	0.4989	0.6256	0.5625	0.6875	2118.9327	2064.8302	0	0
fresh-cull20-19-holistic-d400	19	holistic	760	he1212	2.3749	1.1248	2.5000	1.2500	4169.5717	4173.0558	0	0
fresh-cull20-19-holistic-d400	19	holistic	760	he1213	0.3544	0.1699	0.3750	0.1875	686.9982	586.0378	0	0
fresh-cull20-19-holistic-d400	19	holistic	760	he1214	1.5098	1.0112	1.6875	1.1875	5923.9059	5876.5655	0	0
fresh-cull20-19-holistic-d400	19	holistic	760	he1215	0.4275	0.9921	0.5000	1.0625	2416.5556	2347.5920	0	0
fresh-cull20-19-holistic-d400	19	holistic	760	he1216	0.5563	0.4344	0.6250	0.5000	2288.4059	2186.8271	0	0
fresh-cull20-19-holistic-d400	19	holistic	760	he1217	1.9803	1.6064	2.1875	1.8125	6906.3928	6870.1941	0	0
fresh-cull20-19-holistic-d400	19	holistic	760	he1220	2.1252	1.3102	2.2500	1.4375	4160.8940	4242.4400	0	0
fresh-cull20-19-holistic-d400	19	holistic	760	he1221	0.9798	0.9179	1.1250	1.0625	4839.5710	4818.6049	0	0
fresh-cull20-19-holistic-d400	19	holistic	760	he1222	0.0471	0.0470	0.0625	0.0625	512.5204	518.3134	0	0
fresh-cull20-19-holistic-d400	19	holistic	760	he1223	2.4678	1.4749	2.5625	1.5625	3156.2242	2919.0545	0	0
fresh-cull20-19-holistic-d400	19	holistic	760	he1224	0.9335	1.7431	1.0625	1.8750	4299.4529	4396.9406	0	0
fresh-cull20-19-holistic-d400	19	holistic	760	he1225	2.4416	2.6310	2.5625	2.7500	4031.4661	3966.7710	0	0
fresh-cull20-19-holistic-d400	19	holistic	760	he1226	1.0065	1.0724	1.0625	1.1250	1866.3042	1751.7125	0	0
fresh-cull20-19-holistic-d400	19	holistic	760	he1227	0.4095	0.7270	0.4375	0.7500	931.9375	765.1721	0	0
fresh-cull20-19-holistic-d400	19	holistic	760	he1228	0.8055	1.2421	1.2500	1.6875	14817.5316	14847.6378	0	0
fresh-cull20-19-holistic-d400	19	holistic	760	he1229	1.1573	0.9092	1.1875	0.9375	1006.2335	941.8237	0	0
fresh-cull20-19-holistic-d400	19	holistic	760	he1230	1.0258	0.6494	1.1250	0.7500	3306.2381	3351.9855	0	0
fresh-cull20-19-holistic-d400	19	holistic	760	he1231	2.0092	2.1981	2.2500	2.4375	8027.1106	7979.1125	0	0
fresh-cull20-19-holistic-d400	19	holistic	760	he1232	2.1344	1.9496	2.2500	2.0625	3851.9910	3762.5641	0	0
fresh-cull20-19-holistic-d400	19	holistic	760	he1233	2.5137	1.7687	2.6875	1.9375	5793.8600	5625.3420	0	0
fresh-cull20-19-holistic-d400	19	holistic	760	he1234	1.0983	1.2243	1.1875	1.3125	2974.0297	2939.7004	0	0
