# garden fresh-cull20-21-holistic-d600 seed 21 holistic season 960 n=60 J=16 worlds=0..15 run=/tmp/rbt107-h1/cull20-21 work_cost=0.03 (94 s, workers 4)
fresh-cull20-21-holistic-d600	21	holistic	960	he1430	3.2691	2.3360	3.3750	2.4375	3529.4439	3384.6655	0	0
fresh-cull20-21-holistic-d600	21	holistic	960	he1431	1.1685	0.7953	1.4375	1.0625	8967.9724	8908.1360	0	0
fresh-cull20-21-holistic-d600	21	holistic	960	he1433	2.3921	2.1433	2.4375	2.1875	1512.0279	1472.7053	0	0
fresh-cull20-21-holistic-d600	21	holistic	960	he1434	2.4371	2.3730	2.5000	2.4375	2097.2888	2151.0927	0	0
fresh-cull20-21-holistic-d600	21	holistic	960	he1435	3.2823	2.4769	3.3750	2.5625	3089.7319	2852.3295	0	0
fresh-cull20-21-holistic-d600	21	holistic	960	he1437	1.6642	0.8505	2.0000	1.1875	11191.7067	11233.4726	0	0
fresh-cull20-21-holistic-d600	21	holistic	960	he1438	1.0587	1.0016	1.3125	1.2500	8458.6226	8279.1142	0	0
fresh-cull20-21-holistic-d600	21	holistic	960	he1439	2.6299	1.4588	2.6875	1.5000	1920.8556	1373.6809	0	0
fresh-cull20-21-holistic-d600	21	holistic	960	he1441	0.6189	0.8671	0.9375	1.1875	10620.1238	10679.2444	0	0
fresh-cull20-21-holistic-d600	21	holistic	960	he1442	1.2288	1.2928	1.5625	1.6250	11121.9469	11072.5656	0	0
fresh-cull20-21-holistic-d600	21	holistic	960	he1443	1.0320	0.5929	1.3125	0.8750	9350.1053	9402.3196	0	0
fresh-cull20-21-holistic-d600	21	holistic	960	he1445	2.5604	2.1368	2.6250	2.1875	2154.8906	1689.5275	0	0
fresh-cull20-21-holistic-d600	21	holistic	960	he1448	1.1844	1.1860	1.3125	1.3125	4269.7065	4215.9672	0	0
fresh-cull20-21-holistic-d600	21	holistic	960	he1449	1.6712	1.5439	1.8750	1.7500	6792.7053	6870.4808	0	0
fresh-cull20-21-holistic-d600	21	holistic	960	he1450	0.8324	0.8981	1.1250	1.1875	9753.5244	9645.9769	0	0
fresh-cull20-21-holistic-d600	21	holistic	960	he1451	1.8246	0.8893	2.1250	1.1875	10014.3352	9938.5517	0	0
fresh-cull20-21-holistic-d600	21	holistic	960	he1452	2.1433	2.3306	2.2500	2.4375	3557.8460	3563.2749	0	0
fresh-cull20-21-holistic-d600	21	holistic	960	he1454	1.2093	1.0215	1.5000	1.3125	9690.1180	9699.7130	0	0
fresh-cull20-21-holistic-d600	21	holistic	960	he1455	1.6690	1.3580	1.8125	1.5000	4783.6373	4732.7960	0	0
fresh-cull20-21-holistic-d600	21	holistic	960	he1458	2.6744	2.9424	2.7500	3.0000	2519.2187	1921.0014	0	0
fresh-cull20-21-holistic-d600	21	holistic	960	he1461	1.6292	1.6302	1.8750	1.8750	8192.8355	8161.2906	0	0
fresh-cull20-21-holistic-d600	21	holistic	960	he1462	1.6541	1.2810	1.7500	1.3750	3196.5030	3131.6705	0	0
fresh-cull20-21-holistic-d600	21	holistic	960	he1464	3.3676	2.3020	3.4375	2.3750	2328.8308	2433.3251	0	0
fresh-cull20-21-holistic-d600	21	holistic	960	he1465	0.9285	0.8050	1.1875	1.0625	8632.9928	8582.3159	0	0
fresh-cull20-21-holistic-d600	21	holistic	960	he1466	1.5721	0.8217	1.8125	1.0625	8012.2779	8025.7182	0	0
fresh-cull20-21-holistic-d600	21	holistic	960	he1468	0.5631	0.3073	0.6250	0.3750	2064.1129	2257.6875	0	0
fresh-cull20-21-holistic-d600	21	holistic	960	he1469	1.0455	0.8597	1.1875	1.0000	4731.8610	4675.3792	0	0
fresh-cull20-21-holistic-d600	21	holistic	960	he1471	1.0301	1.3460	1.3125	1.6250	9413.6274	9300.1286	0	0
fresh-cull20-21-holistic-d600	21	holistic	960	he1472	1.5947	0.6509	1.8750	0.9375	9344.2686	9553.3369	0	0
fresh-cull20-21-holistic-d600	21	holistic	960	he1475	0.5744	0.8262	0.8750	1.1250	10019.5198	9959.3310	0	0
fresh-cull20-21-holistic-d600	21	holistic	960	he1477	1.6087	1.2466	1.8750	1.5000	8876.0878	8448.1899	0	0
fresh-cull20-21-holistic-d600	21	holistic	960	he1478	1.7929	1.4193	1.9375	1.5625	4818.9489	4772.5231	0	0
fresh-cull20-21-holistic-d600	21	holistic	960	he1479	2.7450	1.3812	2.8125	1.4375	2248.4292	1878.1297	0	0
fresh-cull20-21-holistic-d600	21	holistic	960	he1480	1.5651	1.1293	1.8750	1.4375	10328.8876	10272.9068	0	0
fresh-cull20-21-holistic-d600	21	holistic	960	he1481	1.4162	1.6589	1.5000	1.7500	2794.5637	3037.6447	0	0
fresh-cull20-21-holistic-d600	21	holistic	960	he1482	2.2377	2.1809	2.3125	2.2500	2494.5535	2303.8833	0	1
fresh-cull20-21-holistic-d600	21	holistic	960	he1483	1.0995	0.6641	1.1250	0.6875	848.9329	778.5111	0	0
fresh-cull20-21-holistic-d600	21	holistic	960	he1485	1.8278	1.2765	2.0000	1.4375	5741.2661	5367.5973	0	0
fresh-cull20-21-holistic-d600	21	holistic	960	he1486	1.0736	1.2634	1.2500	1.4375	5879.6144	5804.9064	0	0
fresh-cull20-21-holistic-d600	21	holistic	960	he1488	2.0471	1.3535	2.1250	1.4375	2596.1572	2800.6867	0	0
fresh-cull20-21-holistic-d600	21	holistic	960	he1489	1.3614	0.7960	1.6250	1.0625	8785.1573	8884.4556	0	0
fresh-cull20-21-holistic-d600	21	holistic	960	he1491	2.6721	2.4916	2.7500	2.5625	2595.3559	2362.0970	0	0
fresh-cull20-21-holistic-d600	21	holistic	960	he1492	2.7217	3.2333	2.8125	3.3125	3027.4840	2638.4797	0	0
fresh-cull20-21-holistic-d600	21	holistic	960	he1493	1.2922	0.9718	1.5625	1.2500	9011.1085	9272.8254	0	0
fresh-cull20-21-holistic-d600	21	holistic	960	he1495	1.8564	1.5466	2.0625	1.7500	6869.7903	6780.9021	0	0
fresh-cull20-21-holistic-d600	21	holistic	960	he1497	1.5664	1.4935	1.9375	1.8750	12371.3597	12715.8737	0	0
fresh-cull20-21-holistic-d600	21	holistic	960	he1498	1.3100	1.8815	1.5000	2.0625	6333.5154	6034.3630	0	0
fresh-cull20-21-holistic-d600	21	holistic	960	he1500	1.1156	1.0516	1.4375	1.3750	10729.3375	10780.2649	0	0
fresh-cull20-21-holistic-d600	21	holistic	960	he1501	-0.0377	0.1517	0.0625	0.2500	3338.7962	3278.1482	0	0
fresh-cull20-21-holistic-d600	21	holistic	960	he1502	0.2424	0.2420	0.2500	0.2500	254.8787	268.1184	0	0
fresh-cull20-21-holistic-d600	21	holistic	960	he1503	0.4353	0.4966	0.5000	0.5625	2157.7976	2196.6432	0	0
fresh-cull20-21-holistic-d600	21	holistic	960	he1504	0.1741	0.1739	0.1875	0.1875	446.5998	452.9184	0	0
fresh-cull20-21-holistic-d600	21	holistic	960	he1505	0.7587	0.9468	1.0000	1.1875	8042.6522	8023.1128	0	0
fresh-cull20-21-holistic-d600	21	holistic	960	he1506	0.3409	0.5294	0.3750	0.5625	1135.6910	1104.7704	0	0
fresh-cull20-21-holistic-d600	21	holistic	960	he1507	1.7233	0.7929	2.0000	1.0625	9224.6133	8988.1014	0	0
fresh-cull20-21-holistic-d600	21	holistic	960	he1509	-0.0023	-0.0025	0.0000	0.0000	76.1811	84.2955	0	0
fresh-cull20-21-holistic-d600	21	holistic	960	he1510	1.0155	1.1410	1.2500	1.3750	7815.0567	7800.8006	0	0
fresh-cull20-21-holistic-d600	21	holistic	960	he1511	2.2967	1.5579	2.3750	1.6250	2611.4893	2237.0397	0	0
fresh-cull20-21-holistic-d600	21	holistic	960	he1512	0.1875	0.0000	0.1875	0.0000	0.0000	0.0000	0	0
fresh-cull20-21-holistic-d600	21	holistic	960	he1513	0.1875	0.1875	0.1875	0.1875	0.1138	0.2275	0	0
