# garden fresh-cull20-13-conventional-d400 seed 13 conventional season 760 n=60 J=16 worlds=0..15 run=/tmp/rbt107-h1/cull20-13 work_cost=0.03 (112 s, workers 4)
fresh-cull20-13-conventional-d400	13	conventional	760	ce1412	2.8534	1.1576	3.5000	1.8125	21553.1571	21828.4651	0	0
fresh-cull20-13-conventional-d400	13	conventional	760	ce1414	1.8954	1.3660	2.3750	1.8125	15986.0189	14882.2990	0	1
fresh-cull20-13-conventional-d400	13	conventional	760	ce1416	2.4636	0.8367	3.1250	1.5000	22045.2629	22111.5917	0	0
fresh-cull20-13-conventional-d400	13	conventional	760	ce1417	1.5024	1.2678	2.1250	1.8750	20752.5247	20241.6615	0	0
fresh-cull20-13-conventional-d400	13	conventional	760	ce1419	1.3935	1.0170	2.1250	1.7500	24384.2392	24434.6346	0	0
fresh-cull20-13-conventional-d400	13	conventional	760	ce1420	2.3395	1.0361	3.1250	1.8125	26181.7378	25880.3259	0	0
fresh-cull20-13-conventional-d400	13	conventional	760	ce1423	2.2965	1.9740	3.0000	2.6875	23449.8945	23783.3796	0	0
fresh-cull20-13-conventional-d400	13	conventional	760	ce1425	2.7142	1.5701	3.2500	2.1250	17858.4969	18497.6379	0	0
fresh-cull20-13-conventional-d400	13	conventional	760	ce1426	1.4739	0.7245	2.0625	1.3125	19621.2934	19601.1808	0	0
fresh-cull20-13-conventional-d400	13	conventional	760	ce1427	2.8898	1.8247	3.5000	2.4375	20338.7593	20426.9235	0	0
fresh-cull20-13-conventional-d400	13	conventional	760	ce1428	2.2754	0.9004	2.8750	1.5000	19987.8700	19987.3707	0	0
fresh-cull20-13-conventional-d400	13	conventional	760	ce1429	1.6188	0.6227	2.2500	1.2500	21038.8238	20910.5162	0	0
fresh-cull20-13-conventional-d400	13	conventional	760	ce1430	2.7181	1.7791	3.4375	2.5000	23978.9271	24029.7986	0	0
fresh-cull20-13-conventional-d400	13	conventional	760	ce1431	1.6470	0.7842	2.2500	1.3750	20098.5148	19693.5806	0	0
fresh-cull20-13-conventional-d400	13	conventional	760	ce1437	1.3083	0.9930	2.1250	1.8125	27222.9670	27315.8512	0	0
fresh-cull20-13-conventional-d400	13	conventional	760	ce1438	1.9282	1.2429	2.6250	1.9375	23227.6835	23154.9173	0	0
fresh-cull20-13-conventional-d400	13	conventional	760	ce1439	1.7123	0.3998	2.5000	1.1875	26258.3275	26255.9602	0	0
fresh-cull20-13-conventional-d400	13	conventional	760	ce1440	2.5250	1.1786	3.0625	1.7500	17917.5013	19046.1746	0	0
fresh-cull20-13-conventional-d400	13	conventional	760	ce1441	1.2279	1.2278	1.8125	1.8125	19487.7149	19490.7786	0	0
fresh-cull20-13-conventional-d400	13	conventional	760	ce1442	2.9389	1.0852	3.5000	1.6250	18704.9593	17992.8913	0	0
fresh-cull20-13-conventional-d400	13	conventional	760	ce1444	2.8521	2.1021	3.5000	2.7500	21596.5871	21595.3554	0	0
fresh-cull20-13-conventional-d400	13	conventional	760	ce1445	0.9584	0.3312	1.5000	0.8750	18054.3573	18125.5501	0	0
fresh-cull20-13-conventional-d400	13	conventional	760	ce1446	1.3952	0.4624	1.9375	1.0000	18076.2279	17920.8378	0	0
fresh-cull20-13-conventional-d400	13	conventional	760	ce1447	1.7700	0.4554	2.2500	0.9375	15999.0446	16068.7909	0	0
fresh-cull20-13-conventional-d400	13	conventional	760	ce1448	2.1708	0.5994	2.7500	1.1875	19305.1121	19604.4513	0	0
fresh-cull20-13-conventional-d400	13	conventional	760	ce1450	1.8279	0.2813	2.6250	1.0625	26569.4588	26040.5724	0	0
fresh-cull20-13-conventional-d400	13	conventional	760	ce1451	1.2377	0.6734	1.8125	1.2500	19160.5559	19220.0271	0	0
fresh-cull20-13-conventional-d400	13	conventional	760	ce1454	3.2662	0.7106	3.7500	1.2500	16127.2151	17980.2251	0	0
fresh-cull20-13-conventional-d400	13	conventional	760	ce1455	2.7419	0.9060	3.3125	1.4375	19020.4587	17715.5044	0	1
fresh-cull20-13-conventional-d400	13	conventional	760	ce1456	0.6108	0.1544	1.2500	0.8125	21307.0493	21937.0841	0	0
fresh-cull20-13-conventional-d400	13	conventional	760	ce1457	2.3291	0.8102	2.8125	1.3750	16113.3261	18826.9762	0	0
fresh-cull20-13-conventional-d400	13	conventional	760	ce1458	1.1229	0.7461	1.9375	1.5625	27153.7351	27214.2698	0	0
fresh-cull20-13-conventional-d400	13	conventional	760	ce1459	1.3589	0.8546	2.0000	1.5000	21369.0712	21513.8543	0	0
fresh-cull20-13-conventional-d400	13	conventional	760	ce1460	1.1751	0.9863	1.7500	1.5625	19162.6845	19207.0244	0	0
fresh-cull20-13-conventional-d400	13	conventional	760	ce1461	2.0346	1.1943	2.5625	1.7500	17598.2704	18523.4317	0	0
fresh-cull20-13-conventional-d400	13	conventional	760	ce1462	2.6951	1.3766	3.3750	2.0625	22661.9442	22862.8268	0	0
fresh-cull20-13-conventional-d400	13	conventional	760	ce1463	2.0164	1.3843	2.6875	2.0625	22369.6990	22605.3649	0	0
fresh-cull20-13-conventional-d400	13	conventional	760	ce1466	2.2286	1.5427	2.9375	2.2500	23629.2447	23576.7274	0	0
fresh-cull20-13-conventional-d400	13	conventional	760	ce1468	1.0260	0.4618	1.6875	1.1250	22050.0265	22105.1623	0	0
fresh-cull20-13-conventional-d400	13	conventional	760	ce1469	0.8464	0.4712	1.5625	1.1875	23869.0499	23876.5185	0	0
fresh-cull20-13-conventional-d400	13	conventional	760	ce1471	3.8948	2.1268	4.3750	2.6250	16006.4847	16606.7928	0	0
fresh-cull20-13-conventional-d400	13	conventional	760	ce1472	1.7647	0.5843	2.3750	1.1875	20344.9832	20106.2830	0	0
fresh-cull20-13-conventional-d400	13	conventional	760	ce1473	1.6296	0.8203	2.3125	1.5000	22763.3422	22658.2036	0	0
fresh-cull20-13-conventional-d400	13	conventional	760	ce1474	1.9814	1.1671	2.6875	1.8750	23535.6407	23597.0607	0	0
fresh-cull20-13-conventional-d400	13	conventional	760	ce1476	1.8058	0.9827	2.5000	1.6875	23140.3257	23494.6443	0	0
fresh-cull20-13-conventional-d400	13	conventional	760	ce1477	3.2495	1.4423	3.8750	2.0625	20850.4376	20674.1671	0	0
fresh-cull20-13-conventional-d400	13	conventional	760	ce1479	1.4784	0.4769	2.0625	1.0625	19468.8976	19521.5399	0	0
fresh-cull20-13-conventional-d400	13	conventional	760	ce1480	2.3239	2.1366	2.8750	2.6875	18369.3070	18364.4019	0	0
fresh-cull20-13-conventional-d400	13	conventional	760	ce1482	0.1368	0.1994	0.7500	0.8125	20439.9631	20437.2337	0	0
fresh-cull20-13-conventional-d400	13	conventional	760	ce1483	0.9535	0.3294	1.7500	1.1250	26550.0237	26521.6021	0	0
fresh-cull20-13-conventional-d400	13	conventional	760	ce1485	2.0067	1.6341	2.6250	2.2500	20608.6304	20530.3106	0	0
fresh-cull20-13-conventional-d400	13	conventional	760	ce1486	1.9091	0.9090	2.3750	1.3750	15529.5220	15534.8753	0	0
fresh-cull20-13-conventional-d400	13	conventional	760	ce1487	1.5183	1.6398	2.1875	2.3125	22307.0224	22422.1598	0	0
fresh-cull20-13-conventional-d400	13	conventional	760	ce1488	0.7058	1.0794	1.3125	1.6875	20221.9280	20271.5147	0	0
fresh-cull20-13-conventional-d400	13	conventional	760	ce1489	0.8480	0.3731	1.5625	1.0625	23816.8669	22981.2188	0	0
fresh-cull20-13-conventional-d400	13	conventional	760	ce1491	1.8170	0.8119	2.5000	1.5000	22766.6308	22938.2005	0	0
fresh-cull20-13-conventional-d400	13	conventional	760	ce1492	1.8312	1.5891	2.6250	2.3750	26459.0482	26196.6505	0	0
fresh-cull20-13-conventional-d400	13	conventional	760	ce1493	1.0255	0.4896	1.6250	1.1250	19982.5954	21180.6141	0	0
fresh-cull20-13-conventional-d400	13	conventional	760	ce1494	0.1360	0.1354	0.7500	0.7500	20465.4278	20488.2075	0	0
fresh-cull20-13-conventional-d400	13	conventional	760	ce1495	0.3711	0.2411	1.0000	0.8750	20963.9273	21130.1431	0	0
