# garden fresh-shift-17-holistic-d110 seed 17 holistic season 470 n=60 J=16 worlds=0..15 run=/tmp/rbt107-hrep/shift-17 work_cost=0.03 (66 s, workers 4)
fresh-shift-17-holistic-d110	17	holistic	470	he766	1.4662	1.2827	1.5000	1.3125	1125.5864	994.1351	0	0
fresh-shift-17-holistic-d110	17	holistic	470	he767	3.0031	2.1263	3.2500	2.3750	8230.7023	8289.1218	0	0
fresh-shift-17-holistic-d110	17	holistic	470	he768	1.2694	1.0827	1.3125	1.1250	1436.0469	1408.6828	0	0
fresh-shift-17-holistic-d110	17	holistic	470	he769	0.1946	0.0695	0.3125	0.1875	3929.6795	3932.1769	0	0
fresh-shift-17-holistic-d110	17	holistic	470	he770	0.7449	0.5006	0.9375	0.6875	6420.1036	6228.5142	0	0
fresh-shift-17-holistic-d110	17	holistic	470	he771	1.6150	1.0514	1.8125	1.2500	6584.5784	6618.4733	0	0
fresh-shift-17-holistic-d110	17	holistic	470	he772	1.3513	0.9159	1.6250	1.1875	9122.8098	9053.7870	0	0
fresh-shift-17-holistic-d110	17	holistic	470	he774	1.5013	1.1295	1.7500	1.3750	8289.3333	8182.4572	0	0
fresh-shift-17-holistic-d110	17	holistic	470	he775	2.0911	1.3417	2.2500	1.5000	5296.2499	5277.7084	0	0
fresh-shift-17-holistic-d110	17	holistic	470	he776	0.7998	0.4265	0.8750	0.5000	2508.1994	2449.4106	0	0
fresh-shift-17-holistic-d110	17	holistic	470	he778	0.9673	0.9682	1.3750	1.3750	13589.5505	13561.2934	0	0
fresh-shift-17-holistic-d110	17	holistic	470	he779	1.1396	1.2021	1.3750	1.4375	7847.3176	7847.3995	0	0
fresh-shift-17-holistic-d110	17	holistic	470	he783	1.8368	2.4629	2.0000	2.6250	5440.5359	5404.0942	0	0
fresh-shift-17-holistic-d110	17	holistic	470	he787	0.4957	0.5583	0.5000	0.5625	143.5930	140.2555	0	0
fresh-shift-17-holistic-d110	17	holistic	470	he788	0.4954	0.3706	0.5000	0.3750	153.7625	146.5724	0	0
fresh-shift-17-holistic-d110	17	holistic	470	he789	1.4693	1.0946	1.6250	1.2500	5188.8793	5178.5640	0	0
fresh-shift-17-holistic-d110	17	holistic	470	he792	0.9729	0.8485	1.1250	1.0000	5068.7754	5049.4258	0	0
fresh-shift-17-holistic-d110	17	holistic	470	he793	2.4069	2.4708	2.5625	2.6250	5188.0182	5139.4378	0	0
fresh-shift-17-holistic-d110	17	holistic	470	he794	1.0859	0.9640	1.3750	1.2500	9637.3774	9533.3711	0	0
fresh-shift-17-holistic-d110	17	holistic	470	he795	1.8424	1.3416	2.0000	1.5000	5252.0896	5278.5655	0	0
fresh-shift-17-holistic-d110	17	holistic	470	he797	0.5454	0.6707	0.6250	0.7500	2653.2373	2643.5250	0	0
fresh-shift-17-holistic-d110	17	holistic	470	he798	1.4618	1.1491	1.5000	1.1875	1272.2369	1281.0200	0	0
fresh-shift-17-holistic-d110	17	holistic	470	he800	2.1836	1.5618	2.3750	1.7500	6378.5949	6271.8441	0	0
fresh-shift-17-holistic-d110	17	holistic	470	he801	0.5435	1.0440	0.6250	1.1250	2716.9674	2700.9864	0	0
fresh-shift-17-holistic-d110	17	holistic	470	he802	1.6188	1.0651	1.8125	1.2500	6457.3664	6162.7401	0	0
fresh-shift-17-holistic-d110	17	holistic	470	he806	0.2469	0.1844	0.2500	0.1875	104.1242	104.7824	0	0
fresh-shift-17-holistic-d110	17	holistic	470	he807	0.7710	1.0258	0.9375	1.1875	5551.6363	5391.1470	0	0
fresh-shift-17-holistic-d110	17	holistic	470	he808	2.3638	1.4902	2.5625	1.6875	6624.9885	6576.6447	0	0
fresh-shift-17-holistic-d110	17	holistic	470	he809	1.6559	0.9715	2.0625	1.3750	13551.7196	13449.3376	0	0
fresh-shift-17-holistic-d110	17	holistic	470	he810	0.9002	1.2735	0.9375	1.3125	1244.1323	1299.8303	0	0
fresh-shift-17-holistic-d110	17	holistic	470	he811	1.9887	1.4333	2.1875	1.6250	6626.5176	6388.9954	0	0
fresh-shift-17-holistic-d110	17	holistic	470	he812	1.8319	1.3940	2.0000	1.5625	5604.0235	5616.6218	0	0
fresh-shift-17-holistic-d110	17	holistic	470	he814	0.4918	0.6789	0.5000	0.6875	272.3885	287.9236	0	0
fresh-shift-17-holistic-d110	17	holistic	470	he816	1.5728	1.1403	1.8125	1.3750	7990.2841	7824.3309	0	0
fresh-shift-17-holistic-d110	17	holistic	470	he818	1.1241	0.8734	1.4375	1.1875	10446.0974	10470.8666	0	0
fresh-shift-17-holistic-d110	17	holistic	470	he819	1.4629	1.4001	1.6250	1.5625	5403.4442	5413.8357	0	0
fresh-shift-17-holistic-d110	17	holistic	470	he820	1.3946	1.7646	1.5625	1.9375	5595.4231	5764.9822	0	0
fresh-shift-17-holistic-d110	17	holistic	470	he821	1.8526	1.7274	2.0000	1.8750	4912.6299	4921.3572	0	0
fresh-shift-17-holistic-d110	17	holistic	470	he822	0.4675	0.7819	0.8750	1.1875	13582.5980	13518.7752	0	0
fresh-shift-17-holistic-d110	17	holistic	470	he823	1.0215	0.8364	1.1875	1.0000	5532.4108	5453.4967	0	0
fresh-shift-17-holistic-d110	17	holistic	470	he824	1.1124	0.9904	1.3125	1.1875	6671.4137	6569.0071	0	0
fresh-shift-17-holistic-d110	17	holistic	470	he825	0.5435	0.2965	0.8125	0.5625	8965.1186	8865.1521	0	0
fresh-shift-17-holistic-d110	17	holistic	470	he826	3.0483	2.6793	3.1250	2.7500	2556.4745	2355.3170	0	0
fresh-shift-17-holistic-d110	17	holistic	470	he827	2.0536	1.3012	2.2500	1.5000	6547.5559	6626.9504	0	0
fresh-shift-17-holistic-d110	17	holistic	470	he828	2.2520	1.6307	2.4375	1.8125	6184.8142	6060.9869	0	0
fresh-shift-17-holistic-d110	17	holistic	470	he830	1.4066	1.0327	1.6250	1.2500	7279.3811	7244.3561	0	0
fresh-shift-17-holistic-d110	17	holistic	470	he831	0.8625	0.9242	0.8750	0.9375	415.5713	443.3306	0	0
fresh-shift-17-holistic-d110	17	holistic	470	he832	1.1816	0.8077	1.2500	0.8750	2278.9270	2244.2755	0	0
fresh-shift-17-holistic-d110	17	holistic	470	he833	0.6685	0.4830	0.6875	0.5000	631.8687	565.4688	0	0
fresh-shift-17-holistic-d110	17	holistic	470	he834	1.4052	1.3434	1.5625	1.5000	5244.4791	5219.6363	0	0
fresh-shift-17-holistic-d110	17	holistic	470	he835	2.9576	1.8927	3.1875	2.1250	7663.0530	7743.9072	0	0
fresh-shift-17-holistic-d110	17	holistic	470	he838	1.4272	1.1207	1.5000	1.1875	2426.4955	2226.9621	0	0
fresh-shift-17-holistic-d110	17	holistic	470	he839	1.4887	1.2423	1.6875	1.4375	6627.6179	6505.1180	0	0
fresh-shift-17-holistic-d110	17	holistic	470	he841	0.0000	0.0000	0.0000	0.0000	0.0000	0.0000	0	0
fresh-shift-17-holistic-d110	17	holistic	470	he842	0.0000	0.0000	0.0000	0.0000	0.0000	0.0000	0	0
fresh-shift-17-holistic-d110	17	holistic	470	he843	0.0000	0.0000	0.0000	0.0000	0.0000	0.0000	0	0
fresh-shift-17-holistic-d110	17	holistic	470	he844	0.0552	0.0553	0.0625	0.0625	243.0730	240.1512	0	0
fresh-shift-17-holistic-d110	17	holistic	470	he845	1.8771	1.9404	1.9375	2.0000	2014.3542	1988.2277	0	0
fresh-shift-17-holistic-d110	17	holistic	470	he846	0.8567	1.1075	1.0625	1.3125	6860.7492	6833.9945	0	0
fresh-shift-17-holistic-d110	17	holistic	470	he847	0.6510	0.9691	1.1250	1.4375	15800.3164	15613.2750	0	0
