# garden fresh-shift-21-conventional-d400 seed 21 conventional season 760 n=60 J=16 worlds=16..31 run=/tmp/rbt107-h1/shift-21 work_cost=0.03 (98 s, workers 4)
fresh-shift-21-conventional-d400	21	conventional	760	ce1334	1.3925	0.3817	2.1250	1.1250	24415.2332	24777.1265	0	0
fresh-shift-21-conventional-d400	21	conventional	760	ce1335	1.4146	0.5118	1.8750	1.0000	15346.7116	16273.8193	0	0
fresh-shift-21-conventional-d400	21	conventional	760	ce1336	1.1302	0.5187	1.5625	0.9375	14409.6590	13959.1291	0	0
fresh-shift-21-conventional-d400	21	conventional	760	ce1337	0.1798	0.3003	1.0000	1.1250	27338.7595	27488.9610	0	0
fresh-shift-21-conventional-d400	21	conventional	760	ce1339	1.9093	1.1164	2.5000	1.7500	19688.9550	21119.7332	0	0
fresh-shift-21-conventional-d400	21	conventional	760	ce1340	0.5005	0.3702	1.1250	1.0000	20817.3069	20993.5139	0	0
fresh-shift-21-conventional-d400	21	conventional	760	ce1342	2.3663	0.7215	2.8750	1.2500	16955.5710	17617.7711	0	0
fresh-shift-21-conventional-d400	21	conventional	760	ce1343	2.1328	0.2649	2.6250	0.7500	16408.1062	16168.7105	0	0
fresh-shift-21-conventional-d400	21	conventional	760	ce1345	0.4725	0.2882	1.1250	0.9375	21748.4784	21643.9767	0	0
fresh-shift-21-conventional-d400	21	conventional	760	ce1346	1.9856	0.4148	2.6250	1.0625	21314.5061	21591.3416	0	0
fresh-shift-21-conventional-d400	21	conventional	760	ce1347	2.3147	0.5506	2.9375	1.1875	20758.6002	21230.4450	0	0
fresh-shift-21-conventional-d400	21	conventional	760	ce1348	1.0475	0.2900	1.7500	1.0000	23415.5201	23666.3502	0	0
fresh-shift-21-conventional-d400	21	conventional	760	ce1349	0.3170	0.2460	1.1250	0.9375	26932.8090	23050.6182	0	2
fresh-shift-21-conventional-d400	21	conventional	760	ce1351	1.7837	1.0436	2.4375	1.6875	21793.7485	21464.9570	0	0
fresh-shift-21-conventional-d400	21	conventional	760	ce1352	1.0888	0.4000	1.6250	0.9375	17873.3710	17918.2440	0	0
fresh-shift-21-conventional-d400	21	conventional	760	ce1354	1.5414	0.7282	2.0000	1.1875	15285.6157	15310.2720	0	0
fresh-shift-21-conventional-d400	21	conventional	760	ce1356	0.9055	0.0427	1.6250	0.7500	23984.2804	23575.3431	0	0
fresh-shift-21-conventional-d400	21	conventional	760	ce1358	0.4374	0.1849	0.9375	0.6875	16670.9158	16754.6626	0	0
fresh-shift-21-conventional-d400	21	conventional	760	ce1359	0.8650	0.4278	1.6250	1.1875	25334.0531	25324.3141	0	0
fresh-shift-21-conventional-d400	21	conventional	760	ce1361	2.7939	0.6729	3.2500	1.1250	15203.6623	15069.0002	0	0
fresh-shift-21-conventional-d400	21	conventional	760	ce1362	1.2863	0.8185	1.8750	1.4375	19624.6476	20633.1394	0	0
fresh-shift-21-conventional-d400	21	conventional	760	ce1364	0.6952	0.1275	1.1875	0.6250	16409.9289	16584.5016	0	0
fresh-shift-21-conventional-d400	21	conventional	760	ce1365	2.9423	1.1537	3.6250	1.8750	22757.7762	24041.6798	0	0
fresh-shift-21-conventional-d400	21	conventional	760	ce1366	0.3238	-0.4975	1.1250	0.3125	26705.2264	26998.5285	0	0
fresh-shift-21-conventional-d400	21	conventional	760	ce1368	1.1296	0.1126	1.6250	0.6250	16512.2364	17078.5512	0	0
fresh-shift-21-conventional-d400	21	conventional	760	ce1369	1.0619	0.3146	1.8125	1.0625	25019.8625	24930.4810	0	0
fresh-shift-21-conventional-d400	21	conventional	760	ce1371	2.1892	0.9300	2.8750	1.6250	22859.6988	23166.4303	0	0
fresh-shift-21-conventional-d400	21	conventional	760	ce1372	1.4861	0.6101	2.1875	1.3125	23380.0035	23412.7166	0	0
fresh-shift-21-conventional-d400	21	conventional	760	ce1373	2.9670	1.1321	3.3750	1.5625	13600.8833	14346.5606	0	0
fresh-shift-21-conventional-d400	21	conventional	760	ce1374	2.8988	1.3387	3.3750	1.8125	15873.4814	15794.4366	0	0
fresh-shift-21-conventional-d400	21	conventional	760	ce1375	2.4751	0.5672	3.0000	1.0625	17495.5661	16509.3469	0	0
fresh-shift-21-conventional-d400	21	conventional	760	ce1376	1.4733	1.1641	2.0000	1.7500	17555.2055	19531.1848	0	0
fresh-shift-21-conventional-d400	21	conventional	760	ce1377	1.5576	0.4221	2.0625	0.9375	16830.3483	17180.3299	0	0
fresh-shift-21-conventional-d400	21	conventional	760	ce1378	1.4039	0.2944	2.0625	1.0000	21954.2322	23518.9765	0	0
fresh-shift-21-conventional-d400	21	conventional	760	ce1379	1.0301	0.4782	1.7500	1.1875	23996.6151	23644.0643	0	0
fresh-shift-21-conventional-d400	21	conventional	760	ce1380	0.4228	0.0730	1.0000	0.6875	19240.0677	20483.5394	0	0
fresh-shift-21-conventional-d400	21	conventional	760	ce1381	1.4786	0.3381	2.1250	1.0000	21545.5575	22061.7309	0	0
fresh-shift-21-conventional-d400	21	conventional	760	ce1382	0.3147	-0.1889	1.1250	0.6250	27009.6725	27130.8987	0	0
fresh-shift-21-conventional-d400	21	conventional	760	ce1383	0.8083	0.5424	1.4375	1.1875	20973.1701	21502.8709	0	0
fresh-shift-21-conventional-d400	21	conventional	760	ce1384	0.2440	0.5548	1.0625	1.3750	27281.8867	27339.8538	0	0
fresh-shift-21-conventional-d400	21	conventional	760	ce1385	0.5751	0.3763	1.0625	0.8750	16246.8388	16623.4692	0	0
fresh-shift-21-conventional-d400	21	conventional	760	ce1388	1.0546	0.8702	1.5000	1.3125	14845.8149	14743.8919	0	0
fresh-shift-21-conventional-d400	21	conventional	760	ce1389	1.0529	0.3013	1.9375	1.1875	29488.3176	29541.1336	0	0
fresh-shift-21-conventional-d400	21	conventional	760	ce1392	2.8796	0.8862	3.3750	1.3750	16514.9987	16292.9909	0	0
fresh-shift-21-conventional-d400	21	conventional	760	ce1393	1.2840	0.8345	2.0000	1.5625	23865.6074	24268.0213	0	0
fresh-shift-21-conventional-d400	21	conventional	760	ce1394	0.9070	0.4024	1.4375	0.9375	17682.5679	17835.1696	0	0
fresh-shift-21-conventional-d400	21	conventional	760	ce1395	1.2698	0.4781	1.9375	1.1250	22255.4055	21564.8890	0	0
fresh-shift-21-conventional-d400	21	conventional	760	ce1396	2.5973	0.4834	3.1250	1.0000	17588.8758	17218.9059	0	0
fresh-shift-21-conventional-d400	21	conventional	760	ce1397	1.3344	0.4554	1.7500	0.8750	13852.3190	13987.1236	0	0
fresh-shift-21-conventional-d400	21	conventional	760	ce1398	1.1650	0.6645	1.6875	1.1875	17417.2248	17434.8330	0	0
fresh-shift-21-conventional-d400	21	conventional	760	ce1400	1.3552	0.1117	1.9375	0.6875	19411.3191	19193.9054	0	0
fresh-shift-21-conventional-d400	21	conventional	760	ce1401	1.6679	0.4801	2.1250	0.9375	15236.6761	15245.8088	0	0
fresh-shift-21-conventional-d400	21	conventional	760	ce1404	1.3794	0.4447	1.8750	0.9375	16520.5842	16425.6080	0	0
fresh-shift-21-conventional-d400	21	conventional	760	ce1405	0.6149	0.0697	1.3125	0.8125	23254.3230	24759.6768	0	0
fresh-shift-21-conventional-d400	21	conventional	760	ce1407	0.4695	0.0922	1.1250	0.7500	21849.7749	21926.4554	0	0
fresh-shift-21-conventional-d400	21	conventional	760	ce1408	1.3591	-0.2047	2.0625	0.5000	23446.0717	23491.4097	0	0
fresh-shift-21-conventional-d400	21	conventional	760	ce1409	1.2354	0.9317	2.0000	1.6875	25486.7993	25191.8032	0	0
fresh-shift-21-conventional-d400	21	conventional	760	ce1410	1.6219	0.8145	2.1250	1.3125	16768.7338	16598.9049	0	0
fresh-shift-21-conventional-d400	21	conventional	760	ce1411	0.3341	-0.0444	1.0625	0.6875	24278.5769	24396.9095	0	0
fresh-shift-21-conventional-d400	21	conventional	760	ce1412	0.3151	-0.2569	1.1250	0.5625	26996.6109	27312.6692	0	0
