# garden fresh-base-17-conventional-d600 seed 17 conventional season 960 n=60 J=16 worlds=0..15 run=/tmp/rbt107-h1/base-17 work_cost=0.03 (105 s, workers 4)
fresh-base-17-conventional-d600	17	conventional	960	ce1828	2.3898	0.8277	3.1875	1.6250	26591.6186	26576.5995	0	0
fresh-base-17-conventional-d600	17	conventional	960	ce1829	0.2115	-0.2422	0.9375	0.4375	24201.1512	22656.5335	0	0
fresh-base-17-conventional-d600	17	conventional	960	ce1830	0.3219	0.1781	1.0625	0.9375	24688.0979	25314.3398	0	0
fresh-base-17-conventional-d600	17	conventional	960	ce1831	1.6320	1.3206	2.2500	1.9375	20598.4223	20563.3878	0	0
fresh-base-17-conventional-d600	17	conventional	960	ce1833	3.2015	0.8910	3.6875	1.3750	16201.2628	16134.3317	0	0
fresh-base-17-conventional-d600	17	conventional	960	ce1835	0.7135	1.2147	1.2500	1.7500	17883.4461	17844.5308	0	0
fresh-base-17-conventional-d600	17	conventional	960	ce1837	1.0889	0.7541	1.8125	1.5000	24120.7886	24862.4255	0	0
fresh-base-17-conventional-d600	17	conventional	960	ce1838	1.2908	0.9828	2.0000	1.6875	23638.5845	23491.3569	0	0
fresh-base-17-conventional-d600	17	conventional	960	ce1839	1.4643	0.5877	2.1875	1.3125	24106.8289	24160.4840	0	0
fresh-base-17-conventional-d600	17	conventional	960	ce1841	2.5157	1.0802	3.0000	1.5625	16141.6698	16076.5564	0	0
fresh-base-17-conventional-d600	17	conventional	960	ce1843	3.6900	1.7636	4.3125	2.4375	20751.0496	22462.2514	0	0
fresh-base-17-conventional-d600	17	conventional	960	ce1844	1.1992	0.6415	1.7500	1.1875	18360.8502	18199.0045	0	0
fresh-base-17-conventional-d600	17	conventional	960	ce1847	1.7108	1.2832	2.3125	1.8750	20057.4822	19727.2548	0	0
fresh-base-17-conventional-d600	17	conventional	960	ce1848	1.8218	0.8894	2.1875	1.2500	12189.9542	12019.4322	0	0
fresh-base-17-conventional-d600	17	conventional	960	ce1849	1.8589	0.7937	2.6250	1.5625	25536.2697	25625.3856	0	0
fresh-base-17-conventional-d600	17	conventional	960	ce1850	1.0907	0.4515	1.5625	0.9375	15726.1807	16200.9167	0	0
fresh-base-17-conventional-d600	17	conventional	960	ce1852	0.4271	0.3675	0.8750	0.8125	14929.2307	14833.7917	0	0
fresh-base-17-conventional-d600	17	conventional	960	ce1855	2.5697	1.0791	3.1250	1.6250	18510.3125	18197.7290	0	0
fresh-base-17-conventional-d600	17	conventional	960	ce1858	1.5462	0.9183	2.1250	1.5000	19292.9779	19389.4119	0	0
fresh-base-17-conventional-d600	17	conventional	960	ce1859	1.8632	0.8563	2.4375	1.4375	19143.0703	19371.9653	0	0
fresh-base-17-conventional-d600	17	conventional	960	ce1860	2.6928	0.5167	3.3750	1.2500	22739.7696	24444.6851	0	0
fresh-base-17-conventional-d600	17	conventional	960	ce1861	3.1221	0.9398	3.9375	1.7500	27178.6036	27006.4915	0	0
fresh-base-17-conventional-d600	17	conventional	960	ce1864	1.7972	1.0324	2.2500	1.5000	15093.3622	15587.7337	0	0
fresh-base-17-conventional-d600	17	conventional	960	ce1867	2.7504	1.5654	3.2500	2.0625	16654.1683	16569.8851	0	0
fresh-base-17-conventional-d600	17	conventional	960	ce1868	0.9911	0.2167	1.6250	0.8125	21130.4918	19860.2288	0	1
fresh-base-17-conventional-d600	17	conventional	960	ce1869	1.5372	1.1711	2.1875	1.8125	21677.9953	21380.1208	0	0
fresh-base-17-conventional-d600	17	conventional	960	ce1870	1.2498	0.1912	1.7500	0.8125	16672.8825	20710.9134	0	0
fresh-base-17-conventional-d600	17	conventional	960	ce1874	1.6444	1.0233	2.3125	1.6875	22268.4187	22139.9181	0	0
fresh-base-17-conventional-d600	17	conventional	960	ce1881	2.7277	1.0087	3.3750	1.6875	21577.6406	22626.9451	0	0
fresh-base-17-conventional-d600	17	conventional	960	ce1882	0.8266	0.9536	1.6250	1.7500	26613.3324	26545.9990	0	0
fresh-base-17-conventional-d600	17	conventional	960	ce1885	1.1361	0.7603	1.6875	1.3125	18380.0878	18405.2811	0	0
fresh-base-17-conventional-d600	17	conventional	960	ce1886	0.9982	0.8820	1.4375	1.3125	14644.5193	14350.5808	0	0
fresh-base-17-conventional-d600	17	conventional	960	ce1887	1.6523	1.2135	2.0625	1.6250	13671.9357	13716.1476	0	0
fresh-base-17-conventional-d600	17	conventional	960	ce1888	0.8514	0.5409	1.4375	1.1250	19537.6040	19470.7711	0	0
fresh-base-17-conventional-d600	17	conventional	960	ce1889	2.3748	0.8393	2.8750	1.3750	16672.2510	17855.4467	0	0
fresh-base-17-conventional-d600	17	conventional	960	ce1890	1.1922	0.5029	1.7500	1.0625	18592.7294	18653.6198	0	0
fresh-base-17-conventional-d600	17	conventional	960	ce1891	1.8245	1.0713	2.5625	1.8125	24600.9755	24705.6786	0	0
fresh-base-17-conventional-d600	17	conventional	960	ce1892	0.7294	0.6693	1.3750	1.3125	21521.4079	21439.7500	0	0
fresh-base-17-conventional-d600	17	conventional	960	ce1893	1.2573	0.8176	1.5000	1.0625	8089.9303	8162.0559	0	0
fresh-base-17-conventional-d600	17	conventional	960	ce1894	0.8826	0.8180	1.5000	1.4375	20581.5226	20648.9455	0	0
fresh-base-17-conventional-d600	17	conventional	960	ce1895	1.6454	1.0316	2.3125	1.6875	22237.8281	21862.7946	0	0
fresh-base-17-conventional-d600	17	conventional	960	ce1897	2.1964	1.0646	2.8125	1.6875	20538.1972	20762.7382	0	0
fresh-base-17-conventional-d600	17	conventional	960	ce1898	1.1591	0.2830	1.9375	1.0625	25946.0320	25982.8223	0	0
fresh-base-17-conventional-d600	17	conventional	960	ce1901	1.3878	0.7011	2.0000	1.3125	20406.8199	20380.7242	0	0
fresh-base-17-conventional-d600	17	conventional	960	ce1902	0.8520	0.5426	1.6250	1.3125	25768.1892	25663.1301	0	0
fresh-base-17-conventional-d600	17	conventional	960	ce1903	0.3105	0.2511	0.7500	0.6875	14648.6883	14547.6836	0	0
fresh-base-17-conventional-d600	17	conventional	960	ce1907	2.9660	1.3442	3.6250	2.0000	21967.7685	21859.9932	0	0
fresh-base-17-conventional-d600	17	conventional	960	ce1908	2.1151	0.8620	2.8750	1.6250	25329.7766	25432.5081	0	0
fresh-base-17-conventional-d600	17	conventional	960	ce1909	1.0780	0.6392	1.8750	1.4375	26566.7370	26610.8050	0	0
fresh-base-17-conventional-d600	17	conventional	960	ce1910	2.2318	0.4850	3.0000	1.2500	25607.3533	25498.3979	0	0
fresh-base-17-conventional-d600	17	conventional	960	ce1911	0.2268	0.3506	0.7500	0.8750	17440.6130	17480.8057	0	0
fresh-base-17-conventional-d600	17	conventional	960	ce1912	1.8047	1.2437	2.3125	1.7500	16927.4108	16876.9544	0	0
fresh-base-17-conventional-d600	17	conventional	960	ce1914	1.4601	0.9348	2.0000	1.4375	17996.5099	16756.3649	0	1
fresh-base-17-conventional-d600	17	conventional	960	ce1915	0.3892	0.2996	0.9375	0.8125	18275.8119	17097.5259	0	1
fresh-base-17-conventional-d600	17	conventional	960	ce1917	1.1204	0.8810	1.9375	1.6875	27235.1245	26884.2319	0	0
fresh-base-17-conventional-d600	17	conventional	960	ce1918	1.4884	0.3667	2.1875	1.0625	23302.1965	23192.7838	0	0
fresh-base-17-conventional-d600	17	conventional	960	ce1919	1.7928	1.0427	2.2500	1.5000	15239.0592	15242.1980	0	0
fresh-base-17-conventional-d600	17	conventional	960	ce1920	0.4542	0.5653	1.1250	1.2500	22360.8208	22822.6005	0	0
fresh-base-17-conventional-d600	17	conventional	960	ce1921	1.8021	0.9938	2.3750	1.5625	19096.1421	18957.6372	0	0
fresh-base-17-conventional-d600	17	conventional	960	ce1922	0.1634	0.2290	0.3750	0.4375	7051.9330	6948.8032	0	0
