# garden fresh-base-16-conventional-d600 seed 16 conventional season 960 n=60 J=16 worlds=0..15 run=/tmp/rbt107-h1/base-16 work_cost=0.03 (103 s, workers 4)
fresh-base-16-conventional-d600	16	conventional	960	ce1691	2.3880	1.2610	3.1250	2.0000	24567.7603	24632.6199	0	0
fresh-base-16-conventional-d600	16	conventional	960	ce1693	2.1574	1.1568	2.8750	1.8750	23919.1118	23938.9324	0	0
fresh-base-16-conventional-d600	16	conventional	960	ce1694	2.6663	1.5455	3.3750	2.2500	23623.4643	23482.4965	0	0
fresh-base-16-conventional-d600	16	conventional	960	ce1695	1.0193	1.3997	1.5625	1.9375	18108.2941	17925.6588	0	0
fresh-base-16-conventional-d600	16	conventional	960	ce1696	0.7721	0.2062	1.3125	0.7500	18013.2891	18128.1761	0	0
fresh-base-16-conventional-d600	16	conventional	960	ce1699	1.3340	0.6536	2.1250	1.4375	26368.3202	26128.4785	0	0
fresh-base-16-conventional-d600	16	conventional	960	ce1700	1.8327	0.5689	2.5625	1.2500	24325.7523	22703.3528	0	1
fresh-base-16-conventional-d600	16	conventional	960	ce1701	1.7603	1.5664	2.5000	2.3125	24656.2791	24869.5844	0	0
fresh-base-16-conventional-d600	16	conventional	960	ce1702	3.0318	0.9683	3.6250	1.5625	19774.2699	19805.1778	0	0
fresh-base-16-conventional-d600	16	conventional	960	ce1703	2.3098	0.7269	3.0000	1.3750	23008.0351	21604.6546	0	0
fresh-base-16-conventional-d600	16	conventional	960	ce1705	1.0134	0.4525	1.5625	1.0000	18302.8797	18248.8597	0	0
fresh-base-16-conventional-d600	16	conventional	960	ce1707	1.6250	1.1249	2.1875	1.6875	18748.3466	18752.5320	0	0
fresh-base-16-conventional-d600	16	conventional	960	ce1710	1.9200	1.7287	2.7500	2.5625	27667.6078	27793.1819	0	0
fresh-base-16-conventional-d600	16	conventional	960	ce1711	1.2942	0.6614	2.0000	1.3750	23526.5494	23787.1732	0	0
fresh-base-16-conventional-d600	16	conventional	960	ce1713	2.2088	1.3327	3.0000	2.1250	26372.1607	26409.6499	0	0
fresh-base-16-conventional-d600	16	conventional	960	ce1714	1.9696	1.0963	2.5625	1.6875	19763.7331	19706.5759	0	0
fresh-base-16-conventional-d600	16	conventional	960	ce1716	3.2268	0.9782	4.0000	1.7500	25773.2651	25726.9217	0	0
fresh-base-16-conventional-d600	16	conventional	960	ce1718	2.0003	0.1312	2.7500	0.8750	24989.7098	24794.5554	0	0
fresh-base-16-conventional-d600	16	conventional	960	ce1719	1.6416	1.1427	2.1875	1.6875	18195.6377	18159.2192	0	0
fresh-base-16-conventional-d600	16	conventional	960	ce1723	3.9693	1.9099	4.6875	2.6250	23939.5512	23835.2038	0	0
fresh-base-16-conventional-d600	16	conventional	960	ce1724	2.5555	1.5573	3.3125	2.3125	25233.2392	25172.6754	0	0
fresh-base-16-conventional-d600	16	conventional	960	ce1726	3.4080	1.3514	4.1250	2.0625	23898.9960	23703.7101	0	0
fresh-base-16-conventional-d600	16	conventional	960	ce1728	2.9739	0.9130	3.6875	1.6250	23786.9377	23732.1962	0	0
fresh-base-16-conventional-d600	16	conventional	960	ce1729	1.8798	1.1915	2.5625	1.8750	22755.5431	22782.4600	0	0
fresh-base-16-conventional-d600	16	conventional	960	ce1731	1.8670	0.9974	2.5625	1.6875	23183.1394	23002.5880	0	0
fresh-base-16-conventional-d600	16	conventional	960	ce1732	1.7543	1.6845	2.4375	2.3125	22771.8275	20933.0324	0	1
fresh-base-16-conventional-d600	16	conventional	960	ce1733	2.9726	0.7649	3.6875	1.5000	23828.3869	24501.6975	0	0
fresh-base-16-conventional-d600	16	conventional	960	ce1734	1.4686	0.5394	2.1875	1.2500	23962.4178	23686.3241	0	0
fresh-base-16-conventional-d600	16	conventional	960	ce1735	2.6402	1.5812	3.3125	2.2500	22410.0433	22291.8770	0	0
fresh-base-16-conventional-d600	16	conventional	960	ce1736	0.6160	-0.1595	1.3125	0.5625	23216.1690	24067.3668	0	0
fresh-base-16-conventional-d600	16	conventional	960	ce1737	2.2960	1.2320	3.0000	1.9375	23467.9354	23517.2358	0	0
fresh-base-16-conventional-d600	16	conventional	960	ce1738	1.3872	0.7036	2.1875	1.5000	26677.1861	26546.9638	0	0
fresh-base-16-conventional-d600	16	conventional	960	ce1739	1.4431	0.7307	2.1250	1.3750	22728.5784	21477.0812	0	0
fresh-base-16-conventional-d600	16	conventional	960	ce1740	1.5980	1.0704	2.2500	1.6875	21733.2943	20570.3518	0	1
fresh-base-16-conventional-d600	16	conventional	960	ce1741	1.7883	0.8629	2.5000	1.5625	23724.9844	23320.0939	0	0
fresh-base-16-conventional-d600	16	conventional	960	ce1743	1.2903	1.0427	2.0625	1.8125	25741.2145	25658.9252	0	0
fresh-base-16-conventional-d600	16	conventional	960	ce1745	1.9491	1.3755	2.6250	2.0625	22530.8080	22899.8675	0	0
fresh-base-16-conventional-d600	16	conventional	960	ce1746	0.7681	0.4078	1.3750	1.0000	20231.6176	19740.6592	0	0
fresh-base-16-conventional-d600	16	conventional	960	ce1747	2.6733	1.1966	3.2500	1.7500	19223.1288	18445.6392	0	0
fresh-base-16-conventional-d600	16	conventional	960	ce1748	2.6481	1.8325	3.1875	2.3750	17979.4865	18084.9901	0	0
fresh-base-16-conventional-d600	16	conventional	960	ce1749	1.9004	1.2675	2.5625	1.9375	22070.5735	22333.5888	0	0
fresh-base-16-conventional-d600	16	conventional	960	ce1750	2.1477	1.6467	2.9375	2.4375	26326.9523	26359.2931	0	0
fresh-base-16-conventional-d600	16	conventional	960	ce1751	2.0298	1.3356	2.5625	1.8750	17757.2896	17979.9834	0	0
fresh-base-16-conventional-d600	16	conventional	960	ce1752	2.1913	1.1437	2.8750	1.8125	22789.6065	22293.9098	0	0
fresh-base-16-conventional-d600	16	conventional	960	ce1753	1.8742	0.9934	2.3750	1.5000	16694.0893	16887.4374	0	0
fresh-base-16-conventional-d600	16	conventional	960	ce1754	1.8241	1.5199	2.5625	2.2500	24611.7831	24336.9959	0	0
fresh-base-16-conventional-d600	16	conventional	960	ce1756	2.2083	0.7096	2.8750	1.4375	22221.8644	24263.4086	0	0
fresh-base-16-conventional-d600	16	conventional	960	ce1757	0.3530	0.3060	0.9375	1.0000	19483.0378	23134.7625	0	0
fresh-base-16-conventional-d600	16	conventional	960	ce1759	0.7090	0.0845	1.2500	0.6250	18034.9800	18015.9601	0	0
fresh-base-16-conventional-d600	16	conventional	960	ce1762	2.0609	1.2460	2.7500	1.9375	22971.4589	23050.6581	0	0
fresh-base-16-conventional-d600	16	conventional	960	ce1763	3.2255	1.4599	3.9375	2.1875	23733.8285	24252.7824	0	0
fresh-base-16-conventional-d600	16	conventional	960	ce1766	2.6682	0.6815	3.4375	1.4375	25642.7658	25201.0960	0	0
fresh-base-16-conventional-d600	16	conventional	960	ce1768	1.0125	0.5110	1.7500	1.2500	24581.8300	24632.3258	0	0
fresh-base-16-conventional-d600	16	conventional	960	ce1769	1.2683	1.2837	2.0000	2.0000	24389.0874	23877.8728	0	0
fresh-base-16-conventional-d600	16	conventional	960	ce1770	1.5352	0.3427	2.1875	1.0000	21743.5674	21909.0006	0	0
fresh-base-16-conventional-d600	16	conventional	960	ce1771	2.8351	0.5178	3.5625	1.2500	24245.8840	24406.8894	0	0
fresh-base-16-conventional-d600	16	conventional	960	ce1772	1.6774	1.3603	2.4375	2.1250	25337.4653	25488.4228	0	0
fresh-base-16-conventional-d600	16	conventional	960	ce1773	2.2357	0.7430	2.9375	1.4375	23392.6563	23149.8201	0	0
fresh-base-16-conventional-d600	16	conventional	960	ce1774	0.8874	0.3877	1.6250	1.1250	24586.4531	24577.6104	0	0
fresh-base-16-conventional-d600	16	conventional	960	ce1775	1.8287	0.7755	2.5625	1.5000	24461.1245	24149.5961	0	0
