# garden fresh-cull20-15-conventional-d800 seed 15 conventional season 1160 n=60 J=16 worlds=0..15 run=/tmp/rbt107-h1/cull20-15 work_cost=0.03 (118 s, workers 4)
fresh-cull20-15-conventional-d800	15	conventional	1160	ce2009	1.4977	0.1895	2.2500	0.9375	25077.7536	24932.3029	0	0
fresh-cull20-15-conventional-d800	15	conventional	1160	ce2010	1.0272	0.0212	1.7500	0.7500	24092.6974	24293.8320	0	0
fresh-cull20-15-conventional-d800	15	conventional	1160	ce2012	2.1940	1.0492	2.7500	1.6250	18534.7752	19192.2380	0	0
fresh-cull20-15-conventional-d800	15	conventional	1160	ce2013	2.2828	1.2763	2.8125	1.8125	17656.3830	17872.1697	0	0
fresh-cull20-15-conventional-d800	15	conventional	1160	ce2015	2.0540	0.7393	2.7500	1.4375	23200.0036	23274.5597	0	0
fresh-cull20-15-conventional-d800	15	conventional	1160	ce2016	2.3821	1.3776	3.0000	2.0000	20598.2572	20745.8292	0	0
fresh-cull20-15-conventional-d800	15	conventional	1160	ce2018	2.5532	1.1429	3.1875	1.7500	21142.8368	20235.3633	0	0
fresh-cull20-15-conventional-d800	15	conventional	1160	ce2020	1.1376	0.3254	1.9375	1.1250	26663.2723	26653.7772	0	0
fresh-cull20-15-conventional-d800	15	conventional	1160	ce2021	0.6605	0.7256	1.1875	1.2500	17567.4880	17478.3896	0	0
fresh-cull20-15-conventional-d800	15	conventional	1160	ce2024	1.4871	0.6714	2.1250	1.3125	21261.9820	21371.1740	0	0
fresh-cull20-15-conventional-d800	15	conventional	1160	ce2025	1.1670	1.5391	1.6875	2.0625	17349.7597	17446.2828	0	0
fresh-cull20-15-conventional-d800	15	conventional	1160	ce2026	2.2534	1.0155	3.0625	1.8125	26969.0870	26565.3453	0	0
fresh-cull20-15-conventional-d800	15	conventional	1160	ce2027	1.5328	1.0301	2.3125	1.8125	25990.9043	26079.9801	0	0
fresh-cull20-15-conventional-d800	15	conventional	1160	ce2028	1.7238	1.1554	2.3125	1.7500	19624.8524	19820.7560	0	0
fresh-cull20-15-conventional-d800	15	conventional	1160	ce2029	2.2432	2.0758	2.9375	2.7500	23142.9796	22473.4472	0	0
fresh-cull20-15-conventional-d800	15	conventional	1160	ce2030	1.3037	0.9150	1.6875	1.3125	12793.7552	13249.5967	0	0
fresh-cull20-15-conventional-d800	15	conventional	1160	ce2031	3.3631	1.3282	4.1250	2.0625	25395.7548	24477.8264	0	0
fresh-cull20-15-conventional-d800	15	conventional	1160	ce2032	2.8989	1.6499	3.6250	2.3125	24201.9449	22087.0229	0	1
fresh-cull20-15-conventional-d800	15	conventional	1160	ce2033	2.3412	0.7793	3.1250	1.5625	26125.4832	26107.9575	0	0
fresh-cull20-15-conventional-d800	15	conventional	1160	ce2034	3.4499	1.1360	4.1875	1.8750	24585.2824	24633.8639	0	0
fresh-cull20-15-conventional-d800	15	conventional	1160	ce2035	2.1423	0.8925	2.6875	1.4375	18172.8458	18167.3283	0	0
fresh-cull20-15-conventional-d800	15	conventional	1160	ce2037	1.9035	0.8941	2.4375	1.4375	17799.7748	18112.8531	0	0
fresh-cull20-15-conventional-d800	15	conventional	1160	ce2038	2.2065	1.1401	2.9375	1.8750	24365.9868	24497.8566	0	0
fresh-cull20-15-conventional-d800	15	conventional	1160	ce2039	4.0940	1.4897	4.8750	2.2500	26033.2241	25342.4051	0	0
fresh-cull20-15-conventional-d800	15	conventional	1160	ce2041	1.8679	1.1251	2.4375	1.6875	18985.3233	18747.2435	0	0
fresh-cull20-15-conventional-d800	15	conventional	1160	ce2042	2.6801	1.3497	3.3750	2.0625	23161.8522	23758.7184	0	0
fresh-cull20-15-conventional-d800	15	conventional	1160	ce2043	0.6469	0.3386	1.2500	0.9375	20104.4868	19963.1993	0	0
fresh-cull20-15-conventional-d800	15	conventional	1160	ce2044	2.1629	0.7177	2.8125	1.3750	21653.9054	21909.4657	0	0
fresh-cull20-15-conventional-d800	15	conventional	1160	ce2046	3.0801	1.1197	3.6875	1.6875	20247.6894	18925.8843	0	0
fresh-cull20-15-conventional-d800	15	conventional	1160	ce2050	1.7808	0.5319	2.5625	1.3125	26056.4464	26019.5166	0	0
fresh-cull20-15-conventional-d800	15	conventional	1160	ce2052	1.3064	1.1003	1.9375	1.7500	21035.8287	21657.0574	0	0
fresh-cull20-15-conventional-d800	15	conventional	1160	ce2053	3.1411	0.3953	3.8125	1.0625	22380.5048	22238.3977	0	0
fresh-cull20-15-conventional-d800	15	conventional	1160	ce2055	0.4161	-0.0220	0.9375	0.5000	17381.1120	17400.7880	0	0
fresh-cull20-15-conventional-d800	15	conventional	1160	ce2056	1.9098	1.5885	2.5625	2.2500	21757.1602	22051.2378	0	0
fresh-cull20-15-conventional-d800	15	conventional	1160	ce2059	1.5257	0.8170	2.1875	1.5000	22058.4203	22766.5586	0	0
fresh-cull20-15-conventional-d800	15	conventional	1160	ce2061	1.9405	0.8170	2.6875	1.5625	24898.4601	24848.6926	0	0
fresh-cull20-15-conventional-d800	15	conventional	1160	ce2062	1.6007	1.1647	2.3125	1.8750	23726.5558	23678.2516	0	0
fresh-cull20-15-conventional-d800	15	conventional	1160	ce2063	1.3007	1.0560	2.0625	1.8125	25394.6812	25216.3436	0	0
fresh-cull20-15-conventional-d800	15	conventional	1160	ce2064	1.7569	1.0041	2.4375	1.6875	22687.1181	22778.7949	0	0
fresh-cull20-15-conventional-d800	15	conventional	1160	ce2065	1.0299	0.4042	1.8125	1.1875	26086.1514	26111.6331	0	0
fresh-cull20-15-conventional-d800	15	conventional	1160	ce2066	2.1388	1.3257	2.6875	1.8750	18288.8830	18310.9758	0	0
fresh-cull20-15-conventional-d800	15	conventional	1160	ce2067	2.1628	1.8466	2.8750	2.5625	23739.3576	23864.5667	0	0
fresh-cull20-15-conventional-d800	15	conventional	1160	ce2069	2.6162	1.0965	3.3125	1.8125	23209.7079	23868.1356	0	0
fresh-cull20-15-conventional-d800	15	conventional	1160	ce2070	0.8135	0.1853	1.4375	0.8125	20801.5775	20907.1954	0	0
fresh-cull20-15-conventional-d800	15	conventional	1160	ce2071	2.6443	1.0618	3.3750	1.8125	24357.7346	25022.5899	0	0
fresh-cull20-15-conventional-d800	15	conventional	1160	ce2073	2.6475	1.7628	3.1250	2.2500	15918.1733	16240.6492	0	0
fresh-cull20-15-conventional-d800	15	conventional	1160	ce2075	1.1338	0.9438	1.8750	1.6875	24707.9016	24790.8293	0	0
fresh-cull20-15-conventional-d800	15	conventional	1160	ce2076	1.5795	1.9736	2.3750	2.7500	26515.0479	25879.9885	0	0
fresh-cull20-15-conventional-d800	15	conventional	1160	ce2077	0.7250	0.9719	1.3750	1.6250	21665.9142	21769.6011	0	0
fresh-cull20-15-conventional-d800	15	conventional	1160	ce2078	1.8019	1.9886	2.5000	2.6875	23270.3447	23295.2879	0	0
fresh-cull20-15-conventional-d800	15	conventional	1160	ce2079	4.2947	1.4316	5.1250	2.2500	27675.5008	27278.3902	0	0
fresh-cull20-15-conventional-d800	15	conventional	1160	ce2080	2.1957	0.9376	2.8125	1.5625	20559.4355	20828.9513	0	0
fresh-cull20-15-conventional-d800	15	conventional	1160	ce2081	0.7819	0.2853	1.5625	1.0625	26020.0627	25905.9594	0	0
fresh-cull20-15-conventional-d800	15	conventional	1160	ce2082	1.3089	1.2451	1.8750	1.8125	18868.8296	18913.8526	0	0
fresh-cull20-15-conventional-d800	15	conventional	1160	ce2085	3.4206	0.7277	4.1250	1.4375	23479.9132	23658.7786	0	0
fresh-cull20-15-conventional-d800	15	conventional	1160	ce2088	1.0590	0.4383	1.6250	1.0000	18865.6794	18722.0295	0	0
fresh-cull20-15-conventional-d800	15	conventional	1160	ce2089	2.3669	1.7411	3.0000	2.3750	21103.0549	21128.7424	0	0
fresh-cull20-15-conventional-d800	15	conventional	1160	ce2090	3.4628	1.8776	4.1875	2.6250	24157.1294	24913.1320	0	0
fresh-cull20-15-conventional-d800	15	conventional	1160	ce2091	0.0962	0.0115	0.8750	0.7500	25958.8063	24617.1450	0	1
fresh-cull20-15-conventional-d800	15	conventional	1160	ce2092	1.6436	0.7186	2.2500	1.3125	20213.2816	19795.3916	0	0
