# garden fresh-base-30-conventional-d400 seed 30 conventional season 760 n=60 J=16 worlds=0..15 run=/tmp/rbt107-h1/base-30 work_cost=0.03 (101 s, workers 4)
fresh-base-30-conventional-d400	30	conventional	760	ce1374	3.3266	1.5193	4.0000	2.1875	22447.4689	22274.4386	0	0
fresh-base-30-conventional-d400	30	conventional	760	ce1375	1.1324	0.8227	1.8125	1.5000	22668.9143	22575.1220	0	0
fresh-base-30-conventional-d400	30	conventional	760	ce1378	2.0379	1.0979	2.7500	1.8125	23736.6815	23818.7077	0	0
fresh-base-30-conventional-d400	30	conventional	760	ce1379	0.9580	0.7120	1.6250	1.3750	22233.5478	22099.2631	0	0
fresh-base-30-conventional-d400	30	conventional	760	ce1380	1.8480	1.2141	2.5000	1.8750	21731.9634	22031.4675	0	0
fresh-base-30-conventional-d400	30	conventional	760	ce1381	2.2158	1.0936	2.9375	1.8125	24055.7110	23964.5996	0	0
fresh-base-30-conventional-d400	30	conventional	760	ce1382	1.9553	1.3229	2.6875	2.0625	24405.2092	24654.9610	0	0
fresh-base-30-conventional-d400	30	conventional	760	ce1384	3.0982	1.2269	3.7500	1.8750	21727.9301	21604.6479	0	0
fresh-base-30-conventional-d400	30	conventional	760	ce1389	1.0273	0.9124	1.7500	1.6250	24088.9921	23754.9249	0	0
fresh-base-30-conventional-d400	30	conventional	760	ce1390	2.9105	1.0640	3.2500	1.3750	11317.2677	10368.3065	0	0
fresh-base-30-conventional-d400	30	conventional	760	ce1391	1.6917	0.5027	2.3125	1.1250	20694.4688	20742.1194	0	0
fresh-base-30-conventional-d400	30	conventional	760	ce1393	1.3375	0.6504	2.0625	1.3750	24167.3033	24153.5667	0	0
fresh-base-30-conventional-d400	30	conventional	760	ce1394	2.1372	1.3204	2.8125	2.0000	22511.1786	22652.8851	0	0
fresh-base-30-conventional-d400	30	conventional	760	ce1397	1.5459	0.5665	2.2500	1.2500	23471.1124	22782.6331	0	0
fresh-base-30-conventional-d400	30	conventional	760	ce1398	2.0890	1.3471	2.7500	2.0000	22034.1485	21762.2745	0	0
fresh-base-30-conventional-d400	30	conventional	760	ce1399	3.1739	1.4403	3.9375	2.1875	25451.9335	24907.7112	0	0
fresh-base-30-conventional-d400	30	conventional	760	ce1400	2.1446	1.4316	2.8125	2.0625	22264.2042	21029.2994	0	1
fresh-base-30-conventional-d400	30	conventional	760	ce1407	1.8516	0.9056	2.5000	1.5625	21614.0207	21895.4576	0	0
fresh-base-30-conventional-d400	30	conventional	760	ce1409	0.5433	0.6699	1.1250	1.2500	19390.8960	19335.4836	0	0
fresh-base-30-conventional-d400	30	conventional	760	ce1410	0.8834	0.6969	1.5625	1.3750	22636.0246	22602.2953	0	0
fresh-base-30-conventional-d400	30	conventional	760	ce1413	1.3778	1.2517	2.1250	2.0000	24905.3051	24942.9809	0	0
fresh-base-30-conventional-d400	30	conventional	760	ce1414	1.5422	0.9866	2.2500	1.6875	23594.7751	23362.9024	0	0
fresh-base-30-conventional-d400	30	conventional	760	ce1415	2.6847	-0.0606	3.1250	0.3750	14677.4805	14520.6812	0	0
fresh-base-30-conventional-d400	30	conventional	760	ce1416	1.7611	0.9470	2.4375	1.6250	22546.7963	22598.5591	0	0
fresh-base-30-conventional-d400	30	conventional	760	ce1418	1.3715	1.1958	2.0000	1.8125	20948.3561	20555.6482	0	0
fresh-base-30-conventional-d400	30	conventional	760	ce1419	1.6562	0.7836	2.3125	1.4375	21876.9108	21796.9563	0	0
fresh-base-30-conventional-d400	30	conventional	760	ce1420	2.2773	0.5933	2.9375	1.2500	22006.6652	21890.0499	0	0
fresh-base-30-conventional-d400	30	conventional	760	ce1421	0.7939	1.4789	1.4375	2.1250	21452.6490	21536.5725	0	0
fresh-base-30-conventional-d400	30	conventional	760	ce1423	1.3567	0.5938	2.1250	1.3125	25611.1045	23955.1319	0	1
fresh-base-30-conventional-d400	30	conventional	760	ce1424	1.2585	0.2662	1.8750	0.8750	20550.0769	20294.9917	0	0
fresh-base-30-conventional-d400	30	conventional	760	ce1428	1.0299	0.6038	1.7500	1.3125	24002.5517	23622.7828	0	0
fresh-base-30-conventional-d400	30	conventional	760	ce1429	1.4673	1.2865	2.1875	2.0000	24005.3936	23783.5720	0	0
fresh-base-30-conventional-d400	30	conventional	760	ce1430	1.4998	0.9834	2.1875	1.6250	22923.1207	21386.2973	0	1
fresh-base-30-conventional-d400	30	conventional	760	ce1435	2.5103	1.3980	3.2500	2.1250	24655.3738	24234.8398	0	0
fresh-base-30-conventional-d400	30	conventional	760	ce1437	1.2069	0.6551	1.3125	0.7500	3518.6701	3162.1499	0	0
fresh-base-30-conventional-d400	30	conventional	760	ce1438	2.3247	1.5741	3.0000	2.2500	22508.8964	22530.3372	0	0
fresh-base-30-conventional-d400	30	conventional	760	ce1439	1.9039	0.9752	2.5625	1.6250	21952.8852	21659.5720	0	0
fresh-base-30-conventional-d400	30	conventional	760	ce1443	0.9252	0.8659	1.5625	1.5000	21242.6769	21137.8579	0	0
fresh-base-30-conventional-d400	30	conventional	760	ce1444	1.5286	0.3337	2.1875	1.0000	21962.9876	22208.8031	0	0
fresh-base-30-conventional-d400	30	conventional	760	ce1446	1.3710	0.5644	2.0625	1.2500	23050.2305	22853.4385	0	0
fresh-base-30-conventional-d400	30	conventional	760	ce1448	1.6673	1.4907	2.3125	2.1250	21506.4545	21142.1029	0	0
fresh-base-30-conventional-d400	30	conventional	760	ce1449	1.6872	1.3269	2.4375	2.0625	25011.4648	24521.6543	0	0
fresh-base-30-conventional-d400	30	conventional	760	ce1454	2.1212	1.2471	2.7500	1.8750	20961.4637	20931.5687	0	0
fresh-base-30-conventional-d400	30	conventional	760	ce1455	1.9931	0.8654	2.6875	1.5625	23145.5020	23236.4735	0	0
fresh-base-30-conventional-d400	30	conventional	760	ce1456	1.1209	0.6958	1.2500	0.8125	4304.6701	3891.1075	0	0
fresh-base-30-conventional-d400	30	conventional	760	ce1458	2.4272	1.6294	3.1250	2.3125	23261.6206	22770.3111	0	0
fresh-base-30-conventional-d400	30	conventional	760	ce1459	1.3441	0.4704	2.0625	1.1875	23947.3908	23903.5107	0	0
fresh-base-30-conventional-d400	30	conventional	760	ce1460	3.2884	1.8495	4.0000	2.5625	23719.8851	23768.2530	0	0
fresh-base-30-conventional-d400	30	conventional	760	ce1462	1.6385	1.5118	2.3125	2.1875	22465.6485	22522.7456	0	0
fresh-base-30-conventional-d400	30	conventional	760	ce1465	0.3898	0.4449	0.9375	1.0000	18257.3618	18504.3170	0	0
fresh-base-30-conventional-d400	30	conventional	760	ce1466	1.3841	1.4542	2.0625	2.1250	22613.5569	22359.6752	0	0
fresh-base-30-conventional-d400	30	conventional	760	ce1467	1.3725	0.3741	2.0625	1.0625	23001.6356	22948.1997	0	0
fresh-base-30-conventional-d400	30	conventional	760	ce1469	1.3870	0.8867	2.0625	1.5625	22517.9565	22525.4914	0	0
fresh-base-30-conventional-d400	30	conventional	760	ce1470	1.7426	1.1232	2.4375	1.8125	23163.5619	22976.1781	0	0
fresh-base-30-conventional-d400	30	conventional	760	ce1471	1.4345	0.6090	2.0625	1.2500	20934.0897	21367.7293	0	0
fresh-base-30-conventional-d400	30	conventional	760	ce1473	1.6838	1.1333	2.3750	1.8125	23038.4524	22641.2284	0	0
fresh-base-30-conventional-d400	30	conventional	760	ce1474	2.8523	1.8612	3.5625	2.5625	23672.5123	23376.8863	0	0
fresh-base-30-conventional-d400	30	conventional	760	ce1475	1.1695	0.5378	1.8750	1.2500	23516.4194	23738.7060	0	0
fresh-base-30-conventional-d400	30	conventional	760	ce1477	2.3019	0.2838	3.0000	1.0000	23269.2440	23874.6634	0	0
fresh-base-30-conventional-d400	30	conventional	760	ce1478	2.6944	1.8497	3.4375	2.5625	24771.3234	23760.6476	0	0
