# garden fresh-c0-17-holistic seed 17 holistic season 359 n=60 J=16 worlds=16..31 run=/tmp/rbt107-h1/base-17 work_cost=0.03 (66 s, workers 4)
fresh-c0-17-holistic	17	holistic	359	he614	1.8972	1.3411	2.0625	1.5000	5511.4809	5298.0306	0	0
fresh-c0-17-holistic	17	holistic	359	he615	0.9847	1.1160	1.1250	1.2500	4677.9841	4467.6350	0	0
fresh-c0-17-holistic	17	holistic	359	he616	1.4687	1.5894	1.5000	1.6250	1043.9866	1186.4646	0	0
fresh-c0-17-holistic	17	holistic	359	he620	0.6704	0.9820	0.8750	1.1875	6820.3277	6848.8575	0	0
fresh-c0-17-holistic	17	holistic	359	he622	1.8947	2.0810	1.9375	2.1250	1427.2010	1468.1619	0	0
fresh-c0-17-holistic	17	holistic	359	he623	1.5072	1.3245	1.8125	1.6250	10175.4814	10017.9088	0	0
fresh-c0-17-holistic	17	holistic	359	he625	1.5082	1.1354	1.8125	1.4375	10144.4233	10069.3809	0	0
fresh-c0-17-holistic	17	holistic	359	he627	0.8912	0.8918	1.0000	1.0000	3625.6534	3607.9749	0	0
fresh-c0-17-holistic	17	holistic	359	he628	0.7653	0.7013	0.8125	0.7500	1574.5212	1622.6693	0	0
fresh-c0-17-holistic	17	holistic	359	he629	1.4591	1.2111	1.6250	1.3750	5530.4843	5464.6324	0	0
fresh-c0-17-holistic	17	holistic	359	he631	0.4599	0.3418	0.5000	0.3750	1336.8974	1105.8051	0	0
fresh-c0-17-holistic	17	holistic	359	he633	0.8407	0.8386	1.0625	1.0625	7394.3220	7462.6134	0	0
fresh-c0-17-holistic	17	holistic	359	he634	1.5329	1.1597	1.6875	1.3125	5153.8289	5094.2145	0	0
fresh-c0-17-holistic	17	holistic	359	he635	1.2569	0.8194	1.5000	1.0625	8104.3594	8102.6530	0	0
fresh-c0-17-holistic	17	holistic	359	he636	1.0082	0.9452	1.1250	1.0625	3892.9855	3908.4730	0	0
fresh-c0-17-holistic	17	holistic	359	he637	0.1757	0.1765	0.1875	0.1875	394.2905	368.0306	0	0
fresh-c0-17-holistic	17	holistic	359	he638	1.6582	1.4089	1.8750	1.6250	7225.1307	7204.7178	0	0
fresh-c0-17-holistic	17	holistic	359	he640	1.5379	1.4123	1.5625	1.4375	819.6561	841.0650	0	0
fresh-c0-17-holistic	17	holistic	359	he641	1.0404	1.2914	1.2500	1.5000	6988.1680	6953.6257	0	0
fresh-c0-17-holistic	17	holistic	359	he643	0.8091	1.0108	0.9375	1.1250	4278.4156	3807.8269	0	0
fresh-c0-17-holistic	17	holistic	359	he644	1.0101	0.5709	1.3125	0.8750	10080.8293	10136.6262	0	0
fresh-c0-17-holistic	17	holistic	359	he645	2.0482	1.5464	2.1875	1.6875	4643.2381	4704.5001	0	0
fresh-c0-17-holistic	17	holistic	359	he650	1.0523	0.9315	1.2500	1.1250	6589.7960	6449.5406	0	0
fresh-c0-17-holistic	17	holistic	359	he651	0.9011	0.7146	1.1250	0.9375	7463.0919	7428.6296	0	0
fresh-c0-17-holistic	17	holistic	359	he652	1.1468	0.5894	1.1875	0.6250	1356.5024	1187.2389	0	0
fresh-c0-17-holistic	17	holistic	359	he656	1.1928	1.1307	1.3750	1.3125	6072.4635	6059.0992	0	0
fresh-c0-17-holistic	17	holistic	359	he657	1.1761	0.9284	1.3125	1.0625	4548.2391	4470.3661	0	0
fresh-c0-17-holistic	17	holistic	359	he658	1.0302	1.4094	1.1875	1.5625	5244.8945	5102.6631	0	0
fresh-c0-17-holistic	17	holistic	359	he659	0.6195	0.4963	0.6875	0.5625	2265.0979	2207.8348	0	0
fresh-c0-17-holistic	17	holistic	359	he660	0.4329	0.3094	0.6250	0.5000	6403.5681	6354.0358	0	0
fresh-c0-17-holistic	17	holistic	359	he661	1.3185	1.0671	1.4375	1.1875	3966.0554	4013.9865	0	0
fresh-c0-17-holistic	17	holistic	359	he662	1.1494	0.8379	1.2500	0.9375	3353.9117	3321.1382	0	0
fresh-c0-17-holistic	17	holistic	359	he664	1.2109	0.8361	1.3750	1.0000	5469.3212	5463.7972	0	0
fresh-c0-17-holistic	17	holistic	359	he665	0.7987	0.5502	0.9375	0.6875	4627.1305	4577.8459	0	0
fresh-c0-17-holistic	17	holistic	359	he666	0.7063	0.8917	0.8750	1.0625	5622.7914	5694.6632	0	0
fresh-c0-17-holistic	17	holistic	359	he667	1.0294	0.2149	1.2500	0.4375	7352.9895	7418.3778	0	0
fresh-c0-17-holistic	17	holistic	359	he669	1.3592	0.9252	1.5000	1.0625	4693.3976	4576.6476	0	0
fresh-c0-17-holistic	17	holistic	359	he670	1.5883	1.0199	1.6250	1.0625	1222.0360	1419.3165	0	0
fresh-c0-17-holistic	17	holistic	359	he671	1.8229	1.0117	2.1250	1.3125	10071.0475	10027.4172	0	0
fresh-c0-17-holistic	17	holistic	359	he672	0.0625	0.1250	0.0625	0.1250	0.0000	0.0000	0	0
fresh-c0-17-holistic	17	holistic	359	he673	1.2176	1.0950	1.2500	1.1250	1080.4250	999.2583	0	0
fresh-c0-17-holistic	17	holistic	359	he674	2.7257	1.5385	2.8750	1.6875	4977.3069	4966.3614	0	0
fresh-c0-17-holistic	17	holistic	359	he677	1.6267	1.5616	1.6875	1.6250	2025.5552	2114.1667	0	0
fresh-c0-17-holistic	17	holistic	359	he678	1.3581	1.5005	1.5625	1.6875	6813.5572	6232.2434	0	0
fresh-c0-17-holistic	17	holistic	359	he680	1.1841	0.5639	1.3125	0.6875	4279.3222	4120.5172	0	0
fresh-c0-17-holistic	17	holistic	359	he681	0.5880	0.7129	0.8125	0.9375	7483.6903	7488.1182	0	0
fresh-c0-17-holistic	17	holistic	359	he682	1.1123	1.1135	1.3125	1.3125	6672.4244	6633.8429	0	0
fresh-c0-17-holistic	17	holistic	359	he683	1.2657	0.9516	1.3750	1.0625	3644.3965	3696.8830	0	0
fresh-c0-17-holistic	17	holistic	359	he685	1.3674	1.2741	1.6250	1.5000	8585.6311	7529.3422	0	0
fresh-c0-17-holistic	17	holistic	359	he686	1.2422	0.6182	1.5000	0.8750	8592.4007	8559.2039	0	0
fresh-c0-17-holistic	17	holistic	359	he688	1.7789	1.4688	1.9375	1.6250	5285.6508	5207.5536	0	0
fresh-c0-17-holistic	17	holistic	359	he689	1.4600	1.5849	1.6250	1.7500	5500.8717	5502.6398	0	0
fresh-c0-17-holistic	17	holistic	359	he690	2.0457	1.6724	2.1875	1.8125	4725.7919	4668.6874	0	0
fresh-c0-17-holistic	17	holistic	359	he691	1.1292	1.0148	1.3125	1.1875	6111.0245	5755.3484	0	0
fresh-c0-17-holistic	17	holistic	359	he692	0.2992	0.2993	0.3125	0.3125	444.0252	438.4224	0	0
fresh-c0-17-holistic	17	holistic	359	he693	1.0266	1.2176	1.2500	1.4375	7447.5227	7328.8386	0	0
fresh-c0-17-holistic	17	holistic	359	he694	1.3982	0.8992	1.6250	1.1250	7560.5262	7525.1955	0	0
fresh-c0-17-holistic	17	holistic	359	he695	0.0000	0.0000	0.0000	0.0000	0.0000	0.0000	0	0
fresh-c0-17-holistic	17	holistic	359	he696	0.9810	1.2320	1.1875	1.4375	6883.9022	6850.1630	0	0
fresh-c0-17-holistic	17	holistic	359	he697	1.5981	0.9148	1.6250	0.9375	895.0864	756.5113	0	0
