# garden fresh-base-21-holistic-d400 seed 21 holistic season 760 n=60 J=16 worlds=0..15 run=/tmp/rbt107-h1/base-21 work_cost=0.03 (92 s, workers 4)
fresh-base-21-holistic-d400	21	holistic	760	he1170	1.3531	1.7288	1.5000	1.8750	4897.1496	4873.0007	0	0
fresh-base-21-holistic-d400	21	holistic	760	he1171	2.1450	1.8986	2.1875	1.9375	1417.3967	1296.4285	0	0
fresh-base-21-holistic-d400	21	holistic	760	he1174	1.3274	1.6395	1.4375	1.7500	3669.9085	3683.4033	0	0
fresh-base-21-holistic-d400	21	holistic	760	he1175	1.0723	1.1990	1.2500	1.3750	5924.4533	5867.9951	0	0
fresh-base-21-holistic-d400	21	holistic	760	he1176	1.4549	1.1462	1.6875	1.3750	7753.0369	7625.3979	0	0
fresh-base-21-holistic-d400	21	holistic	760	he1177	2.2258	2.3397	2.3125	2.4375	2889.5878	3261.5761	0	0
fresh-base-21-holistic-d400	21	holistic	760	he1179	0.9237	0.5854	1.0000	0.6250	2544.6698	1320.1226	0	0
fresh-base-21-holistic-d400	21	holistic	760	he1180	1.2425	1.6791	1.4375	1.8750	6500.0964	6530.1414	0	0
fresh-base-21-holistic-d400	21	holistic	760	he1181	0.6235	0.4362	0.6250	0.4375	51.5905	44.0606	0	0
fresh-base-21-holistic-d400	21	holistic	760	he1182	0.3748	0.4373	0.3750	0.4375	6.2152	6.2558	0	0
fresh-base-21-holistic-d400	21	holistic	760	he1184	1.8799	1.4486	1.9375	1.5000	1920.8380	1714.6479	0	0
fresh-base-21-holistic-d400	21	holistic	760	he1185	1.4784	1.4186	1.6875	1.6250	6969.1468	6879.8308	0	0
fresh-base-21-holistic-d400	21	holistic	760	he1187	1.8873	1.9486	1.9375	2.0000	1673.5264	1713.2281	0	0
fresh-base-21-holistic-d400	21	holistic	760	he1190	1.7319	0.7455	1.8125	0.8125	2688.0247	2234.0816	0	0
fresh-base-21-holistic-d400	21	holistic	760	he1192	1.5973	1.2381	1.6875	1.3125	3006.1273	2480.3212	0	0
fresh-base-21-holistic-d400	21	holistic	760	he1193	1.4461	1.4475	1.6250	1.6250	5963.4046	5915.3571	0	0
fresh-base-21-holistic-d400	21	holistic	760	he1195	1.6571	1.1579	1.6875	1.1875	1014.0014	987.8011	0	0
fresh-base-21-holistic-d400	21	holistic	760	he1196	1.4950	0.9951	1.6250	1.1250	4332.2704	4329.6315	0	0
fresh-base-21-holistic-d400	21	holistic	760	he1197	2.3180	1.8826	2.3750	1.9375	1899.2948	1831.5914	0	0
fresh-base-21-holistic-d400	21	holistic	760	he1198	1.1149	1.3041	1.1875	1.3750	2419.0667	2364.0757	0	0
fresh-base-21-holistic-d400	21	holistic	760	he1199	1.7834	1.7870	1.8750	1.8750	3052.7533	2934.7075	0	0
fresh-base-21-holistic-d400	21	holistic	760	he1200	1.0431	0.7941	1.2500	1.0000	6898.0293	6864.1127	0	0
fresh-base-21-holistic-d400	21	holistic	760	he1202	0.8703	0.7449	0.8750	0.7500	157.2563	168.8766	0	0
fresh-base-21-holistic-d400	21	holistic	760	he1203	1.7306	1.2926	1.8750	1.4375	4812.4634	4829.2534	0	0
fresh-base-21-holistic-d400	21	holistic	760	he1204	1.7674	1.5169	2.0000	1.7500	7754.5943	7768.4120	0	0
fresh-base-21-holistic-d400	21	holistic	760	he1205	1.7431	1.3059	1.9375	1.5000	6479.0195	6470.3489	0	0
fresh-base-21-holistic-d400	21	holistic	760	he1206	1.5934	1.4056	1.7500	1.5625	5219.9438	5231.0091	0	0
fresh-base-21-holistic-d400	21	holistic	760	he1207	1.1971	0.8348	1.3750	1.0000	5931.2343	5505.4539	0	1
fresh-base-21-holistic-d400	21	holistic	760	he1208	1.1686	0.6718	1.3125	0.8125	4796.8982	4691.5610	0	0
fresh-base-21-holistic-d400	21	holistic	760	he1209	1.4861	1.2389	1.5625	1.3125	2546.6022	2453.6162	0	0
fresh-base-21-holistic-d400	21	holistic	760	he1210	1.3280	1.3274	1.5000	1.5000	5732.3743	5754.1125	0	0
fresh-base-21-holistic-d400	21	holistic	760	he1211	1.4404	0.7504	1.6250	0.9375	6152.0591	6236.5286	0	0
fresh-base-21-holistic-d400	21	holistic	760	he1212	1.5175	1.2060	1.6875	1.3750	5665.9438	5634.3586	0	0
fresh-base-21-holistic-d400	21	holistic	760	he1213	3.2898	2.3572	3.3750	2.4375	2839.4284	2676.4438	0	0
fresh-base-21-holistic-d400	21	holistic	760	he1214	2.4507	2.6446	2.5000	2.6875	1642.3970	1428.9562	0	0
fresh-base-21-holistic-d400	21	holistic	760	he1215	2.2948	1.8712	2.4375	2.0000	4755.7431	4292.4368	0	1
fresh-base-21-holistic-d400	21	holistic	760	he1216	1.1998	1.8268	1.4375	2.0625	7923.6325	7857.1031	0	0
fresh-base-21-holistic-d400	21	holistic	760	he1217	3.1184	2.6784	3.1875	2.7500	2303.0915	2387.6998	0	0
fresh-base-21-holistic-d400	21	holistic	760	he1218	0.4243	0.4252	0.4375	0.4375	441.0088	410.9828	0	0
fresh-base-21-holistic-d400	21	holistic	760	he1219	1.2094	0.7717	1.4375	1.0000	7602.5234	7610.7373	0	0
fresh-base-21-holistic-d400	21	holistic	760	he1223	1.5738	1.0152	1.8125	1.2500	7958.1860	7827.8339	0	0
fresh-base-21-holistic-d400	21	holistic	760	he1224	0.5610	0.4392	0.6250	0.5000	2132.1457	2026.1397	0	0
fresh-base-21-holistic-d400	21	holistic	760	he1225	1.7643	1.3935	2.0000	1.6250	7857.7386	7717.5875	0	0
fresh-base-21-holistic-d400	21	holistic	760	he1226	0.1980	0.0739	0.3125	0.1875	3816.5852	3787.9402	0	0
fresh-base-21-holistic-d400	21	holistic	760	he1227	1.7595	2.5699	1.8750	2.6875	3849.7611	3921.3957	0	0
fresh-base-21-holistic-d400	21	holistic	760	he1230	1.4171	1.7941	1.6250	2.0000	6929.3549	6864.2227	0	0
fresh-base-21-holistic-d400	21	holistic	760	he1231	1.0853	1.5248	1.2500	1.6875	5488.8381	5423.3158	0	0
fresh-base-21-holistic-d400	21	holistic	760	he1232	0.9980	0.8758	1.0625	0.9375	2150.3876	2057.3539	0	0
fresh-base-21-holistic-d400	21	holistic	760	he1233	1.5386	1.6626	1.7500	1.8750	7045.6502	7081.1127	0	0
fresh-base-21-holistic-d400	21	holistic	760	he1234	2.8063	2.1184	2.9375	2.2500	4374.2640	4385.1768	0	0
fresh-base-21-holistic-d400	21	holistic	760	he1235	1.6975	1.4482	1.8750	1.6250	5918.1494	5894.4120	0	0
fresh-base-21-holistic-d400	21	holistic	760	he1236	1.3874	1.3865	1.5000	1.5000	3754.6765	3784.0947	0	0
fresh-base-21-holistic-d400	21	holistic	760	he1237	1.4591	1.0914	1.5000	1.1250	1362.4892	1119.5739	0	0
fresh-base-21-holistic-d400	21	holistic	760	he1238	2.5330	2.7195	2.6250	2.8125	3066.1588	3098.7921	0	0
fresh-base-21-holistic-d400	21	holistic	760	he1239	1.1689	1.9281	1.3750	2.1250	6871.3045	6562.0754	0	0
fresh-base-21-holistic-d400	21	holistic	760	he1240	1.0088	1.1373	1.2500	1.3750	8039.3033	7924.3361	0	0
fresh-base-21-holistic-d400	21	holistic	760	he1243	2.1113	1.8720	2.1875	1.9375	2538.7867	2182.5922	0	0
fresh-base-21-holistic-d400	21	holistic	760	he1244	-0.0004	-0.0004	0.0000	0.0000	12.0235	11.9966	0	0
fresh-base-21-holistic-d400	21	holistic	760	he1245	1.4725	0.8469	1.6250	1.0000	5084.8142	5101.8315	0	0
fresh-base-21-holistic-d400	21	holistic	760	he1246	-0.0006	-0.0007	0.0000	0.0000	18.5657	23.0260	0	0
