# garden fresh-cull20-17-holistic-d800 seed 17 holistic season 1160 n=60 J=16 worlds=0..15 run=/tmp/rbt107-h1/cull20-17 work_cost=0.03 (102 s, workers 4)
fresh-cull20-17-holistic-d800	17	holistic	1160	he1722	0.5596	0.4971	0.5625	0.5000	97.8467	96.3303	0	0
fresh-cull20-17-holistic-d800	17	holistic	1160	he1724	0.8729	1.0584	0.8750	1.0625	69.1210	135.0202	0	0
fresh-cull20-17-holistic-d800	17	holistic	1160	he1725	1.9559	1.9538	2.0000	2.0000	1469.1338	1538.3931	0	0
fresh-cull20-17-holistic-d800	17	holistic	1160	he1726	1.1160	0.9298	1.1250	0.9375	299.8286	256.1339	0	0
fresh-cull20-17-holistic-d800	17	holistic	1160	he1728	0.3113	0.3729	0.3125	0.3750	39.2370	69.2547	0	0
fresh-cull20-17-holistic-d800	17	holistic	1160	he1729	0.0382	0.1348	0.1250	0.2500	2892.2381	3839.0316	15	14
fresh-cull20-17-holistic-d800	17	holistic	1160	he1730	0.6862	0.9364	0.6875	0.9375	44.8671	37.4999	0	0
fresh-cull20-17-holistic-d800	17	holistic	1160	he1731	0.7460	0.8644	1.0000	1.1250	8468.0953	8687.0528	0	0
fresh-cull20-17-holistic-d800	17	holistic	1160	he1734	0.8614	0.8652	0.9375	0.9375	2537.1476	2408.8772	0	0
fresh-cull20-17-holistic-d800	17	holistic	1160	he1735	0.5608	0.5609	0.5625	0.5625	55.1425	54.8091	0	0
fresh-cull20-17-holistic-d800	17	holistic	1160	he1736	4.9539	2.7978	5.3750	3.1875	14038.1636	12989.9833	0	0
fresh-cull20-17-holistic-d800	17	holistic	1160	he1738	0.2865	0.5327	0.3125	0.5625	866.7403	992.3115	0	0
fresh-cull20-17-holistic-d800	17	holistic	1160	he1740	1.5047	1.6320	1.5625	1.6875	1925.5522	1850.8425	0	0
fresh-cull20-17-holistic-d800	17	holistic	1160	he1741	1.0539	1.3652	1.0625	1.3750	287.3070	327.1232	0	1
fresh-cull20-17-holistic-d800	17	holistic	1160	he1742	0.5824	0.4562	0.6250	0.5000	1420.9470	1459.5560	0	0
fresh-cull20-17-holistic-d800	17	holistic	1160	he1743	1.0366	0.9688	1.0625	1.0000	862.1323	1039.6982	0	0
fresh-cull20-17-holistic-d800	17	holistic	1160	he1744	0.7217	0.7179	0.8125	0.8125	3025.1254	3153.7358	0	0
fresh-cull20-17-holistic-d800	17	holistic	1160	he1747	1.8048	1.8486	1.9375	2.0000	4423.3246	5047.3213	0	0
fresh-cull20-17-holistic-d800	17	holistic	1160	he1748	2.6339	2.3824	2.6875	2.4375	1787.3409	1836.6167	0	0
fresh-cull20-17-holistic-d800	17	holistic	1160	he1751	0.9043	1.1627	1.0000	1.2500	3188.6363	2908.4049	0	0
fresh-cull20-17-holistic-d800	17	holistic	1160	he1753	2.1710	2.2330	2.3125	2.3750	4717.1118	4733.2793	0	0
fresh-cull20-17-holistic-d800	17	holistic	1160	he1754	2.2229	1.9860	2.3750	2.1250	5071.0220	4634.3183	0	0
fresh-cull20-17-holistic-d800	17	holistic	1160	he1755	0.4373	0.5620	0.4375	0.5625	7.5390	16.6354	0	0
fresh-cull20-17-holistic-d800	17	holistic	1160	he1756	0.6390	0.5805	0.6875	0.6250	1615.4029	1483.3768	0	0
fresh-cull20-17-holistic-d800	17	holistic	1160	he1757	0.6611	0.7863	0.6875	0.8125	881.3984	872.2836	0	0
fresh-cull20-17-holistic-d800	17	holistic	1160	he1758	0.9863	0.8007	1.0000	0.8125	456.8920	393.1808	0	0
fresh-cull20-17-holistic-d800	17	holistic	1160	he1759	1.8151	2.1164	2.1250	2.4375	10331.2948	10703.6272	0	0
fresh-cull20-17-holistic-d800	17	holistic	1160	he1760	1.8089	1.6884	2.0625	1.9375	8451.8983	8302.6024	0	0
fresh-cull20-17-holistic-d800	17	holistic	1160	he1761	0.4093	0.5908	0.4375	0.6250	940.8302	1140.2038	0	0
fresh-cull20-17-holistic-d800	17	holistic	1160	he1763	1.0662	0.8789	1.1250	0.9375	1960.2401	1953.7838	0	0
fresh-cull20-17-holistic-d800	17	holistic	1160	he1764	1.2962	1.0485	1.3750	1.1250	2625.9264	2548.9441	0	0
fresh-cull20-17-holistic-d800	17	holistic	1160	he1765	6.7714	5.2296	7.0625	5.5000	9704.0322	9011.9454	0	1
fresh-cull20-17-holistic-d800	17	holistic	1160	he1766	1.9085	1.7787	2.2500	2.1250	11382.6766	11543.2295	0	0
fresh-cull20-17-holistic-d800	17	holistic	1160	he1768	1.3928	1.6670	1.5625	1.8125	5655.4544	4849.5833	0	0
fresh-cull20-17-holistic-d800	17	holistic	1160	he1769	2.2957	1.6739	2.4375	1.8125	4727.5953	4619.1051	0	0
fresh-cull20-17-holistic-d800	17	holistic	1160	he1770	2.6084	2.2324	2.8125	2.4375	6803.9109	6835.3842	0	0
fresh-cull20-17-holistic-d800	17	holistic	1160	he1771	1.8324	1.5167	1.9375	1.6250	3503.8502	3611.1873	0	0
fresh-cull20-17-holistic-d800	17	holistic	1160	he1773	0.9412	1.1900	1.1250	1.3750	6128.3288	6166.7766	0	0
fresh-cull20-17-holistic-d800	17	holistic	1160	he1774	3.5083	2.6469	3.7500	2.8750	8057.9141	7603.9093	0	0
fresh-cull20-17-holistic-d800	17	holistic	1160	he1775	1.5576	0.9954	1.6875	1.1250	4331.0685	4320.5278	0	0
fresh-cull20-17-holistic-d800	17	holistic	1160	he1776	1.0488	1.1119	1.0625	1.1250	455.7467	435.1242	0	0
fresh-cull20-17-holistic-d800	17	holistic	1160	he1777	1.8666	1.4910	1.8750	1.5000	280.3977	298.8697	0	0
fresh-cull20-17-holistic-d800	17	holistic	1160	he1778	0.7139	0.6547	0.7500	0.6875	1201.8667	1093.9297	0	0
fresh-cull20-17-holistic-d800	17	holistic	1160	he1779	2.7298	1.9230	2.9375	2.1250	6924.8329	6734.6574	0	0
fresh-cull20-17-holistic-d800	17	holistic	1160	he1780	1.3816	1.5014	1.6250	1.7500	8113.6157	8288.0489	0	0
fresh-cull20-17-holistic-d800	17	holistic	1160	he1782	1.1907	0.9382	1.2500	1.0000	1975.9795	2060.6882	0	0
fresh-cull20-17-holistic-d800	17	holistic	1160	he1783	0.6167	0.6770	0.6250	0.6875	275.2321	350.6033	0	0
fresh-cull20-17-holistic-d800	17	holistic	1160	he1784	1.7896	2.0876	2.1250	2.4375	11181.5545	11663.8643	0	0
fresh-cull20-17-holistic-d800	17	holistic	1160	he1785	0.8747	1.2490	0.8750	1.2500	8.3371	34.8804	0	0
fresh-cull20-17-holistic-d800	17	holistic	1160	he1786	1.5771	1.4577	1.8750	1.7500	9929.7081	9742.4193	0	0
fresh-cull20-17-holistic-d800	17	holistic	1160	he1788	1.4596	1.4595	1.5000	1.5000	1347.0083	1350.7755	0	0
fresh-cull20-17-holistic-d800	17	holistic	1160	he1790	1.2384	1.2911	1.2500	1.3125	385.9190	714.8224	0	0
fresh-cull20-17-holistic-d800	17	holistic	1160	he1791	2.0975	1.6616	2.5625	2.1250	15499.9977	15447.5048	0	0
fresh-cull20-17-holistic-d800	17	holistic	1160	he1792	0.3535	0.2976	0.4375	0.3750	2800.8455	2578.6473	0	0
fresh-cull20-17-holistic-d800	17	holistic	1160	he1793	0.5482	0.4260	0.5625	0.4375	478.2371	382.6083	0	0
fresh-cull20-17-holistic-d800	17	holistic	1160	he1794	1.1961	1.4481	1.2500	1.5000	1797.4336	1728.4780	0	0
fresh-cull20-17-holistic-d800	17	holistic	1160	he1795	0.8661	0.6166	0.8750	0.6250	296.2678	278.6708	0	0
fresh-cull20-17-holistic-d800	17	holistic	1160	he1796	0.8745	1.0620	0.8750	1.0625	17.5528	16.5775	0	0
fresh-cull20-17-holistic-d800	17	holistic	1160	he1797	1.1563	1.2825	1.2500	1.3750	3123.9120	3081.7815	0	0
fresh-cull20-17-holistic-d800	17	holistic	1160	he1798	0.3558	0.2949	0.3750	0.3125	641.1391	587.4069	0	0
