# garden fresh-c0-16-conventional seed 16 conventional season 359 n=60 J=16 worlds=16..31 run=/tmp/rbt107-h1/base-16 work_cost=0.03 (101 s, workers 4)
fresh-c0-16-conventional	16	conventional	359	ce694	2.0830	0.7804	2.7500	1.4375	22234.4586	21904.1417	0	0
fresh-c0-16-conventional	16	conventional	359	ce695	0.8126	-0.0707	1.3750	0.5000	18746.5800	19024.9845	0	0
fresh-c0-16-conventional	16	conventional	359	ce698	2.8409	0.4056	3.5000	1.0625	21969.0546	21897.4761	0	0
fresh-c0-16-conventional	16	conventional	359	ce699	0.7993	1.0172	1.4375	1.6875	21272.2799	22343.7668	0	0
fresh-c0-16-conventional	16	conventional	359	ce707	1.7762	1.0746	2.1250	1.4375	11627.4793	12095.1484	0	0
fresh-c0-16-conventional	16	conventional	359	ce708	1.6928	1.1919	2.3750	1.8750	22741.3224	22770.7486	0	0
fresh-c0-16-conventional	16	conventional	359	ce710	2.3740	0.5590	2.8750	1.0625	16699.5321	16783.5897	0	0
fresh-c0-16-conventional	16	conventional	359	ce711	2.4379	1.0866	3.1250	1.7500	22903.3393	22114.0509	0	0
fresh-c0-16-conventional	16	conventional	359	ce714	0.1432	0.2707	0.6250	0.7500	16059.8895	15975.9852	0	0
fresh-c0-16-conventional	16	conventional	359	ce715	1.7806	0.4359	2.4375	1.0625	21895.3425	20886.6876	0	0
fresh-c0-16-conventional	16	conventional	359	ce718	0.8479	0.5513	1.4375	1.1250	19654.7763	19124.8878	0	0
fresh-c0-16-conventional	16	conventional	359	ce719	1.7302	0.9339	2.1250	1.3125	13158.6525	12619.7609	0	0
fresh-c0-16-conventional	16	conventional	359	ce722	2.3516	0.9156	2.8125	1.3750	15362.4705	15312.7373	0	0
fresh-c0-16-conventional	16	conventional	359	ce723	2.0937	0.9057	2.5625	1.3750	15627.0823	15641.9634	0	0
fresh-c0-16-conventional	16	conventional	359	ce728	1.7394	0.2108	2.3750	0.8750	21188.2416	22140.0620	0	0
fresh-c0-16-conventional	16	conventional	359	ce730	1.4067	0.8240	1.8750	1.3125	15609.5388	16282.3797	0	0
fresh-c0-16-conventional	16	conventional	359	ce734	0.2983	-0.3839	0.9375	0.2500	21307.8336	21128.9159	0	0
fresh-c0-16-conventional	16	conventional	359	ce736	0.8383	1.1716	1.4375	1.7500	19972.6217	19280.1833	0	0
fresh-c0-16-conventional	16	conventional	359	ce741	1.3401	0.3457	1.8750	0.8750	17829.9552	17644.5051	0	0
fresh-c0-16-conventional	16	conventional	359	ce743	1.2377	0.8597	1.7500	1.3750	17075.6930	17176.1000	0	0
fresh-c0-16-conventional	16	conventional	359	ce745	3.2078	1.3663	3.9375	2.0625	24321.9714	23206.7838	0	0
fresh-c0-16-conventional	16	conventional	359	ce749	1.1067	-0.1604	1.7500	0.5000	21443.7041	22011.7506	0	0
fresh-c0-16-conventional	16	conventional	359	ce751	2.2278	0.6010	2.8125	1.1875	19490.5016	19549.9478	0	0
fresh-c0-16-conventional	16	conventional	359	ce753	0.5897	0.4837	1.3125	1.1875	24091.7248	23458.5937	0	0
fresh-c0-16-conventional	16	conventional	359	ce754	0.4606	0.2060	0.9375	0.6875	15895.5650	16049.1338	0	0
fresh-c0-16-conventional	16	conventional	359	ce757	0.9520	1.1469	1.5000	1.6875	18267.8900	18020.6807	0	0
fresh-c0-16-conventional	16	conventional	359	ce763	1.0756	1.6512	1.8125	2.3750	24563.7016	24128.2313	0	0
fresh-c0-16-conventional	16	conventional	359	ce764	1.3819	1.0050	2.0000	1.6250	20602.0266	20665.4953	0	0
fresh-c0-16-conventional	16	conventional	359	ce765	3.2141	0.5667	3.8125	1.1250	19945.8583	18611.2180	0	0
fresh-c0-16-conventional	16	conventional	359	ce767	2.3766	1.7316	3.1250	2.4375	24947.6946	23528.9905	0	0
fresh-c0-16-conventional	16	conventional	359	ce772	1.4598	0.3469	1.9375	0.8125	15922.8866	15520.1939	0	0
fresh-c0-16-conventional	16	conventional	359	ce780	0.7322	0.9865	1.2500	1.5000	17261.4041	17116.2413	0	0
fresh-c0-16-conventional	16	conventional	359	ce781	0.6114	0.9531	0.8750	1.1875	8787.5794	7813.5006	0	0
fresh-c0-16-conventional	16	conventional	359	ce785	2.0127	0.3936	2.5000	0.8750	16243.5741	16048.2771	0	0
fresh-c0-16-conventional	16	conventional	359	ce786	1.1935	0.2893	1.7500	0.7500	18550.7114	15357.0098	0	0
fresh-c0-16-conventional	16	conventional	359	ce788	1.6324	1.1317	2.3750	1.8750	24753.9568	24776.4938	0	0
fresh-c0-16-conventional	16	conventional	359	ce790	0.8598	0.3619	1.5625	1.0625	23423.1147	23351.6882	0	0
fresh-c0-16-conventional	16	conventional	359	ce791	2.5644	1.1747	3.3125	1.8750	24937.3903	23344.9967	0	0
fresh-c0-16-conventional	16	conventional	359	ce793	1.4517	1.2123	2.0625	1.8125	20359.9255	20006.0143	0	0
fresh-c0-16-conventional	16	conventional	359	ce794	1.0037	0.5141	1.6250	1.1250	20710.4091	20363.3908	0	0
fresh-c0-16-conventional	16	conventional	359	ce796	2.8332	0.5815	3.3125	1.0625	15975.7620	16034.0137	0	0
fresh-c0-16-conventional	16	conventional	359	ce797	2.9048	1.3024	3.5625	1.9375	21923.9249	21168.5630	0	0
fresh-c0-16-conventional	16	conventional	359	ce798	1.5850	0.3316	2.3125	1.0625	24250.7628	24361.6733	0	0
fresh-c0-16-conventional	16	conventional	359	ce799	3.3866	0.8590	3.8750	1.3750	16281.2860	17200.4775	0	0
fresh-c0-16-conventional	16	conventional	359	ce800	1.8926	1.2758	2.3750	1.7500	16079.7125	15806.6673	0	0
fresh-c0-16-conventional	16	conventional	359	ce802	0.2278	-0.0771	0.8125	0.5000	19490.3323	19236.2857	0	0
fresh-c0-16-conventional	16	conventional	359	ce803	1.9206	1.0468	2.5000	1.6250	19311.6781	19272.6048	0	0
fresh-c0-16-conventional	16	conventional	359	ce804	2.1049	0.1103	2.5625	0.5625	15254.7057	15071.8181	0	0
fresh-c0-16-conventional	16	conventional	359	ce805	1.6005	0.8526	2.2500	1.5000	21648.9865	21578.6390	0	0
fresh-c0-16-conventional	16	conventional	359	ce810	1.3660	1.6755	2.0000	2.3125	21132.1477	21232.3954	0	0
fresh-c0-16-conventional	16	conventional	359	ce811	0.7966	1.1798	1.4375	1.8125	21363.2617	21090.2760	0	0
fresh-c0-16-conventional	16	conventional	359	ce816	1.1501	0.8409	1.8750	1.5625	24162.6157	24054.1746	0	0
fresh-c0-16-conventional	16	conventional	359	ce817	2.1521	1.3364	2.8125	2.0000	22012.2008	22120.5790	0	0
fresh-c0-16-conventional	16	conventional	359	ce818	1.6402	0.8878	2.3750	1.6250	24493.0693	24572.0068	0	0
fresh-c0-16-conventional	16	conventional	359	ce820	0.8977	0.5329	1.5625	1.1875	22158.7649	21819.5440	0	0
fresh-c0-16-conventional	16	conventional	359	ce821	0.1226	0.1226	0.8750	0.8750	25078.5631	25078.9877	0	0
fresh-c0-16-conventional	16	conventional	359	ce822	1.1447	0.4640	1.8125	1.1250	22258.9844	22032.6583	0	0
fresh-c0-16-conventional	16	conventional	359	ce823	0.4149	0.2829	1.0000	0.8750	19502.3962	19736.8432	0	0
fresh-c0-16-conventional	16	conventional	359	ce825	1.8755	1.1071	2.4375	1.6875	18733.7176	19347.5945	0	0
fresh-c0-16-conventional	16	conventional	359	ce826	1.5511	0.8097	2.1875	1.4375	21214.5990	20926.9339	0	0
