# garden fresh-base-14-conventional-d600 seed 14 conventional season 960 n=60 J=16 worlds=16..31 run=/tmp/rbt107-h1/base-14 work_cost=0.03 (96 s, workers 4)
fresh-base-14-conventional-d600	14	conventional	960	ce1621	1.4873	0.7830	1.9375	1.2500	15006.5935	15566.6883	0	0
fresh-base-14-conventional-d600	14	conventional	960	ce1623	1.4315	0.9339	2.0625	1.5625	21032.3205	20953.5824	0	0
fresh-base-14-conventional-d600	14	conventional	960	ce1624	2.0414	0.9161	2.7500	1.6250	23620.0951	23629.5548	0	0
fresh-base-14-conventional-d600	14	conventional	960	ce1625	0.7712	0.3259	1.4375	1.0000	22208.8722	22470.2176	0	0
fresh-base-14-conventional-d600	14	conventional	960	ce1626	1.9457	1.2016	2.4375	1.6875	16392.8538	16196.5270	0	0
fresh-base-14-conventional-d600	14	conventional	960	ce1627	2.0403	1.7869	2.7500	2.5000	23655.3966	23768.8294	0	0
fresh-base-14-conventional-d600	14	conventional	960	ce1629	0.4760	0.2864	1.1250	0.9375	21634.4974	21702.7466	0	0
fresh-base-14-conventional-d600	14	conventional	960	ce1630	1.2178	1.4150	1.8125	2.0000	19824.5188	19499.2329	0	0
fresh-base-14-conventional-d600	14	conventional	960	ce1634	2.7198	1.2363	3.3125	1.8125	19757.1601	19207.3965	0	0
fresh-base-14-conventional-d600	14	conventional	960	ce1638	1.0311	0.7230	1.6250	1.3125	19796.1376	19650.5264	0	0
fresh-base-14-conventional-d600	14	conventional	960	ce1640	1.8227	1.2616	2.2500	1.6875	14244.5505	14196.7741	0	0
fresh-base-14-conventional-d600	14	conventional	960	ce1643	2.3480	1.7212	2.8750	2.2500	17565.5961	17626.5860	0	0
fresh-base-14-conventional-d600	14	conventional	960	ce1644	2.2633	1.0618	3.0000	1.7500	24557.3464	22941.5835	0	1
fresh-base-14-conventional-d600	14	conventional	960	ce1646	3.3005	1.3667	3.8750	1.9375	19149.0874	19026.0367	0	0
fresh-base-14-conventional-d600	14	conventional	960	ce1647	1.1243	0.2456	1.5625	0.6875	14605.1387	14731.5445	0	0
fresh-base-14-conventional-d600	14	conventional	960	ce1648	1.6448	0.7784	2.3750	1.5000	24340.7138	24051.8647	0	0
fresh-base-14-conventional-d600	14	conventional	960	ce1649	2.3463	0.5901	2.8750	1.1250	17624.7754	17829.8510	0	0
fresh-base-14-conventional-d600	14	conventional	960	ce1650	1.7368	0.8014	2.5000	1.5625	25439.9875	25369.0119	0	0
fresh-base-14-conventional-d600	14	conventional	960	ce1652	2.0090	0.9551	2.5000	1.4375	16366.9388	16081.5572	0	0
fresh-base-14-conventional-d600	14	conventional	960	ce1655	0.8806	1.2553	1.3750	1.7500	16481.4494	16490.1124	0	0
fresh-base-14-conventional-d600	14	conventional	960	ce1656	1.5960	0.7247	2.0000	1.1250	13467.8959	13342.3872	0	0
fresh-base-14-conventional-d600	14	conventional	960	ce1657	2.4128	0.6720	3.0000	1.2500	19573.6830	19266.0716	0	0
fresh-base-14-conventional-d600	14	conventional	960	ce1658	0.8120	0.5032	1.5000	1.1875	22934.3744	22810.0756	0	0
fresh-base-14-conventional-d600	14	conventional	960	ce1659	1.4062	0.8001	1.9375	1.3125	17708.7533	17079.2966	0	0
fresh-base-14-conventional-d600	14	conventional	960	ce1660	2.6917	1.4425	3.1875	1.9375	16525.5282	16499.2019	0	0
fresh-base-14-conventional-d600	14	conventional	960	ce1665	1.7966	1.2799	2.2500	1.7500	15112.2731	15668.5781	0	0
fresh-base-14-conventional-d600	14	conventional	960	ce1667	1.8517	0.9727	2.3125	1.4375	15358.6401	15494.7570	0	0
fresh-base-14-conventional-d600	14	conventional	960	ce1669	2.6592	2.0944	3.3125	2.7500	21775.5304	21854.9114	0	0
fresh-base-14-conventional-d600	14	conventional	960	ce1671	2.2633	1.5742	2.6250	1.9375	12057.6397	12109.8340	0	0
fresh-base-14-conventional-d600	14	conventional	960	ce1673	0.0719	0.2568	0.7500	0.9375	22603.7346	22690.9382	0	0
fresh-base-14-conventional-d600	14	conventional	960	ce1676	1.9713	0.5416	2.5000	1.0625	17623.9306	17363.7829	0	0
fresh-base-14-conventional-d600	14	conventional	960	ce1677	2.6671	0.9037	3.1250	1.3750	15264.8693	15710.0455	0	0
fresh-base-14-conventional-d600	14	conventional	960	ce1678	1.0827	0.4491	1.8125	1.1875	24327.1688	24614.9182	0	0
fresh-base-14-conventional-d600	14	conventional	960	ce1680	0.8948	0.8372	1.6250	1.5625	24340.1923	24177.0284	0	0
fresh-base-14-conventional-d600	14	conventional	960	ce1681	1.2736	0.8975	1.9375	1.5625	22131.2408	22165.1641	0	0
fresh-base-14-conventional-d600	14	conventional	960	ce1685	2.3560	1.0982	3.0625	1.8125	23550.1660	23810.8790	0	0
fresh-base-14-conventional-d600	14	conventional	960	ce1688	2.2573	1.3921	2.8125	1.9375	18506.9683	18180.0184	0	0
fresh-base-14-conventional-d600	14	conventional	960	ce1689	1.5807	0.8329	2.1250	1.3750	18144.7696	18069.4458	0	0
fresh-base-14-conventional-d600	14	conventional	960	ce1691	2.8901	1.6515	3.4375	2.1875	18245.6849	17868.1771	0	0
fresh-base-14-conventional-d600	14	conventional	960	ce1692	2.7652	1.5871	3.5000	2.3125	24492.0640	24180.4003	0	0
fresh-base-14-conventional-d600	14	conventional	960	ce1693	0.1512	0.0879	0.7500	0.6875	19960.0282	19987.8507	0	0
fresh-base-14-conventional-d600	14	conventional	960	ce1694	1.6824	1.2449	2.4375	2.0000	25170.2775	25168.9890	0	0
fresh-base-14-conventional-d600	14	conventional	960	ce1695	2.5719	1.3887	3.1250	1.9375	18436.0392	18294.7374	0	0
fresh-base-14-conventional-d600	14	conventional	960	ce1696	1.1911	0.3918	1.6875	0.8750	16545.6864	16105.1591	0	0
fresh-base-14-conventional-d600	14	conventional	960	ce1700	2.3370	0.7139	3.0625	1.4375	24182.6307	24120.6279	0	0
fresh-base-14-conventional-d600	14	conventional	960	ce1702	2.2349	1.4772	2.7500	2.0000	17170.8381	17426.4776	0	0
fresh-base-14-conventional-d600	14	conventional	960	ce1704	1.1423	1.0761	1.5000	1.4375	11921.8088	12046.6850	0	0
fresh-base-14-conventional-d600	14	conventional	960	ce1705	2.4496	1.0160	3.0000	1.5625	18345.4712	18216.1456	0	0
fresh-base-14-conventional-d600	14	conventional	960	ce1708	1.3571	0.8631	1.8125	1.3125	15180.0816	14979.6885	0	0
fresh-base-14-conventional-d600	14	conventional	960	ce1710	1.9021	1.5128	2.3750	2.0000	15764.1239	16239.9450	0	0
fresh-base-14-conventional-d600	14	conventional	960	ce1711	2.4985	1.0711	3.1875	1.7500	22967.5100	22630.0380	0	0
fresh-base-14-conventional-d600	14	conventional	960	ce1712	1.8825	0.7580	2.4375	1.3125	18498.7149	18482.4034	0	0
fresh-base-14-conventional-d600	14	conventional	960	ce1713	1.8804	1.3193	2.5625	2.0000	22736.4359	22691.4114	0	0
fresh-base-14-conventional-d600	14	conventional	960	ce1715	1.6013	0.7210	2.1875	1.3125	19539.5985	19715.4483	0	0
fresh-base-14-conventional-d600	14	conventional	960	ce1716	3.8650	1.0690	4.4375	1.6250	19083.4589	18531.9755	0	0
fresh-base-14-conventional-d600	14	conventional	960	ce1718	2.5039	1.2218	2.9375	1.6250	14454.2968	13440.9134	0	1
fresh-base-14-conventional-d600	14	conventional	960	ce1719	2.1215	1.2273	2.7500	1.8125	20949.1393	19506.5198	0	1
fresh-base-14-conventional-d600	14	conventional	960	ce1720	1.7852	0.8476	2.2500	1.3125	15492.8860	15497.8343	0	0
fresh-base-14-conventional-d600	14	conventional	960	ce1721	2.0199	0.6547	2.5000	1.2500	16003.9929	19843.8623	0	0
fresh-base-14-conventional-d600	14	conventional	960	ce1722	1.0237	0.8051	1.5625	1.3125	17958.3628	16914.8072	0	1
