# garden fresh-base-23-holistic-d400 seed 23 holistic season 760 n=60 J=16 worlds=0..15 run=/tmp/rbt107-h1/base-23 work_cost=0.03 (75 s, workers 4)
fresh-base-23-holistic-d400	23	holistic	760	he1166	1.7238	1.6623	1.8125	1.7500	2957.4703	2923.2715	0	0
fresh-base-23-holistic-d400	23	holistic	760	he1167	0.5354	0.3479	0.6875	0.5000	5069.4395	5069.5025	0	0
fresh-base-23-holistic-d400	23	holistic	760	he1168	0.8725	0.5122	1.0625	0.6875	6334.5991	5841.9478	0	0
fresh-base-23-holistic-d400	23	holistic	760	he1169	1.4454	1.3215	1.6875	1.5625	8069.5047	8031.8271	0	0
fresh-base-23-holistic-d400	23	holistic	760	he1171	2.0348	0.8491	2.0625	0.8750	922.9121	862.9571	0	0
fresh-base-23-holistic-d400	23	holistic	760	he1172	1.0533	1.1786	1.1875	1.3125	4474.9192	4464.4837	0	0
fresh-base-23-holistic-d400	23	holistic	760	he1173	1.4715	0.9707	1.6250	1.1250	5117.8940	5144.5439	0	0
fresh-base-23-holistic-d400	23	holistic	760	he1174	0.6186	0.5560	0.6250	0.5625	213.5737	217.4515	0	0
fresh-base-23-holistic-d400	23	holistic	760	he1176	0.7504	1.0033	1.0000	1.2500	8320.0770	8223.8956	0	0
fresh-base-23-holistic-d400	23	holistic	760	he1177	1.3553	1.0469	1.7500	1.4375	13156.1464	13020.4070	0	0
fresh-base-23-holistic-d400	23	holistic	760	he1178	1.9292	1.5543	2.0625	1.6875	4444.8286	4441.6507	0	0
fresh-base-23-holistic-d400	23	holistic	760	he1179	1.3318	1.2076	1.3750	1.2500	1441.4515	1413.1915	0	0
fresh-base-23-holistic-d400	23	holistic	760	he1183	1.2390	1.0508	1.2500	1.0625	365.5748	388.4519	0	0
fresh-base-23-holistic-d400	23	holistic	760	he1184	2.0702	1.0686	2.2500	1.2500	5992.5779	6046.8975	0	0
fresh-base-23-holistic-d400	23	holistic	760	he1185	0.7254	0.7257	0.7500	0.7500	819.4392	810.7020	0	0
fresh-base-23-holistic-d400	23	holistic	760	he1187	1.3562	1.0431	1.5000	1.1875	4794.0495	4812.5200	0	0
fresh-base-23-holistic-d400	23	holistic	760	he1189	1.8964	1.3970	2.0000	1.5000	3454.3264	3434.5846	0	0
fresh-base-23-holistic-d400	23	holistic	760	he1192	1.4447	1.1291	1.5000	1.1875	1843.3211	1947.0443	0	0
fresh-base-23-holistic-d400	23	holistic	760	he1195	1.5183	1.3964	1.5625	1.4375	1473.5754	1368.3884	0	0
fresh-base-23-holistic-d400	23	holistic	760	he1196	1.3518	0.9139	1.3750	0.9375	771.7367	788.2375	0	0
fresh-base-23-holistic-d400	23	holistic	760	he1197	1.2722	1.2100	1.5000	1.4375	7593.4125	7583.2334	0	0
fresh-base-23-holistic-d400	23	holistic	760	he1199	0.1594	0.0962	0.3125	0.2500	5104.2599	5128.1418	0	0
fresh-base-23-holistic-d400	23	holistic	760	he1200	2.0910	1.4125	2.1875	1.5000	3216.7766	2916.6501	0	0
fresh-base-23-holistic-d400	23	holistic	760	he1201	1.0538	1.1781	1.1875	1.3125	4456.7151	4478.7539	0	0
fresh-base-23-holistic-d400	23	holistic	760	he1202	1.2813	0.8440	1.3125	0.8750	1040.8060	1033.3165	0	0
fresh-base-23-holistic-d400	23	holistic	760	he1203	1.4876	0.9265	1.5000	0.9375	411.9325	366.8491	0	0
fresh-base-23-holistic-d400	23	holistic	760	he1204	1.5910	0.6567	1.6250	0.6875	1133.5545	1026.5561	0	0
fresh-base-23-holistic-d400	23	holistic	760	he1206	1.3872	0.6986	1.4375	0.7500	1677.9822	1713.2967	0	0
fresh-base-23-holistic-d400	23	holistic	760	he1208	1.2649	0.6407	1.5625	0.9375	9919.9251	9892.7151	0	0
fresh-base-23-holistic-d400	23	holistic	760	he1210	0.4964	0.5591	0.5000	0.5625	120.7566	114.9427	0	0
fresh-base-23-holistic-d400	23	holistic	760	he1212	1.7009	1.6410	1.8750	1.8125	5804.9691	5716.4026	0	0
fresh-base-23-holistic-d400	23	holistic	760	he1215	0.4685	0.2828	0.5625	0.3750	3134.2237	3073.2205	0	0
fresh-base-23-holistic-d400	23	holistic	760	he1218	1.2413	0.9310	1.3125	1.0000	2371.8755	2301.2050	0	0
fresh-base-23-holistic-d400	23	holistic	760	he1219	1.4249	1.2384	1.4375	1.2500	419.3129	385.6023	0	0
fresh-base-23-holistic-d400	23	holistic	760	he1221	1.1749	0.8634	1.1875	0.8750	420.8167	385.2722	0	0
fresh-base-23-holistic-d400	23	holistic	760	he1222	1.3136	1.6273	1.4375	1.7500	4129.1317	4090.8228	0	0
fresh-base-23-holistic-d400	23	holistic	760	he1224	1.5800	1.2057	1.9375	1.5625	11917.3143	11894.8773	0	0
fresh-base-23-holistic-d400	23	holistic	760	he1225	0.3668	0.3668	0.3750	0.3750	273.3985	274.2409	0	0
fresh-base-23-holistic-d400	23	holistic	760	he1226	1.0518	1.0518	1.3125	1.3125	8689.9187	8691.4363	0	0
fresh-base-23-holistic-d400	23	holistic	760	he1228	1.5425	1.3605	1.6250	1.4375	2749.3594	2566.5002	0	0
fresh-base-23-holistic-d400	23	holistic	760	he1231	1.2580	1.0760	1.4375	1.2500	5984.3215	5801.0902	0	0
fresh-base-23-holistic-d400	23	holistic	760	he1232	0.7401	0.6781	0.7500	0.6875	329.2738	313.8738	0	0
fresh-base-23-holistic-d400	23	holistic	760	he1233	1.5286	1.0298	1.8125	1.3125	9464.3198	9423.9788	0	0
fresh-base-23-holistic-d400	23	holistic	760	he1235	0.7581	1.4964	1.1875	1.9375	14314.7974	14701.7598	0	0
fresh-base-23-holistic-d400	23	holistic	760	he1236	0.9953	0.9976	1.1875	1.1875	6407.6847	6330.0791	0	0
fresh-base-23-holistic-d400	23	holistic	760	he1237	0.7409	0.6160	0.7500	0.6250	304.0895	301.1530	0	0
fresh-base-23-holistic-d400	23	holistic	760	he1238	0.1741	0.2374	0.1875	0.2500	446.0485	418.5445	0	0
fresh-base-23-holistic-d400	23	holistic	760	he1239	0.3602	0.6720	0.3750	0.6875	492.4341	515.9045	0	0
fresh-base-23-holistic-d400	23	holistic	760	he1240	1.3758	1.2493	1.6875	1.5625	10391.1470	10439.6109	0	0
fresh-base-23-holistic-d400	23	holistic	760	he1241	0.3018	0.3683	0.3750	0.4375	2440.6894	2306.2435	0	0
fresh-base-23-holistic-d400	23	holistic	760	he1243	1.7736	1.5872	1.8125	1.6250	1297.6070	1259.1467	0	0
fresh-base-23-holistic-d400	23	holistic	760	he1244	1.0392	0.9146	1.1250	1.0000	2858.5616	2847.0598	0	0
fresh-base-23-holistic-d400	23	holistic	760	he1245	0.8004	0.9878	0.8125	1.0000	403.6795	408.2713	0	0
fresh-base-23-holistic-d400	23	holistic	760	he1247	0.6745	0.6113	0.6875	0.6250	432.6120	456.0322	0	0
fresh-base-23-holistic-d400	23	holistic	760	he1248	-0.0062	-0.0054	0.0000	0.0000	207.8815	179.9623	0	0
fresh-base-23-holistic-d400	23	holistic	760	he1249	0.5371	0.8497	0.5625	0.8750	848.1510	842.6548	0	0
fresh-base-23-holistic-d400	23	holistic	760	he1250	1.3709	1.1805	1.6875	1.5000	10552.7499	10649.7915	0	0
fresh-base-23-holistic-d400	23	holistic	760	he1251	0.8199	1.4446	1.0000	1.6250	6003.8688	6012.9746	0	0
fresh-base-23-holistic-d400	23	holistic	760	he1252	2.0046	1.3051	2.4375	1.7500	14429.8894	14828.4136	0	0
fresh-base-23-holistic-d400	23	holistic	760	he1253	0.7007	0.8882	0.7500	0.9375	1643.3191	1643.7747	0	0
