# garden fresh-base-14-holistic-d800 seed 14 holistic season 1160 n=60 J=16 worlds=16..31 run=/tmp/rbt107-h1/base-14 work_cost=0.03 (114 s, workers 4)
fresh-base-14-holistic-d800	14	holistic	1160	he1612	0.5488	0.4868	0.5625	0.5000	457.6973	439.4459	0	0
fresh-base-14-holistic-d800	14	holistic	1160	he1614	1.7242	1.9265	1.9375	2.1250	7111.1764	6617.3753	0	0
fresh-base-14-holistic-d800	14	holistic	1160	he1615	3.4103	2.4173	3.5000	2.5000	2990.5399	2756.0800	0	0
fresh-base-14-holistic-d800	14	holistic	1160	he1616	0.9413	0.9473	1.0000	1.0000	1957.5524	1755.7290	0	0
fresh-base-14-holistic-d800	14	holistic	1160	he1617	2.7416	1.7519	3.1250	2.1250	12778.8463	12438.0830	0	0
fresh-base-14-holistic-d800	14	holistic	1160	he1618	1.6192	1.3109	1.8125	1.5000	6444.1675	6302.7568	0	0
fresh-base-14-holistic-d800	14	holistic	1160	he1619	0.9869	0.5610	1.0625	0.6250	2519.6343	2134.1853	0	0
fresh-base-14-holistic-d800	14	holistic	1160	he1620	0.8744	1.0623	0.9375	1.1250	2102.7500	2091.5975	0	0
fresh-base-14-holistic-d800	14	holistic	1160	he1622	0.1568	0.5316	0.4375	0.8125	9358.1478	9362.3374	0	0
fresh-base-14-holistic-d800	14	holistic	1160	he1623	0.9800	1.1707	1.3750	1.5625	13167.1341	13058.8766	0	0
fresh-base-14-holistic-d800	14	holistic	1160	he1624	3.2827	2.4649	3.5625	2.7500	9327.4027	9504.4743	0	0
fresh-base-14-holistic-d800	14	holistic	1160	he1625	1.4285	0.8625	1.8750	1.3125	14883.4043	14999.2370	0	0
fresh-base-14-holistic-d800	14	holistic	1160	he1626	1.5453	0.6128	2.0625	1.1250	17241.5490	17072.6121	0	0
fresh-base-14-holistic-d800	14	holistic	1160	he1627	1.7994	1.4910	2.0000	1.6875	6687.4509	6549.8103	0	0
fresh-base-14-holistic-d800	14	holistic	1160	he1628	1.0187	0.7136	1.2500	0.9375	7711.5360	7464.3945	0	0
fresh-base-14-holistic-d800	14	holistic	1160	he1629	0.9276	0.8521	1.0000	0.9375	2413.5169	2846.4306	0	0
fresh-base-14-holistic-d800	14	holistic	1160	he1630	2.9186	1.7537	3.3750	2.1875	15213.0827	14461.1268	0	0
fresh-base-14-holistic-d800	14	holistic	1160	he1632	1.8117	1.1351	2.0625	1.3750	8358.6050	7995.2869	0	0
fresh-base-14-holistic-d800	14	holistic	1160	he1634	1.9543	2.2466	2.2500	2.5625	9858.2484	10530.1115	0	0
fresh-base-14-holistic-d800	14	holistic	1160	he1635	2.4542	2.0802	2.5000	2.1250	1526.2043	1492.4848	0	0
fresh-base-14-holistic-d800	14	holistic	1160	he1637	2.0061	2.5209	2.5000	3.0000	16464.6972	15971.1646	0	0
fresh-base-14-holistic-d800	14	holistic	1160	he1641	2.7942	2.1152	3.0000	2.3125	6860.7114	6575.9662	0	0
fresh-base-14-holistic-d800	14	holistic	1160	he1644	1.3964	2.5254	1.6875	2.8125	9702.8482	9570.0846	0	0
fresh-base-14-holistic-d800	14	holistic	1160	he1645	0.4755	0.5384	0.5000	0.5625	817.8286	802.9510	0	0
fresh-base-14-holistic-d800	14	holistic	1160	he1648	1.1376	0.9527	1.5000	1.3125	12080.4471	11994.6550	0	0
fresh-base-14-holistic-d800	14	holistic	1160	he1649	3.3960	2.8971	3.6875	3.1875	9718.2715	9681.0508	0	0
fresh-base-14-holistic-d800	14	holistic	1160	he1650	3.2590	1.9534	3.4375	2.1250	5949.6552	5718.9144	0	0
fresh-base-14-holistic-d800	14	holistic	1160	he1651	2.2100	1.8444	2.5000	2.1250	9665.6967	9354.8478	0	0
fresh-base-14-holistic-d800	14	holistic	1160	he1652	2.7410	2.8099	3.2500	3.3125	16968.1114	16754.0252	0	0
fresh-base-14-holistic-d800	14	holistic	1160	he1654	0.2711	0.2722	0.3125	0.3125	1379.0253	1342.0391	0	0
fresh-base-14-holistic-d800	14	holistic	1160	he1657	1.7984	2.1056	2.0000	2.3125	6719.1322	6896.4599	0	0
fresh-base-14-holistic-d800	14	holistic	1160	he1658	0.8676	0.8679	0.9375	0.9375	2328.7075	2321.4451	0	0
fresh-base-14-holistic-d800	14	holistic	1160	he1659	3.8519	4.0894	4.3125	4.5625	15354.1033	15769.8031	0	0
fresh-base-14-holistic-d800	14	holistic	1160	he1660	0.7621	0.2676	1.1875	0.6875	14179.0780	13996.8990	0	0
fresh-base-14-holistic-d800	14	holistic	1160	he1665	1.8368	1.5945	2.1250	1.8750	9606.7189	9349.3124	0	0
fresh-base-14-holistic-d800	14	holistic	1160	he1666	1.4346	0.9469	1.6250	1.1250	6348.0049	5938.0676	0	0
fresh-base-14-holistic-d800	14	holistic	1160	he1668	2.5811	1.8911	2.6875	2.0000	3545.4995	3631.6358	0	0
fresh-base-14-holistic-d800	14	holistic	1160	he1669	0.7781	0.7159	1.0000	0.9375	7395.4726	7386.6837	0	0
fresh-base-14-holistic-d800	14	holistic	1160	he1670	3.0430	2.4166	3.3125	2.6875	8982.1284	9029.0840	0	0
fresh-base-14-holistic-d800	14	holistic	1160	he1671	1.6994	0.9332	1.8750	1.1250	5853.1734	6391.9684	0	0
fresh-base-14-holistic-d800	14	holistic	1160	he1673	0.6069	0.5475	0.6875	0.6250	2685.3690	2581.7928	0	0
fresh-base-14-holistic-d800	14	holistic	1160	he1674	0.5983	0.9754	0.8750	1.2500	9223.2394	9152.2787	0	0
fresh-base-14-holistic-d800	14	holistic	1160	he1676	3.5339	2.9149	3.9375	3.3125	13452.7961	13253.6403	0	0
fresh-base-14-holistic-d800	14	holistic	1160	he1677	3.2526	1.9443	3.5625	2.2500	10328.7625	10189.1485	0	0
fresh-base-14-holistic-d800	14	holistic	1160	he1678	2.0427	2.1053	2.3125	2.3750	8994.0341	8989.9520	0	0
fresh-base-14-holistic-d800	14	holistic	1160	he1679	1.5428	1.5130	1.6250	1.6250	2740.5245	3734.6928	0	0
fresh-base-14-holistic-d800	14	holistic	1160	he1680	0.9510	0.7738	1.0625	0.8750	3716.9540	3373.4254	0	0
fresh-base-14-holistic-d800	14	holistic	1160	he1681	1.3658	1.5565	1.6250	1.8125	8639.6125	8534.2366	0	0
fresh-base-14-holistic-d800	14	holistic	1160	he1682	1.9412	1.4562	2.0625	1.5625	4042.7235	3544.0465	0	0
fresh-base-14-holistic-d800	14	holistic	1160	he1684	1.4710	1.2210	1.5625	1.3125	3050.9644	3049.0775	0	0
fresh-base-14-holistic-d800	14	holistic	1160	he1685	1.1129	0.8639	1.5625	1.3125	14986.5073	14954.8655	0	0
fresh-base-14-holistic-d800	14	holistic	1160	he1686	0.7828	0.4807	1.0000	0.6875	7239.5918	6893.9360	0	0
fresh-base-14-holistic-d800	14	holistic	1160	he1687	1.1984	1.7087	1.5625	2.0625	12138.3172	11793.8241	0	0
fresh-base-14-holistic-d800	14	holistic	1160	he1688	0.9727	0.6030	1.3125	0.9375	11327.8992	11148.4128	0	0
fresh-base-14-holistic-d800	14	holistic	1160	he1689	1.0851	1.0582	1.2500	1.2500	5496.6777	6394.9869	0	0
fresh-base-14-holistic-d800	14	holistic	1160	he1692	1.8915	1.2692	2.0000	1.3750	3618.2828	3526.0148	0	0
fresh-base-14-holistic-d800	14	holistic	1160	he1693	0.7852	1.1560	0.8750	1.2500	2993.6171	3132.4259	0	0
fresh-base-14-holistic-d800	14	holistic	1160	he1694	2.3234	3.0479	2.4375	3.1875	3802.1039	4654.4402	0	0
fresh-base-14-holistic-d800	14	holistic	1160	he1695	-0.0016	-0.0016	0.0000	0.0000	53.1374	53.4876	0	0
fresh-base-14-holistic-d800	14	holistic	1160	he1696	1.2966	0.9183	1.5000	1.1250	6781.5417	6890.7928	0	0
