# garden fresh-cull20-23-conventional-d400 seed 23 conventional season 760 n=60 J=16 worlds=16..31 run=/tmp/rbt107-h1/cull20-23 work_cost=0.03 (105 s, workers 4)
fresh-cull20-23-conventional-d400	23	conventional	760	ce1461	0.7382	0.2975	1.4375	1.0000	23310.6964	23416.5673	0	0
fresh-cull20-23-conventional-d400	23	conventional	760	ce1462	2.3622	0.9907	2.8125	1.4375	15009.8152	14894.8744	0	0
fresh-cull20-23-conventional-d400	23	conventional	760	ce1466	1.4515	0.7408	1.7500	1.0625	9951.5407	10723.6191	0	0
fresh-cull20-23-conventional-d400	23	conventional	760	ce1467	0.3844	0.1971	1.1875	1.0000	26768.4045	26764.2657	0	0
fresh-cull20-23-conventional-d400	23	conventional	760	ce1468	0.3944	0.2627	1.0625	0.9375	22269.1117	22492.0835	0	0
fresh-cull20-23-conventional-d400	23	conventional	760	ce1470	0.7828	0.4726	1.3750	1.0625	19740.3864	19662.6417	0	0
fresh-cull20-23-conventional-d400	23	conventional	760	ce1471	1.5772	0.7836	2.0625	1.3125	16178.0800	17629.3726	0	0
fresh-cull20-23-conventional-d400	23	conventional	760	ce1475	1.9686	1.0890	2.5625	1.6875	19795.2848	19949.8542	0	0
fresh-cull20-23-conventional-d400	23	conventional	760	ce1476	1.0974	0.5923	1.6250	1.1250	17585.2867	17755.9711	0	0
fresh-cull20-23-conventional-d400	23	conventional	760	ce1477	0.9065	0.0890	1.3125	0.5000	13532.8447	13700.4124	0	0
fresh-cull20-23-conventional-d400	23	conventional	760	ce1479	1.4775	0.4814	1.9375	0.9375	15334.4367	15201.8815	0	0
fresh-cull20-23-conventional-d400	23	conventional	760	ce1481	2.2370	1.1393	2.7500	1.6250	17099.0028	16189.3505	0	0
fresh-cull20-23-conventional-d400	23	conventional	760	ce1482	1.7770	1.3971	2.3125	1.9375	17851.6559	18012.1840	0	0
fresh-cull20-23-conventional-d400	23	conventional	760	ce1484	0.3217	0.2596	1.0000	0.9375	22610.1505	22596.7440	0	0
fresh-cull20-23-conventional-d400	23	conventional	760	ce1485	2.0280	0.6627	2.5625	1.1875	17816.6915	17492.5069	0	0
fresh-cull20-23-conventional-d400	23	conventional	760	ce1486	0.6990	0.8164	1.3750	1.5000	22533.1338	22787.1663	0	0
fresh-cull20-23-conventional-d400	23	conventional	760	ce1487	0.9557	0.2454	1.6250	0.8750	22309.4715	20985.7020	0	1
fresh-cull20-23-conventional-d400	23	conventional	760	ce1488	0.3466	0.2324	0.9375	0.8125	19697.9998	19335.5912	0	0
fresh-cull20-23-conventional-d400	23	conventional	760	ce1489	1.8847	1.0776	2.5625	1.7500	22591.7103	22414.4798	0	0
fresh-cull20-23-conventional-d400	23	conventional	760	ce1491	0.4263	0.6137	1.0000	1.1875	19122.2963	19125.9697	0	0
fresh-cull20-23-conventional-d400	23	conventional	760	ce1492	1.5035	0.5610	2.1875	1.2500	22799.1069	22966.6926	0	0
fresh-cull20-23-conventional-d400	23	conventional	760	ce1494	1.9808	0.9804	2.6250	1.6250	21474.6719	21485.8139	0	0
fresh-cull20-23-conventional-d400	23	conventional	760	ce1495	2.3346	0.7830	2.8125	1.2500	15930.8885	15565.7763	0	0
fresh-cull20-23-conventional-d400	23	conventional	760	ce1496	1.4070	1.0391	2.1250	1.7500	23934.4891	23697.8781	0	0
fresh-cull20-23-conventional-d400	23	conventional	760	ce1497	0.5617	0.0071	1.3125	0.7500	25027.3983	24762.5851	0	0
fresh-cull20-23-conventional-d400	23	conventional	760	ce1500	1.0492	0.5532	1.7500	1.2500	23360.9841	23226.2981	0	0
fresh-cull20-23-conventional-d400	23	conventional	760	ce1501	1.4651	0.1542	2.0625	0.7500	19914.2083	19859.4315	0	0
fresh-cull20-23-conventional-d400	23	conventional	760	ce1503	1.3702	0.8070	2.0625	1.5000	23076.6247	23100.0454	0	0
fresh-cull20-23-conventional-d400	23	conventional	760	ce1506	1.2728	0.1977	1.8750	0.8125	20072.5831	20492.8544	0	0
fresh-cull20-23-conventional-d400	23	conventional	760	ce1507	0.8984	0.7720	1.6875	1.5625	26304.9585	26348.9118	0	0
fresh-cull20-23-conventional-d400	23	conventional	760	ce1508	0.8127	0.1372	1.3750	0.6875	18741.7888	18343.6906	0	0
fresh-cull20-23-conventional-d400	23	conventional	760	ce1509	2.0392	1.0875	2.6875	1.7500	21610.6758	22084.7015	0	0
fresh-cull20-23-conventional-d400	23	conventional	760	ce1511	1.3497	0.4843	2.0625	1.1875	23759.3687	23438.5353	0	0
fresh-cull20-23-conventional-d400	23	conventional	760	ce1512	1.1085	0.2365	1.8125	0.9375	23467.3091	23366.9898	0	0
fresh-cull20-23-conventional-d400	23	conventional	760	ce1514	0.3544	0.1701	0.9375	0.7500	19437.3071	19330.4550	0	0
fresh-cull20-23-conventional-d400	23	conventional	760	ce1515	1.1590	0.4787	1.8750	1.1875	23866.8924	23628.1029	0	0
fresh-cull20-23-conventional-d400	23	conventional	760	ce1516	1.8071	1.3260	2.3125	1.8750	16848.3113	18300.7204	0	0
fresh-cull20-23-conventional-d400	23	conventional	760	ce1517	0.2119	0.3343	0.7500	0.8750	17937.7760	18021.8570	0	0
fresh-cull20-23-conventional-d400	23	conventional	760	ce1519	1.6216	1.0622	2.3125	1.7500	23031.0213	22925.4337	0	0
fresh-cull20-23-conventional-d400	23	conventional	760	ce1520	1.9751	0.8554	2.4375	1.3125	15414.9666	15237.8958	0	0
fresh-cull20-23-conventional-d400	23	conventional	760	ce1523	1.1530	0.5864	1.8125	1.2500	21984.0138	22120.5304	0	0
fresh-cull20-23-conventional-d400	23	conventional	760	ce1525	2.0020	0.9314	2.5625	1.5000	18683.1052	18951.8092	0	0
fresh-cull20-23-conventional-d400	23	conventional	760	ce1527	1.4207	0.4098	2.1250	1.1250	23476.1884	23841.6471	0	0
fresh-cull20-23-conventional-d400	23	conventional	760	ce1528	2.1903	1.2594	2.6875	1.7500	16574.3775	16354.1162	0	0
fresh-cull20-23-conventional-d400	23	conventional	760	ce1529	1.8330	1.1471	2.3750	1.6875	18066.5402	18012.1042	0	0
fresh-cull20-23-conventional-d400	23	conventional	760	ce1531	1.1547	0.6599	1.8125	1.3125	21925.7776	21751.9589	0	0
fresh-cull20-23-conventional-d400	23	conventional	760	ce1533	1.9970	0.3920	2.5000	0.8750	16767.7314	16099.3057	0	0
fresh-cull20-23-conventional-d400	23	conventional	760	ce1535	1.2818	0.5367	1.8125	1.0625	17691.4111	17526.3012	0	0
fresh-cull20-23-conventional-d400	23	conventional	760	ce1536	0.7537	0.3164	1.0000	0.5625	8208.4734	8202.2514	0	0
fresh-cull20-23-conventional-d400	23	conventional	760	ce1537	2.0581	0.6158	2.6875	1.2500	20979.8473	21141.1543	0	0
fresh-cull20-23-conventional-d400	23	conventional	760	ce1541	0.5374	0.2862	1.0000	0.7500	15418.9849	15461.0043	0	0
fresh-cull20-23-conventional-d400	23	conventional	760	ce1542	3.1061	1.3837	3.6250	1.9375	17296.9372	18460.7257	0	0
fresh-cull20-23-conventional-d400	23	conventional	760	ce1543	0.9831	0.8600	1.6250	1.5000	21396.4808	21333.4182	0	0
fresh-cull20-23-conventional-d400	23	conventional	760	ce1544	0.8972	0.6593	1.6250	1.3750	24258.8336	23857.7009	0	0
fresh-cull20-23-conventional-d400	23	conventional	760	ce1545	0.6459	0.3298	0.9375	0.6250	9719.4446	9841.6664	0	0
fresh-cull20-23-conventional-d400	23	conventional	760	ce1546	2.2831	0.4527	2.7500	0.9375	15561.6766	16160.2676	0	0
fresh-cull20-23-conventional-d400	23	conventional	760	ce1549	0.9529	0.5512	1.5000	1.1250	18235.9662	19126.7796	0	0
fresh-cull20-23-conventional-d400	23	conventional	760	ce1550	1.4615	0.4300	2.0625	1.0625	20033.1381	21082.7247	0	0
fresh-cull20-23-conventional-d400	23	conventional	760	ce1551	0.9091	0.3421	1.6250	1.0625	23864.8887	24012.7259	0	0
fresh-cull20-23-conventional-d400	23	conventional	760	ce1552	1.9172	1.3592	2.4375	1.8750	17342.8639	17194.6053	0	0
