# garden fresh-shift-16-conventional-d400 seed 16 conventional season 760 n=60 J=16 worlds=0..15 run=/tmp/rbt107-h1/shift-16 work_cost=0.03 (102 s, workers 4)
fresh-shift-16-conventional-d400	16	conventional	760	ce1292	1.9809	1.2743	2.6875	1.9375	23553.9453	22106.8640	0	0
fresh-shift-16-conventional-d400	16	conventional	760	ce1293	2.3836	1.5168	3.1250	2.2500	24712.9038	24438.4558	0	0
fresh-shift-16-conventional-d400	16	conventional	760	ce1294	1.1720	0.7236	1.6875	1.2500	17184.6933	17546.2440	0	0
fresh-shift-16-conventional-d400	16	conventional	760	ce1295	3.3560	1.1248	3.9375	1.6875	19384.6567	18758.0264	0	0
fresh-shift-16-conventional-d400	16	conventional	760	ce1297	2.2014	0.9203	2.8125	1.5000	20369.9477	19322.1795	0	0
fresh-shift-16-conventional-d400	16	conventional	760	ce1299	1.9588	1.5924	2.6875	2.3125	24288.7756	24003.7514	0	0
fresh-shift-16-conventional-d400	16	conventional	760	ce1300	1.2705	0.5751	2.0000	1.2500	24316.0528	22497.2533	0	0
fresh-shift-16-conventional-d400	16	conventional	760	ce1301	1.8479	1.1687	2.4375	1.7500	19654.6525	19377.7878	0	0
fresh-shift-16-conventional-d400	16	conventional	760	ce1302	2.6408	0.6619	3.3750	1.3750	24471.8587	23771.6660	0	0
fresh-shift-16-conventional-d400	16	conventional	760	ce1304	2.5620	1.2386	3.1875	1.8125	20849.9317	19130.2184	0	1
fresh-shift-16-conventional-d400	16	conventional	760	ce1305	3.1310	1.0144	3.8125	1.6875	22717.9459	22436.5126	0	0
fresh-shift-16-conventional-d400	16	conventional	760	ce1306	1.4248	1.0725	2.1875	1.8125	25422.5340	24666.9271	0	0
fresh-shift-16-conventional-d400	16	conventional	760	ce1307	2.3873	1.2989	3.0625	2.0000	22507.5536	23369.4634	0	0
fresh-shift-16-conventional-d400	16	conventional	760	ce1308	2.3700	0.5589	3.0000	1.1875	21000.8768	20952.0309	0	0
fresh-shift-16-conventional-d400	16	conventional	760	ce1309	2.2744	0.4930	2.8750	1.0625	20019.3805	18982.3135	0	0
fresh-shift-16-conventional-d400	16	conventional	760	ce1312	1.3896	1.2248	1.8125	1.6250	14097.5903	13338.9107	0	1
fresh-shift-16-conventional-d400	16	conventional	760	ce1313	0.3967	0.9645	1.1250	1.6875	24275.9669	24099.7690	0	0
fresh-shift-16-conventional-d400	16	conventional	760	ce1315	2.3334	1.5466	3.0625	2.2500	24304.1941	23446.8226	0	0
fresh-shift-16-conventional-d400	16	conventional	760	ce1318	3.9196	0.9600	4.5625	1.5625	21429.6889	20083.7105	0	0
fresh-shift-16-conventional-d400	16	conventional	760	ce1319	3.0055	1.4996	3.6250	2.1250	20649.1567	20845.5002	0	0
fresh-shift-16-conventional-d400	16	conventional	760	ce1320	1.4412	0.5655	2.1250	1.2500	22793.0901	22817.5154	0	0
fresh-shift-16-conventional-d400	16	conventional	760	ce1321	0.8640	0.7357	1.3125	1.1875	14950.9314	15060.4376	0	0
fresh-shift-16-conventional-d400	16	conventional	760	ce1322	1.0828	1.2115	1.7500	1.8750	22238.7508	22118.1434	0	0
fresh-shift-16-conventional-d400	16	conventional	760	ce1323	3.3157	0.8799	4.0625	1.6250	24892.4764	24835.9677	0	0
fresh-shift-16-conventional-d400	16	conventional	760	ce1324	1.9413	1.1829	2.4375	1.6875	16540.2207	16821.6360	0	0
fresh-shift-16-conventional-d400	16	conventional	760	ce1325	2.6976	1.4685	3.4375	2.1875	24663.9646	23965.3033	0	0
fresh-shift-16-conventional-d400	16	conventional	760	ce1326	0.9914	0.3777	1.6250	1.0000	21121.1299	20741.7702	0	0
fresh-shift-16-conventional-d400	16	conventional	760	ce1327	0.3731	0.6505	0.9375	1.1875	18813.8842	17900.5568	0	0
fresh-shift-16-conventional-d400	16	conventional	760	ce1328	1.9394	1.2069	2.4375	1.6875	16604.7762	16021.1502	0	1
fresh-shift-16-conventional-d400	16	conventional	760	ce1329	1.1265	0.0579	1.8125	0.7500	22866.9566	23069.3739	0	0
fresh-shift-16-conventional-d400	16	conventional	760	ce1330	2.1253	0.2927	2.8750	1.0000	24989.9237	23576.9635	0	0
fresh-shift-16-conventional-d400	16	conventional	760	ce1331	2.5056	1.9320	3.1875	2.6250	22730.2702	23098.6623	0	0
fresh-shift-16-conventional-d400	16	conventional	760	ce1332	1.3394	1.0929	2.0000	1.7500	22021.6435	21902.1687	0	0
fresh-shift-16-conventional-d400	16	conventional	760	ce1333	2.5312	1.1170	3.1250	1.6875	19792.5723	19016.5540	0	0
fresh-shift-16-conventional-d400	16	conventional	760	ce1334	1.8459	0.6689	2.4375	1.2500	19718.5003	19368.3620	0	0
fresh-shift-16-conventional-d400	16	conventional	760	ce1335	3.5173	1.0221	4.2500	1.7500	24421.7953	24263.2153	0	0
fresh-shift-16-conventional-d400	16	conventional	760	ce1336	1.9210	1.4817	2.5000	2.0625	19299.4573	19358.4889	0	0
fresh-shift-16-conventional-d400	16	conventional	760	ce1338	1.4951	2.1243	2.1250	2.7500	20997.5905	20856.4217	0	0
fresh-shift-16-conventional-d400	16	conventional	760	ce1339	3.0264	1.4510	3.6250	2.0625	19952.1720	20382.7107	0	0
fresh-shift-16-conventional-d400	16	conventional	760	ce1340	1.5834	0.3927	2.2500	1.0625	22221.0581	22325.9504	0	0
fresh-shift-16-conventional-d400	16	conventional	760	ce1341	2.1512	1.8137	2.9375	2.5625	26208.6187	24959.8986	0	0
fresh-shift-16-conventional-d400	16	conventional	760	ce1343	1.8349	1.2780	2.3125	1.7500	15920.7753	15732.3053	0	0
fresh-shift-16-conventional-d400	16	conventional	760	ce1345	3.7152	1.3736	4.5000	2.0000	26161.4057	20879.1028	0	0
fresh-shift-16-conventional-d400	16	conventional	760	ce1346	1.5549	0.5831	2.1250	1.1250	19004.0704	18061.6687	0	0
fresh-shift-16-conventional-d400	16	conventional	760	ce1347	3.5424	2.1845	4.1875	2.8750	21502.7903	23015.1685	0	0
fresh-shift-16-conventional-d400	16	conventional	760	ce1348	2.0678	1.7493	2.8125	2.5000	24824.4040	25022.0488	0	0
fresh-shift-16-conventional-d400	16	conventional	760	ce1353	3.4417	1.4799	3.9375	1.9375	16527.3186	15253.1732	0	0
fresh-shift-16-conventional-d400	16	conventional	760	ce1356	2.2928	0.9264	3.0000	1.6250	23574.8826	23286.2136	0	0
fresh-shift-16-conventional-d400	16	conventional	760	ce1357	2.1527	1.4047	2.8750	2.1250	24075.8492	24008.7514	0	0
fresh-shift-16-conventional-d400	16	conventional	760	ce1358	2.6506	0.5757	3.3125	1.2500	22064.1435	22477.2576	0	0
fresh-shift-16-conventional-d400	16	conventional	760	ce1359	3.5895	0.7109	4.3125	1.4375	24100.1758	24220.5619	0	0
fresh-shift-16-conventional-d400	16	conventional	760	ce1360	2.9455	1.3877	3.6250	2.0625	22650.8770	22493.5846	0	0
fresh-shift-16-conventional-d400	16	conventional	760	ce1361	2.5356	0.2370	3.2500	1.0000	23812.7164	25433.1082	0	0
fresh-shift-16-conventional-d400	16	conventional	760	ce1362	1.5708	1.2374	2.2500	1.8750	22638.8870	21254.5402	0	1
fresh-shift-16-conventional-d400	16	conventional	760	ce1363	0.2021	0.5148	0.9375	1.2500	24514.7309	24506.7939	0	0
fresh-shift-16-conventional-d400	16	conventional	760	ce1364	1.1839	0.3109	1.9375	1.0625	25119.5379	25052.3275	0	0
fresh-shift-16-conventional-d400	16	conventional	760	ce1365	1.2028	1.0941	1.9375	1.8125	24490.7563	23945.9973	0	0
fresh-shift-16-conventional-d400	16	conventional	760	ce1366	0.9798	0.9137	1.5000	1.4375	17338.9562	17461.3695	0	0
fresh-shift-16-conventional-d400	16	conventional	760	ce1367	2.9743	1.2440	3.7500	2.0625	25857.1298	27284.0770	0	0
fresh-shift-16-conventional-d400	16	conventional	760	ce1368	2.1673	1.1685	2.8750	1.8750	23591.5188	23551.6337	0	0
