# garden fresh-shift-14-conventional-d600 seed 14 conventional season 960 n=60 J=16 worlds=0..15 run=/tmp/rbt107-h1/shift-14 work_cost=0.03 (103 s, workers 4)
fresh-shift-14-conventional-d600	14	conventional	960	ce1489	1.8128	0.8698	2.0625	1.1250	8323.9172	8507.9432	0	0
fresh-shift-14-conventional-d600	14	conventional	960	ce1490	0.9600	0.5223	1.4375	1.0000	15916.5269	15924.1223	0	0
fresh-shift-14-conventional-d600	14	conventional	960	ce1491	0.9256	0.1745	1.3125	0.5625	12897.0064	12931.9261	0	0
fresh-shift-14-conventional-d600	14	conventional	960	ce1493	1.6745	0.6029	2.0625	0.9375	12931.7609	11152.3055	0	0
fresh-shift-14-conventional-d600	14	conventional	960	ce1495	1.7364	0.6715	2.1250	1.0625	12954.5019	13034.4573	0	0
fresh-shift-14-conventional-d600	14	conventional	960	ce1496	1.1968	0.6405	1.6875	1.1250	16357.6956	16150.2634	0	0
fresh-shift-14-conventional-d600	14	conventional	960	ce1497	1.3608	0.5605	1.5625	0.7500	6724.9879	6316.6720	0	0
fresh-shift-14-conventional-d600	14	conventional	960	ce1498	0.9969	0.6574	1.5625	1.1875	18854.8523	17670.6444	0	0
fresh-shift-14-conventional-d600	14	conventional	960	ce1499	0.3195	0.3161	0.7500	0.7500	14351.3103	14462.6648	0	0
fresh-shift-14-conventional-d600	14	conventional	960	ce1500	0.6679	0.2324	1.1250	0.6875	15235.2610	15169.9790	0	0
fresh-shift-14-conventional-d600	14	conventional	960	ce1503	0.9732	0.3183	1.5625	0.8750	19642.4829	18558.0421	0	0
fresh-shift-14-conventional-d600	14	conventional	960	ce1505	1.3238	0.6467	2.0000	1.3125	22539.7018	22193.8350	0	0
fresh-shift-14-conventional-d600	14	conventional	960	ce1506	2.2900	0.7750	2.8125	1.3125	17415.9984	17916.6416	0	0
fresh-shift-14-conventional-d600	14	conventional	960	ce1507	2.7010	1.7672	3.1875	2.2500	16217.1592	16094.2666	0	0
fresh-shift-14-conventional-d600	14	conventional	960	ce1509	0.8217	0.3989	1.5000	1.0625	22611.3550	22120.9011	0	0
fresh-shift-14-conventional-d600	14	conventional	960	ce1510	2.1328	0.2584	2.5625	0.6875	14321.7715	14301.7458	0	0
fresh-shift-14-conventional-d600	14	conventional	960	ce1511	1.9445	0.7624	2.4375	1.2500	16433.3396	16253.4468	0	0
fresh-shift-14-conventional-d600	14	conventional	960	ce1512	0.3572	0.2355	0.6250	0.5000	8928.3276	8816.9339	0	0
fresh-shift-14-conventional-d600	14	conventional	960	ce1513	3.5765	0.4572	4.0625	0.9375	16201.2210	16010.4647	0	0
fresh-shift-14-conventional-d600	14	conventional	960	ce1515	0.3956	0.4951	0.6250	0.6875	7646.9482	6412.4627	0	0
fresh-shift-14-conventional-d600	14	conventional	960	ce1516	1.2804	0.7831	1.3750	0.8750	3153.6282	3063.2032	0	0
fresh-shift-14-conventional-d600	14	conventional	960	ce1517	0.1692	0.2258	0.6250	0.6875	15192.5708	15391.5600	0	0
fresh-shift-14-conventional-d600	14	conventional	960	ce1518	1.8522	0.6645	2.3750	1.1875	17425.7475	17433.5171	0	0
fresh-shift-14-conventional-d600	14	conventional	960	ce1519	0.7448	0.4919	0.8750	0.6250	4340.7320	4435.8005	0	0
fresh-shift-14-conventional-d600	14	conventional	960	ce1522	1.9686	1.2885	2.5625	1.8750	19796.3109	19548.6926	0	0
fresh-shift-14-conventional-d600	14	conventional	960	ce1523	0.5892	0.2112	1.2500	0.8750	22025.4641	22127.9033	0	0
fresh-shift-14-conventional-d600	14	conventional	960	ce1524	1.5118	0.2599	1.8750	0.6250	12106.5603	12169.6616	0	0
fresh-shift-14-conventional-d600	14	conventional	960	ce1525	2.5050	1.3663	2.9375	1.8125	14415.0026	14873.0819	0	0
fresh-shift-14-conventional-d600	14	conventional	960	ce1527	0.9833	0.3738	1.5625	0.8750	19307.7498	16707.9319	0	0
fresh-shift-14-conventional-d600	14	conventional	960	ce1528	2.7160	1.2890	3.3125	1.9375	19884.8903	21617.5274	0	0
fresh-shift-14-conventional-d600	14	conventional	960	ce1529	1.2095	0.6500	1.6875	1.1250	15932.8023	15831.8469	0	0
fresh-shift-14-conventional-d600	14	conventional	960	ce1531	1.8589	0.9861	2.1250	1.2500	8870.0239	8797.1243	0	0
fresh-shift-14-conventional-d600	14	conventional	960	ce1533	2.3652	0.4957	2.8750	1.0000	16994.1939	16811.4472	0	0
fresh-shift-14-conventional-d600	14	conventional	960	ce1535	0.5978	-0.0207	0.9375	0.3125	11323.9108	11107.5254	0	0
fresh-shift-14-conventional-d600	14	conventional	960	ce1536	0.1440	0.2016	0.5625	0.6250	13949.4724	14112.1610	0	0
fresh-shift-14-conventional-d600	14	conventional	960	ce1537	1.4948	0.4693	2.1250	1.1250	21005.7648	21858.0597	0	0
fresh-shift-14-conventional-d600	14	conventional	960	ce1538	0.5839	0.6414	1.1250	1.1250	18035.3920	16118.6446	0	0
fresh-shift-14-conventional-d600	14	conventional	960	ce1539	1.9301	1.1278	2.1875	1.3750	8581.0549	8239.7811	0	0
fresh-shift-14-conventional-d600	14	conventional	960	ce1541	1.7423	1.3061	2.4375	2.0000	23173.4445	23128.3393	0	0
fresh-shift-14-conventional-d600	14	conventional	960	ce1542	1.4220	0.5639	2.1250	1.2500	23432.0415	22871.0981	0	0
fresh-shift-14-conventional-d600	14	conventional	960	ce1544	2.2266	0.9760	2.5000	1.2500	9112.7056	9132.7913	0	0
fresh-shift-14-conventional-d600	14	conventional	960	ce1546	2.9485	0.4262	3.5000	1.0000	18384.0592	19126.8203	0	0
fresh-shift-14-conventional-d600	14	conventional	960	ce1547	2.3298	0.3897	2.9375	0.9375	20256.2928	18261.1230	0	0
fresh-shift-14-conventional-d600	14	conventional	960	ce1548	2.0009	0.3746	2.5000	0.8750	16635.6812	16680.9534	0	0
fresh-shift-14-conventional-d600	14	conventional	960	ce1549	0.1821	0.0604	0.6875	0.5625	16847.7200	16736.1281	0	0
fresh-shift-14-conventional-d600	14	conventional	960	ce1550	1.5324	1.2889	1.9375	1.6875	13502.2193	13285.9382	0	0
fresh-shift-14-conventional-d600	14	conventional	960	ce1552	1.9974	0.6912	2.5625	1.2500	18835.7131	18627.1123	0	0
fresh-shift-14-conventional-d600	14	conventional	960	ce1553	0.6085	0.3546	1.1250	0.8750	17217.0178	17347.5857	0	0
fresh-shift-14-conventional-d600	14	conventional	960	ce1554	1.9260	-0.0136	2.6875	0.8125	25381.6832	27535.2478	0	0
fresh-shift-14-conventional-d600	14	conventional	960	ce1555	1.2782	0.9088	1.9375	1.5625	21978.0522	21789.4057	0	0
fresh-shift-14-conventional-d600	14	conventional	960	ce1561	2.5760	0.6413	3.0625	1.1250	16216.3604	16122.3029	0	0
fresh-shift-14-conventional-d600	14	conventional	960	ce1562	1.7205	0.5371	2.2500	1.0625	17651.4636	17514.0602	0	0
fresh-shift-14-conventional-d600	14	conventional	960	ce1563	0.6746	0.1110	1.3125	0.6875	21262.3523	19215.9468	0	0
fresh-shift-14-conventional-d600	14	conventional	960	ce1564	0.8958	0.4624	1.3750	0.9375	15974.1050	15837.2371	0	0
fresh-shift-14-conventional-d600	14	conventional	960	ce1566	1.5616	0.3264	2.3125	1.1250	25028.6233	26618.4694	0	0
fresh-shift-14-conventional-d600	14	conventional	960	ce1567	2.9520	0.5140	3.5000	1.0625	18267.2835	18284.1163	0	1
fresh-shift-14-conventional-d600	14	conventional	960	ce1568	0.5573	0.1878	0.6875	0.3125	4339.3948	4155.4706	0	0
fresh-shift-14-conventional-d600	14	conventional	960	ce1569	2.6429	0.8942	3.1250	1.3750	16071.2857	16025.9615	0	0
fresh-shift-14-conventional-d600	14	conventional	960	ce1570	1.6828	0.8655	2.2500	1.4375	18905.9331	19066.4075	0	0
fresh-shift-14-conventional-d600	14	conventional	960	ce1571	0.0566	0.2100	0.6875	0.8125	21029.6664	20083.1387	0	0
