# garden fresh-base-16-conventional-d800 seed 16 conventional season 1160 n=60 J=16 worlds=16..31 run=/tmp/rbt107-h1/base-16 work_cost=0.03 (106 s, workers 4)
fresh-base-16-conventional-d800	16	conventional	1160	ce1997	1.0597	0.5627	1.8750	1.3750	27177.3632	27076.4727	0	0
fresh-base-16-conventional-d800	16	conventional	1160	ce1998	1.0034	0.6897	1.8750	1.5625	29052.2977	29094.2435	0	0
fresh-base-16-conventional-d800	16	conventional	1160	ce1999	1.1696	0.8503	1.7500	1.4375	19347.4990	19574.8113	0	0
fresh-base-16-conventional-d800	16	conventional	1160	ce2000	0.8239	0.5801	1.3750	1.1250	18369.3792	18161.6972	0	0
fresh-base-16-conventional-d800	16	conventional	1160	ce2003	1.1928	0.9968	1.8125	1.6250	20655.8901	20941.4015	0	0
fresh-base-16-conventional-d800	16	conventional	1160	ce2004	1.2579	1.5674	1.9375	2.2500	22652.2224	22754.2398	0	0
fresh-base-16-conventional-d800	16	conventional	1160	ce2005	1.4388	0.5761	2.1875	1.3125	24957.7881	24548.0486	0	0
fresh-base-16-conventional-d800	16	conventional	1160	ce2006	0.3927	0.0951	1.1250	0.8125	24410.2907	23913.7455	0	0
fresh-base-16-conventional-d800	16	conventional	1160	ce2009	1.1523	0.7185	1.8125	1.3750	22005.9787	21883.7941	0	0
fresh-base-16-conventional-d800	16	conventional	1160	ce2012	1.5886	0.6422	2.2500	1.2500	22047.8599	20261.0360	0	0
fresh-base-16-conventional-d800	16	conventional	1160	ce2013	0.9981	0.3346	1.7500	1.0625	25064.8901	24262.8962	0	0
fresh-base-16-conventional-d800	16	conventional	1160	ce2015	1.6040	1.7145	2.1875	2.3125	19450.5452	19934.2071	0	0
fresh-base-16-conventional-d800	16	conventional	1160	ce2016	1.1873	0.8197	1.9375	1.5625	25007.1253	24759.4850	0	0
fresh-base-16-conventional-d800	16	conventional	1160	ce2017	0.5659	0.1995	1.4375	1.0625	29052.8015	28766.3660	0	0
fresh-base-16-conventional-d800	16	conventional	1160	ce2018	1.8071	1.3053	2.5625	2.0625	25179.5469	25240.1878	0	0
fresh-base-16-conventional-d800	16	conventional	1160	ce2019	1.5350	0.6183	2.3125	1.3750	25916.2927	25222.9786	0	0
fresh-base-16-conventional-d800	16	conventional	1160	ce2022	2.6281	0.4071	3.4375	1.1875	26979.6523	26013.7557	0	0
fresh-base-16-conventional-d800	16	conventional	1160	ce2025	1.3921	0.2709	2.0625	0.9375	22347.8639	22220.2889	0	0
fresh-base-16-conventional-d800	16	conventional	1160	ce2027	1.3251	1.1329	2.0000	1.8125	22497.0020	22653.9141	0	0
fresh-base-16-conventional-d800	16	conventional	1160	ce2028	3.0840	1.6028	3.7500	2.2500	22200.1746	21571.8721	0	0
fresh-base-16-conventional-d800	16	conventional	1160	ce2029	1.7049	1.2972	2.4375	2.0000	24419.3568	23426.7328	0	0
fresh-base-16-conventional-d800	16	conventional	1160	ce2030	1.0075	0.7667	1.7500	1.5000	24750.0679	24444.6563	0	0
fresh-base-16-conventional-d800	16	conventional	1160	ce2031	1.6538	0.7663	2.2500	1.3750	19874.0405	20290.7087	0	0
fresh-base-16-conventional-d800	16	conventional	1160	ce2033	1.0100	0.6396	1.7500	1.3750	24666.3366	24513.1997	0	0
fresh-base-16-conventional-d800	16	conventional	1160	ce2034	0.9346	0.5828	1.6875	1.3125	25096.0011	24321.7626	0	0
fresh-base-16-conventional-d800	16	conventional	1160	ce2036	1.3190	0.1863	2.0625	0.9375	24783.4584	25039.5547	0	0
fresh-base-16-conventional-d800	16	conventional	1160	ce2037	1.3162	0.7692	2.0000	1.4375	22793.9412	22275.0581	0	0
fresh-base-16-conventional-d800	16	conventional	1160	ce2038	1.8770	1.6289	2.6250	2.3750	24934.9193	24871.6232	0	0
fresh-base-16-conventional-d800	16	conventional	1160	ce2039	1.6172	0.9942	2.2500	1.6250	21094.5218	21026.2651	0	0
fresh-base-16-conventional-d800	16	conventional	1160	ce2041	1.6695	0.9313	2.3125	1.5000	21432.0395	18956.7452	0	0
fresh-base-16-conventional-d800	16	conventional	1160	ce2043	1.4680	0.7250	2.1875	1.4375	23981.8342	23751.2728	0	0
fresh-base-16-conventional-d800	16	conventional	1160	ce2044	0.3327	0.7722	0.8750	1.3125	18078.1306	18009.4320	0	0
fresh-base-16-conventional-d800	16	conventional	1160	ce2045	0.8013	0.8018	1.6250	1.6250	27456.9981	27440.4425	0	0
fresh-base-16-conventional-d800	16	conventional	1160	ce2046	1.1342	0.5861	1.8750	1.3125	24694.0142	24212.4067	0	0
fresh-base-16-conventional-d800	16	conventional	1160	ce2047	2.2953	1.6577	3.0000	2.3750	23490.3564	23909.5747	0	0
fresh-base-16-conventional-d800	16	conventional	1160	ce2048	2.3147	0.6427	3.0000	1.2500	22843.2772	20243.6983	0	0
fresh-base-16-conventional-d800	16	conventional	1160	ce2050	2.1085	0.1943	2.7500	0.9375	21383.6412	24772.4049	0	0
fresh-base-16-conventional-d800	16	conventional	1160	ce2051	1.4092	1.4106	2.1875	2.1875	25942.9273	25898.3287	0	0
fresh-base-16-conventional-d800	16	conventional	1160	ce2054	1.4625	1.1474	2.0625	1.7500	19999.0630	20085.3401	0	0
fresh-base-16-conventional-d800	16	conventional	1160	ce2055	0.7617	0.7012	1.6250	1.5625	28776.1550	28711.1879	0	0
fresh-base-16-conventional-d800	16	conventional	1160	ce2056	1.7079	0.9078	2.3750	1.5625	22236.1507	21824.3341	0	0
fresh-base-16-conventional-d800	16	conventional	1160	ce2057	0.5541	0.6162	0.9375	1.0000	12778.3990	12793.9096	0	0
fresh-base-16-conventional-d800	16	conventional	1160	ce2059	0.7542	0.6388	1.5625	1.4375	26942.6436	26624.1023	0	0
fresh-base-16-conventional-d800	16	conventional	1160	ce2061	1.1778	1.1129	2.0000	1.9375	27405.2894	27485.1838	0	0
fresh-base-16-conventional-d800	16	conventional	1160	ce2062	1.5402	0.7246	2.1875	1.3750	21575.1223	21681.0423	0	0
fresh-base-16-conventional-d800	16	conventional	1160	ce2064	1.4854	1.0493	2.0625	1.6250	19237.4715	19190.0910	0	0
fresh-base-16-conventional-d800	16	conventional	1160	ce2067	2.3282	1.5844	2.9375	2.1875	20310.6668	20102.4555	0	0
fresh-base-16-conventional-d800	16	conventional	1160	ce2068	0.7994	0.3684	1.5000	1.0625	23352.1104	23136.6318	0	0
fresh-base-16-conventional-d800	16	conventional	1160	ce2069	2.1468	1.3974	2.8750	2.1250	24274.3479	24253.1226	0	0
fresh-base-16-conventional-d800	16	conventional	1160	ce2070	0.5186	0.9542	1.3125	1.7500	26462.6201	26525.4927	0	0
fresh-base-16-conventional-d800	16	conventional	1160	ce2072	0.2808	0.5298	0.8750	1.1250	19807.9812	19838.7495	0	0
fresh-base-16-conventional-d800	16	conventional	1160	ce2075	1.7177	1.1621	2.2500	1.6875	17744.2500	17512.9629	0	0
fresh-base-16-conventional-d800	16	conventional	1160	ce2076	0.9295	0.7786	1.6250	1.4375	23183.5823	21963.1182	0	1
fresh-base-16-conventional-d800	16	conventional	1160	ce2078	0.6514	0.7257	1.3125	1.3750	22037.2964	21642.5991	0	0
fresh-base-16-conventional-d800	16	conventional	1160	ce2080	0.8379	0.3938	1.3125	0.8125	15820.2271	13958.2030	0	0
fresh-base-16-conventional-d800	16	conventional	1160	ce2081	1.8430	1.1866	2.3125	1.6250	15648.9245	14613.0790	0	0
fresh-base-16-conventional-d800	16	conventional	1160	ce2082	0.0356	-0.3980	0.6250	0.1875	19646.7456	19515.1870	0	0
fresh-base-16-conventional-d800	16	conventional	1160	ce2083	1.4906	1.4269	2.3125	2.2500	27395.1399	27435.2083	0	0
fresh-base-16-conventional-d800	16	conventional	1160	ce2084	1.3747	0.6891	2.1875	1.5000	27094.8322	27030.1398	0	0
fresh-base-16-conventional-d800	16	conventional	1160	ce2085	1.2056	0.6818	1.8125	1.3125	20230.4145	21024.3313	0	0
