# garden fresh-cull20-15-holistic-d800 seed 15 holistic season 1160 n=60 J=16 worlds=0..15 run=/tmp/rbt107-h1/cull20-15 work_cost=0.03 (93 s, workers 4)
fresh-cull20-15-holistic-d800	15	holistic	1160	he1842	1.0999	1.0391	1.2500	1.1875	5004.6994	4947.4000	0	0
fresh-cull20-15-holistic-d800	15	holistic	1160	he1844	1.4066	1.4693	1.5000	1.5625	3111.8929	3106.4777	0	0
fresh-cull20-15-holistic-d800	15	holistic	1160	he1846	0.6986	0.6372	0.7500	0.6875	1713.9927	1676.9075	0	0
fresh-cull20-15-holistic-d800	15	holistic	1160	he1847	1.3324	0.7676	1.6250	1.0625	9752.9513	9829.8761	0	0
fresh-cull20-15-holistic-d800	15	holistic	1160	he1850	1.4437	1.2587	1.7500	1.5625	10209.4039	10127.9821	0	0
fresh-cull20-15-holistic-d800	15	holistic	1160	he1851	1.6239	1.0649	1.8125	1.2500	6285.5936	6170.5417	0	0
fresh-cull20-15-holistic-d800	15	holistic	1160	he1852	0.6225	0.5684	0.8125	0.7500	6332.2496	6052.1857	0	0
fresh-cull20-15-holistic-d800	15	holistic	1160	he1853	0.4931	0.3682	0.5000	0.3750	231.5027	226.8514	0	0
fresh-cull20-15-holistic-d800	15	holistic	1160	he1858	0.6582	0.0924	1.2500	0.6875	19726.4443	19837.5345	0	0
fresh-cull20-15-holistic-d800	15	holistic	1160	he1859	1.8362	2.0249	1.8750	2.0625	1294.1872	1254.4953	0	0
fresh-cull20-15-holistic-d800	15	holistic	1160	he1861	1.1485	1.0875	1.2500	1.1875	3383.7841	3334.7979	0	0
fresh-cull20-15-holistic-d800	15	holistic	1160	he1862	0.6471	0.5841	0.6875	0.6250	1345.2374	1363.9762	0	0
fresh-cull20-15-holistic-d800	15	holistic	1160	he1863	0.7081	0.3918	1.0625	0.7500	11814.8095	11938.4399	0	0
fresh-cull20-15-holistic-d800	15	holistic	1160	he1864	0.7736	0.5871	0.8125	0.6250	1298.0678	1262.3412	0	0
fresh-cull20-15-holistic-d800	15	holistic	1160	he1865	1.2439	1.4845	1.4375	1.6875	6453.9566	6767.7691	0	0
fresh-cull20-15-holistic-d800	15	holistic	1160	he1866	0.6730	0.4847	1.0000	0.8125	10901.0371	10927.9513	0	0
fresh-cull20-15-holistic-d800	15	holistic	1160	he1867	0.5652	0.3160	0.6875	0.4375	4077.1733	4050.9186	0	0
fresh-cull20-15-holistic-d800	15	holistic	1160	he1868	0.4566	0.5217	0.5000	0.5625	1447.8331	1359.7602	0	0
fresh-cull20-15-holistic-d800	15	holistic	1160	he1870	1.0780	1.4556	1.2500	1.6250	5732.9165	5647.5762	0	0
fresh-cull20-15-holistic-d800	15	holistic	1160	he1871	0.7165	0.7171	1.2500	1.2500	17784.5428	17763.5348	0	0
fresh-cull20-15-holistic-d800	15	holistic	1160	he1873	0.6489	0.4604	0.8125	0.6250	5453.6750	5485.5024	0	0
fresh-cull20-15-holistic-d800	15	holistic	1160	he1876	1.5892	1.5282	1.8125	1.7500	7441.7854	7393.4182	0	0
fresh-cull20-15-holistic-d800	15	holistic	1160	he1877	0.4931	1.0522	0.6250	1.1875	4398.1672	4510.4650	0	0
fresh-cull20-15-holistic-d800	15	holistic	1160	he1879	1.3965	1.4578	1.5625	1.6250	5534.3649	5572.8210	0	0
fresh-cull20-15-holistic-d800	15	holistic	1160	he1880	0.5516	0.4937	0.6875	0.6250	4529.4611	4377.3933	0	0
fresh-cull20-15-holistic-d800	15	holistic	1160	he1882	2.0495	1.8611	2.1250	1.9375	2517.7719	2547.4828	0	0
fresh-cull20-15-holistic-d800	15	holistic	1160	he1884	1.2999	1.3658	1.4375	1.5000	4585.4938	4473.2387	0	0
fresh-cull20-15-holistic-d800	15	holistic	1160	he1885	1.7229	1.7697	1.9375	2.0000	7154.5923	7675.2486	0	0
fresh-cull20-15-holistic-d800	15	holistic	1160	he1886	2.0970	1.3484	2.1875	1.4375	3015.8680	2969.6668	0	0
fresh-cull20-15-holistic-d800	15	holistic	1160	he1887	1.3307	1.0827	1.4375	1.1875	3561.6374	3493.3925	0	0
fresh-cull20-15-holistic-d800	15	holistic	1160	he1888	2.0161	1.2674	2.2500	1.5000	7795.6323	7753.4538	0	0
fresh-cull20-15-holistic-d800	15	holistic	1160	he1891	1.3476	1.0369	1.3750	1.0625	913.7851	854.3682	0	0
fresh-cull20-15-holistic-d800	15	holistic	1160	he1893	1.4665	1.6536	1.5000	1.6875	1116.5194	1130.9124	0	0
fresh-cull20-15-holistic-d800	15	holistic	1160	he1894	0.8050	0.8058	0.8125	0.8125	249.7629	222.7452	0	0
fresh-cull20-15-holistic-d800	15	holistic	1160	he1895	2.6032	1.6690	2.8750	1.9375	9058.4093	8951.6083	0	0
fresh-cull20-15-holistic-d800	15	holistic	1160	he1896	0.9727	0.9739	1.0000	1.0000	911.4708	868.7319	0	0
fresh-cull20-15-holistic-d800	15	holistic	1160	he1898	1.6415	1.7663	1.7500	1.8750	3616.2860	3621.6839	0	0
fresh-cull20-15-holistic-d800	15	holistic	1160	he1899	0.7896	0.7299	0.9375	0.8750	4929.9232	4836.5636	0	0
fresh-cull20-15-holistic-d800	15	holistic	1160	he1900	1.5779	1.8870	1.8125	2.1250	7821.3496	7931.7049	0	0
fresh-cull20-15-holistic-d800	15	holistic	1160	he1901	1.1213	1.3653	1.4375	1.6875	10540.0581	10739.3256	0	0
fresh-cull20-15-holistic-d800	15	holistic	1160	he1902	1.5233	1.9023	1.6250	2.0000	3391.3917	3257.5548	0	0
fresh-cull20-15-holistic-d800	15	holistic	1160	he1903	0.2328	0.4172	0.2500	0.4375	574.5639	678.1757	0	0
fresh-cull20-15-holistic-d800	15	holistic	1160	he1904	1.1434	0.9552	1.6250	1.4375	16052.8220	16076.3258	0	0
fresh-cull20-15-holistic-d800	15	holistic	1160	he1906	0.6342	0.6356	0.7500	0.7500	3860.8558	3813.6763	0	0
fresh-cull20-15-holistic-d800	15	holistic	1160	he1907	1.2538	1.0656	1.4375	1.2500	6123.5224	6145.4908	0	0
fresh-cull20-15-holistic-d800	15	holistic	1160	he1909	0.6200	0.7462	0.6875	0.8125	2251.5098	2211.4904	0	0
fresh-cull20-15-holistic-d800	15	holistic	1160	he1912	0.7426	0.6175	1.0000	0.8750	8581.3495	8583.7010	0	0
fresh-cull20-15-holistic-d800	15	holistic	1160	he1913	0.6959	0.7579	0.7500	0.8125	1804.8661	1819.7968	0	0
fresh-cull20-15-holistic-d800	15	holistic	1160	he1916	0.7635	0.4669	1.0625	0.7500	9966.3785	9437.8217	0	0
fresh-cull20-15-holistic-d800	15	holistic	1160	he1919	1.9306	1.2457	2.0625	1.3750	4397.8645	4309.6976	0	0
fresh-cull20-15-holistic-d800	15	holistic	1160	he1920	0.6171	0.3687	0.9375	0.6875	10681.6085	10626.6608	0	0
fresh-cull20-15-holistic-d800	15	holistic	1160	he1921	0.9595	0.9625	1.0625	1.0625	3434.5748	3334.5079	0	0
fresh-cull20-15-holistic-d800	15	holistic	1160	he1922	1.4495	0.9506	1.5000	1.0000	1681.7537	1645.3655	0	0
fresh-cull20-15-holistic-d800	15	holistic	1160	he1924	-0.0041	-0.0040	0.0000	0.0000	135.0059	134.8621	0	0
fresh-cull20-15-holistic-d800	15	holistic	1160	he1925	1.2229	1.4732	1.6250	1.8750	13403.7221	13394.5738	0	0
fresh-cull20-15-holistic-d800	15	holistic	1160	he1926	0.3868	0.4493	0.7500	0.8125	12107.9584	12105.1633	0	0
fresh-cull20-15-holistic-d800	15	holistic	1160	he1927	2.1730	1.6731	2.3125	1.8125	4650.9406	4648.2835	0	0
fresh-cull20-15-holistic-d800	15	holistic	1160	he1928	1.4419	1.0670	1.5000	1.1250	1935.9749	1934.4067	0	0
fresh-cull20-15-holistic-d800	15	holistic	1160	he1929	1.3700	1.0571	1.6875	1.3750	10584.2720	10595.3051	0	0
fresh-cull20-15-holistic-d800	15	holistic	1160	he1930	2.3935	1.8317	2.5625	2.0000	5631.7350	5611.2158	0	0
