# garden fresh-shift-20-conventional-d800 seed 20 conventional season 1160 n=60 J=16 worlds=16..31 run=/tmp/rbt107-h1/shift-20 work_cost=0.03 (110 s, workers 4)
fresh-shift-20-conventional-d800	20	conventional	1160	ce1837	1.4907	0.7591	2.1875	1.4375	23226.6495	22612.8602	0	0
fresh-shift-20-conventional-d800	20	conventional	1160	ce1838	0.4626	0.1049	1.0000	0.6250	17914.9394	17337.2690	0	0
fresh-shift-20-conventional-d800	20	conventional	1160	ce1839	2.3667	1.1763	3.0000	1.8125	21109.2633	21205.9696	0	0
fresh-shift-20-conventional-d800	20	conventional	1160	ce1841	1.2298	0.4005	1.9375	1.1250	23590.0331	24150.2376	0	0
fresh-shift-20-conventional-d800	20	conventional	1160	ce1843	2.4190	1.7848	3.0000	2.3750	19367.0141	19671.8478	0	0
fresh-shift-20-conventional-d800	20	conventional	1160	ce1844	0.6045	0.7259	0.9375	1.0625	11100.0810	11220.0030	0	0
fresh-shift-20-conventional-d800	20	conventional	1160	ce1845	0.6983	0.4267	1.2500	1.0000	18390.1529	19108.9658	0	0
fresh-shift-20-conventional-d800	20	conventional	1160	ce1846	1.2699	0.6503	1.8750	1.2500	20169.2869	19991.3234	0	0
fresh-shift-20-conventional-d800	20	conventional	1160	ce1847	1.2723	0.3978	1.9375	1.0625	22174.2492	22158.2494	0	0
fresh-shift-20-conventional-d800	20	conventional	1160	ce1848	1.9680	0.3987	2.6250	1.0625	21900.4490	22126.2021	0	0
fresh-shift-20-conventional-d800	20	conventional	1160	ce1849	1.0252	0.9672	1.6250	1.5625	19991.9183	19844.8137	0	0
fresh-shift-20-conventional-d800	20	conventional	1160	ce1850	0.8310	0.5274	1.3750	1.0625	18132.7280	17838.1941	0	0
fresh-shift-20-conventional-d800	20	conventional	1160	ce1852	3.2166	0.8411	3.9375	1.5625	24030.6544	24046.3678	0	0
fresh-shift-20-conventional-d800	20	conventional	1160	ce1853	2.7381	1.0355	3.4375	1.6875	23314.9441	21732.4598	0	0
fresh-shift-20-conventional-d800	20	conventional	1160	ce1854	1.6062	0.7335	2.2500	1.3750	21460.6407	21382.8749	0	0
fresh-shift-20-conventional-d800	20	conventional	1160	ce1855	1.6449	0.8995	2.2500	1.5000	20168.9432	20017.0516	0	0
fresh-shift-20-conventional-d800	20	conventional	1160	ce1856	1.5118	0.3959	2.1250	1.0000	20439.8353	20137.7108	0	0
fresh-shift-20-conventional-d800	20	conventional	1160	ce1859	1.3586	0.8499	2.0625	1.5625	23463.4582	23751.7709	0	0
fresh-shift-20-conventional-d800	20	conventional	1160	ce1862	1.6693	0.5159	2.4375	1.2500	25606.3000	24469.2481	0	0
fresh-shift-20-conventional-d800	20	conventional	1160	ce1863	1.1646	0.6399	1.9375	1.4375	25762.4955	26586.4037	0	0
fresh-shift-20-conventional-d800	20	conventional	1160	ce1864	0.8873	1.0160	1.5625	1.6875	22505.6772	22384.1022	0	0
fresh-shift-20-conventional-d800	20	conventional	1160	ce1866	1.7571	0.8318	2.4375	1.5000	22680.9231	22274.1395	0	0
fresh-shift-20-conventional-d800	20	conventional	1160	ce1868	1.0417	-0.0142	1.6875	0.6250	21527.2812	21306.4365	0	0
fresh-shift-20-conventional-d800	20	conventional	1160	ce1869	2.4056	0.5791	3.1250	1.2500	23978.5383	22362.2007	0	0
fresh-shift-20-conventional-d800	20	conventional	1160	ce1870	3.5887	1.3228	4.2500	2.0000	22043.7686	22571.9989	0	0
fresh-shift-20-conventional-d800	20	conventional	1160	ce1871	1.4622	1.0934	1.9375	1.5625	15842.9455	15636.1201	0	0
fresh-shift-20-conventional-d800	20	conventional	1160	ce1872	2.2234	0.9853	3.0000	1.7500	25888.1788	25491.1777	0	0
fresh-shift-20-conventional-d800	20	conventional	1160	ce1873	1.5840	1.2120	2.2500	1.8750	22201.2413	22100.3260	0	0
fresh-shift-20-conventional-d800	20	conventional	1160	ce1874	0.9167	0.7743	1.5000	1.3750	19442.0274	20023.9083	0	0
fresh-shift-20-conventional-d800	20	conventional	1160	ce1875	1.7093	0.5151	2.3125	1.1250	20107.7098	20329.6002	0	0
fresh-shift-20-conventional-d800	20	conventional	1160	ce1876	0.0480	-0.0697	0.6875	0.5625	21317.6361	21073.2734	0	0
fresh-shift-20-conventional-d800	20	conventional	1160	ce1877	0.4192	0.2873	1.0625	0.9375	21444.6521	21671.9463	0	0
fresh-shift-20-conventional-d800	20	conventional	1160	ce1878	0.7538	0.7825	1.3125	1.3125	18623.6285	17667.6556	0	1
fresh-shift-20-conventional-d800	20	conventional	1160	ce1879	1.7520	0.3759	2.2500	0.8750	16601.1076	16636.0000	0	0
fresh-shift-20-conventional-d800	20	conventional	1160	ce1881	2.0824	0.8459	2.8125	1.5625	24337.0470	23888.1890	0	0
fresh-shift-20-conventional-d800	20	conventional	1160	ce1882	1.0193	0.2538	1.6250	0.8750	20191.2499	20705.8725	0	0
fresh-shift-20-conventional-d800	20	conventional	1160	ce1883	0.7965	0.8707	1.5000	1.5625	23448.5339	23061.2490	0	0
fresh-shift-20-conventional-d800	20	conventional	1160	ce1884	2.5688	1.0738	3.2500	1.6875	22707.2284	20457.8226	0	0
fresh-shift-20-conventional-d800	20	conventional	1160	ce1885	2.8136	1.6948	3.5000	2.3750	22881.4454	22672.0466	0	0
fresh-shift-20-conventional-d800	20	conventional	1160	ce1886	2.9248	1.3730	3.5625	2.0000	21256.3891	20900.8240	0	0
fresh-shift-20-conventional-d800	20	conventional	1160	ce1887	1.2758	0.5356	2.0625	1.3125	26222.4616	25896.3728	0	0
fresh-shift-20-conventional-d800	20	conventional	1160	ce1888	1.1816	0.3672	1.8125	1.0000	21030.5881	21093.7979	0	0
fresh-shift-20-conventional-d800	20	conventional	1160	ce1889	1.3314	1.0149	2.0625	1.7500	24369.9229	24502.1748	0	0
fresh-shift-20-conventional-d800	20	conventional	1160	ce1890	2.7122	0.9451	3.3750	1.6250	22091.8948	22663.1225	0	0
fresh-shift-20-conventional-d800	20	conventional	1160	ce1891	3.2442	0.7322	3.8125	1.3125	18944.3447	19343.5642	0	0
fresh-shift-20-conventional-d800	20	conventional	1160	ce1892	1.0795	1.0082	1.6875	1.6250	20265.6895	20561.5256	0	0
fresh-shift-20-conventional-d800	20	conventional	1160	ce1893	1.7204	0.7753	2.3125	1.3750	19735.4354	19990.2970	0	0
fresh-shift-20-conventional-d800	20	conventional	1160	ce1894	1.4698	0.2281	2.2500	1.0000	26008.0837	25730.7855	0	0
fresh-shift-20-conventional-d800	20	conventional	1160	ce1896	0.3541	0.4822	0.9375	1.0625	19447.9444	19342.0500	0	0
fresh-shift-20-conventional-d800	20	conventional	1160	ce1897	0.9453	0.5738	1.5625	1.1875	20574.7603	20457.0644	0	0
fresh-shift-20-conventional-d800	20	conventional	1160	ce1899	3.2767	1.0278	3.9375	1.6875	22026.1974	21990.7417	0	0
fresh-shift-20-conventional-d800	20	conventional	1160	ce1900	0.7930	0.7306	1.3750	1.3125	19398.8297	19395.4935	0	0
fresh-shift-20-conventional-d800	20	conventional	1160	ce1901	1.1358	0.3826	1.7500	1.0000	20473.1451	20581.4907	0	0
fresh-shift-20-conventional-d800	20	conventional	1160	ce1902	3.3873	0.9023	4.1250	1.6250	24589.9999	24090.3875	0	0
fresh-shift-20-conventional-d800	20	conventional	1160	ce1903	0.6528	0.4203	1.2500	1.0000	19906.1006	19321.7690	0	0
fresh-shift-20-conventional-d800	20	conventional	1160	ce1904	1.3572	0.4915	1.8750	1.0000	17258.9281	16948.6291	0	0
fresh-shift-20-conventional-d800	20	conventional	1160	ce1905	0.5732	0.5092	1.1875	1.1250	20476.7899	20527.8258	0	0
fresh-shift-20-conventional-d800	20	conventional	1160	ce1906	1.0618	0.8543	1.6875	1.4375	20855.2009	19438.8578	0	1
fresh-shift-20-conventional-d800	20	conventional	1160	ce1907	0.5740	0.2641	1.0625	0.7500	16282.0887	16196.1557	0	0
fresh-shift-20-conventional-d800	20	conventional	1160	ce1908	1.2812	1.1258	1.9375	1.7500	21875.9149	20805.4097	0	0
