# garden fresh-cull20-13-holistic-d600 seed 13 holistic season 960 n=60 J=16 worlds=0..15 run=/tmp/rbt107-h1/cull20-13 work_cost=0.03 (177 s, workers 4)
fresh-cull20-13-holistic-d600	13	holistic	960	he1339	1.4461	1.2662	1.5000	1.3125	1796.0297	1541.9632	0	0
fresh-cull20-13-holistic-d600	13	holistic	960	he1340	1.6928	1.1879	2.0000	1.5000	10241.0162	10403.1385	0	0
fresh-cull20-13-holistic-d600	13	holistic	960	he1341	2.5611	2.4408	2.6875	2.5625	4214.2004	4056.5739	0	0
fresh-cull20-13-holistic-d600	13	holistic	960	he1342	0.9889	0.9875	1.1875	1.1875	6621.4417	6666.2991	0	0
fresh-cull20-13-holistic-d600	13	holistic	960	he1343	2.2935	1.8070	2.4375	1.9375	4800.8220	4348.6086	0	0
fresh-cull20-13-holistic-d600	13	holistic	960	he1344	1.1083	0.8583	1.1875	0.9375	2641.3819	2640.1395	0	0
fresh-cull20-13-holistic-d600	13	holistic	960	he1345	1.7565	1.3777	1.8125	1.4375	1867.9810	1993.7914	0	0
fresh-cull20-13-holistic-d600	13	holistic	960	he1346	1.1401	1.5108	1.2500	1.6250	3664.4640	3805.4927	0	0
fresh-cull20-13-holistic-d600	13	holistic	960	he1347	0.7831	0.9029	0.8750	1.0000	3062.8152	3236.1252	0	0
fresh-cull20-13-holistic-d600	13	holistic	960	he1350	2.4267	2.6140	2.4375	2.6250	359.3195	368.0883	0	0
fresh-cull20-13-holistic-d600	13	holistic	960	he1351	1.6755	0.9286	1.6875	0.9375	401.5716	296.4125	0	0
fresh-cull20-13-holistic-d600	13	holistic	960	he1352	0.3904	0.2656	0.4375	0.3125	1568.5597	1564.8181	0	0
fresh-cull20-13-holistic-d600	13	holistic	960	he1353	1.2737	1.2110	1.4375	1.3750	5459.4875	5465.4332	0	0
fresh-cull20-13-holistic-d600	13	holistic	960	he1354	0.5713	0.6895	0.6250	0.7500	1788.6130	2016.0682	0	0
fresh-cull20-13-holistic-d600	13	holistic	960	he1355	1.4086	1.3489	1.5625	1.5000	5128.9472	5038.2117	0	0
fresh-cull20-13-holistic-d600	13	holistic	960	he1358	0.9942	1.2420	1.0000	1.2500	192.0512	265.5303	0	0
fresh-cull20-13-holistic-d600	13	holistic	960	he1361	3.4531	2.9427	3.6875	3.1875	7813.7222	8159.4930	0	0
fresh-cull20-13-holistic-d600	13	holistic	960	he1362	3.4572	3.9013	3.5000	3.9375	1427.2350	1205.1224	0	0
fresh-cull20-13-holistic-d600	13	holistic	960	he1363	1.6189	1.1874	1.9375	1.5000	10618.7606	10421.2493	0	0
fresh-cull20-13-holistic-d600	13	holistic	960	he1366	2.1278	2.3075	2.3125	2.5000	6157.1607	6416.7644	0	0
fresh-cull20-13-holistic-d600	13	holistic	960	he1367	0.8819	0.6975	1.0000	0.8125	3937.1471	3834.0621	0	0
fresh-cull20-13-holistic-d600	13	holistic	960	he1368	1.7532	1.3719	1.9375	1.5625	6143.4947	6354.8778	0	0
fresh-cull20-13-holistic-d600	13	holistic	960	he1370	0.8052	0.8064	0.8750	0.8750	2327.3809	2287.0466	0	0
fresh-cull20-13-holistic-d600	13	holistic	960	he1371	0.3591	0.5448	0.3750	0.5625	529.9786	589.7697	1	0
fresh-cull20-13-holistic-d600	13	holistic	960	he1373	2.9637	2.5423	3.1875	2.7500	7458.7599	6922.5213	0	0
fresh-cull20-13-holistic-d600	13	holistic	960	he1374	1.1729	0.9852	1.1875	1.0000	486.4282	493.1499	0	0
fresh-cull20-13-holistic-d600	13	holistic	960	he1375	1.8809	1.6419	2.0000	1.7500	3970.6219	3603.4361	0	0
fresh-cull20-13-holistic-d600	13	holistic	960	he1376	0.1837	0.2463	0.1875	0.2500	126.8899	122.1744	0	0
fresh-cull20-13-holistic-d600	13	holistic	960	he1377	1.8671	0.7955	2.0000	0.9375	4429.5073	4732.8266	0	0
fresh-cull20-13-holistic-d600	13	holistic	960	he1378	1.4687	2.1570	1.5625	2.2500	3126.9853	3098.9457	0	0
fresh-cull20-13-holistic-d600	13	holistic	960	he1379	2.6313	2.2023	2.6875	2.2500	1874.2540	1590.6304	0	0
fresh-cull20-13-holistic-d600	13	holistic	960	he1380	0.2383	0.3610	0.2500	0.3750	391.3645	465.4719	2	1
fresh-cull20-13-holistic-d600	13	holistic	960	he1381	1.3509	1.7247	1.3750	1.7500	803.3357	843.6095	0	0
fresh-cull20-13-holistic-d600	13	holistic	960	he1382	2.3319	1.1495	2.4375	1.2500	3519.4461	3348.6969	0	0
fresh-cull20-13-holistic-d600	13	holistic	960	he1385	0.3577	0.7334	0.4375	0.8125	2660.8893	2637.8914	0	0
fresh-cull20-13-holistic-d600	13	holistic	960	he1386	1.7019	1.5763	1.8125	1.6875	3685.8388	3706.2593	0	0
fresh-cull20-13-holistic-d600	13	holistic	960	he1387	2.0427	1.3554	2.1875	1.5000	4825.9831	4818.5683	0	0
fresh-cull20-13-holistic-d600	13	holistic	960	he1388	1.2099	1.2682	1.3125	1.3750	3420.5863	3559.2622	0	0
fresh-cull20-13-holistic-d600	13	holistic	960	he1389	1.3469	1.2197	1.5000	1.3750	5104.3302	5175.0431	0	0
fresh-cull20-13-holistic-d600	13	holistic	960	he1390	0.4798	0.3496	0.5625	0.4375	2758.1826	2929.7505	14	12
fresh-cull20-13-holistic-d600	13	holistic	960	he1391	1.6688	2.0347	1.8125	2.1875	4790.0399	5092.2300	0	0
fresh-cull20-13-holistic-d600	13	holistic	960	he1392	1.6046	1.3465	1.6875	1.4375	2764.2047	3032.0910	0	0
fresh-cull20-13-holistic-d600	13	holistic	960	he1393	1.6034	1.0397	1.7500	1.1875	4885.7502	4927.8759	0	0
fresh-cull20-13-holistic-d600	13	holistic	960	he1394	1.2703	1.3318	1.3750	1.4375	3490.9177	3524.9246	0	0
fresh-cull20-13-holistic-d600	13	holistic	960	he1395	1.8338	1.5882	1.8750	1.6250	1372.7989	1225.3348	0	0
fresh-cull20-13-holistic-d600	13	holistic	960	he1396	5.4172	4.5423	5.6875	4.8125	9008.8391	9005.1657	0	0
fresh-cull20-13-holistic-d600	13	holistic	960	he1397	1.8511	1.5988	1.8750	1.6250	796.5101	873.3407	0	0
fresh-cull20-13-holistic-d600	13	holistic	960	he1398	0.9872	0.7987	1.0000	0.8125	427.2009	461.2632	0	0
fresh-cull20-13-holistic-d600	13	holistic	960	he1399	1.2967	0.9248	1.5625	1.1875	8858.8096	8757.7391	0	0
fresh-cull20-13-holistic-d600	13	holistic	960	he1401	0.9643	1.1515	1.0000	1.1875	1190.7351	1200.4008	0	0
fresh-cull20-13-holistic-d600	13	holistic	960	he1402	2.5861	2.0163	2.6875	2.1250	3379.8162	3624.2725	0	0
fresh-cull20-13-holistic-d600	13	holistic	960	he1403	2.4624	1.8403	2.6250	2.0000	5420.1094	5323.1353	0	0
fresh-cull20-13-holistic-d600	13	holistic	960	he1404	0.8238	1.2555	0.9375	1.3750	3790.0212	3984.8078	0	0
fresh-cull20-13-holistic-d600	13	holistic	960	he1405	1.5318	1.8440	1.7500	2.0625	7274.9268	7284.9238	0	0
fresh-cull20-13-holistic-d600	13	holistic	960	he1406	3.2490	2.7578	3.5000	3.0000	8365.2725	8072.4282	0	0
fresh-cull20-13-holistic-d600	13	holistic	960	he1407	1.7976	1.2974	2.0000	1.5000	6745.4240	6754.5767	0	0
fresh-cull20-13-holistic-d600	13	holistic	960	he1408	0.7148	1.2212	0.8125	1.3125	3256.8266	3044.8070	0	0
fresh-cull20-13-holistic-d600	13	holistic	960	he1409	2.2903	1.5453	2.4375	1.6875	4906.9925	4740.9311	0	0
fresh-cull20-13-holistic-d600	13	holistic	960	he1410	1.8770	1.6218	1.9375	1.6875	2017.7987	2188.6203	0	0
fresh-cull20-13-holistic-d600	13	holistic	960	he1411	-0.1191	-0.1194	0.0000	0.0000	3968.3526	3979.9731	0	0
