# garden fresh-cull20-17-holistic-d400 seed 17 holistic season 760 n=60 J=16 worlds=16..31 run=/tmp/rbt107-h1/cull20-17 work_cost=0.03 (77 s, workers 4)
fresh-cull20-17-holistic-d400	17	holistic	760	he1205	1.2442	1.3080	1.3125	1.3750	2276.1255	2233.8623	0	0
fresh-cull20-17-holistic-d400	17	holistic	760	he1206	1.3980	1.2799	1.5000	1.3750	3401.4315	3171.6550	0	0
fresh-cull20-17-holistic-d400	17	holistic	760	he1210	0.0831	0.5260	0.3125	0.7500	7647.1175	7466.7765	0	0
fresh-cull20-17-holistic-d400	17	holistic	760	he1211	0.8286	0.5776	1.1250	0.8750	9880.6036	9913.3475	0	0
fresh-cull20-17-holistic-d400	17	holistic	760	he1212	1.1876	1.1264	1.2500	1.1875	2080.9053	2037.6522	0	0
fresh-cull20-17-holistic-d400	17	holistic	760	he1214	0.6255	1.0620	1.0625	1.5000	14568.1665	14601.4243	0	0
fresh-cull20-17-holistic-d400	17	holistic	760	he1216	0.6156	0.2403	0.8750	0.5000	8647.6040	8656.1665	0	0
fresh-cull20-17-holistic-d400	17	holistic	760	he1217	1.4416	1.8168	1.7500	2.1250	10280.7072	10274.4641	0	0
fresh-cull20-17-holistic-d400	17	holistic	760	he1219	0.6113	0.6083	0.6250	0.6250	457.4519	555.5138	0	0
fresh-cull20-17-holistic-d400	17	holistic	760	he1220	0.9009	1.1557	1.1875	1.4375	9552.2227	9394.0876	0	0
fresh-cull20-17-holistic-d400	17	holistic	760	he1222	0.8778	0.9420	1.3750	1.4375	16571.7133	16517.2940	0	0
fresh-cull20-17-holistic-d400	17	holistic	760	he1223	1.2366	1.3074	1.3125	1.3750	2529.7273	2252.2018	0	0
fresh-cull20-17-holistic-d400	17	holistic	760	he1224	0.9135	1.1681	1.0625	1.3125	4967.5331	4813.8511	0	0
fresh-cull20-17-holistic-d400	17	holistic	760	he1225	0.6683	0.9792	0.8750	1.1875	6888.3690	6943.3800	0	0
fresh-cull20-17-holistic-d400	17	holistic	760	he1226	1.6113	1.1695	1.8750	1.4375	8789.5740	8932.6919	0	0
fresh-cull20-17-holistic-d400	17	holistic	760	he1227	1.6233	1.8097	1.9375	2.1250	10472.4525	10511.5408	0	0
fresh-cull20-17-holistic-d400	17	holistic	760	he1228	0.8011	1.0548	1.0625	1.3125	8712.2913	8589.8130	0	0
fresh-cull20-17-holistic-d400	17	holistic	760	he1229	1.6784	0.9281	1.8125	1.0625	4471.0467	4478.7239	0	0
fresh-cull20-17-holistic-d400	17	holistic	760	he1231	1.0133	0.5732	1.1250	0.6875	3722.2362	3809.2941	0	0
fresh-cull20-17-holistic-d400	17	holistic	760	he1232	1.3688	1.4280	1.9375	2.0000	18955.4387	19065.3996	0	0
fresh-cull20-17-holistic-d400	17	holistic	760	he1235	0.3482	0.3496	0.5000	0.5000	5060.0445	5012.1650	0	0
fresh-cull20-17-holistic-d400	17	holistic	760	he1237	1.0476	0.9859	1.2500	1.1875	6746.2669	6719.2189	0	0
fresh-cull20-17-holistic-d400	17	holistic	760	he1238	1.8272	1.2695	1.9375	1.3750	3677.4397	3516.2380	0	0
fresh-cull20-17-holistic-d400	17	holistic	760	he1240	1.2516	2.0014	1.4375	2.1875	6196.5060	6202.7083	0	0
fresh-cull20-17-holistic-d400	17	holistic	760	he1242	3.0091	2.1434	3.1250	2.2500	3864.2290	3554.7487	0	0
fresh-cull20-17-holistic-d400	17	holistic	760	he1243	1.4464	1.2669	1.5625	1.3750	3869.1065	3603.2390	0	0
fresh-cull20-17-holistic-d400	17	holistic	760	he1244	1.9064	1.6560	2.0625	1.8125	5204.8099	5217.1401	0	0
fresh-cull20-17-holistic-d400	17	holistic	760	he1245	2.6102	2.3579	2.6875	2.4375	2576.6593	2652.5162	0	0
fresh-cull20-17-holistic-d400	17	holistic	760	he1246	1.2811	1.3444	1.6250	1.6875	11463.8283	11438.0327	0	0
fresh-cull20-17-holistic-d400	17	holistic	760	he1247	0.9387	0.7534	1.2500	1.0625	10377.7325	10304.7234	0	0
fresh-cull20-17-holistic-d400	17	holistic	760	he1249	1.1604	0.6602	1.3125	0.8125	5069.8607	5077.2923	0	0
fresh-cull20-17-holistic-d400	17	holistic	760	he1250	1.4663	1.1547	1.8125	1.5000	11538.7413	11508.9189	0	0
fresh-cull20-17-holistic-d400	17	holistic	760	he1251	1.4354	1.4967	1.6250	1.6875	6319.9081	6361.4891	0	0
fresh-cull20-17-holistic-d400	17	holistic	760	he1252	0.8238	0.9487	1.0625	1.1875	7955.6464	7958.6868	0	0
fresh-cull20-17-holistic-d400	17	holistic	760	he1253	1.9042	1.8385	2.0625	2.0000	5277.0377	5381.7719	0	0
fresh-cull20-17-holistic-d400	17	holistic	760	he1254	1.8911	1.5183	2.0000	1.6250	3630.3447	3555.0777	0	0
fresh-cull20-17-holistic-d400	17	holistic	760	he1255	0.7803	1.0906	0.9375	1.2500	5240.1124	5314.7023	0	0
fresh-cull20-17-holistic-d400	17	holistic	760	he1257	0.9416	0.8185	1.2500	1.1250	10280.9532	10217.0382	0	0
fresh-cull20-17-holistic-d400	17	holistic	760	he1258	0.0557	0.0547	0.0625	0.0625	226.5916	261.5530	0	0
fresh-cull20-17-holistic-d400	17	holistic	760	he1259	0.6059	0.6109	0.7500	0.7500	4803.9030	4636.0999	0	0
fresh-cull20-17-holistic-d400	17	holistic	760	he1260	1.5546	1.1205	1.6250	1.1875	2347.3082	2233.6791	0	0
fresh-cull20-17-holistic-d400	17	holistic	760	he1261	2.1550	1.9042	2.3125	2.0625	5250.1316	5277.6498	0	0
fresh-cull20-17-holistic-d400	17	holistic	760	he1262	0.8174	0.8812	1.0000	1.0625	6088.2175	6044.9600	0	0
fresh-cull20-17-holistic-d400	17	holistic	760	he1265	1.8704	1.0012	1.9375	1.0625	2236.6971	2041.7826	0	0
fresh-cull20-17-holistic-d400	17	holistic	760	he1266	1.4280	0.9897	1.5000	1.0625	2398.5778	2427.8643	0	0
fresh-cull20-17-holistic-d400	17	holistic	760	he1267	0.7433	1.9930	0.9375	2.1875	6474.6530	6482.5694	0	0
fresh-cull20-17-holistic-d400	17	holistic	760	he1268	2.3813	1.2756	2.6875	1.5625	10205.1604	9564.7908	0	0
fresh-cull20-17-holistic-d400	17	holistic	760	he1269	1.3434	1.1479	1.5000	1.3125	5218.8415	5486.2500	0	0
fresh-cull20-17-holistic-d400	17	holistic	760	he1270	0.3075	0.2447	0.3125	0.2500	166.6399	178.0449	0	0
fresh-cull20-17-holistic-d400	17	holistic	760	he1272	1.3731	0.6850	1.5625	0.8750	6314.6503	6331.9808	0	0
fresh-cull20-17-holistic-d400	17	holistic	760	he1273	1.0704	0.7639	1.1250	0.8125	1819.1149	1620.4264	0	0
fresh-cull20-17-holistic-d400	17	holistic	760	he1274	0.3288	0.3980	0.4375	0.5000	3622.1719	3400.9899	0	0
fresh-cull20-17-holistic-d400	17	holistic	760	he1275	1.2531	1.5072	1.3125	1.5625	1979.9102	1844.5039	0	0
fresh-cull20-17-holistic-d400	17	holistic	760	he1276	0.9233	0.8613	1.0625	1.0000	4640.7592	4622.8136	0	0
fresh-cull20-17-holistic-d400	17	holistic	760	he1277	1.5606	1.2550	1.6250	1.3125	2148.1564	1915.9635	0	0
fresh-cull20-17-holistic-d400	17	holistic	760	he1278	0.3987	0.5873	0.7500	0.9375	11708.4162	11673.8662	0	0
fresh-cull20-17-holistic-d400	17	holistic	760	he1280	1.0671	1.2552	1.3750	1.5625	10262.0675	10243.3985	0	0
fresh-cull20-17-holistic-d400	17	holistic	760	he1281	0.5217	0.5420	0.6875	0.6875	5528.3193	4848.7297	0	0
fresh-cull20-17-holistic-d400	17	holistic	760	he1282	0.9665	0.8377	1.1250	1.0000	5282.5982	5410.4897	0	0
fresh-cull20-17-holistic-d400	17	holistic	760	he1284	2.3525	2.0333	2.5625	2.2500	7001.1266	7223.1291	0	0
