# garden fresh-cull20-16-conventional-d600 seed 16 conventional season 960 n=60 J=16 worlds=0..15 run=/tmp/rbt107-h1/cull20-16 work_cost=0.03 (102 s, workers 4)
fresh-cull20-16-conventional-d600	16	conventional	960	ce1726	3.5139	1.1831	4.1250	1.8125	20370.5847	20980.7362	0	0
fresh-cull20-16-conventional-d600	16	conventional	960	ce1728	2.2230	1.5286	2.8750	2.1875	21732.9658	21963.8294	0	0
fresh-cull20-16-conventional-d600	16	conventional	960	ce1730	2.1285	1.3869	2.9375	2.1875	26968.0689	26688.2396	0	0
fresh-cull20-16-conventional-d600	16	conventional	960	ce1731	1.9844	0.9211	2.7500	1.6875	25519.6172	25546.9584	0	0
fresh-cull20-16-conventional-d600	16	conventional	960	ce1732	2.3958	0.3365	3.0625	1.0000	22221.6688	22117.8918	0	0
fresh-cull20-16-conventional-d600	16	conventional	960	ce1733	3.3632	1.3685	4.0625	2.0625	23310.8480	23134.0118	0	0
fresh-cull20-16-conventional-d600	16	conventional	960	ce1736	1.8488	0.4729	2.6250	1.2500	25873.3401	25904.0767	0	0
fresh-cull20-16-conventional-d600	16	conventional	960	ce1737	2.3155	1.3117	3.0625	2.0625	24899.5537	25026.9327	0	0
fresh-cull20-16-conventional-d600	16	conventional	960	ce1741	2.6903	0.4237	3.5000	1.2500	26989.8152	27544.5533	0	0
fresh-cull20-16-conventional-d600	16	conventional	960	ce1745	1.7098	0.6480	2.4375	1.3750	24255.5956	24234.6606	0	0
fresh-cull20-16-conventional-d600	16	conventional	960	ce1746	0.9252	0.6701	1.3750	1.1250	14993.2933	15163.5575	0	0
fresh-cull20-16-conventional-d600	16	conventional	960	ce1749	1.0930	1.2139	1.6250	1.7500	17733.5456	17870.6734	0	0
fresh-cull20-16-conventional-d600	16	conventional	960	ce1754	2.2935	1.7390	2.8125	2.2500	17298.6759	17031.9987	0	0
fresh-cull20-16-conventional-d600	16	conventional	960	ce1756	3.1080	1.7301	3.8125	2.4375	23481.9164	23580.9321	0	0
fresh-cull20-16-conventional-d600	16	conventional	960	ce1759	3.3005	1.9838	4.0000	2.6875	23316.7192	23458.1689	0	0
fresh-cull20-16-conventional-d600	16	conventional	960	ce1760	1.9356	2.1853	2.5000	2.7500	18813.2185	18824.3537	0	0
fresh-cull20-16-conventional-d600	16	conventional	960	ce1765	0.8042	0.5599	1.3750	1.1250	19027.8758	18837.5928	0	0
fresh-cull20-16-conventional-d600	16	conventional	960	ce1766	2.2026	1.2626	2.8750	1.9375	22413.2576	22495.6066	0	0
fresh-cull20-16-conventional-d600	16	conventional	960	ce1767	1.7877	1.3575	2.5625	2.1250	25825.2725	25584.4495	0	0
fresh-cull20-16-conventional-d600	16	conventional	960	ce1768	3.4754	1.9747	4.2500	2.7500	25818.4328	25842.6306	0	0
fresh-cull20-16-conventional-d600	16	conventional	960	ce1769	1.7172	1.0938	2.3750	1.7500	21927.9989	21872.6726	0	0
fresh-cull20-16-conventional-d600	16	conventional	960	ce1770	3.5783	1.0901	4.3125	1.8125	24472.8956	24081.5539	0	0
fresh-cull20-16-conventional-d600	16	conventional	960	ce1771	1.5017	0.5647	2.1875	1.2500	22860.1519	22844.9284	0	0
fresh-cull20-16-conventional-d600	16	conventional	960	ce1772	3.5333	1.3188	4.1875	2.0000	21805.3336	22707.4611	0	0
fresh-cull20-16-conventional-d600	16	conventional	960	ce1774	2.3933	1.0198	2.9375	1.5625	18139.0132	18091.0372	0	0
fresh-cull20-16-conventional-d600	16	conventional	960	ce1775	4.2319	0.7520	4.9375	1.4375	23520.4532	22848.6406	0	0
fresh-cull20-16-conventional-d600	16	conventional	960	ce1778	1.9807	1.6093	2.6875	2.3125	23559.0896	23438.4187	0	0
fresh-cull20-16-conventional-d600	16	conventional	960	ce1779	2.9348	1.1504	3.6250	1.8125	23005.8357	22070.2686	0	1
fresh-cull20-16-conventional-d600	16	conventional	960	ce1780	3.7456	0.9931	4.4375	1.6875	23064.4734	23147.5447	0	0
fresh-cull20-16-conventional-d600	16	conventional	960	ce1781	1.4415	0.9524	2.1875	1.6875	24867.3996	24504.6893	0	0
fresh-cull20-16-conventional-d600	16	conventional	960	ce1782	0.7034	0.9874	1.2500	1.5000	18219.6995	17087.2837	0	1
fresh-cull20-16-conventional-d600	16	conventional	960	ce1783	2.8323	0.7730	3.5625	1.4375	24341.1110	22150.9524	0	1
fresh-cull20-16-conventional-d600	16	conventional	960	ce1784	1.9723	0.9696	2.6250	1.6250	21756.9499	21845.5497	0	0
fresh-cull20-16-conventional-d600	16	conventional	960	ce1786	1.8568	1.4821	2.5625	2.1875	23523.1929	23511.7060	0	0
fresh-cull20-16-conventional-d600	16	conventional	960	ce1787	1.2620	0.7640	1.5625	1.0625	10015.1917	9951.2046	0	0
fresh-cull20-16-conventional-d600	16	conventional	960	ce1788	2.6555	0.5974	3.1250	1.0625	15650.8276	15501.7307	0	0
fresh-cull20-16-conventional-d600	16	conventional	960	ce1791	1.5212	0.7682	1.9375	1.1875	13875.9609	13977.5272	0	0
fresh-cull20-16-conventional-d600	16	conventional	960	ce1792	1.7327	1.3563	2.4375	2.0625	23494.3257	23538.4818	0	0
fresh-cull20-16-conventional-d600	16	conventional	960	ce1793	1.8761	1.0011	2.5625	1.6875	22879.4363	22881.0334	0	0
fresh-cull20-16-conventional-d600	16	conventional	960	ce1794	2.6187	1.2460	3.1250	1.7500	16875.8839	16798.8916	0	0
fresh-cull20-16-conventional-d600	16	conventional	960	ce1796	4.0044	2.0756	4.6875	2.7500	22771.0340	22480.6399	0	0
fresh-cull20-16-conventional-d600	16	conventional	960	ce1799	2.2600	1.2897	3.0625	2.0625	26748.4201	25760.0567	0	0
fresh-cull20-16-conventional-d600	16	conventional	960	ce1800	2.4195	2.1584	3.1250	2.8750	23516.4230	23887.1570	0	0
fresh-cull20-16-conventional-d600	16	conventional	960	ce1801	1.5336	1.5328	2.1875	2.1875	21796.3807	21822.4053	0	0
fresh-cull20-16-conventional-d600	16	conventional	960	ce1802	2.0107	1.5746	2.8125	2.3750	26726.0164	26678.7578	0	0
fresh-cull20-16-conventional-d600	16	conventional	960	ce1804	1.2967	1.5840	1.7500	2.0625	15108.8166	15949.4803	0	0
fresh-cull20-16-conventional-d600	16	conventional	960	ce1806	1.1770	0.3652	1.7500	0.9375	19100.6515	19075.2242	0	0
fresh-cull20-16-conventional-d600	16	conventional	960	ce1807	1.5508	0.7315	2.1250	1.3125	19141.3154	19366.6532	0	0
fresh-cull20-16-conventional-d600	16	conventional	960	ce1808	2.5512	0.9287	3.2500	1.6250	23291.8608	23208.6215	0	0
fresh-cull20-16-conventional-d600	16	conventional	960	ce1809	0.8403	0.5373	1.3125	1.0000	15739.0675	15424.6572	0	0
fresh-cull20-16-conventional-d600	16	conventional	960	ce1810	2.4508	1.1013	2.8750	1.5000	14139.7332	13291.0770	0	0
fresh-cull20-16-conventional-d600	16	conventional	960	ce1811	2.5705	1.5041	3.3750	2.3125	26815.9091	26948.1804	0	0
fresh-cull20-16-conventional-d600	16	conventional	960	ce1814	2.9006	1.0884	3.6250	1.8125	24146.0634	24138.3226	0	0
fresh-cull20-16-conventional-d600	16	conventional	960	ce1815	1.3279	0.9517	1.8750	1.5000	18236.0646	18275.1537	0	0
fresh-cull20-16-conventional-d600	16	conventional	960	ce1817	2.0629	0.6674	2.6875	1.3125	20820.4195	21504.4288	0	0
fresh-cull20-16-conventional-d600	16	conventional	960	ce1818	1.5950	0.5243	2.3750	1.3125	26001.0426	26271.7232	0	0
fresh-cull20-16-conventional-d600	16	conventional	960	ce1819	2.6572	1.2197	3.3750	1.9375	23927.1392	23926.5171	0	0
fresh-cull20-16-conventional-d600	16	conventional	960	ce1821	1.9973	0.9405	2.6875	1.6250	23006.9577	22817.2832	0	0
fresh-cull20-16-conventional-d600	16	conventional	960	ce1822	2.4114	2.2863	3.1250	3.0000	23787.4554	23789.8525	0	0
fresh-cull20-16-conventional-d600	16	conventional	960	ce1823	1.9878	1.3628	2.6250	2.0000	21239.7048	21238.6906	0	0
