# garden fresh-shift-15-holistic-d600 seed 15 holistic season 960 n=60 J=16 worlds=0..15 run=/tmp/rbt107-h1/shift-15 work_cost=0.03 (90 s, workers 4)
fresh-shift-15-holistic-d600	15	holistic	960	he1556	0.7905	0.8526	0.8125	0.8750	733.6980	747.0793	0	0
fresh-shift-15-holistic-d600	15	holistic	960	he1557	0.7903	0.7928	0.9375	0.9375	4907.1550	4822.0492	0	0
fresh-shift-15-holistic-d600	15	holistic	960	he1559	1.5227	1.6480	1.5625	1.6875	1325.1967	1316.5569	0	0
fresh-shift-15-holistic-d600	15	holistic	960	he1560	1.5641	1.5028	1.6250	1.5625	2030.6051	1989.4057	0	0
fresh-shift-15-holistic-d600	15	holistic	960	he1561	1.1252	1.1245	1.2500	1.2500	4159.9786	4182.8877	0	0
fresh-shift-15-holistic-d600	15	holistic	960	he1562	0.7049	0.7694	0.9375	1.0000	7754.2611	7686.1818	0	0
fresh-shift-15-holistic-d600	15	holistic	960	he1563	1.7782	1.1558	1.9375	1.3125	5310.1248	5223.7031	0	0
fresh-shift-15-holistic-d600	15	holistic	960	he1564	1.3456	1.2850	1.5000	1.4375	5147.6745	5082.6448	0	0
fresh-shift-15-holistic-d600	15	holistic	960	he1565	1.4671	1.0950	1.5625	1.1875	3179.7274	3084.6757	0	0
fresh-shift-15-holistic-d600	15	holistic	960	he1567	1.8209	1.8273	1.8750	1.8750	1801.8173	1590.1361	0	0
fresh-shift-15-holistic-d600	15	holistic	960	he1571	1.2347	1.4864	1.3750	1.6250	4677.6843	4618.7142	0	0
fresh-shift-15-holistic-d600	15	holistic	960	he1574	0.6031	0.6039	0.6250	0.6250	731.6550	704.0579	0	0
fresh-shift-15-holistic-d600	15	holistic	960	he1575	1.4468	1.8851	1.5000	1.9375	1772.6121	1745.6475	0	0
fresh-shift-15-holistic-d600	15	holistic	960	he1577	2.4018	1.6533	2.5625	1.8125	5355.3569	5307.3043	0	0
fresh-shift-15-holistic-d600	15	holistic	960	he1578	0.6111	0.7297	0.6250	0.7500	462.7196	677.2027	0	0
fresh-shift-15-holistic-d600	15	holistic	960	he1579	0.4844	0.4823	0.5000	0.5000	521.1953	589.4803	0	0
fresh-shift-15-holistic-d600	15	holistic	960	he1581	1.0670	0.8769	1.1250	0.9375	1932.2277	2018.4010	0	0
fresh-shift-15-holistic-d600	15	holistic	960	he1582	1.2718	1.4573	1.4375	1.6250	5523.5237	5591.6513	0	0
fresh-shift-15-holistic-d600	15	holistic	960	he1583	1.3225	2.0120	1.5000	2.1875	5915.9608	5848.5984	0	0
fresh-shift-15-holistic-d600	15	holistic	960	he1584	0.6097	0.6101	0.6250	0.6250	509.6788	496.5513	0	0
fresh-shift-15-holistic-d600	15	holistic	960	he1588	0.7951	0.9203	1.0000	1.1250	6829.4396	6824.6290	0	0
fresh-shift-15-holistic-d600	15	holistic	960	he1591	1.7293	1.6694	1.8750	1.8125	4855.0521	4770.6149	0	0
fresh-shift-15-holistic-d600	15	holistic	960	he1594	1.1065	0.4235	1.1875	0.5000	2698.4356	2550.1523	0	0
fresh-shift-15-holistic-d600	15	holistic	960	he1595	0.8127	0.5021	1.0000	0.6875	6243.8933	6181.1259	0	0
fresh-shift-15-holistic-d600	15	holistic	960	he1597	2.7758	2.3387	2.8750	2.4375	3306.3619	3291.8950	0	0
fresh-shift-15-holistic-d600	15	holistic	960	he1598	2.4625	1.6518	2.6250	1.8125	5416.8607	5356.6265	0	0
fresh-shift-15-holistic-d600	15	holistic	960	he1599	0.7618	1.0738	0.8125	1.1250	1691.2620	1707.7270	0	0
fresh-shift-15-holistic-d600	15	holistic	960	he1600	1.2759	2.1532	1.4375	2.3125	5387.9106	5310.9713	0	0
fresh-shift-15-holistic-d600	15	holistic	960	he1601	1.1921	0.8239	1.3750	1.0000	6098.0519	5871.3385	0	0
fresh-shift-15-holistic-d600	15	holistic	960	he1602	0.3165	0.1929	0.3750	0.2500	1951.2175	1904.0751	0	0
fresh-shift-15-holistic-d600	15	holistic	960	he1603	0.2778	0.5907	0.3125	0.6250	1155.3562	1144.4501	0	0
fresh-shift-15-holistic-d600	15	holistic	960	he1604	0.5865	0.7124	0.6250	0.7500	1282.4454	1254.4447	0	0
fresh-shift-15-holistic-d600	15	holistic	960	he1606	0.5540	0.4910	0.5625	0.5000	283.2564	299.0709	0	0
fresh-shift-15-holistic-d600	15	holistic	960	he1607	0.2366	0.1737	0.2500	0.1875	447.8304	460.9659	0	0
fresh-shift-15-holistic-d600	15	holistic	960	he1608	1.3084	0.8704	1.4375	1.0000	4301.7739	4321.6027	0	0
fresh-shift-15-holistic-d600	15	holistic	960	he1609	1.9186	1.4826	2.0625	1.6250	4796.8338	4745.2867	0	0
fresh-shift-15-holistic-d600	15	holistic	960	he1611	1.5091	1.8713	1.5625	1.9375	1781.3583	2205.0118	0	0
fresh-shift-15-holistic-d600	15	holistic	960	he1612	1.6680	0.7966	1.7500	0.8750	2733.0425	2613.4329	0	0
fresh-shift-15-holistic-d600	15	holistic	960	he1613	0.3152	0.5663	0.3750	0.6250	1993.6473	1955.2550	0	0
fresh-shift-15-holistic-d600	15	holistic	960	he1615	1.8287	2.0808	1.9375	2.1875	3628.1523	3556.9744	0	0
fresh-shift-15-holistic-d600	15	holistic	960	he1617	0.7858	1.0384	0.9375	1.1875	5057.6158	4969.6164	0	0
fresh-shift-15-holistic-d600	15	holistic	960	he1618	1.5847	1.3351	1.7500	1.5000	5509.8426	5497.3189	0	0
fresh-shift-15-holistic-d600	15	holistic	960	he1619	1.4735	1.6614	1.5625	1.7500	2965.3875	2953.5566	0	0
fresh-shift-15-holistic-d600	15	holistic	960	he1620	1.4635	1.2122	1.6875	1.4375	7466.5511	7510.4515	0	0
fresh-shift-15-holistic-d600	15	holistic	960	he1621	1.7577	1.8824	1.8750	2.0000	3909.6367	3918.3496	0	0
fresh-shift-15-holistic-d600	15	holistic	960	he1623	0.5618	0.9337	0.6250	1.0000	2105.7456	2210.7546	0	0
fresh-shift-15-holistic-d600	15	holistic	960	he1625	1.2560	0.7581	1.5000	1.0000	8133.6841	8063.9474	0	0
fresh-shift-15-holistic-d600	15	holistic	960	he1626	1.8732	1.4984	2.0000	1.6250	4227.1070	4221.2112	0	0
fresh-shift-15-holistic-d600	15	holistic	960	he1627	1.2678	1.5809	1.4375	1.7500	5656.4510	5637.9516	0	0
fresh-shift-15-holistic-d600	15	holistic	960	he1628	1.5112	1.1357	1.5625	1.1875	1711.2609	1726.5067	0	0
fresh-shift-15-holistic-d600	15	holistic	960	he1629	0.6712	0.6732	0.6875	0.6875	544.4446	478.1207	0	0
fresh-shift-15-holistic-d600	15	holistic	960	he1630	1.5130	1.3319	1.5625	1.3750	1650.6816	1436.2129	0	0
fresh-shift-15-holistic-d600	15	holistic	960	he1632	0.9990	1.6259	1.1875	1.8125	6284.3320	6219.1178	0	0
fresh-shift-15-holistic-d600	15	holistic	960	he1633	1.2022	1.2092	1.3750	1.3750	5760.6883	5527.6861	0	0
fresh-shift-15-holistic-d600	15	holistic	960	he1634	1.6997	1.2636	1.8750	1.4375	5842.4379	5797.0147	0	0
fresh-shift-15-holistic-d600	15	holistic	960	he1635	0.9592	0.8323	1.0000	0.8750	1360.9696	1424.9688	0	0
fresh-shift-15-holistic-d600	15	holistic	960	he1636	1.3743	1.8746	1.4375	1.9375	2106.9995	2095.7131	0	0
fresh-shift-15-holistic-d600	15	holistic	960	he1637	0.0609	0.0609	0.0625	0.0625	54.2383	54.7881	0	0
fresh-shift-15-holistic-d600	15	holistic	960	he1638	1.7137	1.4662	1.8750	1.6250	5377.1964	5292.7969	0	0
fresh-shift-15-holistic-d600	15	holistic	960	he1639	0.7873	0.7876	1.1250	1.1250	11256.5081	11247.2974	0	0
