# garden fresh-c0-19-conventional seed 19 conventional season 359 n=60 J=16 worlds=0..15 run=/tmp/rbt107-h1/base-19 work_cost=0.03 (107 s, workers 4)
fresh-c0-19-conventional	19	conventional	359	ce682	0.8507	0.0406	1.3125	0.5000	15393.4901	15313.5529	0	0
fresh-c0-19-conventional	19	conventional	359	ce685	1.1954	1.1366	1.6875	1.6250	16403.5914	16278.9807	0	0
fresh-c0-19-conventional	19	conventional	359	ce687	1.9542	0.7143	2.6250	1.3750	22359.9434	22022.6063	0	0
fresh-c0-19-conventional	19	conventional	359	ce688	1.9393	1.1843	2.6250	1.8750	22857.0371	23024.1525	0	0
fresh-c0-19-conventional	19	conventional	359	ce689	0.6395	0.5247	1.0625	0.9375	14099.2353	13759.3819	0	0
fresh-c0-19-conventional	19	conventional	359	ce691	1.8665	0.3544	2.5625	1.0625	23201.5335	23603.7964	0	0
fresh-c0-19-conventional	19	conventional	359	ce693	1.5987	0.9200	2.3125	1.6250	23792.7985	23498.7995	0	0
fresh-c0-19-conventional	19	conventional	359	ce694	1.6168	1.2489	2.3125	1.9375	23190.6820	22952.1527	0	0
fresh-c0-19-conventional	19	conventional	359	ce699	2.1581	1.1456	2.6250	1.6250	15563.1644	15981.0511	0	0
fresh-c0-19-conventional	19	conventional	359	ce706	0.8794	0.1217	1.6875	0.8750	26936.1786	25110.0273	0	1
fresh-c0-19-conventional	19	conventional	359	ce707	0.8868	0.3295	1.4375	0.8750	18355.6515	18184.1480	0	0
fresh-c0-19-conventional	19	conventional	359	ce709	0.9466	0.9354	1.5625	1.5000	20531.1491	18820.2728	0	0
fresh-c0-19-conventional	19	conventional	359	ce710	-0.1633	-0.3359	0.5000	0.3750	22109.3414	23695.1676	0	0
fresh-c0-19-conventional	19	conventional	359	ce711	1.9273	1.0849	2.6250	1.7500	23255.9112	22170.9815	0	0
fresh-c0-19-conventional	19	conventional	359	ce713	2.3381	1.3337	2.9375	1.9375	19980.4896	20125.4759	0	0
fresh-c0-19-conventional	19	conventional	359	ce714	0.7484	0.8171	1.4375	1.5000	22969.4086	22763.0485	0	0
fresh-c0-19-conventional	19	conventional	359	ce718	1.1907	1.3769	1.8125	2.0000	20725.8032	20770.7912	0	0
fresh-c0-19-conventional	19	conventional	359	ce723	1.8886	1.4919	2.0625	1.6875	5797.5113	6519.2563	0	0
fresh-c0-19-conventional	19	conventional	359	ce725	0.5925	0.3859	0.8750	0.6875	9415.4288	10054.2602	0	0
fresh-c0-19-conventional	19	conventional	359	ce727	1.8232	0.9438	2.3125	1.4375	16309.0528	16455.5448	0	0
fresh-c0-19-conventional	19	conventional	359	ce728	2.2858	1.3826	2.8750	1.9375	19641.5877	18495.2553	0	1
fresh-c0-19-conventional	19	conventional	359	ce730	1.4735	0.8421	2.0000	1.3125	17550.8010	15679.5519	0	0
fresh-c0-19-conventional	19	conventional	359	ce733	2.0010	0.6847	2.6875	1.3750	22884.6435	23009.3466	0	0
fresh-c0-19-conventional	19	conventional	359	ce734	2.2289	0.4547	2.8750	1.1250	21537.7480	22344.9896	0	0
fresh-c0-19-conventional	19	conventional	359	ce735	1.9333	1.1548	2.6875	1.8750	25139.5697	24005.9859	0	0
fresh-c0-19-conventional	19	conventional	359	ce737	1.5555	0.7472	2.1875	1.3750	21068.3169	20925.5619	0	0
fresh-c0-19-conventional	19	conventional	359	ce738	2.2181	1.4654	2.6875	1.9375	15647.4311	15738.0647	0	0
fresh-c0-19-conventional	19	conventional	359	ce741	1.7857	0.4318	2.2500	1.0000	15477.4249	18939.4298	0	0
fresh-c0-19-conventional	19	conventional	359	ce744	4.1511	0.5670	4.7500	1.1250	19961.8942	18599.7312	0	1
fresh-c0-19-conventional	19	conventional	359	ce745	1.0629	1.3810	1.7500	2.0625	22902.6591	22717.6348	0	0
fresh-c0-19-conventional	19	conventional	359	ce746	0.6202	0.7583	1.3125	1.4375	23075.1846	22639.1935	0	0
fresh-c0-19-conventional	19	conventional	359	ce748	1.0471	0.4385	1.7500	1.1250	23429.1080	22883.8908	0	0
fresh-c0-19-conventional	19	conventional	359	ce751	1.2813	1.0356	1.9375	1.6875	21872.7265	21729.6339	0	0
fresh-c0-19-conventional	19	conventional	359	ce752	0.7393	-0.1326	1.3125	0.4375	19105.0146	19003.4011	0	0
fresh-c0-19-conventional	19	conventional	359	ce753	1.8327	1.0916	2.3125	1.5625	15993.4001	15696.8068	0	0
fresh-c0-19-conventional	19	conventional	359	ce757	3.0129	1.2078	3.6250	1.8125	20402.8977	20156.5819	0	0
fresh-c0-19-conventional	19	conventional	359	ce759	2.9205	1.2786	3.4375	1.8125	17233.2507	17798.0477	0	0
fresh-c0-19-conventional	19	conventional	359	ce760	2.2296	0.7957	2.9375	1.5000	23597.7891	23477.2086	0	0
fresh-c0-19-conventional	19	conventional	359	ce761	2.0293	0.9649	2.6250	1.5625	19856.3872	19919.4402	0	0
fresh-c0-19-conventional	19	conventional	359	ce765	2.6283	1.1802	3.1250	1.6250	16557.8845	14825.0522	0	0
fresh-c0-19-conventional	19	conventional	359	ce766	1.3958	0.6138	1.8750	1.1250	15972.1465	17038.7592	0	0
fresh-c0-19-conventional	19	conventional	359	ce767	0.8961	0.7209	1.4375	1.2500	18047.1873	17637.8030	0	0
fresh-c0-19-conventional	19	conventional	359	ce770	1.9508	1.3899	2.6250	2.0625	22472.8969	22418.4028	0	0
fresh-c0-19-conventional	19	conventional	359	ce772	1.0595	0.6005	1.3125	0.8125	8433.8950	7066.3871	0	0
fresh-c0-19-conventional	19	conventional	359	ce773	1.8950	1.0918	2.4375	1.6250	18084.2585	17774.1784	0	0
fresh-c0-19-conventional	19	conventional	359	ce777	1.9447	1.6137	2.5000	2.1875	18509.4908	19126.6138	0	0
fresh-c0-19-conventional	19	conventional	359	ce779	0.6453	0.1445	1.0625	0.5625	13908.0093	13932.2373	0	0
fresh-c0-19-conventional	19	conventional	359	ce780	0.7834	0.3178	1.0625	0.6250	9303.4250	10241.1929	0	0
fresh-c0-19-conventional	19	conventional	359	ce782	2.1502	0.7755	2.8750	1.5000	24159.1817	24151.0518	0	0
fresh-c0-19-conventional	19	conventional	359	ce784	2.0362	1.2113	2.6250	1.7500	19625.9065	17955.6689	0	0
fresh-c0-19-conventional	19	conventional	359	ce785	0.6816	0.2280	1.3750	0.9375	23114.9131	23651.6262	0	0
fresh-c0-19-conventional	19	conventional	359	ce786	1.3078	1.5110	1.8750	2.0625	18907.0832	18381.7602	0	0
fresh-c0-19-conventional	19	conventional	359	ce787	1.0036	0.5487	1.5000	1.0625	16546.8961	17126.4528	0	0
fresh-c0-19-conventional	19	conventional	359	ce789	1.7996	1.1199	2.3125	1.5625	17095.4786	14752.8184	0	0
fresh-c0-19-conventional	19	conventional	359	ce790	0.5720	0.0622	1.1250	0.6250	18433.2692	18760.8642	0	0
fresh-c0-19-conventional	19	conventional	359	ce791	0.0250	-0.2841	0.7500	0.4375	24167.1880	24054.5497	0	0
fresh-c0-19-conventional	19	conventional	359	ce792	0.9491	0.2753	1.4375	0.7500	16280.0894	15823.7135	0	0
fresh-c0-19-conventional	19	conventional	359	ce793	2.8666	0.9958	3.5000	1.6250	21112.2343	20972.4055	0	0
fresh-c0-19-conventional	19	conventional	359	ce794	1.5773	0.6989	2.2500	1.3750	22422.1604	22537.7933	0	0
fresh-c0-19-conventional	19	conventional	359	ce795	0.9065	0.4558	1.5000	1.0000	19782.1538	18140.5708	0	0
