# garden fresh-c0-26-holistic seed 26 holistic season 359 n=60 J=16 worlds=16..31 run=/tmp/rbt107-h1/base-26 work_cost=0.03 (84 s, workers 4)
fresh-c0-26-holistic	26	holistic	359	he497	0.3684	0.4310	0.3750	0.4375	218.4944	215.4764	0	0
fresh-c0-26-holistic	26	holistic	359	he499	1.4493	1.0937	1.5000	1.1250	1690.4261	1042.1209	0	0
fresh-c0-26-holistic	26	holistic	359	he500	1.3057	1.7433	1.5625	2.0000	8559.8535	8557.9400	0	0
fresh-c0-26-holistic	26	holistic	359	he502	1.1032	0.6047	1.1250	0.6250	725.4574	678.0898	0	0
fresh-c0-26-holistic	26	holistic	359	he505	1.7024	1.5810	1.8125	1.6875	3668.5542	3551.3239	0	0
fresh-c0-26-holistic	26	holistic	359	he509	3.0211	2.4524	3.1250	2.5625	3462.2518	3669.8433	0	0
fresh-c0-26-holistic	26	holistic	359	he511	0.5782	0.3170	0.6875	0.4375	3642.3947	4017.5763	0	0
fresh-c0-26-holistic	26	holistic	359	he512	1.8252	0.8310	2.0000	1.0000	5826.9499	5634.8803	0	0
fresh-c0-26-holistic	26	holistic	359	he513	1.2505	1.8727	1.5625	2.1875	10400.3959	10494.1449	0	0
fresh-c0-26-holistic	26	holistic	359	he514	1.1626	0.9148	1.1875	0.9375	829.7484	756.9179	0	0
fresh-c0-26-holistic	26	holistic	359	he516	0.7177	0.4678	0.9375	0.6875	7327.6008	7324.7586	0	0
fresh-c0-26-holistic	26	holistic	359	he517	2.7791	1.7168	2.9375	1.8750	5279.6693	5272.8069	0	0
fresh-c0-26-holistic	26	holistic	359	he518	2.5384	1.4758	2.6875	1.6250	4970.6539	4973.5234	0	0
fresh-c0-26-holistic	26	holistic	359	he520	1.1420	1.1418	1.2500	1.2500	3601.6138	3606.3029	0	0
fresh-c0-26-holistic	26	holistic	359	he521	0.9134	0.6618	1.1250	0.8750	7052.9230	7106.3748	0	0
fresh-c0-26-holistic	26	holistic	359	he522	2.5857	2.6417	2.8125	2.8750	7561.2651	7775.0073	0	0
fresh-c0-26-holistic	26	holistic	359	he524	2.3691	1.7516	2.4375	1.8125	2280.6275	2031.2871	0	0
fresh-c0-26-holistic	26	holistic	359	he526	1.0774	0.8292	1.3125	1.0625	7836.3371	7777.7381	0	0
fresh-c0-26-holistic	26	holistic	359	he527	1.2160	1.8377	1.3750	2.0000	5298.8317	5408.8783	0	0
fresh-c0-26-holistic	26	holistic	359	he529	0.5061	0.5063	0.5625	0.5625	1880.4421	1873.4573	0	0
fresh-c0-26-holistic	26	holistic	359	he530	0.9586	0.5855	1.0000	0.6250	1381.6634	1317.7405	0	0
fresh-c0-26-holistic	26	holistic	359	he531	0.6159	1.3620	0.8125	1.5625	6554.5555	6683.3399	0	0
fresh-c0-26-holistic	26	holistic	359	he532	0.9137	0.6709	1.0625	0.8125	4959.3529	4721.5428	0	0
fresh-c0-26-holistic	26	holistic	359	he533	0.8358	0.5308	0.8750	0.5625	1307.6427	1055.0129	0	0
fresh-c0-26-holistic	26	holistic	359	he534	0.9552	0.5797	1.3750	1.0000	13994.0818	14009.9674	0	0
fresh-c0-26-holistic	26	holistic	359	he536	1.8389	1.4026	2.0000	1.5625	5368.9811	5328.7171	0	0
fresh-c0-26-holistic	26	holistic	359	he538	0.4359	0.6234	0.5000	0.6875	2135.2780	2135.7291	0	0
fresh-c0-26-holistic	26	holistic	359	he540	1.5465	1.2330	1.5625	1.2500	532.9146	567.4446	0	0
fresh-c0-26-holistic	26	holistic	359	he541	2.5717	2.3709	2.8125	2.6250	8026.5214	8469.0732	0	0
fresh-c0-26-holistic	26	holistic	359	he542	2.0359	2.2853	2.2500	2.5000	7137.2675	7157.8338	0	0
fresh-c0-26-holistic	26	holistic	359	he544	0.6429	0.1435	1.0625	0.5625	13987.3763	13965.5181	0	0
fresh-c0-26-holistic	26	holistic	359	he545	2.3405	1.8413	2.6250	2.1250	9482.1341	9457.3841	0	0
fresh-c0-26-holistic	26	holistic	359	he547	1.1647	0.9749	1.3125	1.1250	4927.2483	5004.1188	0	0
fresh-c0-26-holistic	26	holistic	359	he548	0.6234	0.2404	0.6875	0.3125	2135.6965	2401.8509	0	0
fresh-c0-26-holistic	26	holistic	359	he550	0.8274	1.0164	1.0000	1.1875	5753.3159	5703.6954	0	0
fresh-c0-26-holistic	26	holistic	359	he551	1.5489	1.8595	1.6875	2.0000	4620.1953	4682.6211	0	0
fresh-c0-26-holistic	26	holistic	359	he552	3.5896	3.0294	3.6875	3.1250	3262.3394	3185.3084	0	0
fresh-c0-26-holistic	26	holistic	359	he554	2.0295	2.5288	2.1875	2.6875	5266.5862	5290.6988	0	0
fresh-c0-26-holistic	26	holistic	359	he556	1.0479	0.6100	1.3125	0.8750	8818.6224	8832.0143	0	0
fresh-c0-26-holistic	26	holistic	359	he557	0.5206	0.9592	0.7500	1.1875	7645.4699	7610.0843	0	0
fresh-c0-26-holistic	26	holistic	359	he560	0.8103	0.5596	1.1250	0.8750	10490.4805	10512.8638	0	0
fresh-c0-26-holistic	26	holistic	359	he561	1.1327	0.8833	1.1875	0.9375	1827.3598	1805.6578	0	0
fresh-c0-26-holistic	26	holistic	359	he563	2.6632	1.7855	2.7500	1.8750	2894.4933	2984.4064	0	0
fresh-c0-26-holistic	26	holistic	359	he565	1.2212	1.8462	1.3750	2.0000	5126.2183	5125.0731	0	0
fresh-c0-26-holistic	26	holistic	359	he567	2.4607	1.6566	2.8125	2.0000	11728.0165	11448.2766	0	0
fresh-c0-26-holistic	26	holistic	359	he568	1.3971	1.4621	1.6875	1.7500	9678.6557	9597.0577	0	0
fresh-c0-26-holistic	26	holistic	359	he569	1.1798	1.1208	1.2500	1.1875	2339.5832	2221.6963	0	0
fresh-c0-26-holistic	26	holistic	359	he571	1.2085	1.3396	1.3750	1.5000	5549.1555	5345.9209	0	0
fresh-c0-26-holistic	26	holistic	359	he573	0.5626	0.3745	0.9375	0.7500	12497.5668	12517.8014	0	0
fresh-c0-26-holistic	26	holistic	359	he576	0.5728	0.5136	0.6250	0.5625	1739.8840	1628.7595	0	0
fresh-c0-26-holistic	26	holistic	359	he577	1.4892	1.0542	1.8125	1.3750	10775.1580	10694.1957	0	0
fresh-c0-26-holistic	26	holistic	359	he579	1.1166	1.2472	1.1875	1.3125	2362.5885	2175.4938	0	0
fresh-c0-26-holistic	26	holistic	359	he580	1.9102	1.5376	2.0625	1.6875	5075.5225	4998.1168	0	0
fresh-c0-26-holistic	26	holistic	359	he581	1.9577	1.4837	2.3750	1.8750	13910.5442	13044.2520	0	0
fresh-c0-26-holistic	26	holistic	359	he583	1.4397	1.8805	1.6250	2.0625	6175.2816	6068.2016	0	0
fresh-c0-26-holistic	26	holistic	359	he585	0.7466	1.3733	1.0625	1.6875	10530.9429	10473.2022	0	0
fresh-c0-26-holistic	26	holistic	359	he586	0.5415	0.4180	0.9375	0.8125	13198.9752	13151.0906	0	0
fresh-c0-26-holistic	26	holistic	359	he588	0.5989	0.5976	0.6250	0.6250	868.9541	913.8111	0	0
fresh-c0-26-holistic	26	holistic	359	he589	0.2235	0.2236	0.2500	0.2500	882.7300	879.5350	0	0
fresh-c0-26-holistic	26	holistic	359	he590	-0.0065	-0.0065	0.0000	0.0000	216.1550	215.8171	0	0
