# garden fresh-cull20-22-holistic-d800 seed 22 holistic season 1160 n=60 J=16 worlds=16..31 run=/tmp/rbt107-h1/cull20-22 work_cost=0.03 (89 s, workers 4)
fresh-cull20-22-holistic-d800	22	holistic	1160	he1781	0.1570	0.1573	0.1875	0.1875	1017.9943	1005.4882	0	0
fresh-cull20-22-holistic-d800	22	holistic	1160	he1782	1.4614	1.0860	1.5625	1.1875	3369.8687	3382.9484	0	0
fresh-cull20-22-holistic-d800	22	holistic	1160	he1783	3.0429	2.5444	3.1250	2.6250	2737.0544	2687.0563	0	0
fresh-cull20-22-holistic-d800	22	holistic	1160	he1785	1.9553	0.8955	2.1250	1.0625	5656.2971	5565.0094	0	0
fresh-cull20-22-holistic-d800	22	holistic	1160	he1786	0.8262	1.1397	1.0000	1.3125	5792.6135	5759.4759	0	0
fresh-cull20-22-holistic-d800	22	holistic	1160	he1787	1.9590	1.4618	2.1250	1.6250	5534.9135	5440.2661	0	0
fresh-cull20-22-holistic-d800	22	holistic	1160	he1788	0.5749	0.9516	0.6250	1.0000	1671.3630	1613.2950	0	0
fresh-cull20-22-holistic-d800	22	holistic	1160	he1789	1.1804	1.0697	1.3125	1.1875	4404.2998	3926.9448	0	0
fresh-cull20-22-holistic-d800	22	holistic	1160	he1791	0.5904	0.6513	0.6875	0.7500	3235.4038	3290.9746	0	0
fresh-cull20-22-holistic-d800	22	holistic	1160	he1792	1.9250	2.3911	2.0625	2.5625	4584.2466	5714.2201	0	0
fresh-cull20-22-holistic-d800	22	holistic	1160	he1793	1.0505	0.8635	1.0625	0.8750	400.1157	382.3053	0	0
fresh-cull20-22-holistic-d800	22	holistic	1160	he1795	1.9851	2.0490	2.0625	2.1250	2578.5035	2534.5650	0	0
fresh-cull20-22-holistic-d800	22	holistic	1160	he1796	1.2989	1.4254	1.4375	1.5625	4619.3935	4570.4810	0	0
fresh-cull20-22-holistic-d800	22	holistic	1160	he1797	2.0285	1.7794	2.1875	1.9375	5299.0911	5269.5005	0	0
fresh-cull20-22-holistic-d800	22	holistic	1160	he1798	0.8604	0.6089	1.0000	0.7500	4653.2142	4701.8289	0	0
fresh-cull20-22-holistic-d800	22	holistic	1160	he1800	0.9302	0.9887	1.0000	1.0625	2327.4363	2458.9735	0	0
fresh-cull20-22-holistic-d800	22	holistic	1160	he1801	0.2387	0.1819	0.3125	0.2500	2459.7032	2269.0265	0	0
fresh-cull20-22-holistic-d800	22	holistic	1160	he1802	0.9867	1.1737	1.1250	1.3125	4611.2861	4625.3486	0	0
fresh-cull20-22-holistic-d800	22	holistic	1160	he1803	1.6206	1.1852	1.7500	1.3125	4314.3660	4243.1401	0	0
fresh-cull20-22-holistic-d800	22	holistic	1160	he1804	1.2813	1.2193	1.4375	1.3750	5207.0582	5189.0752	0	0
fresh-cull20-22-holistic-d800	22	holistic	1160	he1805	1.7414	1.0482	1.8750	1.1875	4453.7044	4642.8597	0	0
fresh-cull20-22-holistic-d800	22	holistic	1160	he1806	1.2024	0.8886	1.3750	1.0625	5753.7379	5796.6656	0	0
fresh-cull20-22-holistic-d800	22	holistic	1160	he1807	2.8715	2.7562	3.0625	2.9375	6367.3430	6044.8277	0	0
fresh-cull20-22-holistic-d800	22	holistic	1160	he1809	0.8741	1.0008	1.0000	1.1250	4197.7262	4140.9052	0	0
fresh-cull20-22-holistic-d800	22	holistic	1160	he1810	1.4469	1.5748	1.5625	1.6875	3852.3736	3758.0853	0	0
fresh-cull20-22-holistic-d800	22	holistic	1160	he1813	1.6658	1.3516	1.8125	1.5000	4889.6340	4946.3210	0	0
fresh-cull20-22-holistic-d800	22	holistic	1160	he1816	1.1274	1.1933	1.3125	1.3750	6171.3322	6055.5998	0	0
fresh-cull20-22-holistic-d800	22	holistic	1160	he1817	0.4447	1.0695	0.5625	1.1875	3925.1969	3932.9265	0	0
fresh-cull20-22-holistic-d800	22	holistic	1160	he1818	1.6876	0.8286	1.7500	0.8750	2079.6586	1545.7964	0	0
fresh-cull20-22-holistic-d800	22	holistic	1160	he1821	1.3963	1.1462	1.5000	1.2500	3456.0070	3459.5900	0	0
fresh-cull20-22-holistic-d800	22	holistic	1160	he1822	1.3438	1.3447	1.4375	1.4375	3124.8827	3093.7628	0	0
fresh-cull20-22-holistic-d800	22	holistic	1160	he1824	1.8265	3.1450	2.1250	3.4375	9948.8178	9748.4664	0	0
fresh-cull20-22-holistic-d800	22	holistic	1160	he1826	0.2964	0.3591	0.3125	0.3750	536.5870	528.9824	0	0
fresh-cull20-22-holistic-d800	22	holistic	1160	he1830	1.4176	0.9144	1.6250	1.1250	6911.7224	7019.9361	0	0
fresh-cull20-22-holistic-d800	22	holistic	1160	he1831	2.3811	0.9458	2.5625	1.1250	6045.3983	5974.6401	0	0
fresh-cull20-22-holistic-d800	22	holistic	1160	he1833	1.1704	1.7362	1.3125	1.8750	4736.2975	4626.3104	0	0
fresh-cull20-22-holistic-d800	22	holistic	1160	he1835	1.2042	1.3876	1.4375	1.6250	7777.0425	7912.5904	0	0
fresh-cull20-22-holistic-d800	22	holistic	1160	he1836	1.7405	1.3078	1.8750	1.4375	4483.2956	4324.3771	0	0
fresh-cull20-22-holistic-d800	22	holistic	1160	he1839	1.9104	0.9122	2.0625	1.0625	5069.3370	5011.4566	0	0
fresh-cull20-22-holistic-d800	22	holistic	1160	he1840	0.5669	1.6929	0.7500	1.8750	6104.2047	6070.4722	0	0
fresh-cull20-22-holistic-d800	22	holistic	1160	he1841	1.0114	0.5790	1.1250	0.6875	3786.6621	3618.1925	0	0
fresh-cull20-22-holistic-d800	22	holistic	1160	he1842	1.5063	1.3874	1.6875	1.5625	6040.7564	5835.8316	0	0
fresh-cull20-22-holistic-d800	22	holistic	1160	he1843	0.2646	0.3894	0.3125	0.4375	1597.0625	1604.0045	0	0
fresh-cull20-22-holistic-d800	22	holistic	1160	he1844	1.0909	0.8412	1.1250	0.8750	1136.4054	1127.9960	0	0
fresh-cull20-22-holistic-d800	22	holistic	1160	he1845	1.8164	1.5676	2.0000	1.7500	6120.5997	6078.6166	0	0
fresh-cull20-22-holistic-d800	22	holistic	1160	he1847	1.7751	1.2137	1.9375	1.3750	5413.3752	5377.8227	0	0
fresh-cull20-22-holistic-d800	22	holistic	1160	he1848	1.5368	0.9650	1.6875	1.1250	5024.9463	5332.6678	0	0
fresh-cull20-22-holistic-d800	22	holistic	1160	he1849	1.5602	1.0006	1.8125	1.2500	8409.7086	8314.0405	0	0
fresh-cull20-22-holistic-d800	22	holistic	1160	he1850	1.6800	1.4927	1.7500	1.5625	2332.0205	2327.5435	0	0
fresh-cull20-22-holistic-d800	22	holistic	1160	he1851	2.0852	1.4603	2.2500	1.6250	5494.4362	5489.4398	0	0
fresh-cull20-22-holistic-d800	22	holistic	1160	he1852	1.4613	1.1488	1.6250	1.3125	5456.5916	5456.8536	0	0
fresh-cull20-22-holistic-d800	22	holistic	1160	he1853	2.1213	1.2500	2.1875	1.3125	2207.3039	2084.8435	0	0
fresh-cull20-22-holistic-d800	22	holistic	1160	he1854	0.1859	0.2484	0.1875	0.2500	54.2494	54.0371	0	0
fresh-cull20-22-holistic-d800	22	holistic	1160	he1855	2.3950	1.3334	2.5625	1.5000	5582.7841	5554.5297	0	0
fresh-cull20-22-holistic-d800	22	holistic	1160	he1856	0.9441	1.2563	1.1875	1.5000	8114.3743	8122.0097	0	0
fresh-cull20-22-holistic-d800	22	holistic	1160	he1857	1.6654	1.4755	1.8125	1.6250	4904.7903	4982.8129	0	0
fresh-cull20-22-holistic-d800	22	holistic	1160	he1858	0.1164	0.0540	0.1250	0.0625	286.5478	284.3207	0	0
fresh-cull20-22-holistic-d800	22	holistic	1160	he1860	0.0625	0.0625	0.0625	0.0625	0.0000	0.0000	0	0
fresh-cull20-22-holistic-d800	22	holistic	1160	he1861	0.1137	0.1138	0.1250	0.1250	377.2785	372.3534	0	0
fresh-cull20-22-holistic-d800	22	holistic	1160	he1862	0.3125	0.2500	0.3125	0.2500	0.0000	0.0000	0	0
