# garden fresh-shift-21-conventional-d800 seed 21 conventional season 1160 n=60 J=16 worlds=0..15 run=/tmp/rbt107-h1/shift-21 work_cost=0.03 (98 s, workers 4)
fresh-shift-21-conventional-d800	21	conventional	1160	ce1875	0.5346	0.2702	0.9375	0.6875	13428.6474	13909.1598	0	0
fresh-shift-21-conventional-d800	21	conventional	1160	ce1876	1.7496	0.4586	2.4375	1.1875	22928.3381	24297.3593	0	0
fresh-shift-21-conventional-d800	21	conventional	1160	ce1877	0.7082	0.4549	0.9375	0.6875	7642.0532	7752.6164	0	0
fresh-shift-21-conventional-d800	21	conventional	1160	ce1878	0.9664	0.7841	1.5000	1.3125	17787.3127	17612.7295	0	0
fresh-shift-21-conventional-d800	21	conventional	1160	ce1880	0.9806	0.5663	1.3125	0.9375	11063.1206	12373.6943	0	0
fresh-shift-21-conventional-d800	21	conventional	1160	ce1881	2.1594	0.6496	2.6875	1.1875	17603.7308	17931.5593	0	0
fresh-shift-21-conventional-d800	21	conventional	1160	ce1882	0.9314	0.6143	1.3125	1.0000	12701.7981	12857.6635	0	0
fresh-shift-21-conventional-d800	21	conventional	1160	ce1883	2.3973	1.4050	2.8750	1.8750	15922.9333	15666.5793	0	0
fresh-shift-21-conventional-d800	21	conventional	1160	ce1884	1.9886	0.7573	2.4375	1.2500	14964.5620	16423.6119	0	0
fresh-shift-21-conventional-d800	21	conventional	1160	ce1885	1.6392	0.4574	2.4375	1.2500	26608.4889	26418.5226	0	0
fresh-shift-21-conventional-d800	21	conventional	1160	ce1886	2.4954	1.4059	3.0000	1.8750	16820.2450	15636.3364	0	1
fresh-shift-21-conventional-d800	21	conventional	1160	ce1887	1.5037	1.0554	2.2500	1.8125	24876.3659	25236.8121	0	0
fresh-shift-21-conventional-d800	21	conventional	1160	ce1888	1.4648	1.3302	2.0625	1.9375	19922.6910	20243.9115	0	0
fresh-shift-21-conventional-d800	21	conventional	1160	ce1889	1.0690	1.0074	1.5625	1.5000	16449.0818	16421.6446	0	0
fresh-shift-21-conventional-d800	21	conventional	1160	ce1890	0.9829	0.6042	1.3750	1.0000	13071.3350	13194.3539	0	0
fresh-shift-21-conventional-d800	21	conventional	1160	ce1891	1.0181	0.5248	1.4375	0.9375	13980.9529	13756.7100	0	0
fresh-shift-21-conventional-d800	21	conventional	1160	ce1892	2.3643	0.9734	2.8125	1.4375	14939.7479	15469.3386	0	0
fresh-shift-21-conventional-d800	21	conventional	1160	ce1894	-0.1693	0.1439	0.1875	0.5000	11892.7464	11871.6105	0	0
fresh-shift-21-conventional-d800	21	conventional	1160	ce1897	2.3063	1.5595	2.8125	2.0625	16872.5470	16768.0879	0	0
fresh-shift-21-conventional-d800	21	conventional	1160	ce1898	2.4060	1.6667	2.9375	2.1875	17715.8534	17358.6374	0	0
fresh-shift-21-conventional-d800	21	conventional	1160	ce1899	1.0156	0.7682	1.3750	1.1250	11978.9044	11892.1812	0	0
fresh-shift-21-conventional-d800	21	conventional	1160	ce1900	1.5251	0.5875	2.3125	1.3750	26247.7045	26250.5551	0	0
fresh-shift-21-conventional-d800	21	conventional	1160	ce1901	0.8740	0.9981	1.1250	1.2500	8367.0460	8397.7372	0	0
fresh-shift-21-conventional-d800	21	conventional	1160	ce1902	1.1232	0.3321	1.6250	0.8125	16725.3508	16013.4631	0	1
fresh-shift-21-conventional-d800	21	conventional	1160	ce1903	2.3940	1.0437	3.1875	1.8125	26451.2302	25627.9113	0	0
fresh-shift-21-conventional-d800	21	conventional	1160	ce1905	1.6082	0.9679	2.1250	1.4375	17227.9246	15652.6817	0	1
fresh-shift-21-conventional-d800	21	conventional	1160	ce1906	1.4323	1.0574	1.9375	1.5625	16841.0195	16835.5841	0	0
fresh-shift-21-conventional-d800	21	conventional	1160	ce1907	2.0402	0.8151	2.6250	1.3750	19493.2016	18664.0446	0	0
fresh-shift-21-conventional-d800	21	conventional	1160	ce1908	1.5341	0.9040	1.6875	1.0625	5113.2586	5281.6848	0	0
fresh-shift-21-conventional-d800	21	conventional	1160	ce1910	2.0351	0.8512	2.5000	1.3125	15497.4785	15378.0653	0	0
fresh-shift-21-conventional-d800	21	conventional	1160	ce1911	1.4931	0.8728	2.0000	1.3750	16896.8437	16741.3938	0	0
fresh-shift-21-conventional-d800	21	conventional	1160	ce1912	0.7121	-0.0719	1.1875	0.4375	15846.3357	16981.2743	0	0
fresh-shift-21-conventional-d800	21	conventional	1160	ce1914	0.4339	0.4735	1.2500	1.2500	27204.8604	25883.5110	0	0
fresh-shift-21-conventional-d800	21	conventional	1160	ce1915	1.5951	1.5957	2.2500	2.2500	21828.8364	21811.6565	0	0
fresh-shift-21-conventional-d800	21	conventional	1160	ce1917	1.7758	0.7832	2.5000	1.5000	24140.6872	23894.9258	0	0
fresh-shift-21-conventional-d800	21	conventional	1160	ce1918	0.4081	0.2843	1.0000	0.8750	19731.0820	19690.5362	0	0
fresh-shift-21-conventional-d800	21	conventional	1160	ce1919	0.3576	0.3342	0.8125	0.8125	15162.2511	15943.1796	0	0
fresh-shift-21-conventional-d800	21	conventional	1160	ce1920	1.7476	1.6204	2.1250	2.0000	12578.8031	12652.0322	0	0
fresh-shift-21-conventional-d800	21	conventional	1160	ce1921	1.5544	1.1807	2.0000	1.6250	14854.4921	14809.2970	0	0
fresh-shift-21-conventional-d800	21	conventional	1160	ce1923	1.2441	0.9298	1.5000	1.1875	8531.3723	8590.9292	0	0
fresh-shift-21-conventional-d800	21	conventional	1160	ce1927	2.5697	1.3269	3.0000	1.8125	14343.4632	16186.1872	0	0
fresh-shift-21-conventional-d800	21	conventional	1160	ce1928	1.9267	1.0439	2.3750	1.5000	14942.6306	15204.8520	0	0
fresh-shift-21-conventional-d800	21	conventional	1160	ce1929	3.1538	1.1611	3.6875	1.6875	17790.9021	17545.3636	0	0
fresh-shift-21-conventional-d800	21	conventional	1160	ce1932	2.9454	0.5684	3.5625	1.1875	20569.4591	20635.0127	0	0
fresh-shift-21-conventional-d800	21	conventional	1160	ce1933	3.0952	1.4092	3.5625	1.8750	15575.6600	15526.1984	0	0
fresh-shift-21-conventional-d800	21	conventional	1160	ce1934	0.2133	0.2813	0.4375	0.5000	7473.7418	7288.5591	0	0
fresh-shift-21-conventional-d800	21	conventional	1160	ce1935	0.7622	0.5533	1.1875	1.0000	14176.5143	14889.4984	0	0
fresh-shift-21-conventional-d800	21	conventional	1160	ce1936	1.4154	0.7710	2.0000	1.3750	19485.3211	20133.9080	0	0
fresh-shift-21-conventional-d800	21	conventional	1160	ce1937	1.4035	0.7360	1.9375	1.2500	17799.0502	17133.3256	0	0
fresh-shift-21-conventional-d800	21	conventional	1160	ce1938	1.1460	1.1446	1.9375	1.9375	26381.8063	26429.2678	0	0
fresh-shift-21-conventional-d800	21	conventional	1160	ce1939	1.8387	1.0980	2.3750	1.6250	17876.9425	17565.5220	0	0
fresh-shift-21-conventional-d800	21	conventional	1160	ce1940	1.9149	0.7191	2.6250	1.3750	23671.1969	21864.6642	0	0
fresh-shift-21-conventional-d800	21	conventional	1160	ce1941	1.7143	1.3018	2.3750	1.9375	22022.8488	21188.5190	0	1
fresh-shift-21-conventional-d800	21	conventional	1160	ce1942	0.4832	0.0954	0.8750	0.6250	13058.9349	17653.9837	0	0
fresh-shift-21-conventional-d800	21	conventional	1160	ce1943	1.0969	0.8434	1.5000	1.2500	13436.7759	13553.6423	0	0
fresh-shift-21-conventional-d800	21	conventional	1160	ce1945	1.1133	0.3567	1.6250	0.8750	17055.2987	17275.9631	0	0
fresh-shift-21-conventional-d800	21	conventional	1160	ce1946	2.4336	1.1780	2.8750	1.6250	14713.7106	14899.6488	0	0
fresh-shift-21-conventional-d800	21	conventional	1160	ce1947	-0.0167	-0.1386	0.8750	0.7500	29723.4451	29621.6115	0	0
fresh-shift-21-conventional-d800	21	conventional	1160	ce1948	0.3100	0.1210	0.8125	0.6250	16751.2953	16801.0697	0	0
fresh-shift-21-conventional-d800	21	conventional	1160	ce1949	1.3026	0.9900	1.8125	1.5000	16995.6677	16998.3849	0	0
