# garden fresh-cull20-28-conventional-d600 seed 28 conventional season 960 n=60 J=16 worlds=0..15 run=/tmp/rbt107-h1/cull20-28 work_cost=0.03 (95 s, workers 4)
fresh-cull20-28-conventional-d600	28	conventional	960	ce1757	0.1501	0.0506	0.5000	0.3750	11664.2087	10812.7937	0	0
fresh-cull20-28-conventional-d600	28	conventional	960	ce1758	1.5644	0.8782	2.3750	1.6875	27020.5650	26976.6739	0	0
fresh-cull20-28-conventional-d600	28	conventional	960	ce1760	1.8875	0.5124	2.3125	0.9375	14167.0294	14171.4777	0	0
fresh-cull20-28-conventional-d600	28	conventional	960	ce1761	0.8726	1.1112	1.1250	1.3750	8414.8286	8794.9130	0	0
fresh-cull20-28-conventional-d600	28	conventional	960	ce1762	1.7746	1.2079	2.1250	1.5625	11678.8951	11820.7003	0	0
fresh-cull20-28-conventional-d600	28	conventional	960	ce1763	0.9995	0.4887	1.6250	1.1250	20850.1809	21210.1828	0	0
fresh-cull20-28-conventional-d600	28	conventional	960	ce1765	0.3629	0.3000	0.7500	0.6875	12902.9611	12916.3481	0	0
fresh-cull20-28-conventional-d600	28	conventional	960	ce1766	1.7373	1.1184	2.5000	1.8750	25424.0774	25218.8055	0	0
fresh-cull20-28-conventional-d600	28	conventional	960	ce1767	2.2399	0.9528	2.9375	1.6250	23254.3588	22407.9034	0	0
fresh-cull20-28-conventional-d600	28	conventional	960	ce1768	0.2126	0.0375	0.8125	0.6250	19995.3626	19581.8029	0	0
fresh-cull20-28-conventional-d600	28	conventional	960	ce1770	1.1458	0.6617	1.8125	1.3125	22223.5550	21693.3415	0	0
fresh-cull20-28-conventional-d600	28	conventional	960	ce1772	0.8704	0.4949	1.1875	0.8125	10569.8217	10585.9781	0	0
fresh-cull20-28-conventional-d600	28	conventional	960	ce1773	0.6653	0.6019	1.0000	0.9375	11158.1353	11185.1438	0	0
fresh-cull20-28-conventional-d600	28	conventional	960	ce1778	2.2320	1.8075	2.6875	2.2500	15181.6993	14748.7295	0	0
fresh-cull20-28-conventional-d600	28	conventional	960	ce1781	0.6792	0.3677	1.1250	0.8125	14860.9783	14826.8638	0	0
fresh-cull20-28-conventional-d600	28	conventional	960	ce1783	0.4322	0.8042	0.9375	1.3125	16843.6198	16942.5170	0	0
fresh-cull20-28-conventional-d600	28	conventional	960	ce1784	2.7456	0.4422	3.3750	1.0625	20980.3418	20677.7353	0	0
fresh-cull20-28-conventional-d600	28	conventional	960	ce1786	0.6591	0.5437	1.1875	1.0625	17613.1525	17291.8665	0	0
fresh-cull20-28-conventional-d600	28	conventional	960	ce1787	2.2211	1.0990	2.9375	1.8125	23880.6518	23784.8610	0	0
fresh-cull20-28-conventional-d600	28	conventional	960	ce1789	3.1159	2.4888	3.6250	3.0000	16969.1198	17040.4559	0	0
fresh-cull20-28-conventional-d600	28	conventional	960	ce1790	2.1998	1.0148	2.4375	1.2500	7922.9726	7839.0961	0	0
fresh-cull20-28-conventional-d600	28	conventional	960	ce1793	3.1015	0.3473	3.6875	0.8750	19532.3857	17588.9874	0	0
fresh-cull20-28-conventional-d600	28	conventional	960	ce1794	1.8762	1.6246	2.6875	2.4375	27043.4351	27095.3853	0	0
fresh-cull20-28-conventional-d600	28	conventional	960	ce1795	0.0645	0.1908	0.3125	0.4375	8265.1637	8224.7299	0	0
fresh-cull20-28-conventional-d600	28	conventional	960	ce1796	1.4376	0.9406	2.1875	1.6875	24997.9736	24897.8001	0	0
fresh-cull20-28-conventional-d600	28	conventional	960	ce1798	2.8904	1.9539	3.5625	2.6250	22404.3660	22368.9428	0	0
fresh-cull20-28-conventional-d600	28	conventional	960	ce1799	1.8083	0.7987	2.2500	1.2500	14722.1967	15041.7055	0	0
fresh-cull20-28-conventional-d600	28	conventional	960	ce1801	1.5811	0.9693	2.2500	1.6250	22295.1767	21856.3141	0	0
fresh-cull20-28-conventional-d600	28	conventional	960	ce1803	1.2208	0.4118	1.8125	1.0000	19724.1624	19607.5159	0	0
fresh-cull20-28-conventional-d600	28	conventional	960	ce1806	2.8721	0.7546	3.3125	1.1875	14680.6727	14429.5818	0	0
fresh-cull20-28-conventional-d600	28	conventional	960	ce1808	0.5285	0.1475	0.6250	0.2500	3215.0533	3416.7671	0	0
fresh-cull20-28-conventional-d600	28	conventional	960	ce1810	0.7499	0.4398	1.4375	1.1250	22918.5301	22841.2956	0	0
fresh-cull20-28-conventional-d600	28	conventional	960	ce1811	2.0116	0.8192	2.4375	1.2500	14198.0082	14358.4934	0	0
fresh-cull20-28-conventional-d600	28	conventional	960	ce1812	0.9752	0.9081	1.5000	1.4375	17493.6886	17645.9401	0	0
fresh-cull20-28-conventional-d600	28	conventional	960	ce1813	2.0570	0.8116	2.6875	1.4375	21016.1492	20862.1029	0	0
fresh-cull20-28-conventional-d600	28	conventional	960	ce1815	2.0610	0.7002	2.5000	1.1250	14633.3485	14161.2098	0	0
fresh-cull20-28-conventional-d600	28	conventional	960	ce1816	0.7438	-0.0034	1.3750	0.6250	21040.0049	20947.3321	0	0
fresh-cull20-28-conventional-d600	28	conventional	960	ce1818	2.4732	1.3186	3.1250	1.9375	21726.4218	20630.6582	0	0
fresh-cull20-28-conventional-d600	28	conventional	960	ce1819	1.5046	1.1488	2.3125	1.9375	26931.2254	26291.1792	0	0
fresh-cull20-28-conventional-d600	28	conventional	960	ce1822	1.4743	1.1166	2.2500	1.8750	25855.2732	25279.2586	0	0
fresh-cull20-28-conventional-d600	28	conventional	960	ce1825	2.3206	1.2715	3.1250	2.0625	26814.5822	26365.1378	0	0
fresh-cull20-28-conventional-d600	28	conventional	960	ce1827	1.8795	1.2588	2.5000	1.8750	20681.9868	20541.5066	0	0
fresh-cull20-28-conventional-d600	28	conventional	960	ce1828	1.6831	1.5564	2.4375	2.3125	25145.1946	25204.2309	0	0
fresh-cull20-28-conventional-d600	28	conventional	960	ce1829	0.5297	0.3407	0.8750	0.6875	11508.5917	11560.5034	0	0
fresh-cull20-28-conventional-d600	28	conventional	960	ce1830	2.0816	0.8373	2.7500	1.5000	22280.3310	22091.3084	0	0
fresh-cull20-28-conventional-d600	28	conventional	960	ce1833	1.8075	1.3082	2.6250	2.1250	27251.0561	27225.1737	0	0
fresh-cull20-28-conventional-d600	28	conventional	960	ce1834	0.8142	0.7539	1.0625	1.0000	8276.7574	8202.5270	0	0
fresh-cull20-28-conventional-d600	28	conventional	960	ce1835	2.5882	2.1550	3.0000	2.5625	13725.0541	13583.5856	0	0
fresh-cull20-28-conventional-d600	28	conventional	960	ce1836	1.6884	0.7532	2.5000	1.5625	27053.7449	26977.0044	0	0
fresh-cull20-28-conventional-d600	28	conventional	960	ce1837	2.7453	1.3885	3.3125	1.9375	18906.4559	18300.3616	0	0
fresh-cull20-28-conventional-d600	28	conventional	960	ce1838	0.9622	0.0828	1.5000	0.6250	17926.1836	18074.1674	0	0
fresh-cull20-28-conventional-d600	28	conventional	960	ce1842	2.2194	1.1999	2.8750	1.8125	21852.7078	20419.0228	0	0
fresh-cull20-28-conventional-d600	28	conventional	960	ce1843	1.2204	0.3375	1.5625	0.6875	11402.5701	11666.7541	0	0
fresh-cull20-28-conventional-d600	28	conventional	960	ce1844	2.1095	1.4880	2.6250	2.0000	17183.2226	17065.4897	0	0
fresh-cull20-28-conventional-d600	28	conventional	960	ce1845	0.1722	0.0280	0.8125	0.6250	21344.7363	19900.4697	0	0
fresh-cull20-28-conventional-d600	28	conventional	960	ce1847	1.2035	0.6492	1.5000	0.9375	9882.9811	9609.5783	0	0
fresh-cull20-28-conventional-d600	28	conventional	960	ce1848	1.7902	0.3522	2.0625	0.6250	9076.6977	9093.8740	0	0
fresh-cull20-28-conventional-d600	28	conventional	960	ce1849	-0.2865	-0.4149	0.3125	0.1875	19967.3348	20078.6235	0	0
fresh-cull20-28-conventional-d600	28	conventional	960	ce1850	1.9605	1.1436	2.2500	1.4375	9649.7950	9795.2358	0	0
fresh-cull20-28-conventional-d600	28	conventional	960	ce1851	0.3786	0.3176	0.9375	0.8750	18630.0175	18581.6566	0	0
