# garden fresh-cull20-19-conventional-d110 seed 19 conventional season 470 n=60 J=16 worlds=16..31 run=/tmp/rbt107-hrep/cull20-19 work_cost=0.03 (90 s, workers 4)
fresh-cull20-19-conventional-d110	19	conventional	470	ce1003	0.6501	0.4603	1.1250	0.9375	15830.8935	15905.8613	0	0
fresh-cull20-19-conventional-d110	19	conventional	470	ce1008	2.0098	1.2502	2.5000	1.7500	16338.7730	16659.2294	0	0
fresh-cull20-19-conventional-d110	19	conventional	470	ce1010	1.0885	0.5884	1.5000	1.0000	13717.4369	13718.9837	0	0
fresh-cull20-19-conventional-d110	19	conventional	470	ce1011	2.0725	1.0374	2.7500	1.6875	22584.9157	21670.5000	0	0
fresh-cull20-19-conventional-d110	19	conventional	470	ce1012	2.1632	0.8382	2.5000	1.1875	11227.3310	11643.6265	0	0
fresh-cull20-19-conventional-d110	19	conventional	470	ce1013	0.6720	0.1556	1.2500	0.7500	19267.2909	19812.2400	0	0
fresh-cull20-19-conventional-d110	19	conventional	470	ce1015	2.4484	1.1875	3.1250	1.8750	22551.8231	22915.7995	0	0
fresh-cull20-19-conventional-d110	19	conventional	470	ce1019	1.1363	0.9829	1.8750	1.6875	24623.8725	23487.0401	0	0
fresh-cull20-19-conventional-d110	19	conventional	470	ce1020	0.6696	0.5588	1.2500	1.1250	19347.1474	18873.2504	0	0
fresh-cull20-19-conventional-d110	19	conventional	470	ce1022	0.4913	0.1887	0.8750	0.5625	12790.2848	12459.4471	0	0
fresh-cull20-19-conventional-d110	19	conventional	470	ce1023	1.5493	0.3046	2.1875	0.9375	21274.6042	21097.3766	0	0
fresh-cull20-19-conventional-d110	19	conventional	470	ce1024	1.8764	0.1946	2.5000	0.8125	20788.3171	20596.9165	0	0
fresh-cull20-19-conventional-d110	19	conventional	470	ce1025	0.8574	0.8611	1.6250	1.6250	25585.5968	25463.9615	0	0
fresh-cull20-19-conventional-d110	19	conventional	470	ce1027	1.4227	0.6943	1.7500	1.0000	10908.4414	10191.3888	0	0
fresh-cull20-19-conventional-d110	19	conventional	470	ce1028	2.0420	0.6542	2.6875	1.3125	21515.9528	21942.4259	0	0
fresh-cull20-19-conventional-d110	19	conventional	470	ce1029	0.9352	1.0029	1.3125	1.3750	12575.8571	12403.5826	0	0
fresh-cull20-19-conventional-d110	19	conventional	470	ce1031	0.8736	-0.0635	1.5625	0.6250	22964.7294	22951.5683	0	0
fresh-cull20-19-conventional-d110	19	conventional	470	ce1032	2.4921	1.1266	3.1875	1.8125	23180.4993	22864.4144	0	0
fresh-cull20-19-conventional-d110	19	conventional	470	ce1033	0.3874	-0.2398	0.8750	0.2500	16252.0844	16326.6955	0	0
fresh-cull20-19-conventional-d110	19	conventional	470	ce1034	1.6252	0.5941	1.9375	0.8750	10410.5480	9362.3273	0	0
fresh-cull20-19-conventional-d110	19	conventional	470	ce1035	0.9433	0.3038	1.1875	0.5625	8140.5237	8623.8495	0	0
fresh-cull20-19-conventional-d110	19	conventional	470	ce909	3.2612	1.7284	3.7500	2.1875	16293.3190	15304.4999	0	0
fresh-cull20-19-conventional-d110	19	conventional	470	ce911	1.2768	1.0939	1.6875	1.4375	13690.5380	11452.3992	0	0
fresh-cull20-19-conventional-d110	19	conventional	470	ce916	0.8237	0.7076	1.2500	1.1250	14209.8457	13912.0559	0	0
fresh-cull20-19-conventional-d110	19	conventional	470	ce923	1.6444	0.2313	2.0625	0.6250	13935.0361	13123.7368	0	0
fresh-cull20-19-conventional-d110	19	conventional	470	ce924	1.5416	0.8287	1.9375	1.2500	13196.1401	14041.8225	0	0
fresh-cull20-19-conventional-d110	19	conventional	470	ce925	1.6163	1.3689	2.1875	1.9375	19041.5536	18953.7007	0	0
fresh-cull20-19-conventional-d110	19	conventional	470	ce926	3.5243	0.9595	4.0000	1.4375	15857.1868	15933.7856	0	0
fresh-cull20-19-conventional-d110	19	conventional	470	ce928	2.1641	0.7289	2.6250	1.1875	15364.5098	15286.7827	0	0
fresh-cull20-19-conventional-d110	19	conventional	470	ce929	0.3370	0.1928	0.9375	0.8125	20015.7556	20656.8541	0	0
fresh-cull20-19-conventional-d110	19	conventional	470	ce932	1.5364	0.3378	2.2500	1.0000	23787.2912	22074.6195	0	1
fresh-cull20-19-conventional-d110	19	conventional	470	ce936	0.8472	0.5940	1.2500	1.0000	13427.6684	13533.1337	0	0
fresh-cull20-19-conventional-d110	19	conventional	470	ce937	2.1123	1.1382	2.7500	1.7500	21256.8001	20392.9846	0	0
fresh-cull20-19-conventional-d110	19	conventional	470	ce938	0.9063	0.4706	1.4375	1.0625	17707.4819	19730.7587	0	0
fresh-cull20-19-conventional-d110	19	conventional	470	ce939	1.3096	0.3719	1.8125	0.8750	16764.8913	16768.8670	0	0
fresh-cull20-19-conventional-d110	19	conventional	470	ce941	1.7109	0.7761	2.3125	1.3750	20052.8434	19964.1287	0	0
fresh-cull20-19-conventional-d110	19	conventional	470	ce943	1.2059	0.7091	1.8125	1.3125	20220.1986	20114.4628	0	0
fresh-cull20-19-conventional-d110	19	conventional	470	ce947	0.7458	0.6710	1.4375	1.3750	23057.0726	23468.0687	0	0
fresh-cull20-19-conventional-d110	19	conventional	470	ce951	1.7099	0.2885	2.1875	0.7500	15919.1082	15384.1518	0	0
fresh-cull20-19-conventional-d110	19	conventional	470	ce952	0.8267	0.4814	1.1875	0.8125	12027.7341	11035.1649	0	0
fresh-cull20-19-conventional-d110	19	conventional	470	ce955	1.0603	0.4236	1.6250	1.0000	18822.0926	19213.9165	0	0
fresh-cull20-19-conventional-d110	19	conventional	470	ce959	1.2133	0.7961	1.7500	1.3125	17889.8079	17213.2427	0	0
fresh-cull20-19-conventional-d110	19	conventional	470	ce960	1.4639	0.7892	1.9375	1.2500	15785.8829	15358.9966	0	0
fresh-cull20-19-conventional-d110	19	conventional	470	ce962	1.0053	0.8995	1.5625	1.4375	18574.9132	17934.6304	0	0
fresh-cull20-19-conventional-d110	19	conventional	470	ce966	0.2705	0.1516	1.0000	0.8750	24315.3456	24112.1325	0	0
fresh-cull20-19-conventional-d110	19	conventional	470	ce967	0.2274	0.2283	0.7500	0.7500	17419.0457	17390.7145	0	0
fresh-cull20-19-conventional-d110	19	conventional	470	ce968	2.5246	0.7067	3.0000	1.1875	15848.0142	16028.0438	0	0
fresh-cull20-19-conventional-d110	19	conventional	470	ce969	0.3163	0.2541	1.0000	0.9375	22790.4352	22778.8412	0	0
fresh-cull20-19-conventional-d110	19	conventional	470	ce972	1.7477	0.5229	2.3750	1.1250	20910.0518	20069.3527	0	0
fresh-cull20-19-conventional-d110	19	conventional	470	ce974	1.2730	0.3319	1.9375	1.0000	22148.4959	22269.0881	0	0
fresh-cull20-19-conventional-d110	19	conventional	470	ce976	1.2193	0.7406	1.8125	1.3125	19772.5229	19062.3369	0	0
fresh-cull20-19-conventional-d110	19	conventional	470	ce977	1.5257	0.8037	1.8125	1.0625	9561.5190	8627.3433	0	0
fresh-cull20-19-conventional-d110	19	conventional	470	ce980	1.6711	1.3083	2.3750	2.0000	23463.6134	23057.5917	0	0
fresh-cull20-19-conventional-d110	19	conventional	470	ce983	2.4849	0.7249	3.0625	1.3125	19253.3609	19586.7168	0	0
fresh-cull20-19-conventional-d110	19	conventional	470	ce985	0.5656	0.4883	1.1875	1.0625	20729.9061	19139.3530	0	1
fresh-cull20-19-conventional-d110	19	conventional	470	ce987	1.5370	0.3130	2.0000	0.7500	15434.0987	14565.4344	0	0
fresh-cull20-19-conventional-d110	19	conventional	470	ce988	1.7427	1.1350	2.4375	1.8125	23161.5853	22584.1080	0	0
fresh-cull20-19-conventional-d110	19	conventional	470	ce993	1.5428	0.8545	2.1875	1.5000	21489.6951	21517.7555	0	0
fresh-cull20-19-conventional-d110	19	conventional	470	ce997	0.9353	0.6897	1.6250	1.3750	22990.6674	22842.1749	0	0
fresh-cull20-19-conventional-d110	19	conventional	470	ce998	3.4647	1.4422	4.1250	2.1250	22010.5589	22761.0259	0	0
