# garden fresh-base-29-conventional-d400 seed 29 conventional season 760 n=60 J=16 worlds=16..31 run=/tmp/rbt107-h1/base-29 work_cost=0.03 (121 s, workers 4)
fresh-base-29-conventional-d400	29	conventional	760	ce1337	0.9653	0.3588	1.6875	1.0625	24072.9672	23457.1879	0	0
fresh-base-29-conventional-d400	29	conventional	760	ce1340	1.7480	1.5045	2.4375	2.1875	22984.5286	22768.0109	0	0
fresh-base-29-conventional-d400	29	conventional	760	ce1342	0.7118	0.7131	1.5000	1.5000	26272.1506	26230.1690	0	0
fresh-base-29-conventional-d400	29	conventional	760	ce1344	1.0902	1.0288	1.8125	1.7500	24075.3668	24038.8306	0	0
fresh-base-29-conventional-d400	29	conventional	760	ce1345	1.7065	1.1524	2.1875	1.6250	16032.0058	15751.8621	0	0
fresh-base-29-conventional-d400	29	conventional	760	ce1346	2.9765	1.0598	3.5000	1.5625	17448.9249	16756.9007	0	0
fresh-base-29-conventional-d400	29	conventional	760	ce1347	0.8192	0.1322	1.5625	0.8750	24776.9522	24761.0715	0	0
fresh-base-29-conventional-d400	29	conventional	760	ce1348	0.9788	0.7900	1.3125	1.1250	11122.5503	11167.2161	0	0
fresh-base-29-conventional-d400	29	conventional	760	ce1351	1.6163	0.7438	2.3125	1.4375	23207.0365	23123.9885	0	0
fresh-base-29-conventional-d400	29	conventional	760	ce1352	2.1728	1.2396	2.8125	1.8750	21322.5980	21181.4977	0	0
fresh-base-29-conventional-d400	29	conventional	760	ce1353	0.9949	0.7549	1.6875	1.4375	23088.1628	22753.4096	0	0
fresh-base-29-conventional-d400	29	conventional	760	ce1357	1.9049	1.0942	2.4375	1.6250	17751.7076	17693.4592	0	0
fresh-base-29-conventional-d400	29	conventional	760	ce1358	0.4557	0.6622	1.1875	1.3750	24393.7026	23759.7420	0	0
fresh-base-29-conventional-d400	29	conventional	760	ce1360	1.5145	1.8761	2.2500	2.5625	24516.5355	22880.3310	0	1
fresh-base-29-conventional-d400	29	conventional	760	ce1365	0.5697	0.3832	1.3125	1.1250	24760.8865	24726.8639	0	0
fresh-base-29-conventional-d400	29	conventional	760	ce1366	1.2908	1.1743	2.0000	1.8750	23641.4235	23358.1728	0	0
fresh-base-29-conventional-d400	29	conventional	760	ce1367	1.2060	0.3378	1.7500	0.8750	18134.9093	17907.1596	0	0
fresh-base-29-conventional-d400	29	conventional	760	ce1368	0.8993	0.6434	1.2500	1.0000	11689.6707	11887.3300	0	0
fresh-base-29-conventional-d400	29	conventional	760	ce1369	2.3270	1.3286	2.7500	1.7500	14101.2020	14045.7969	0	0
fresh-base-29-conventional-d400	29	conventional	760	ce1371	2.1156	1.2488	2.8750	2.0000	25314.9978	25039.6331	0	0
fresh-base-29-conventional-d400	29	conventional	760	ce1372	1.3919	0.8991	1.8750	1.3750	16102.2831	15864.9648	0	0
fresh-base-29-conventional-d400	29	conventional	760	ce1377	2.3585	1.3578	3.0000	2.0000	21382.7953	21406.7966	0	0
fresh-base-29-conventional-d400	29	conventional	760	ce1381	-0.0172	0.0430	0.4375	0.5000	15157.2148	15231.9433	0	0
fresh-base-29-conventional-d400	29	conventional	760	ce1382	1.3513	0.6009	2.0625	1.3125	23707.0935	23720.5966	0	0
fresh-base-29-conventional-d400	29	conventional	760	ce1384	1.5645	1.0799	2.2500	1.7500	22849.8834	22336.6432	0	0
fresh-base-29-conventional-d400	29	conventional	760	ce1386	1.4713	1.0953	2.0000	1.6250	17624.9528	17656.8137	0	0
fresh-base-29-conventional-d400	29	conventional	760	ce1388	1.2355	1.3626	1.7500	1.8750	17149.2547	17079.2481	0	0
fresh-base-29-conventional-d400	29	conventional	760	ce1390	0.7633	0.2115	1.4375	0.8750	22474.8730	22116.2730	0	0
fresh-base-29-conventional-d400	29	conventional	760	ce1391	3.8293	1.1345	4.4375	1.7500	20274.9946	20515.5622	0	0
fresh-base-29-conventional-d400	29	conventional	760	ce1392	1.2634	0.8254	2.0000	1.5625	24553.8419	24568.7033	0	0
fresh-base-29-conventional-d400	29	conventional	760	ce1393	2.2709	0.8753	2.7500	1.3125	15969.1210	14572.0019	0	0
fresh-base-29-conventional-d400	29	conventional	760	ce1394	1.8724	1.0598	2.6250	1.8125	25088.2530	25089.6806	0	0
fresh-base-29-conventional-d400	29	conventional	760	ce1395	1.2158	0.7791	1.9375	1.5000	24056.2488	24029.1273	0	0
fresh-base-29-conventional-d400	29	conventional	760	ce1396	0.9645	0.7178	1.4375	1.1875	15766.8594	15655.4516	0	0
fresh-base-29-conventional-d400	29	conventional	760	ce1397	2.3039	1.9209	2.9375	2.5625	21119.4352	21388.0706	0	0
fresh-base-29-conventional-d400	29	conventional	760	ce1398	1.9850	0.3662	2.6250	1.0000	21333.5076	21128.0570	0	0
fresh-base-29-conventional-d400	29	conventional	760	ce1399	2.4080	1.7835	3.1875	2.5625	25983.5838	25967.2086	0	0
fresh-base-29-conventional-d400	29	conventional	760	ce1401	1.0854	0.5878	1.5625	1.0625	15904.5795	15823.7491	0	0
fresh-base-29-conventional-d400	29	conventional	760	ce1402	1.3952	1.2282	1.7500	1.5625	11825.0244	11142.1186	0	1
fresh-base-29-conventional-d400	29	conventional	760	ce1407	0.8502	0.9753	1.4375	1.5625	19576.8382	19574.9308	0	0
fresh-base-29-conventional-d400	29	conventional	760	ce1409	0.5928	0.3446	1.1250	0.8750	17740.6781	17679.2064	0	0
fresh-base-29-conventional-d400	29	conventional	760	ce1410	2.6921	0.3724	3.2500	0.8750	18595.1134	16754.6489	0	1
fresh-base-29-conventional-d400	29	conventional	760	ce1411	1.1863	0.5164	1.6875	1.0000	16707.2442	16118.7829	0	0
fresh-base-29-conventional-d400	29	conventional	760	ce1412	1.8048	1.3730	2.5000	2.0625	23172.6119	22983.5722	0	0
fresh-base-29-conventional-d400	29	conventional	760	ce1413	1.3646	1.1251	1.7500	1.5000	12846.3081	12497.6018	0	0
fresh-base-29-conventional-d400	29	conventional	760	ce1414	2.2103	1.6493	2.6250	2.0625	13822.3830	13774.0464	0	0
fresh-base-29-conventional-d400	29	conventional	760	ce1415	1.3992	0.2812	2.0625	0.9375	22108.4566	21876.2890	0	0
fresh-base-29-conventional-d400	29	conventional	760	ce1418	1.7209	0.8646	2.3750	1.5000	21802.7075	21180.4407	0	0
fresh-base-29-conventional-d400	29	conventional	760	ce1419	1.1251	1.0034	1.6875	1.5625	18745.9946	18637.6131	0	0
fresh-base-29-conventional-d400	29	conventional	760	ce1420	1.3534	0.4841	1.8125	0.9375	15302.9549	15112.5426	0	0
fresh-base-29-conventional-d400	29	conventional	760	ce1421	2.6115	1.4466	3.1875	2.0000	19201.5170	18447.3415	0	1
fresh-base-29-conventional-d400	29	conventional	760	ce1422	2.8191	0.8343	3.4375	1.4375	20612.5634	20107.8866	0	0
fresh-base-29-conventional-d400	29	conventional	760	ce1423	2.7125	0.9668	3.4375	1.6875	24165.6948	24022.5574	0	0
fresh-base-29-conventional-d400	29	conventional	760	ce1425	0.8154	0.6280	1.5625	1.3750	24901.8829	24899.2696	0	0
fresh-base-29-conventional-d400	29	conventional	760	ce1427	1.1549	0.9730	1.8750	1.6875	24001.9285	23817.1932	0	0
fresh-base-29-conventional-d400	29	conventional	760	ce1428	1.3838	0.6979	2.1875	1.5000	26789.2199	26735.0763	0	0
fresh-base-29-conventional-d400	29	conventional	760	ce1431	0.3748	0.3141	0.9375	0.8750	18758.3031	18697.3284	0	0
fresh-base-29-conventional-d400	29	conventional	760	ce1432	1.4753	1.0283	2.1250	1.6875	21655.3965	21972.3516	0	0
fresh-base-29-conventional-d400	29	conventional	760	ce1433	1.0285	0.5361	1.7500	1.2500	24050.3233	23797.2861	0	0
fresh-base-29-conventional-d400	29	conventional	760	ce1434	2.0413	1.2269	2.4375	1.6250	13206.5346	13269.5788	0	0
