# garden fresh-c0-13-holistic seed 13 holistic season 359 n=60 J=16 worlds=16..31 run=/tmp/rbt107-h1/base-13 work_cost=0.03 (218 s, workers 4)
fresh-c0-13-holistic	13	holistic	359	he533	3.5403	1.9740	3.6250	2.0625	2824.6356	2950.1241	1	0
fresh-c0-13-holistic	13	holistic	359	he534	1.5858	2.0842	1.6875	2.1875	3391.4972	3442.3867	0	0
fresh-c0-13-holistic	13	holistic	359	he535	4.3009	3.2386	4.3750	3.3125	2470.7600	2463.8504	0	0
fresh-c0-13-holistic	13	holistic	359	he536	0.5553	0.7324	0.6875	0.8750	4406.9374	4754.4532	0	0
fresh-c0-13-holistic	13	holistic	359	he538	1.7622	2.2035	1.8750	2.3125	3758.8863	3633.2448	0	0
fresh-c0-13-holistic	13	holistic	359	he539	1.1853	1.1850	1.1875	1.1875	73.7514	83.3077	0	0
fresh-c0-13-holistic	13	holistic	359	he540	1.2564	0.8397	1.3750	0.9375	3951.8450	3259.4003	0	0
fresh-c0-13-holistic	13	holistic	359	he542	0.4275	0.2418	0.4375	0.2500	333.8431	274.6447	0	0
fresh-c0-13-holistic	13	holistic	359	he546	0.5883	0.8353	0.6250	0.8750	1224.5260	1323.4968	0	0
fresh-c0-13-holistic	13	holistic	359	he547	0.5591	0.3078	0.6250	0.3750	2196.8167	2240.9252	0	0
fresh-c0-13-holistic	13	holistic	359	he550	1.1512	1.6491	1.1875	1.6875	1209.1028	1280.2221	0	0
fresh-c0-13-holistic	13	holistic	359	he551	1.6116	1.6484	1.8125	1.8750	6697.7879	7552.3850	1	0
fresh-c0-13-holistic	13	holistic	359	he553	1.3209	1.1477	1.5000	1.3125	5968.6641	5493.5126	0	0
fresh-c0-13-holistic	13	holistic	359	he555	1.9178	2.1675	2.0000	2.2500	2741.0202	2750.7326	0	0
fresh-c0-13-holistic	13	holistic	359	he556	0.4093	0.3507	0.5000	0.4375	3022.6417	2891.8830	0	0
fresh-c0-13-holistic	13	holistic	359	he558	3.0042	2.3164	3.0625	2.3750	1943.3957	1953.3852	0	0
fresh-c0-13-holistic	13	holistic	359	he559	1.7015	1.2575	1.7500	1.3125	1616.4825	1834.1138	0	0
fresh-c0-13-holistic	13	holistic	359	he560	1.5002	1.2908	1.5625	1.3750	2075.5190	2806.7683	11	9
fresh-c0-13-holistic	13	holistic	359	he562	0.7767	1.3389	0.8750	1.4375	3276.8350	3285.9019	0	0
fresh-c0-13-holistic	13	holistic	359	he563	0.7597	0.8248	0.8125	0.8750	1758.5138	1673.8466	0	0
fresh-c0-13-holistic	13	holistic	359	he564	2.7156	1.2074	2.9375	1.4375	7395.6722	7671.2536	0	0
fresh-c0-13-holistic	13	holistic	359	he565	2.3372	1.9084	2.4375	2.0000	3344.6346	3053.1040	0	0
fresh-c0-13-holistic	13	holistic	359	he566	3.1552	2.6029	3.3750	2.8125	7327.0012	6985.5112	0	0
fresh-c0-13-holistic	13	holistic	359	he567	0.3714	0.3090	0.3750	0.3125	121.4337	117.5506	0	0
fresh-c0-13-holistic	13	holistic	359	he568	2.4790	1.9216	2.5625	2.0000	2782.7579	2614.7694	0	1
fresh-c0-13-holistic	13	holistic	359	he569	1.4309	1.0550	1.5625	1.1875	4385.4676	4416.8941	0	0
fresh-c0-13-holistic	13	holistic	359	he570	1.2544	0.5002	1.3125	0.5625	1936.9329	2076.9174	0	0
fresh-c0-13-holistic	13	holistic	359	he571	1.4553	1.5179	1.5000	1.5625	1491.2993	1487.1623	0	0
fresh-c0-13-holistic	13	holistic	359	he572	1.7722	1.5838	1.8750	1.6875	3427.1466	3456.2850	0	0
fresh-c0-13-holistic	13	holistic	359	he574	1.5953	2.0678	1.8125	2.3125	7239.0047	8155.4466	7	7
fresh-c0-13-holistic	13	holistic	359	he576	0.1795	0.1173	0.1875	0.1250	267.2099	257.4262	0	0
fresh-c0-13-holistic	13	holistic	359	he577	0.7659	0.3312	0.8125	0.3750	1553.9292	1461.3224	0	0
fresh-c0-13-holistic	13	holistic	359	he578	0.8528	0.9787	0.8750	1.0000	740.5117	709.4321	0	0
fresh-c0-13-holistic	13	holistic	359	he580	1.3904	0.8188	1.5000	0.9375	3653.4848	3957.5260	4	3
fresh-c0-13-holistic	13	holistic	359	he582	2.7849	2.1577	2.8750	2.2500	3003.4768	3077.1675	0	0
fresh-c0-13-holistic	13	holistic	359	he583	0.4515	0.4529	0.5000	0.5000	1615.1725	1571.4206	0	0
fresh-c0-13-holistic	13	holistic	359	he584	1.2499	1.8580	1.5000	2.1250	8335.5111	8898.3798	0	0
fresh-c0-13-holistic	13	holistic	359	he585	0.7383	0.6748	0.7500	0.6875	388.8580	423.6991	0	0
fresh-c0-13-holistic	13	holistic	359	he587	2.1931	1.6398	2.9375	2.3750	24813.3177	24507.4594	0	1
fresh-c0-13-holistic	13	holistic	359	he588	3.4133	2.4765	3.5625	2.6250	4974.4244	4950.8223	0	0
fresh-c0-13-holistic	13	holistic	359	he589	1.6064	2.3445	1.6875	2.4375	2704.3237	3101.5452	0	0
fresh-c0-13-holistic	13	holistic	359	he591	1.8034	2.1041	1.8750	2.1875	2385.5524	2779.3219	0	0
fresh-c0-13-holistic	13	holistic	359	he592	0.4925	0.6179	0.5000	0.6250	248.6015	236.4886	0	0
fresh-c0-13-holistic	13	holistic	359	he597	5.0962	3.9098	5.1875	4.0000	3042.7312	3007.5430	0	0
fresh-c0-13-holistic	13	holistic	359	he598	0.4189	0.0444	0.4375	0.0625	618.8878	602.7261	0	0
fresh-c0-13-holistic	13	holistic	359	he599	1.7099	2.0694	1.9375	2.3125	7587.1799	8104.9804	2	3
fresh-c0-13-holistic	13	holistic	359	he600	0.5988	0.5993	0.6250	0.6250	873.1679	857.9293	0	0
fresh-c0-13-holistic	13	holistic	359	he601	1.0252	0.5252	1.0625	0.5625	1242.2054	1243.4253	0	0
fresh-c0-13-holistic	13	holistic	359	he602	1.3396	1.5906	1.4375	1.6875	3264.0446	3228.7660	0	0
fresh-c0-13-holistic	13	holistic	359	he603	3.1422	2.6444	3.2500	2.7500	3594.0918	3521.5525	0	0
fresh-c0-13-holistic	13	holistic	359	he604	2.8857	1.7872	3.1250	1.9375	7975.2511	5011.2823	5	3
fresh-c0-13-holistic	13	holistic	359	he605	0.6251	0.7495	0.6875	0.8125	2081.6327	2101.1089	0	0
fresh-c0-13-holistic	13	holistic	359	he606	2.6965	2.3840	2.8125	2.5000	3866.8969	3867.4457	0	0
fresh-c0-13-holistic	13	holistic	359	he607	1.0792	0.8941	1.1250	0.9375	1526.9866	1448.0893	0	0
fresh-c0-13-holistic	13	holistic	359	he609	2.4219	2.5447	2.5625	2.6875	4686.1104	4759.3391	0	0
fresh-c0-13-holistic	13	holistic	359	he611	0.6223	0.7477	0.6250	0.7500	88.3341	77.7949	0	0
fresh-c0-13-holistic	13	holistic	359	he612	2.2360	1.9858	2.3750	2.1250	4634.1149	4640.0776	0	0
fresh-c0-13-holistic	13	holistic	359	he613	1.0467	0.7971	1.0625	0.8125	526.7263	512.7568	0	0
fresh-c0-13-holistic	13	holistic	359	he614	1.9014	2.2141	2.1250	2.4375	7454.3171	7446.5068	0	0
fresh-c0-13-holistic	13	holistic	359	he615	2.3875	1.8266	2.5000	1.9375	3748.5080	3697.4320	0	0
