# garden fresh-shift-16-holistic-d800 seed 16 holistic season 1160 n=60 J=16 worlds=0..15 run=/tmp/rbt107-h1/shift-16 work_cost=0.03 (121 s, workers 4)
fresh-shift-16-holistic-d800	16	holistic	1160	he1599	2.2550	2.5131	2.6875	2.9375	14415.9192	14145.4714	0	0
fresh-shift-16-holistic-d800	16	holistic	1160	he1600	1.1658	1.1701	1.2500	1.2500	2806.4434	2662.2602	0	0
fresh-shift-16-holistic-d800	16	holistic	1160	he1601	3.3272	2.0359	3.7500	2.4375	14093.9018	13385.6692	0	0
fresh-shift-16-holistic-d800	16	holistic	1160	he1602	2.2228	1.2897	2.5000	1.5625	9239.3043	9092.1117	0	0
fresh-shift-16-holistic-d800	16	holistic	1160	he1603	3.2485	2.4274	3.7500	2.9375	16716.2866	17004.1799	0	0
fresh-shift-16-holistic-d800	16	holistic	1160	he1605	1.3956	1.7756	1.8750	2.2500	15980.0129	15812.4764	0	0
fresh-shift-16-holistic-d800	16	holistic	1160	he1607	0.6443	0.8323	1.6875	1.8750	34774.8444	34757.0702	0	0
fresh-shift-16-holistic-d800	16	holistic	1160	he1608	1.9938	1.4376	2.1250	1.5625	4372.6951	4164.0048	0	0
fresh-shift-16-holistic-d800	16	holistic	1160	he1609	2.2896	1.5611	2.6875	1.9375	13263.7397	12547.4953	0	0
fresh-shift-16-holistic-d800	16	holistic	1160	he1610	0.9360	0.7768	1.1250	0.9375	6298.4583	5357.0160	0	0
fresh-shift-16-holistic-d800	16	holistic	1160	he1611	1.2727	1.2120	1.3125	1.2500	1327.9093	1265.6572	0	0
fresh-shift-16-holistic-d800	16	holistic	1160	he1613	1.2490	1.4956	1.3750	1.6250	4200.4783	4312.0654	0	0
fresh-shift-16-holistic-d800	16	holistic	1160	he1614	1.8337	1.5819	2.1250	1.8750	9708.8183	9770.4015	0	0
fresh-shift-16-holistic-d800	16	holistic	1160	he1616	1.8546	1.4785	2.3125	1.9375	15263.1267	15299.8519	0	0
fresh-shift-16-holistic-d800	16	holistic	1160	he1617	2.1133	2.1937	2.7500	2.8125	21222.8338	20626.2999	0	0
fresh-shift-16-holistic-d800	16	holistic	1160	he1618	2.2073	1.9670	2.4375	2.1875	7674.7589	7349.2313	0	0
fresh-shift-16-holistic-d800	16	holistic	1160	he1619	1.8590	1.2373	1.9375	1.3125	2616.3695	2506.3538	0	0
fresh-shift-16-holistic-d800	16	holistic	1160	he1620	2.3093	2.2477	2.7500	2.6875	14689.7019	14660.7748	0	0
fresh-shift-16-holistic-d800	16	holistic	1160	he1621	1.5488	1.0557	1.7500	1.2500	6706.9315	6477.3641	0	0
fresh-shift-16-holistic-d800	16	holistic	1160	he1622	0.2176	0.2182	0.3125	0.3125	3163.9458	3144.2472	0	0
fresh-shift-16-holistic-d800	16	holistic	1160	he1624	2.7838	2.0478	3.1875	2.4375	13457.6984	12990.8991	0	0
fresh-shift-16-holistic-d800	16	holistic	1160	he1625	3.2647	2.2673	3.3750	2.3750	3676.8648	3590.6102	0	0
fresh-shift-16-holistic-d800	16	holistic	1160	he1626	1.5807	1.0827	2.1250	1.6250	18142.1693	18075.4413	0	0
fresh-shift-16-holistic-d800	16	holistic	1160	he1628	0.7598	0.5113	1.4375	1.1875	22589.0666	22538.4039	0	0
fresh-shift-16-holistic-d800	16	holistic	1160	he1629	1.5159	1.6954	1.7500	1.9375	7802.6556	8069.3869	0	0
fresh-shift-16-holistic-d800	16	holistic	1160	he1630	1.4856	1.0494	2.0625	1.6250	19229.2264	19186.3774	0	0
fresh-shift-16-holistic-d800	16	holistic	1160	he1631	0.5736	0.7057	0.6250	0.7500	1714.2811	1475.3339	0	0
fresh-shift-16-holistic-d800	16	holistic	1160	he1632	1.6349	1.1465	1.8750	1.3750	8003.6242	7615.4276	0	0
fresh-shift-16-holistic-d800	16	holistic	1160	he1633	1.8746	0.8744	2.3750	1.3750	16681.4221	16687.2419	0	0
fresh-shift-16-holistic-d800	16	holistic	1160	he1636	0.8179	1.2619	1.2500	1.6875	14402.6696	14185.1231	0	0
fresh-shift-16-holistic-d800	16	holistic	1160	he1638	0.6126	1.1716	0.7500	1.3125	4580.7896	4696.8135	0	0
fresh-shift-16-holistic-d800	16	holistic	1160	he1640	2.5902	1.1521	2.9375	1.5000	11577.9512	11596.6866	0	0
fresh-shift-16-holistic-d800	16	holistic	1160	he1641	2.0332	1.9158	2.5000	2.3750	15560.4533	15305.1154	0	0
fresh-shift-16-holistic-d800	16	holistic	1160	he1642	1.2163	1.5324	1.3125	1.6250	3207.9753	3088.2274	0	0
fresh-shift-16-holistic-d800	16	holistic	1160	he1643	2.2734	2.1380	2.7500	2.6250	15887.8669	16234.3032	0	0
fresh-shift-16-holistic-d800	16	holistic	1160	he1644	0.2321	0.6042	0.3125	0.6875	2679.8887	2775.1016	0	0
fresh-shift-16-holistic-d800	16	holistic	1160	he1645	1.8989	2.0262	2.1875	2.3125	9620.6609	9543.6061	0	0
fresh-shift-16-holistic-d800	16	holistic	1160	he1646	1.6046	1.2902	2.0625	1.7500	15263.7549	15326.0996	0	0
fresh-shift-16-holistic-d800	16	holistic	1160	he1647	0.9097	0.9062	1.1875	1.1875	9258.9041	9377.3112	0	0
fresh-shift-16-holistic-d800	16	holistic	1160	he1649	1.8119	1.2530	2.1875	1.6250	12518.6413	12398.5691	0	0
fresh-shift-16-holistic-d800	16	holistic	1160	he1651	0.9850	1.0466	1.3125	1.3750	10916.0505	10947.4149	0	0
fresh-shift-16-holistic-d800	16	holistic	1160	he1652	2.5333	1.6985	3.0000	2.1250	15557.0798	14215.2638	0	0
fresh-shift-16-holistic-d800	16	holistic	1160	he1653	2.0283	1.2809	2.2500	1.5000	7389.5695	7302.8676	0	0
fresh-shift-16-holistic-d800	16	holistic	1160	he1654	1.2117	1.3971	1.6875	1.8750	15859.2146	15931.1240	0	0
fresh-shift-16-holistic-d800	16	holistic	1160	he1655	1.5840	1.1468	1.6875	1.2500	3451.1569	3438.5654	0	0
fresh-shift-16-holistic-d800	16	holistic	1160	he1657	1.6277	0.9982	1.8125	1.1875	6161.4474	6310.9897	0	0
fresh-shift-16-holistic-d800	16	holistic	1160	he1658	2.3134	1.4401	2.8750	2.0000	18720.5468	18662.1681	0	0
fresh-shift-16-holistic-d800	16	holistic	1160	he1661	1.1694	1.3607	1.2500	1.4375	2685.8443	2560.8020	0	0
fresh-shift-16-holistic-d800	16	holistic	1160	he1662	0.7506	0.0629	1.3125	0.6250	18730.5641	18735.1939	0	0
fresh-shift-16-holistic-d800	16	holistic	1160	he1663	1.2252	1.1651	2.0000	1.9375	25828.0456	25746.9107	0	0
fresh-shift-16-holistic-d800	16	holistic	1160	he1667	1.5050	0.8230	2.1250	1.4375	20667.1243	20484.8922	0	0
fresh-shift-16-holistic-d800	16	holistic	1160	he1669	1.2302	1.1074	2.0000	1.8750	25660.3877	25585.2701	0	0
fresh-shift-16-holistic-d800	16	holistic	1160	he1670	0.9900	0.7374	1.1250	0.8750	4498.7791	4585.9314	0	0
fresh-shift-16-holistic-d800	16	holistic	1160	he1671	1.2304	1.2982	1.6250	1.6875	13152.5286	12975.7393	0	0
fresh-shift-16-holistic-d800	16	holistic	1160	he1672	1.8647	1.6367	2.0625	1.8125	6594.2017	5860.6613	0	0
fresh-shift-16-holistic-d800	16	holistic	1160	he1673	0.0000	0.0000	0.0000	0.0000	0.0000	0.0000	0	0
fresh-shift-16-holistic-d800	16	holistic	1160	he1674	0.9533	1.4483	1.5625	2.0625	20307.4262	20474.0568	0	0
fresh-shift-16-holistic-d800	16	holistic	1160	he1675	0.9908	0.7419	1.0625	0.8125	2389.7111	2352.1951	0	0
fresh-shift-16-holistic-d800	16	holistic	1160	he1676	-0.0071	-0.0078	0.0000	0.0000	235.0236	261.3020	0	0
fresh-shift-16-holistic-d800	16	holistic	1160	he1677	0.0000	0.0625	0.0000	0.0625	0.0000	0.0000	0	0
