# garden fresh-base-20-conventional-d600 seed 20 conventional season 960 n=60 J=16 worlds=16..31 run=/tmp/rbt107-h1/base-20 work_cost=0.03 (110 s, workers 4)
fresh-base-20-conventional-d600	20	conventional	960	ce1724	1.6391	1.4438	2.3750	2.1875	24531.3150	24789.9284	0	0
fresh-base-20-conventional-d600	20	conventional	960	ce1725	1.2693	1.0140	1.8750	1.6250	20191.5021	20365.9791	0	0
fresh-base-20-conventional-d600	20	conventional	960	ce1726	1.9270	0.8068	2.5000	1.3750	19098.4795	18940.3200	0	0
fresh-base-20-conventional-d600	20	conventional	960	ce1730	3.4682	0.6698	4.0000	1.1875	17726.1843	17255.2362	0	0
fresh-base-20-conventional-d600	20	conventional	960	ce1732	2.7667	1.0523	3.2500	1.5000	16109.1279	14922.0266	0	1
fresh-base-20-conventional-d600	20	conventional	960	ce1733	1.9938	1.2357	2.5000	1.7500	16872.4264	17142.8095	0	0
fresh-base-20-conventional-d600	20	conventional	960	ce1734	1.4503	1.0046	2.2500	1.8125	26655.8717	26930.9514	0	0
fresh-base-20-conventional-d600	20	conventional	960	ce1735	1.1208	1.4900	1.6250	2.0000	16806.4151	16999.2248	0	0
fresh-base-20-conventional-d600	20	conventional	960	ce1737	2.4987	0.8625	3.0625	1.4375	18793.1252	19166.5837	0	0
fresh-base-20-conventional-d600	20	conventional	960	ce1738	1.0190	0.8265	1.5625	1.3750	18117.4994	18282.8912	0	0
fresh-base-20-conventional-d600	20	conventional	960	ce1739	2.9152	1.1897	3.4375	1.6875	17410.4773	16592.4215	0	0
fresh-base-20-conventional-d600	20	conventional	960	ce1740	1.1943	0.5707	1.8750	1.2500	22690.1854	22644.6653	0	0
fresh-base-20-conventional-d600	20	conventional	960	ce1741	1.0425	1.1036	1.5625	1.6250	17331.7128	17379.3634	0	0
fresh-base-20-conventional-d600	20	conventional	960	ce1742	2.9659	1.0781	3.4375	1.5625	15718.9524	16147.1143	0	0
fresh-base-20-conventional-d600	20	conventional	960	ce1744	1.8725	0.4352	2.5625	1.1250	23000.0694	22993.9431	0	0
fresh-base-20-conventional-d600	20	conventional	960	ce1745	1.8802	0.1930	2.4375	0.7500	18576.7425	18567.5627	0	0
fresh-base-20-conventional-d600	20	conventional	960	ce1746	0.6747	0.8033	1.3750	1.5000	23342.7078	23224.3982	0	0
fresh-base-20-conventional-d600	20	conventional	960	ce1747	3.2197	2.4122	4.0000	3.1875	26009.1700	25841.7972	0	0
fresh-base-20-conventional-d600	20	conventional	960	ce1748	0.9544	0.2654	1.4375	0.7500	16103.3542	16152.8914	0	0
fresh-base-20-conventional-d600	20	conventional	960	ce1749	2.4490	1.9502	3.1250	2.6250	22531.8358	22492.8763	0	0
fresh-base-20-conventional-d600	20	conventional	960	ce1750	2.0552	1.4310	2.6250	2.0000	18994.5811	18965.2432	0	0
fresh-base-20-conventional-d600	20	conventional	960	ce1751	0.8559	0.6054	1.2500	1.0000	13136.4607	13152.6446	0	0
fresh-base-20-conventional-d600	20	conventional	960	ce1752	2.2362	0.8407	2.8125	1.3750	19210.7325	17808.4785	0	0
fresh-base-20-conventional-d600	20	conventional	960	ce1753	1.0772	0.2035	1.8125	0.9375	24509.1978	24467.9089	0	0
fresh-base-20-conventional-d600	20	conventional	960	ce1756	0.7268	0.7154	1.2500	1.2500	17439.7641	17819.2888	0	0
fresh-base-20-conventional-d600	20	conventional	960	ce1757	1.6264	0.8721	2.3125	1.5625	22871.4956	23012.7387	0	0
fresh-base-20-conventional-d600	20	conventional	960	ce1760	1.5455	0.7762	2.0000	1.2500	15150.2991	15792.1663	0	0
fresh-base-20-conventional-d600	20	conventional	960	ce1761	2.9991	1.1109	3.7500	1.8750	25031.6268	25470.4924	0	0
fresh-base-20-conventional-d600	20	conventional	960	ce1762	1.7475	0.8745	2.3125	1.4375	18831.8100	18765.5344	0	0
fresh-base-20-conventional-d600	20	conventional	960	ce1763	1.8916	1.2660	2.6875	2.0625	26531.3723	26551.0802	0	0
fresh-base-20-conventional-d600	20	conventional	960	ce1766	0.9266	0.3209	1.3125	0.6875	12863.6259	12219.9469	0	1
fresh-base-20-conventional-d600	20	conventional	960	ce1768	1.6379	0.8402	2.4375	1.6250	26652.0810	26159.1637	0	0
fresh-base-20-conventional-d600	20	conventional	960	ce1770	1.1402	0.5292	1.8750	1.2500	24491.7859	24025.6692	0	0
fresh-base-20-conventional-d600	20	conventional	960	ce1771	1.6646	0.6652	2.1875	1.1875	17430.0225	17410.2779	0	0
fresh-base-20-conventional-d600	20	conventional	960	ce1772	2.8835	1.6811	3.4375	2.1875	18465.3457	16879.2504	0	1
fresh-base-20-conventional-d600	20	conventional	960	ce1773	1.8881	1.2052	2.3125	1.6250	14146.8217	13992.4308	0	0
fresh-base-20-conventional-d600	20	conventional	960	ce1774	2.6577	0.9006	3.2500	1.5000	19744.8609	19981.5452	0	0
fresh-base-20-conventional-d600	20	conventional	960	ce1775	2.0413	1.4905	2.5000	1.9375	15289.8903	14900.3115	0	0
fresh-base-20-conventional-d600	20	conventional	960	ce1777	2.1134	1.1839	2.6250	1.6875	17051.7577	16786.4658	0	0
fresh-base-20-conventional-d600	20	conventional	960	ce1780	3.2650	1.6299	3.6250	2.0000	11999.4041	12336.3736	0	0
fresh-base-20-conventional-d600	20	conventional	960	ce1784	2.3219	0.2559	3.0625	1.0000	24688.0253	24802.5120	0	0
fresh-base-20-conventional-d600	20	conventional	960	ce1786	1.2713	0.5287	1.8750	1.1250	20121.7955	19877.6982	0	0
fresh-base-20-conventional-d600	20	conventional	960	ce1787	1.2513	1.5284	2.0000	2.2500	24955.6825	24052.6210	0	0
fresh-base-20-conventional-d600	20	conventional	960	ce1788	2.3627	1.5192	3.0625	2.1875	23327.3836	22276.2007	0	0
fresh-base-20-conventional-d600	20	conventional	960	ce1789	2.8438	1.0856	3.6250	1.8750	26038.8176	26313.6217	0	0
fresh-base-20-conventional-d600	20	conventional	960	ce1790	2.4623	1.2916	3.0000	1.8125	17923.8385	17364.3625	0	0
fresh-base-20-conventional-d600	20	conventional	960	ce1791	2.2162	1.1574	3.0000	1.9375	26128.1536	26004.1753	0	0
fresh-base-20-conventional-d600	20	conventional	960	ce1792	0.9982	0.5025	1.5625	1.0625	18811.6505	18666.2623	0	0
fresh-base-20-conventional-d600	20	conventional	960	ce1793	0.7609	0.6138	1.4375	1.3125	22551.8718	23289.0305	0	0
fresh-base-20-conventional-d600	20	conventional	960	ce1794	1.5848	1.3906	2.1875	2.0000	20090.5593	20311.8169	0	0
fresh-base-20-conventional-d600	20	conventional	960	ce1796	1.0274	0.5898	1.5625	1.1250	17837.7659	17840.8709	0	0
fresh-base-20-conventional-d600	20	conventional	960	ce1797	1.0243	0.5209	1.7500	1.2500	24190.2222	24302.6213	0	0
fresh-base-20-conventional-d600	20	conventional	960	ce1799	2.3066	1.6214	2.7500	2.0625	14780.0049	14703.8727	0	0
fresh-base-20-conventional-d600	20	conventional	960	ce1800	2.1092	1.2971	2.6250	1.8125	17192.5369	17179.2606	0	0
fresh-base-20-conventional-d600	20	conventional	960	ce1801	1.1195	0.5352	1.5625	1.0000	14766.0560	15492.7763	0	0
fresh-base-20-conventional-d600	20	conventional	960	ce1802	2.1911	0.6393	3.0000	1.3750	26964.1582	24524.8774	0	0
fresh-base-20-conventional-d600	20	conventional	960	ce1803	1.6223	0.4282	2.3750	1.1875	25088.5471	25309.2935	0	0
fresh-base-20-conventional-d600	20	conventional	960	ce1804	2.6019	1.4467	3.1875	2.0000	19521.0042	18443.1935	0	0
fresh-base-20-conventional-d600	20	conventional	960	ce1807	0.8472	0.3432	1.3750	0.8750	17594.9915	17727.1664	0	0
fresh-base-20-conventional-d600	20	conventional	960	ce1808	1.1144	0.6127	1.7500	1.2500	21187.5403	21244.8391	0	0
