# garden fresh-base-15-conventional-d800 seed 15 conventional season 1160 n=60 J=16 worlds=16..31 run=/tmp/rbt107-h1/base-15 work_cost=0.03 (119 s, workers 4)
fresh-base-15-conventional-d800	15	conventional	1160	ce1938	3.1146	1.6413	3.8125	2.3125	23263.0800	22374.5478	0	0
fresh-base-15-conventional-d800	15	conventional	1160	ce1941	1.1974	0.6003	1.8125	1.2500	20503.9162	21655.2794	0	0
fresh-base-15-conventional-d800	15	conventional	1160	ce1943	1.7710	0.4955	2.5000	1.2500	24300.8958	25150.6953	0	0
fresh-base-15-conventional-d800	15	conventional	1160	ce1944	1.5202	0.9206	2.1875	1.5625	22242.5889	21396.5739	0	0
fresh-base-15-conventional-d800	15	conventional	1160	ce1945	1.6894	1.4416	2.3125	2.0625	20768.5484	20696.6267	0	0
fresh-base-15-conventional-d800	15	conventional	1160	ce1946	1.1509	0.7729	1.8750	1.5000	24138.0581	24235.8586	0	0
fresh-base-15-conventional-d800	15	conventional	1160	ce1947	1.8466	1.7230	2.3750	2.2500	17613.0327	17566.0717	0	0
fresh-base-15-conventional-d800	15	conventional	1160	ce1949	1.0787	0.1065	1.6875	0.6875	20293.9824	19367.7973	0	0
fresh-base-15-conventional-d800	15	conventional	1160	ce1951	1.4970	0.7465	2.3125	1.5625	27181.7400	27201.2613	0	0
fresh-base-15-conventional-d800	15	conventional	1160	ce1952	1.0158	0.8624	1.5625	1.4375	18222.6408	19171.4836	0	0
fresh-base-15-conventional-d800	15	conventional	1160	ce1955	1.7529	0.3265	2.3750	0.9375	20735.5514	20366.1762	0	0
fresh-base-15-conventional-d800	15	conventional	1160	ce1957	3.2412	2.1087	3.8750	2.7500	21127.1045	21377.3750	0	0
fresh-base-15-conventional-d800	15	conventional	1160	ce1958	2.0531	1.3581	2.6875	2.0000	21145.4756	21395.0079	0	0
fresh-base-15-conventional-d800	15	conventional	1160	ce1960	1.4756	0.9038	2.0625	1.5000	19563.9927	19873.8970	0	0
fresh-base-15-conventional-d800	15	conventional	1160	ce1961	2.3818	0.4291	3.0000	1.0625	20608.2024	21111.9996	0	0
fresh-base-15-conventional-d800	15	conventional	1160	ce1963	1.8791	0.6337	2.6250	1.3750	24864.7559	24709.3200	0	0
fresh-base-15-conventional-d800	15	conventional	1160	ce1964	2.4901	1.6278	3.0625	2.1875	19079.0327	18657.7109	0	0
fresh-base-15-conventional-d800	15	conventional	1160	ce1965	1.2135	0.9616	1.7500	1.5000	17882.9907	17946.4401	0	0
fresh-base-15-conventional-d800	15	conventional	1160	ce1966	1.6953	1.6502	2.5000	2.4375	26824.7693	26242.3157	0	0
fresh-base-15-conventional-d800	15	conventional	1160	ce1969	1.9832	1.2590	2.6875	1.9375	23476.0305	22618.3152	0	0
fresh-base-15-conventional-d800	15	conventional	1160	ce1970	1.0334	1.0950	1.7500	1.8125	23885.8466	23916.7406	0	0
fresh-base-15-conventional-d800	15	conventional	1160	ce1971	1.0421	0.8535	1.7500	1.5625	23595.2525	23634.8845	0	0
fresh-base-15-conventional-d800	15	conventional	1160	ce1972	2.8979	1.5075	3.5625	2.1875	22154.8859	22667.1065	0	0
fresh-base-15-conventional-d800	15	conventional	1160	ce1973	1.5170	0.9041	2.2500	1.6250	24434.1304	24030.8573	0	0
fresh-base-15-conventional-d800	15	conventional	1160	ce1974	0.1682	-0.1468	0.8125	0.5000	21476.7543	21559.0259	0	0
fresh-base-15-conventional-d800	15	conventional	1160	ce1975	1.9755	1.3872	2.6250	2.0000	21649.2145	20427.9407	0	0
fresh-base-15-conventional-d800	15	conventional	1160	ce1976	2.9791	1.0297	3.6250	1.6875	21531.0342	21925.0796	0	0
fresh-base-15-conventional-d800	15	conventional	1160	ce1977	3.2951	1.5352	3.9375	2.1875	21414.7293	21741.7202	0	0
fresh-base-15-conventional-d800	15	conventional	1160	ce1978	2.4752	1.5378	3.1250	2.1875	21659.3211	21655.0462	0	0
fresh-base-15-conventional-d800	15	conventional	1160	ce1979	0.5952	0.5369	1.1875	1.1250	19744.5284	19601.9875	0	0
fresh-base-15-conventional-d800	15	conventional	1160	ce1982	0.9427	0.3119	1.6250	1.0000	22742.0006	22936.2411	0	0
fresh-base-15-conventional-d800	15	conventional	1160	ce1984	1.4681	0.4074	1.9375	0.8750	15646.5062	15585.5182	0	0
fresh-base-15-conventional-d800	15	conventional	1160	ce1985	1.2621	0.5728	1.7500	1.0625	16263.5704	16323.4387	0	0
fresh-base-15-conventional-d800	15	conventional	1160	ce1986	1.2559	0.5080	1.7500	1.0000	16469.4354	16401.3810	0	0
fresh-base-15-conventional-d800	15	conventional	1160	ce1987	0.4651	0.2502	0.8125	0.6250	11579.9404	12492.2610	0	0
fresh-base-15-conventional-d800	15	conventional	1160	ce1988	1.4577	0.6293	2.2500	1.3750	26410.4511	24856.8123	0	1
fresh-base-15-conventional-d800	15	conventional	1160	ce1989	0.5270	0.4922	1.1250	1.1250	19933.8425	21092.7396	0	0
fresh-base-15-conventional-d800	15	conventional	1160	ce1990	1.0437	0.7114	1.6250	1.3125	19376.0902	20037.7614	0	0
fresh-base-15-conventional-d800	15	conventional	1160	ce1992	1.7193	1.5302	2.3750	2.1875	21858.2392	21911.6125	0	0
fresh-base-15-conventional-d800	15	conventional	1160	ce1993	1.0570	0.8676	1.6250	1.4375	18933.7042	18996.0056	0	0
fresh-base-15-conventional-d800	15	conventional	1160	ce1994	1.2650	0.6959	1.8125	1.2500	18249.0676	18468.6010	0	0
fresh-base-15-conventional-d800	15	conventional	1160	ce1995	2.6816	0.8557	3.3750	1.5625	23114.4700	23559.5276	0	0
fresh-base-15-conventional-d800	15	conventional	1160	ce1996	2.0860	0.6471	2.5625	1.1250	15881.7443	15930.6544	0	0
fresh-base-15-conventional-d800	15	conventional	1160	ce1997	2.2727	1.3273	2.6875	1.7500	13826.1351	14090.5619	0	0
fresh-base-15-conventional-d800	15	conventional	1160	ce1998	2.4788	1.4980	3.1250	2.1250	21538.4599	20899.9160	0	0
fresh-base-15-conventional-d800	15	conventional	1160	ce1999	1.0950	0.9698	1.8125	1.6875	23917.2024	23923.6844	0	0
fresh-base-15-conventional-d800	15	conventional	1160	ce2000	2.7474	1.5094	3.4375	2.1875	23004.6622	22603.7984	0	0
fresh-base-15-conventional-d800	15	conventional	1160	ce2001	2.4297	0.5512	3.1875	1.3125	25258.8437	25378.0383	0	0
fresh-base-15-conventional-d800	15	conventional	1160	ce2002	0.8587	1.0662	1.4375	1.6250	19294.4104	18626.2592	0	0
fresh-base-15-conventional-d800	15	conventional	1160	ce2003	2.4766	1.3502	3.1250	2.0000	21612.3933	21661.4429	0	0
fresh-base-15-conventional-d800	15	conventional	1160	ce2005	1.1820	1.3293	1.8125	2.0000	21015.3045	22355.1983	0	0
fresh-base-15-conventional-d800	15	conventional	1160	ce2006	1.6657	0.8531	2.3750	1.5625	23642.5513	23645.9537	0	0
fresh-base-15-conventional-d800	15	conventional	1160	ce2007	2.4440	1.0656	3.1250	1.7500	22701.6333	22814.5837	0	0
fresh-base-15-conventional-d800	15	conventional	1160	ce2010	1.8058	1.3768	2.5625	2.1250	25224.6397	24940.9625	0	0
fresh-base-15-conventional-d800	15	conventional	1160	ce2011	1.2908	0.9057	1.9375	1.5625	21556.8293	21894.3752	0	0
fresh-base-15-conventional-d800	15	conventional	1160	ce2012	0.9787	0.9043	1.6250	1.5625	21543.5919	21939.9573	0	0
fresh-base-15-conventional-d800	15	conventional	1160	ce2013	0.4346	0.4949	0.8125	0.8750	12596.9572	12668.5863	0	0
fresh-base-15-conventional-d800	15	conventional	1160	ce2014	1.7309	1.4248	2.3750	2.0625	21469.5882	21255.1351	0	0
fresh-base-15-conventional-d800	15	conventional	1160	ce2015	0.7481	1.1241	1.4375	1.8125	22979.9865	22947.3968	0	0
fresh-base-15-conventional-d800	15	conventional	1160	ce2016	0.3670	0.4367	0.7500	0.8125	12766.1269	12525.0184	0	0
