# garden fresh-base-14-holistic-d400 seed 14 holistic season 760 n=60 J=16 worlds=0..15 run=/tmp/rbt107-h1/base-14 work_cost=0.03 (97 s, workers 4)
fresh-base-14-holistic-d400	14	holistic	760	he1101	2.6531	2.5257	2.7500	2.6250	3231.5171	3309.3516	0	0
fresh-base-14-holistic-d400	14	holistic	760	he1102	1.3198	0.8205	1.4375	0.9375	3921.7417	3898.6208	0	0
fresh-base-14-holistic-d400	14	holistic	760	he1104	0.9172	0.8565	0.9375	0.8750	677.8409	615.8514	0	0
fresh-base-14-holistic-d400	14	holistic	760	he1106	2.4152	1.8571	2.6250	2.0625	6993.9530	6846.6589	0	0
fresh-base-14-holistic-d400	14	holistic	760	he1107	2.4840	2.2360	2.6250	2.3750	4700.9348	4633.0507	0	0
fresh-base-14-holistic-d400	14	holistic	760	he1108	1.2810	1.2247	1.4375	1.3750	5215.3954	5008.7419	0	0
fresh-base-14-holistic-d400	14	holistic	760	he1109	0.3286	0.5177	0.3750	0.5625	1548.2503	1492.5496	0	0
fresh-base-14-holistic-d400	14	holistic	760	he1110	1.1852	1.0611	1.2500	1.1250	2159.7665	2130.0239	0	0
fresh-base-14-holistic-d400	14	holistic	760	he1111	1.4682	1.2193	1.5000	1.2500	1059.9402	1024.2492	0	0
fresh-base-14-holistic-d400	14	holistic	760	he1112	0.8628	1.0451	0.9375	1.1250	2489.0675	2664.6665	0	0
fresh-base-14-holistic-d400	14	holistic	760	he1113	1.4241	1.2994	1.5625	1.4375	4613.7886	4604.4207	0	0
fresh-base-14-holistic-d400	14	holistic	760	he1115	1.9540	2.3947	2.1250	2.5625	5699.1499	5593.1991	0	0
fresh-base-14-holistic-d400	14	holistic	760	he1116	1.9317	1.9985	2.0625	2.1250	4358.5584	4217.7432	0	0
fresh-base-14-holistic-d400	14	holistic	760	he1117	1.2969	1.8462	1.3750	1.9375	2603.1089	3041.8846	0	0
fresh-base-14-holistic-d400	14	holistic	760	he1119	3.1280	2.3129	3.3750	2.5625	8233.6122	8321.6113	0	0
fresh-base-14-holistic-d400	14	holistic	760	he1120	1.2449	1.4327	1.3750	1.5625	4335.9591	4325.7192	0	0
fresh-base-14-holistic-d400	14	holistic	760	he1121	1.2632	0.6392	1.4375	0.8125	5809.2106	5775.2999	0	0
fresh-base-14-holistic-d400	14	holistic	760	he1123	0.1180	0.1181	0.1250	0.1250	234.1581	231.0558	0	0
fresh-base-14-holistic-d400	14	holistic	760	he1124	2.7337	2.7900	2.8125	2.8750	2625.8893	2834.9959	0	0
fresh-base-14-holistic-d400	14	holistic	760	he1125	1.1090	1.4833	1.3125	1.6875	6783.3793	6806.4795	0	0
fresh-base-14-holistic-d400	14	holistic	760	he1127	2.7563	2.5655	2.8750	2.6875	3956.2714	4067.5962	0	0
fresh-base-14-holistic-d400	14	holistic	760	he1132	2.4832	2.3584	2.5625	2.4375	2642.2636	2636.4984	0	0
fresh-base-14-holistic-d400	14	holistic	760	he1133	1.1796	0.9885	1.2500	1.0625	2346.8405	2466.9030	0	0
fresh-base-14-holistic-d400	14	holistic	760	he1134	3.5869	2.0887	3.7500	2.2500	5436.2100	5376.8817	0	0
fresh-base-14-holistic-d400	14	holistic	760	he1135	1.6300	1.5692	1.6875	1.6250	1917.8134	1859.3858	0	0
fresh-base-14-holistic-d400	14	holistic	760	he1136	0.4229	0.5478	0.4375	0.5625	487.4647	491.1539	0	0
fresh-base-14-holistic-d400	14	holistic	760	he1137	1.3917	2.1970	1.4375	2.2500	1526.2219	1765.5546	0	0
fresh-base-14-holistic-d400	14	holistic	760	he1140	1.4167	0.9031	1.6250	1.1250	6941.6915	7395.2439	1	0
fresh-base-14-holistic-d400	14	holistic	760	he1142	1.8209	1.5733	1.8750	1.6250	1804.9042	1723.4343	0	0
fresh-base-14-holistic-d400	14	holistic	760	he1145	1.0521	1.0522	1.0625	1.0625	346.6680	342.7465	0	0
fresh-base-14-holistic-d400	14	holistic	760	he1146	0.2570	0.6972	0.3125	0.7500	1850.1634	1759.1281	0	0
fresh-base-14-holistic-d400	14	holistic	760	he1147	2.2925	1.8565	2.4375	2.0000	4833.9891	4781.7458	0	0
fresh-base-14-holistic-d400	14	holistic	760	he1148	1.7722	1.4538	1.9375	1.6250	5509.5074	5707.6899	0	0
fresh-base-14-holistic-d400	14	holistic	760	he1149	3.1949	2.4487	3.3750	2.6250	6003.7173	5878.0972	0	0
fresh-base-14-holistic-d400	14	holistic	760	he1150	2.4649	1.8946	2.6250	2.0625	5337.6262	5597.5306	0	0
fresh-base-14-holistic-d400	14	holistic	760	he1151	0.7087	1.0140	0.7500	1.0625	1376.0366	1616.1678	0	0
fresh-base-14-holistic-d400	14	holistic	760	he1152	2.3300	1.7067	2.6250	2.0000	9834.8416	9778.1977	0	0
fresh-base-14-holistic-d400	14	holistic	760	he1153	1.2448	0.8745	1.3125	0.9375	2255.7468	2101.1997	0	0
fresh-base-14-holistic-d400	14	holistic	760	he1154	1.4018	1.4659	1.4375	1.5000	1190.6071	1138.2998	0	0
fresh-base-14-holistic-d400	14	holistic	760	he1157	1.6168	1.7995	1.8750	2.0625	8605.1502	8765.4563	0	0
fresh-base-14-holistic-d400	14	holistic	760	he1158	1.1081	0.7331	1.2500	0.8750	4730.0460	4731.6405	0	0
fresh-base-14-holistic-d400	14	holistic	760	he1161	2.9229	2.0546	3.2500	2.3750	10902.9126	10678.8818	0	0
fresh-base-14-holistic-d400	14	holistic	760	he1162	1.3908	1.6320	1.4375	1.6875	1557.7907	1848.6393	0	0
fresh-base-14-holistic-d400	14	holistic	760	he1163	0.4806	0.4849	0.5000	0.5000	648.0473	503.4861	0	0
fresh-base-14-holistic-d400	14	holistic	760	he1164	0.6156	0.6156	0.6250	0.6250	314.8291	313.6997	0	0
fresh-base-14-holistic-d400	14	holistic	760	he1165	0.9226	1.1670	1.0625	1.3125	4664.6437	4848.8681	0	0
fresh-base-14-holistic-d400	14	holistic	760	he1166	0.9077	0.9698	1.1875	1.2500	9326.2535	9341.4145	0	0
fresh-base-14-holistic-d400	14	holistic	760	he1167	1.5637	1.5020	1.6250	1.5625	2044.5097	2016.8571	0	0
fresh-base-14-holistic-d400	14	holistic	760	he1168	0.7672	0.8875	0.8125	0.9375	1508.5096	1666.0267	0	0
fresh-base-14-holistic-d400	14	holistic	760	he1169	1.6143	1.4343	1.7500	1.5625	4522.4838	4274.7537	0	0
fresh-base-14-holistic-d400	14	holistic	760	he1170	2.8378	1.9678	3.0625	2.1875	7489.3971	7323.8943	0	0
fresh-base-14-holistic-d400	14	holistic	760	he1171	0.8560	1.1039	0.8750	1.1250	633.1412	703.7952	0	0
fresh-base-14-holistic-d400	14	holistic	760	he1172	0.4209	0.3589	0.4375	0.3750	553.3970	537.5930	0	0
fresh-base-14-holistic-d400	14	holistic	760	he1174	2.0763	1.6398	2.2500	1.8125	5791.1406	5755.2268	0	0
fresh-base-14-holistic-d400	14	holistic	760	he1175	0.5067	0.6321	0.5625	0.6875	1861.5077	1847.4418	0	0
fresh-base-14-holistic-d400	14	holistic	760	he1176	2.5637	1.6901	2.6875	1.8125	4126.8344	4080.1310	0	0
fresh-base-14-holistic-d400	14	holistic	760	he1177	1.3978	1.3367	1.5000	1.4375	3406.6757	3360.3577	0	0
fresh-base-14-holistic-d400	14	holistic	760	he1178	0.6777	0.6734	0.6875	0.6875	327.8211	468.5106	0	0
fresh-base-14-holistic-d400	14	holistic	760	he1179	0.9912	0.7413	1.0000	0.7500	291.8809	291.1709	0	0
fresh-base-14-holistic-d400	14	holistic	760	he1180	0.9622	1.1502	1.1250	1.3125	5425.8553	5411.5404	0	0
