# garden fresh-base-29-conventional-d800 seed 29 conventional season 1160 n=60 J=16 worlds=16..31 run=/tmp/rbt107-h1/base-29 work_cost=0.03 (123 s, workers 4)
fresh-base-29-conventional-d800	29	conventional	1160	ce1962	2.1466	1.0930	2.7500	1.6875	20114.3543	19815.3994	0	0
fresh-base-29-conventional-d800	29	conventional	1160	ce1963	1.8371	0.7145	2.4375	1.3125	20012.3400	19934.7068	0	0
fresh-base-29-conventional-d800	29	conventional	1160	ce1964	1.8550	1.0475	2.6250	1.8125	25665.6664	25499.5789	0	0
fresh-base-29-conventional-d800	29	conventional	1160	ce1965	1.4179	0.4209	2.1250	1.1250	23570.9102	23470.7388	0	0
fresh-base-29-conventional-d800	29	conventional	1160	ce1966	0.8051	0.7443	1.3125	1.2500	16913.3952	16856.8989	0	0
fresh-base-29-conventional-d800	29	conventional	1160	ce1967	1.7336	1.4223	2.4375	2.1250	23463.9561	23422.5019	0	0
fresh-base-29-conventional-d800	29	conventional	1160	ce1968	0.4753	0.4689	0.8125	0.8125	11238.7993	11454.4306	0	0
fresh-base-29-conventional-d800	29	conventional	1160	ce1970	0.6862	0.3157	1.1875	0.8125	16711.2371	16559.2548	0	0
fresh-base-29-conventional-d800	29	conventional	1160	ce1971	2.0774	0.5820	2.8125	1.3125	24503.0843	24351.0344	0	0
fresh-base-29-conventional-d800	29	conventional	1160	ce1972	1.2117	0.5232	1.9375	1.2500	24193.7487	24225.7103	0	0
fresh-base-29-conventional-d800	29	conventional	1160	ce1973	0.8570	1.3749	1.5000	2.0000	21432.2985	20837.7666	0	0
fresh-base-29-conventional-d800	29	conventional	1160	ce1974	1.1566	1.0326	1.8125	1.6875	21862.4684	21829.4029	0	0
fresh-base-29-conventional-d800	29	conventional	1160	ce1975	0.6674	1.1704	1.3750	1.8750	23586.7757	23486.3145	0	0
fresh-base-29-conventional-d800	29	conventional	1160	ce1978	1.4190	1.1081	2.0000	1.6875	19365.2742	19313.5315	0	0
fresh-base-29-conventional-d800	29	conventional	1160	ce1979	1.4163	0.7974	1.8750	1.2500	15291.0339	15085.6853	0	0
fresh-base-29-conventional-d800	29	conventional	1160	ce1983	2.2278	0.7348	2.8125	1.3125	19488.7982	19257.7496	0	0
fresh-base-29-conventional-d800	29	conventional	1160	ce1986	1.3971	0.3409	2.0625	1.0000	22179.4578	21970.3899	0	0
fresh-base-29-conventional-d800	29	conventional	1160	ce1987	1.1099	0.5497	1.4375	0.8750	10920.8080	10844.0289	0	0
fresh-base-29-conventional-d800	29	conventional	1160	ce1989	1.8103	0.8878	2.5000	1.5625	22991.4883	22491.5866	0	0
fresh-base-29-conventional-d800	29	conventional	1160	ce1992	2.3400	1.1256	2.7500	1.5000	13665.0930	12479.5477	0	0
fresh-base-29-conventional-d800	29	conventional	1160	ce1993	1.1179	1.0129	1.6875	1.5625	18987.8259	18320.7954	0	0
fresh-base-29-conventional-d800	29	conventional	1160	ce1996	2.6154	0.8081	3.1875	1.3750	19069.4754	18897.1934	0	0
fresh-base-29-conventional-d800	29	conventional	1160	ce1998	3.0725	0.4580	3.6875	1.0625	20499.2711	20149.7545	0	0
fresh-base-29-conventional-d800	29	conventional	1160	ce2000	2.9772	1.8529	3.4375	2.3125	15342.5968	15318.7616	0	0
fresh-base-29-conventional-d800	29	conventional	1160	ce2001	1.2428	0.7431	1.9375	1.4375	23155.5910	23146.6472	0	0
fresh-base-29-conventional-d800	29	conventional	1160	ce2004	0.8458	0.7798	1.4375	1.3750	19721.6783	19839.5806	0	0
fresh-base-29-conventional-d800	29	conventional	1160	ce2005	1.4416	0.7516	2.1875	1.5000	24864.9417	24948.0966	0	0
fresh-base-29-conventional-d800	29	conventional	1160	ce2006	1.5556	0.9927	2.2500	1.6875	23145.4187	23160.7589	0	0
fresh-base-29-conventional-d800	29	conventional	1160	ce2007	1.0973	0.5824	1.4375	0.9375	11341.4216	11837.7491	0	0
fresh-base-29-conventional-d800	29	conventional	1160	ce2008	2.4129	1.7881	3.1250	2.5000	23736.7538	23730.2750	0	0
fresh-base-29-conventional-d800	29	conventional	1160	ce2010	0.7967	0.5464	1.2500	1.0000	15109.0504	15119.8895	0	0
fresh-base-29-conventional-d800	29	conventional	1160	ce2011	2.0243	0.4548	2.6875	1.1250	22107.9732	22340.4100	0	0
fresh-base-29-conventional-d800	29	conventional	1160	ce2012	1.1334	0.8228	1.7500	1.4375	20551.9771	20489.1392	0	0
fresh-base-29-conventional-d800	29	conventional	1160	ce2013	0.8279	0.6345	1.3125	1.1250	16152.2394	16350.9772	0	0
fresh-base-29-conventional-d800	29	conventional	1160	ce2014	1.9977	1.3049	2.4375	1.7500	14661.1808	14836.7807	0	0
fresh-base-29-conventional-d800	29	conventional	1160	ce2015	0.9558	0.7679	1.4375	1.2500	16056.0155	16070.9007	0	0
fresh-base-29-conventional-d800	29	conventional	1160	ce2016	1.5348	1.2091	2.3125	1.9375	25922.6324	24281.4782	0	1
fresh-base-29-conventional-d800	29	conventional	1160	ce2017	2.7058	0.4041	3.3125	1.0000	20223.2380	19864.2760	0	0
fresh-base-29-conventional-d800	29	conventional	1160	ce2019	1.3602	0.5584	2.0000	1.1875	21327.9244	20971.2526	0	0
fresh-base-29-conventional-d800	29	conventional	1160	ce2020	1.1181	0.5570	1.5000	0.9375	12730.1254	12684.4080	0	0
fresh-base-29-conventional-d800	29	conventional	1160	ce2022	1.8497	0.8846	2.3125	1.3750	15427.1586	16345.9666	0	0
fresh-base-29-conventional-d800	29	conventional	1160	ce2024	1.0408	1.5381	1.7500	2.2500	23640.6516	23731.0710	0	0
fresh-base-29-conventional-d800	29	conventional	1160	ce2026	0.9402	0.6373	1.6875	1.3750	24909.1427	24591.1121	0	0
fresh-base-29-conventional-d800	29	conventional	1160	ce2027	2.2398	1.0654	3.0000	1.8125	25341.0983	24902.7136	0	0
fresh-base-29-conventional-d800	29	conventional	1160	ce2028	1.9490	1.4511	2.7500	2.2500	26701.0424	26631.3765	0	0
fresh-base-29-conventional-d800	29	conventional	1160	ce2029	0.8552	0.5418	1.5625	1.2500	23575.3095	23605.4276	0	0
fresh-base-29-conventional-d800	29	conventional	1160	ce2030	1.5583	0.9925	2.3125	1.7500	25141.6041	25249.9052	0	0
fresh-base-29-conventional-d800	29	conventional	1160	ce2031	1.9919	0.5548	2.5625	1.1250	19018.8984	19006.7871	0	0
fresh-base-29-conventional-d800	29	conventional	1160	ce2032	2.6977	1.3903	3.3750	2.0625	22576.1317	22406.5796	0	0
fresh-base-29-conventional-d800	29	conventional	1160	ce2033	1.6364	0.9485	2.2500	1.5625	20454.9122	20466.2978	0	0
fresh-base-29-conventional-d800	29	conventional	1160	ce2034	1.7052	0.5096	2.4375	1.2500	24409.8328	24678.3826	0	0
fresh-base-29-conventional-d800	29	conventional	1160	ce2035	1.1692	1.0379	1.6875	1.5625	17278.0058	17487.9655	0	0
fresh-base-29-conventional-d800	29	conventional	1160	ce2036	1.7489	1.2490	2.2500	1.7500	16702.0983	16700.9234	0	0
fresh-base-29-conventional-d800	29	conventional	1160	ce2037	1.9179	1.4088	2.5625	2.0625	21486.2362	21789.5651	0	0
fresh-base-29-conventional-d800	29	conventional	1160	ce2039	1.4927	0.3906	2.1875	1.0625	23159.3908	22395.3416	0	0
fresh-base-29-conventional-d800	29	conventional	1160	ce2040	1.4126	0.5270	2.1250	1.1875	23747.5141	22015.5966	0	1
fresh-base-29-conventional-d800	29	conventional	1160	ce2041	0.5475	0.1762	1.0000	0.6250	15083.1681	14961.1263	0	0
fresh-base-29-conventional-d800	29	conventional	1160	ce2042	1.8613	0.5610	2.6250	1.3125	25457.6066	25050.9901	0	0
fresh-base-29-conventional-d800	29	conventional	1160	ce2045	0.5194	0.4623	1.1250	1.0625	20186.6565	20007.2240	0	0
fresh-base-29-conventional-d800	29	conventional	1160	ce2046	0.8533	0.8528	1.4375	1.4375	19471.8594	19490.6756	0	0
