# garden fresh-shift-12-conventional-d400 seed 12 conventional season 760 n=60 J=16 worlds=16..31 run=/tmp/rbt107-h1/shift-12 work_cost=0.03 (103 s, workers 4)
fresh-shift-12-conventional-d400	12	conventional	760	ce1236	0.8022	0.8026	1.1875	1.1875	12843.1110	12829.0844	0	0
fresh-shift-12-conventional-d400	12	conventional	760	ce1237	2.1491	1.0866	2.9375	1.8750	26280.7546	26280.6837	0	0
fresh-shift-12-conventional-d400	12	conventional	760	ce1238	2.3885	0.4494	2.9375	1.0000	18300.9810	18352.9764	0	0
fresh-shift-12-conventional-d400	12	conventional	760	ce1239	2.1089	1.2280	2.8750	2.0000	25535.4129	25731.9087	0	0
fresh-shift-12-conventional-d400	12	conventional	760	ce1240	2.2290	1.3554	2.8750	2.0000	21532.5803	21486.4434	0	0
fresh-shift-12-conventional-d400	12	conventional	760	ce1241	0.9710	0.4895	1.5625	1.0625	19716.6140	19100.3159	0	0
fresh-shift-12-conventional-d400	12	conventional	760	ce1242	0.0358	-0.2156	0.5625	0.3125	17556.3168	17603.1992	0	0
fresh-shift-12-conventional-d400	12	conventional	760	ce1243	0.4588	0.3860	0.9375	0.8750	15957.0999	16300.4909	0	0
fresh-shift-12-conventional-d400	12	conventional	760	ce1244	1.7909	1.1738	2.4375	1.8125	21552.6869	21290.6815	0	0
fresh-shift-12-conventional-d400	12	conventional	760	ce1245	1.2006	0.4491	2.0000	1.2500	26645.4390	26697.7746	0	0
fresh-shift-12-conventional-d400	12	conventional	760	ce1246	1.4888	1.1485	2.1250	1.8125	21206.1213	22131.8368	0	0
fresh-shift-12-conventional-d400	12	conventional	760	ce1247	0.9890	0.8658	1.8125	1.6875	27448.8498	27388.6482	0	0
fresh-shift-12-conventional-d400	12	conventional	760	ce1248	1.7703	0.4540	2.5625	1.2500	26407.7510	26533.8429	0	0
fresh-shift-12-conventional-d400	12	conventional	760	ce1249	2.0788	1.3924	2.8125	2.1250	24456.8237	24420.5129	0	0
fresh-shift-12-conventional-d400	12	conventional	760	ce1250	0.2232	-0.0233	0.5625	0.3125	11310.0282	11193.0223	0	0
fresh-shift-12-conventional-d400	12	conventional	760	ce1251	2.0034	0.3887	2.6875	1.0625	22804.3173	22459.2214	0	0
fresh-shift-12-conventional-d400	12	conventional	760	ce1252	1.1914	0.6921	1.8125	1.3125	20704.7938	20678.6591	0	0
fresh-shift-12-conventional-d400	12	conventional	760	ce1254	3.0061	1.0036	3.6250	1.6250	20630.0043	20712.9919	0	0
fresh-shift-12-conventional-d400	12	conventional	760	ce1255	3.5145	1.3439	4.1875	2.0000	22434.9133	21871.6075	0	0
fresh-shift-12-conventional-d400	12	conventional	760	ce1258	1.1397	0.8907	1.9375	1.6875	26593.5185	26558.9937	0	0
fresh-shift-12-conventional-d400	12	conventional	760	ce1259	1.8039	1.3668	2.5625	2.1250	25287.0155	25271.8460	0	0
fresh-shift-12-conventional-d400	12	conventional	760	ce1264	1.6099	0.6822	2.2500	1.3125	21336.6874	21010.1650	0	0
fresh-shift-12-conventional-d400	12	conventional	760	ce1265	1.8261	1.0474	2.4375	1.6875	20381.5370	21336.2681	0	0
fresh-shift-12-conventional-d400	12	conventional	760	ce1266	1.7009	0.7358	2.3750	1.4375	22469.7002	23389.3761	0	0
fresh-shift-12-conventional-d400	12	conventional	760	ce1268	0.8051	0.9945	1.5625	1.7500	25246.7439	25183.1183	0	0
fresh-shift-12-conventional-d400	12	conventional	760	ce1269	1.4300	1.1056	2.0000	1.6875	18999.8095	19396.8766	0	0
fresh-shift-12-conventional-d400	12	conventional	760	ce1270	0.8092	0.3384	1.4375	0.9375	20942.9372	19970.3068	0	0
fresh-shift-12-conventional-d400	12	conventional	760	ce1271	1.9946	1.4318	2.8125	2.2500	27262.5596	27274.5718	0	0
fresh-shift-12-conventional-d400	12	conventional	760	ce1272	2.4340	1.4502	3.0000	2.0000	18868.0369	18325.1218	0	0
fresh-shift-12-conventional-d400	12	conventional	760	ce1273	0.0835	0.3346	0.6875	0.8750	20133.0204	18014.3604	0	0
fresh-shift-12-conventional-d400	12	conventional	760	ce1274	0.6104	0.4332	1.1875	1.0000	19236.2027	18894.7055	0	0
fresh-shift-12-conventional-d400	12	conventional	760	ce1275	2.1599	0.3401	2.6250	0.8125	15502.4256	15745.5457	0	0
fresh-shift-12-conventional-d400	12	conventional	760	ce1277	1.6309	1.7275	2.3750	2.4375	24803.2389	23666.0717	0	0
fresh-shift-12-conventional-d400	12	conventional	760	ce1278	1.0175	0.3291	1.5625	0.8750	18167.2979	18196.9334	0	0
fresh-shift-12-conventional-d400	12	conventional	760	ce1279	1.0881	0.7947	1.4375	1.1250	11646.9766	11010.3996	0	0
fresh-shift-12-conventional-d400	12	conventional	760	ce1280	1.9934	0.6684	2.7500	1.4375	25218.7925	25636.9183	0	0
fresh-shift-12-conventional-d400	12	conventional	760	ce1282	2.1594	1.3473	2.6250	1.8125	15519.0173	15508.0863	0	0
fresh-shift-12-conventional-d400	12	conventional	760	ce1283	1.9524	0.0241	2.6875	0.7500	24502.7611	24196.4997	0	0
fresh-shift-12-conventional-d400	12	conventional	760	ce1284	2.0337	0.5279	2.5000	1.0000	15541.6779	15737.3277	0	0
fresh-shift-12-conventional-d400	12	conventional	760	ce1285	1.4138	0.7238	2.1875	1.5000	25789.2880	25872.4580	0	0
fresh-shift-12-conventional-d400	12	conventional	760	ce1286	1.5144	1.0176	2.1875	1.6875	22436.6292	22330.5915	0	0
fresh-shift-12-conventional-d400	12	conventional	760	ce1287	1.0070	0.4463	1.3750	0.8125	12266.1858	12206.2409	0	0
fresh-shift-12-conventional-d400	12	conventional	760	ce1288	0.3928	0.3448	0.9375	0.8750	18155.5892	17673.0998	0	0
fresh-shift-12-conventional-d400	12	conventional	760	ce1289	2.2554	0.9476	2.9375	1.6250	22737.2512	22580.3524	0	0
fresh-shift-12-conventional-d400	12	conventional	760	ce1291	2.7638	1.5144	3.5625	2.3125	26624.3539	26603.5682	0	0
fresh-shift-12-conventional-d400	12	conventional	760	ce1293	1.4143	0.3444	2.1875	1.1250	25774.0328	26018.9749	0	0
fresh-shift-12-conventional-d400	12	conventional	760	ce1294	0.1657	0.3558	0.5625	0.7500	13226.2876	13139.4860	0	0
fresh-shift-12-conventional-d400	12	conventional	760	ce1295	0.4164	0.1042	1.0625	0.7500	21538.2875	21525.1836	0	0
fresh-shift-12-conventional-d400	12	conventional	760	ce1296	2.8544	0.0630	3.5000	0.8125	21521.4599	24983.9704	0	0
fresh-shift-12-conventional-d400	12	conventional	760	ce1297	2.0821	1.2036	2.6875	1.8125	20178.7594	20297.9646	0	0
fresh-shift-12-conventional-d400	12	conventional	760	ce1298	1.7698	1.2102	2.5625	2.0000	26423.4072	26327.3116	0	0
fresh-shift-12-conventional-d400	12	conventional	760	ce1299	1.1278	0.8757	1.7500	1.5000	20741.1818	20811.5841	0	0
fresh-shift-12-conventional-d400	12	conventional	760	ce1301	1.4719	0.9090	2.1250	1.5625	21770.4623	21783.0888	0	0
fresh-shift-12-conventional-d400	12	conventional	760	ce1302	0.6397	0.8212	1.1875	1.3750	18260.3867	18458.5902	0	0
fresh-shift-12-conventional-d400	12	conventional	760	ce1303	1.7927	0.6582	2.5000	1.3750	23576.6528	23893.4629	0	0
fresh-shift-12-conventional-d400	12	conventional	760	ce1304	1.6791	1.6751	2.4375	2.4375	25278.4917	25414.9980	0	0
fresh-shift-12-conventional-d400	12	conventional	760	ce1305	1.4936	0.7495	2.1250	1.3750	21046.9882	20851.5161	0	0
fresh-shift-12-conventional-d400	12	conventional	760	ce1306	1.5289	0.9053	2.3125	1.6875	26119.3092	26074.7476	0	0
fresh-shift-12-conventional-d400	12	conventional	760	ce1307	1.2202	0.5925	1.6875	1.0625	15577.0245	15666.3331	0	0
fresh-shift-12-conventional-d400	12	conventional	760	ce1308	1.9709	0.9022	2.7500	1.6875	25970.0228	26177.3924	0	0
