# garden fresh-base-15-conventional-d600 seed 15 conventional season 960 n=60 J=16 worlds=16..31 run=/tmp/rbt107-h1/base-15 work_cost=0.03 (117 s, workers 4)
fresh-base-15-conventional-d600	15	conventional	960	ce1623	1.6999	0.8944	2.3750	1.5625	22503.3062	22270.8476	0	0
fresh-base-15-conventional-d600	15	conventional	960	ce1626	2.0876	0.5159	2.6250	1.0625	17914.9726	18221.3202	0	0
fresh-base-15-conventional-d600	15	conventional	960	ce1627	1.1033	1.1067	1.6875	1.7500	19473.0531	21443.7226	0	0
fresh-base-15-conventional-d600	15	conventional	960	ce1628	1.9691	0.4123	2.7500	1.1875	26030.8047	25840.5096	0	0
fresh-base-15-conventional-d600	15	conventional	960	ce1629	2.2002	0.8287	2.8750	1.5000	22494.7059	22375.4956	0	0
fresh-base-15-conventional-d600	15	conventional	960	ce1630	0.4801	0.7300	1.0625	1.3125	19412.0493	19416.3745	0	0
fresh-base-15-conventional-d600	15	conventional	960	ce1631	0.9912	0.7413	1.8125	1.5625	27376.3726	27372.4376	0	0
fresh-base-15-conventional-d600	15	conventional	960	ce1635	1.9387	0.6370	2.6250	1.3125	22875.0126	22516.4175	0	0
fresh-base-15-conventional-d600	15	conventional	960	ce1637	1.4454	0.7012	2.2500	1.5000	26819.0924	26626.1622	0	0
fresh-base-15-conventional-d600	15	conventional	960	ce1638	1.6056	0.7964	2.3750	1.5625	25645.7462	25535.1575	0	0
fresh-base-15-conventional-d600	15	conventional	960	ce1640	0.7991	0.6013	1.2500	1.0625	15028.4407	15374.0072	0	0
fresh-base-15-conventional-d600	15	conventional	960	ce1644	2.2065	1.0283	2.9375	1.7500	24365.5986	24056.0169	0	0
fresh-base-15-conventional-d600	15	conventional	960	ce1645	1.9682	0.6675	2.7500	1.4375	26060.7785	25665.7578	0	0
fresh-base-15-conventional-d600	15	conventional	960	ce1646	3.3787	1.5831	4.0000	2.1875	20708.9964	20146.4194	0	0
fresh-base-15-conventional-d600	15	conventional	960	ce1650	2.3222	0.8832	3.0625	1.6250	24677.0166	24725.4648	0	0
fresh-base-15-conventional-d600	15	conventional	960	ce1651	0.8681	0.9423	1.6875	1.7500	27314.5616	26922.7894	0	0
fresh-base-15-conventional-d600	15	conventional	960	ce1654	2.3174	1.3976	2.8750	1.9375	18586.2695	17997.5951	0	0
fresh-base-15-conventional-d600	15	conventional	960	ce1656	1.1219	1.1212	1.9375	1.9375	27185.7227	27210.9151	0	0
fresh-base-15-conventional-d600	15	conventional	960	ce1657	0.8146	0.6905	1.6250	1.5000	27014.0196	26984.0512	0	0
fresh-base-15-conventional-d600	15	conventional	960	ce1659	3.1233	0.9284	3.7500	1.5625	20889.6220	21136.7153	0	0
fresh-base-15-conventional-d600	15	conventional	960	ce1660	1.1204	0.8097	1.9375	1.6250	27235.6052	27176.3032	0	0
fresh-base-15-conventional-d600	15	conventional	960	ce1662	2.1145	1.1702	2.8125	1.8750	23267.2229	23493.9902	0	0
fresh-base-15-conventional-d600	15	conventional	960	ce1663	2.0012	1.2644	2.8125	2.0625	27044.0103	26603.7539	0	0
fresh-base-15-conventional-d600	15	conventional	960	ce1665	1.8029	0.9857	2.5625	1.7500	25320.7375	25475.7899	0	0
fresh-base-15-conventional-d600	15	conventional	960	ce1666	1.3850	1.1976	1.9375	1.7500	18418.3171	18413.4022	0	0
fresh-base-15-conventional-d600	15	conventional	960	ce1667	2.4348	1.4659	3.1250	2.0625	23007.5689	19885.0734	0	1
fresh-base-15-conventional-d600	15	conventional	960	ce1668	1.6574	1.1374	2.3750	1.8750	23919.6183	24588.2740	0	0
fresh-base-15-conventional-d600	15	conventional	960	ce1670	2.4507	1.4570	3.2500	2.2500	26642.2828	26432.9310	0	0
fresh-base-15-conventional-d600	15	conventional	960	ce1672	1.1112	0.6480	1.7500	1.2500	21293.5193	20065.6271	0	0
fresh-base-15-conventional-d600	15	conventional	960	ce1673	1.2441	0.3072	2.0625	1.1250	27279.5808	27259.3942	0	0
fresh-base-15-conventional-d600	15	conventional	960	ce1674	3.1167	0.8759	3.6250	1.3750	16943.6341	16635.7253	0	0
fresh-base-15-conventional-d600	15	conventional	960	ce1675	1.2596	1.0285	2.0625	1.8125	26761.8302	26134.2308	0	0
fresh-base-15-conventional-d600	15	conventional	960	ce1677	1.7951	0.7024	2.3750	1.3750	19330.6196	22419.7724	0	0
fresh-base-15-conventional-d600	15	conventional	960	ce1678	1.4165	0.7252	2.0000	1.3125	19451.2801	19577.4523	0	0
fresh-base-15-conventional-d600	15	conventional	960	ce1679	1.9050	0.7945	2.6250	1.5000	24000.5260	23515.0651	0	0
fresh-base-15-conventional-d600	15	conventional	960	ce1680	1.9003	0.8349	2.6875	1.6250	26239.7820	26335.8282	0	0
fresh-base-15-conventional-d600	15	conventional	960	ce1681	1.8121	1.5174	2.6250	2.3125	27096.5317	26502.9469	0	0
fresh-base-15-conventional-d600	15	conventional	960	ce1683	2.3762	1.3548	3.0625	2.0625	22876.0527	23588.8449	0	0
fresh-base-15-conventional-d600	15	conventional	960	ce1684	1.8749	1.2132	2.6875	2.0000	27085.4968	26227.1853	0	0
fresh-base-15-conventional-d600	15	conventional	960	ce1690	2.7121	1.4029	3.1875	1.8750	15847.0670	15735.4157	0	0
fresh-base-15-conventional-d600	15	conventional	960	ce1691	3.0143	1.9475	3.6250	2.5625	20356.7365	20500.2927	0	0
fresh-base-15-conventional-d600	15	conventional	960	ce1692	1.1187	1.2562	1.9375	2.0625	27292.1002	26877.2234	0	0
fresh-base-15-conventional-d600	15	conventional	960	ce1695	1.0123	0.4486	1.8125	1.2500	26672.8996	26714.8874	0	0
fresh-base-15-conventional-d600	15	conventional	960	ce1696	1.5049	1.3432	2.2500	2.0625	24838.2745	23975.9176	0	0
fresh-base-15-conventional-d600	15	conventional	960	ce1697	2.3791	1.3771	3.1250	2.1250	24863.0063	24931.1901	0	0
fresh-base-15-conventional-d600	15	conventional	960	ce1698	1.1348	0.3302	1.6875	0.8750	18424.0503	18159.4294	0	0
fresh-base-15-conventional-d600	15	conventional	960	ce1699	1.6257	0.6296	2.4375	1.4375	27059.8878	26931.2375	0	0
fresh-base-15-conventional-d600	15	conventional	960	ce1706	1.8875	0.9521	2.6250	1.6875	24583.5219	24514.9898	0	0
fresh-base-15-conventional-d600	15	conventional	960	ce1707	0.7123	0.1477	1.3125	0.7500	20006.6026	20076.5530	0	0
fresh-base-15-conventional-d600	15	conventional	960	ce1709	1.4430	0.7841	2.1875	1.5000	24817.9244	23862.6913	0	0
fresh-base-15-conventional-d600	15	conventional	960	ce1711	1.0667	0.4465	1.5000	0.8750	14443.6873	14283.0453	0	0
fresh-base-15-conventional-d600	15	conventional	960	ce1712	1.1232	0.6440	1.9375	1.4375	27142.4338	26450.0214	0	0
fresh-base-15-conventional-d600	15	conventional	960	ce1717	1.8402	0.8663	2.6250	1.6250	26158.3570	25288.6638	0	0
fresh-base-15-conventional-d600	15	conventional	960	ce1720	1.2598	1.0185	2.0625	1.8125	26757.1543	26466.7067	0	0
fresh-base-15-conventional-d600	15	conventional	960	ce1721	0.6830	0.0534	1.3750	0.7500	23065.9697	23219.4233	0	0
fresh-base-15-conventional-d600	15	conventional	960	ce1725	1.2221	0.8443	1.7500	1.3750	17595.2790	17691.6392	0	0
fresh-base-15-conventional-d600	15	conventional	960	ce1726	2.3041	1.1803	3.1250	2.0000	27363.9768	27324.1801	0	0
fresh-base-15-conventional-d600	15	conventional	960	ce1727	0.7321	0.5528	1.3750	1.1875	21431.4644	21157.9311	0	0
fresh-base-15-conventional-d600	15	conventional	960	ce1728	1.0152	0.5352	1.7500	1.2500	24493.4791	23826.9257	0	0
fresh-base-15-conventional-d600	15	conventional	960	ce1729	1.1306	0.9441	1.9375	1.7500	26895.2092	26864.2585	0	0
