# garden fresh-shift-17-holistic-d400 seed 17 holistic season 760 n=60 J=16 worlds=0..15 run=/tmp/rbt107-h1/shift-17 work_cost=0.03 (68 s, workers 4)
fresh-shift-17-holistic-d400	17	holistic	760	he1175	1.2097	1.1483	1.4375	1.3750	7593.5071	7556.5413	0	0
fresh-shift-17-holistic-d400	17	holistic	760	he1177	1.4531	1.3923	1.5625	1.5000	3645.5149	3591.2580	0	0
fresh-shift-17-holistic-d400	17	holistic	760	he1178	1.4108	1.1614	1.5000	1.2500	2972.6264	2954.8776	0	0
fresh-shift-17-holistic-d400	17	holistic	760	he1179	2.3304	1.9527	2.4375	2.0625	3570.1614	3660.9811	0	0
fresh-shift-17-holistic-d400	17	holistic	760	he1181	1.1973	1.0075	1.3750	1.1875	5924.0333	6000.5941	0	0
fresh-shift-17-holistic-d400	17	holistic	760	he1183	0.8678	0.3044	1.0625	0.5000	6490.6935	6519.3992	0	0
fresh-shift-17-holistic-d400	17	holistic	760	he1184	1.6326	1.5065	1.8750	1.7500	8078.6867	8116.1800	0	0
fresh-shift-17-holistic-d400	17	holistic	760	he1186	1.5225	0.7102	1.5625	0.7500	1334.7652	1327.8244	0	0
fresh-shift-17-holistic-d400	17	holistic	760	he1190	1.5060	0.6943	1.7500	0.9375	8132.3778	8107.0364	0	0
fresh-shift-17-holistic-d400	17	holistic	760	he1191	1.3939	1.0826	1.5625	1.2500	5618.8191	5579.0502	0	0
fresh-shift-17-holistic-d400	17	holistic	760	he1192	0.6770	0.6171	1.1875	1.1250	17015.3168	16929.0821	0	0
fresh-shift-17-holistic-d400	17	holistic	760	he1195	1.5029	0.8783	1.7500	1.1250	8238.0197	8221.9613	0	0
fresh-shift-17-holistic-d400	17	holistic	760	he1196	0.6557	1.0936	0.6875	1.1250	1058.4271	1045.0441	0	0
fresh-shift-17-holistic-d400	17	holistic	760	he1197	1.5978	1.5943	1.9375	1.9375	11324.8439	11439.1647	0	0
fresh-shift-17-holistic-d400	17	holistic	760	he1200	0.5947	0.2213	0.7500	0.3750	5176.5361	5124.2444	0	0
fresh-shift-17-holistic-d400	17	holistic	760	he1201	1.5727	0.9491	1.6875	1.0625	3825.4649	3780.9580	0	0
fresh-shift-17-holistic-d400	17	holistic	760	he1202	1.5599	1.3745	1.6875	1.5000	4253.1395	4183.7140	0	0
fresh-shift-17-holistic-d400	17	holistic	760	he1203	0.8648	0.6788	0.8750	0.6875	341.0994	291.0566	0	0
fresh-shift-17-holistic-d400	17	holistic	760	he1205	0.7075	0.7081	0.9375	0.9375	7667.5647	7646.0829	0	0
fresh-shift-17-holistic-d400	17	holistic	760	he1207	1.3875	1.1411	1.6250	1.3750	7916.2019	7795.2600	0	0
fresh-shift-17-holistic-d400	17	holistic	760	he1208	0.1719	0.6082	0.1875	0.6250	519.2509	561.3505	0	0
fresh-shift-17-holistic-d400	17	holistic	760	he1209	0.6576	0.6575	0.8125	0.8125	5162.5649	5167.5942	0	0
fresh-shift-17-holistic-d400	17	holistic	760	he1210	0.7215	0.8484	0.9375	1.0625	7199.9065	7138.1742	0	0
fresh-shift-17-holistic-d400	17	holistic	760	he1211	0.5333	0.5328	0.6875	0.6875	5139.6503	5155.4698	0	0
fresh-shift-17-holistic-d400	17	holistic	760	he1213	1.1794	1.1203	1.3125	1.2500	4437.9124	4324.3899	0	0
fresh-shift-17-holistic-d400	17	holistic	760	he1215	0.8821	0.9448	1.2500	1.3125	12264.8531	12257.1116	0	0
fresh-shift-17-holistic-d400	17	holistic	760	he1219	1.1685	1.2313	1.4375	1.5000	8965.3413	8955.3493	0	0
fresh-shift-17-holistic-d400	17	holistic	760	he1220	0.9985	1.0597	1.1250	1.1875	4215.0783	4261.4702	0	0
fresh-shift-17-holistic-d400	17	holistic	760	he1222	0.8915	0.7007	1.1250	0.9375	7782.3237	7892.5107	0	0
fresh-shift-17-holistic-d400	17	holistic	760	he1223	0.8564	0.9816	1.0625	1.1875	6871.6544	6863.8737	0	0
fresh-shift-17-holistic-d400	17	holistic	760	he1224	1.6172	1.4951	1.8125	1.6875	6510.0734	6412.0508	0	0
fresh-shift-17-holistic-d400	17	holistic	760	he1226	0.5709	0.6329	0.8125	0.8750	8051.7665	8070.3972	0	0
fresh-shift-17-holistic-d400	17	holistic	760	he1227	1.7168	1.7180	1.9375	1.9375	7357.5594	7315.0712	0	0
fresh-shift-17-holistic-d400	17	holistic	760	he1228	0.8835	0.6931	1.1250	0.9375	8049.2989	8145.8061	0	0
fresh-shift-17-holistic-d400	17	holistic	760	he1229	1.3078	1.0569	1.3750	1.1250	2240.9872	2270.6938	0	0
fresh-shift-17-holistic-d400	17	holistic	760	he1230	0.6589	0.5965	0.7500	0.6875	3037.5945	3033.9625	0	0
fresh-shift-17-holistic-d400	17	holistic	760	he1231	1.5030	0.5698	1.7500	0.8125	8233.4386	8088.8560	0	0
fresh-shift-17-holistic-d400	17	holistic	760	he1232	1.2627	1.1250	1.5000	1.3750	7908.8235	8334.4907	0	0
fresh-shift-17-holistic-d400	17	holistic	760	he1233	0.6888	0.9988	0.8750	1.1875	6205.4494	6288.8491	0	0
fresh-shift-17-holistic-d400	17	holistic	760	he1234	1.7432	1.1227	1.9375	1.3125	6477.5756	6326.3538	0	0
fresh-shift-17-holistic-d400	17	holistic	760	he1235	0.8439	0.8466	1.0000	1.0000	5204.6463	5111.7669	0	0
fresh-shift-17-holistic-d400	17	holistic	760	he1236	1.9730	1.6619	2.1875	1.8750	7151.5532	7102.0871	0	0
fresh-shift-17-holistic-d400	17	holistic	760	he1237	1.9128	1.1609	2.1250	1.3750	7074.4047	7136.1507	0	0
fresh-shift-17-holistic-d400	17	holistic	760	he1238	0.7024	0.3867	0.8125	0.5000	3669.1369	3775.7663	0	0
fresh-shift-17-holistic-d400	17	holistic	760	he1239	1.0745	0.9464	1.1250	1.0000	1682.5254	1785.8962	0	0
fresh-shift-17-holistic-d400	17	holistic	760	he1241	1.2826	0.9089	1.5000	1.1250	7246.6039	7203.0325	0	0
fresh-shift-17-holistic-d400	17	holistic	760	he1242	0.7895	0.7892	0.8125	0.8125	766.1121	777.0482	0	0
fresh-shift-17-holistic-d400	17	holistic	760	he1243	1.0689	0.6946	1.2500	0.8750	6035.7528	6012.9171	0	0
fresh-shift-17-holistic-d400	17	holistic	760	he1245	1.2023	1.0776	1.3750	1.2500	5756.6487	5748.0613	0	0
fresh-shift-17-holistic-d400	17	holistic	760	he1246	0.8280	0.9525	1.0000	1.1250	5733.1501	5748.7642	0	0
fresh-shift-17-holistic-d400	17	holistic	760	he1247	1.2191	1.0937	1.3750	1.2500	5195.0173	5208.8165	0	0
fresh-shift-17-holistic-d400	17	holistic	760	he1248	1.6554	1.0303	1.8125	1.1875	5237.7584	5241.6385	0	0
fresh-shift-17-holistic-d400	17	holistic	760	he1249	0.8157	0.9386	1.0625	1.1875	8227.1620	8297.5963	0	0
fresh-shift-17-holistic-d400	17	holistic	760	he1250	0.3935	0.4544	0.4375	0.5000	1467.0434	1518.7715	0	0
fresh-shift-17-holistic-d400	17	holistic	760	he1251	2.0467	1.4850	2.2500	1.6875	6777.8218	6749.5189	0	0
fresh-shift-17-holistic-d400	17	holistic	760	he1252	1.0216	0.9633	1.1250	1.0625	3446.2356	3305.5651	0	0
fresh-shift-17-holistic-d400	17	holistic	760	he1253	2.3659	2.1763	2.5625	2.3750	6554.0321	6624.3069	0	0
fresh-shift-17-holistic-d400	17	holistic	760	he1254	0.7169	0.7800	0.8750	0.9375	5270.1527	5250.4671	0	0
fresh-shift-17-holistic-d400	17	holistic	760	he1255	0.8952	1.2099	1.1250	1.4375	7660.8381	7588.2925	0	0
fresh-shift-17-holistic-d400	17	holistic	760	he1256	0.0000	0.1250	0.0000	0.1250	0.0000	0.0000	0	0
