# garden fresh-cull20-13-conventional-d600 seed 13 conventional season 960 n=60 J=16 worlds=16..31 run=/tmp/rbt107-h1/cull20-13 work_cost=0.03 (112 s, workers 4)
fresh-cull20-13-conventional-d600	13	conventional	960	ce1758	2.4836	1.0969	3.0625	1.6875	19297.5081	19685.9733	0	0
fresh-cull20-13-conventional-d600	13	conventional	960	ce1759	1.4985	0.7383	2.1250	1.3750	20884.5224	21222.8239	0	0
fresh-cull20-13-conventional-d600	13	conventional	960	ce1761	2.0645	1.1223	2.6875	1.7500	20765.2467	20922.1071	0	0
fresh-cull20-13-conventional-d600	13	conventional	960	ce1764	1.3612	0.2361	2.0625	0.9375	23377.0865	23379.2878	0	0
fresh-cull20-13-conventional-d600	13	conventional	960	ce1769	1.3256	0.3842	2.0000	1.0625	22480.7626	22611.6664	0	0
fresh-cull20-13-conventional-d600	13	conventional	960	ce1771	1.4517	0.8129	2.1875	1.5625	24525.6948	24988.0604	0	0
fresh-cull20-13-conventional-d600	13	conventional	960	ce1773	2.7780	0.9844	3.3750	1.6250	19898.4288	21352.2647	0	0
fresh-cull20-13-conventional-d600	13	conventional	960	ce1774	1.5705	0.7493	2.3125	1.5000	24734.9383	25024.2520	0	0
fresh-cull20-13-conventional-d600	13	conventional	960	ce1775	1.9425	0.4397	2.6250	1.1250	22751.2934	22844.3721	0	0
fresh-cull20-13-conventional-d600	13	conventional	960	ce1777	0.5381	0.4098	1.1875	1.0625	21646.7806	21757.5101	0	0
fresh-cull20-13-conventional-d600	13	conventional	960	ce1783	0.6816	-0.0729	1.3125	0.5625	21030.3106	21179.4818	0	0
fresh-cull20-13-conventional-d600	13	conventional	960	ce1784	1.2706	1.0847	1.9375	1.7500	22231.5935	22175.9333	0	0
fresh-cull20-13-conventional-d600	13	conventional	960	ce1785	2.1902	0.7073	2.8125	1.3125	20741.6967	20173.2545	0	0
fresh-cull20-13-conventional-d600	13	conventional	960	ce1787	0.8734	0.6253	1.6875	1.4375	27137.2761	27073.0467	0	0
fresh-cull20-13-conventional-d600	13	conventional	960	ce1790	1.0588	0.2908	1.6250	0.8750	18873.0717	19474.6958	0	0
fresh-cull20-13-conventional-d600	13	conventional	960	ce1791	2.0801	1.0704	2.7500	1.7500	22328.8405	22652.9375	0	0
fresh-cull20-13-conventional-d600	13	conventional	960	ce1793	0.4566	0.2058	1.2500	1.0000	26446.2058	26474.5876	0	0
fresh-cull20-13-conventional-d600	13	conventional	960	ce1794	2.0494	0.8724	2.8125	1.6250	25435.1771	25085.9042	0	0
fresh-cull20-13-conventional-d600	13	conventional	960	ce1795	0.3362	0.2057	1.0000	0.8750	22126.3498	22310.0908	0	0
fresh-cull20-13-conventional-d600	13	conventional	960	ce1796	2.2988	0.8648	3.0625	1.6250	25457.5679	25341.0689	0	0
fresh-cull20-13-conventional-d600	13	conventional	960	ce1797	2.5585	1.0556	2.8125	1.3125	8467.7517	8564.4503	0	0
fresh-cull20-13-conventional-d600	13	conventional	960	ce1798	3.5614	1.1790	4.1875	1.8125	20871.5039	21115.3956	0	0
fresh-cull20-13-conventional-d600	13	conventional	960	ce1800	1.4516	0.9540	2.0625	1.5625	20363.7650	20284.0731	0	0
fresh-cull20-13-conventional-d600	13	conventional	960	ce1801	0.6731	0.0439	1.3125	0.6875	21313.7851	21453.2179	0	0
fresh-cull20-13-conventional-d600	13	conventional	960	ce1803	1.0106	0.4447	1.7500	1.1875	24647.2415	24760.5036	0	0
fresh-cull20-13-conventional-d600	13	conventional	960	ce1805	1.6007	0.7892	2.1250	1.3125	17477.5150	17442.7389	0	0
fresh-cull20-13-conventional-d600	13	conventional	960	ce1806	2.2755	0.1579	3.0625	0.9375	26234.1182	25987.3325	0	0
fresh-cull20-13-conventional-d600	13	conventional	960	ce1807	1.2629	0.6347	2.0000	1.3750	24568.3652	24675.9277	0	0
fresh-cull20-13-conventional-d600	13	conventional	960	ce1808	1.5956	0.7544	2.1875	1.3750	19730.5274	20686.3354	0	0
fresh-cull20-13-conventional-d600	13	conventional	960	ce1809	1.1963	1.1322	1.8125	1.7500	20540.8559	20594.3208	0	0
fresh-cull20-13-conventional-d600	13	conventional	960	ce1812	1.9490	0.8230	2.6250	1.5000	22534.2529	22565.0666	0	0
fresh-cull20-13-conventional-d600	13	conventional	960	ce1817	1.7212	1.1574	2.4375	1.8750	23877.6185	23919.2563	0	0
fresh-cull20-13-conventional-d600	13	conventional	960	ce1823	0.9021	0.2684	1.6250	1.0000	24098.3261	24387.3013	0	0
fresh-cull20-13-conventional-d600	13	conventional	960	ce1824	1.6399	0.4782	2.3125	1.1875	22420.5690	23643.0347	0	0
fresh-cull20-13-conventional-d600	13	conventional	960	ce1826	1.9514	0.5775	2.5625	1.1875	20371.3442	20334.1386	0	0
fresh-cull20-13-conventional-d600	13	conventional	960	ce1827	1.1705	0.6657	1.8750	1.3750	23483.2131	23643.4748	0	0
fresh-cull20-13-conventional-d600	13	conventional	960	ce1830	0.7559	0.5047	1.5000	1.2500	24803.0161	24843.2671	0	0
fresh-cull20-13-conventional-d600	13	conventional	960	ce1833	0.4556	0.3299	0.9375	0.8125	16062.3368	16087.1486	0	0
fresh-cull20-13-conventional-d600	13	conventional	960	ce1834	1.0224	0.8281	1.7500	1.5625	24251.8084	24480.3350	0	0
fresh-cull20-13-conventional-d600	13	conventional	960	ce1836	0.9838	1.4376	1.7500	2.1875	25541.5365	24997.1987	0	0
fresh-cull20-13-conventional-d600	13	conventional	960	ce1837	1.6555	0.1973	2.3750	0.9375	23983.7716	24674.0719	0	0
fresh-cull20-13-conventional-d600	13	conventional	960	ce1838	1.8480	0.8507	2.6250	1.6250	25900.9929	25811.4655	0	0
fresh-cull20-13-conventional-d600	13	conventional	960	ce1840	2.0454	0.6132	2.7500	1.3125	23485.2557	23309.5126	0	0
fresh-cull20-13-conventional-d600	13	conventional	960	ce1841	1.6411	0.1347	2.2500	0.7500	20295.5704	20508.6435	0	0
fresh-cull20-13-conventional-d600	13	conventional	960	ce1842	1.4964	0.6333	2.1250	1.2500	20954.1897	20556.5504	0	0
fresh-cull20-13-conventional-d600	13	conventional	960	ce1843	1.3830	0.6278	2.1250	1.3750	24734.7278	24908.0220	0	0
fresh-cull20-13-conventional-d600	13	conventional	960	ce1844	1.4535	0.8283	2.1875	1.5625	24465.6405	24473.2090	0	0
fresh-cull20-13-conventional-d600	13	conventional	960	ce1845	1.1117	0.4286	1.8125	1.1250	23359.5297	23213.1833	0	0
fresh-cull20-13-conventional-d600	13	conventional	960	ce1846	1.0425	0.5949	1.7500	1.3125	23581.7957	23921.4976	0	0
fresh-cull20-13-conventional-d600	13	conventional	960	ce1848	2.0842	0.5625	2.6875	1.1875	20109.7085	20832.4917	0	0
fresh-cull20-13-conventional-d600	13	conventional	960	ce1849	1.6705	1.0468	2.4375	1.8125	25568.0137	25522.5878	0	0
fresh-cull20-13-conventional-d600	13	conventional	960	ce1850	2.6596	0.7397	3.4375	1.5000	25931.6106	25342.5921	0	0
fresh-cull20-13-conventional-d600	13	conventional	960	ce1852	1.0771	1.1984	1.8125	1.9375	24512.4333	24636.6972	0	0
fresh-cull20-13-conventional-d600	13	conventional	960	ce1854	1.1223	0.4003	1.8750	1.1250	25089.6359	24156.6874	0	0
fresh-cull20-13-conventional-d600	13	conventional	960	ce1855	1.3242	0.7586	1.9375	1.3750	20442.5961	20545.8121	0	0
fresh-cull20-13-conventional-d600	13	conventional	960	ce1856	0.3748	0.2453	0.6250	0.5000	8339.9527	8491.0728	0	0
fresh-cull20-13-conventional-d600	13	conventional	960	ce1857	1.1147	0.6133	1.8750	1.3750	25341.8294	25389.2270	0	0
fresh-cull20-13-conventional-d600	13	conventional	960	ce1858	2.1778	0.9856	2.9375	1.7500	25323.6880	25479.6572	0	0
fresh-cull20-13-conventional-d600	13	conventional	960	ce1859	1.2599	0.3588	1.9375	1.0625	22588.2398	23455.3650	0	0
fresh-cull20-13-conventional-d600	13	conventional	960	ce1860	2.4058	1.2831	2.8750	1.7500	15641.2273	15561.7187	0	0
