# garden fresh-shift-23-holistic-d400 seed 23 holistic season 760 n=60 J=16 worlds=16..31 run=/tmp/rbt107-h1/shift-23 work_cost=0.03 (55 s, workers 4)
fresh-shift-23-holistic-d400	23	holistic	760	he1134	1.6387	0.9544	1.8125	1.1250	5793.2130	5687.1403	0	0
fresh-shift-23-holistic-d400	23	holistic	760	he1135	1.6082	1.4856	1.6875	1.5625	2643.2056	2563.0413	0	0
fresh-shift-23-holistic-d400	23	holistic	760	he1136	2.4714	1.4770	2.5625	1.5625	3037.9878	2850.6244	0	0
fresh-shift-23-holistic-d400	23	holistic	760	he1137	0.9594	0.3341	1.0000	0.3750	1353.9266	1362.3820	0	0
fresh-shift-23-holistic-d400	23	holistic	760	he1138	0.6533	1.2167	0.6875	1.2500	1141.4758	1108.3792	0	0
fresh-shift-23-holistic-d400	23	holistic	760	he1140	1.6805	1.1173	1.8125	1.2500	4400.6100	4423.6143	0	0
fresh-shift-23-holistic-d400	23	holistic	760	he1141	1.1047	1.1040	1.1875	1.1875	2760.4408	2784.2307	0	0
fresh-shift-23-holistic-d400	23	holistic	760	he1142	1.7245	1.5389	1.8125	1.6250	2932.8371	2868.8206	0	0
fresh-shift-23-holistic-d400	23	holistic	760	he1143	0.6076	1.1090	0.8750	1.3750	8911.7958	8865.2597	0	0
fresh-shift-23-holistic-d400	23	holistic	760	he1144	1.5620	1.0643	1.6250	1.1250	2099.5411	2022.3503	0	0
fresh-shift-23-holistic-d400	23	holistic	760	he1145	0.6616	0.6626	0.7500	0.7500	2945.2807	2914.9969	0	0
fresh-shift-23-holistic-d400	23	holistic	760	he1146	0.3487	0.6545	0.4375	0.7500	2959.4430	3182.8305	0	0
fresh-shift-23-holistic-d400	23	holistic	760	he1147	1.4483	0.7729	1.6875	1.0000	7972.4869	7571.0668	0	1
fresh-shift-23-holistic-d400	23	holistic	760	he1148	1.2552	1.8832	1.3125	1.9375	1911.6508	1810.5218	0	0
fresh-shift-23-holistic-d400	23	holistic	760	he1149	0.8554	0.6693	0.9375	0.7500	2737.2956	2689.1910	0	0
fresh-shift-23-holistic-d400	23	holistic	760	he1151	0.7946	0.4827	0.8125	0.5000	595.9082	575.2961	0	0
fresh-shift-23-holistic-d400	23	holistic	760	he1152	0.7457	1.0585	0.8125	1.1250	2225.6851	2217.7244	0	0
fresh-shift-23-holistic-d400	23	holistic	760	he1154	0.5399	0.3543	0.5625	0.3750	752.9666	689.8666	0	0
fresh-shift-23-holistic-d400	23	holistic	760	he1155	0.7568	1.3169	1.0000	1.5625	8105.4334	8186.4646	0	0
fresh-shift-23-holistic-d400	23	holistic	760	he1156	2.0959	1.2844	2.1875	1.3750	3054.8365	3021.2679	0	0
fresh-shift-23-holistic-d400	23	holistic	760	he1157	1.5793	0.7694	1.6250	0.8125	1524.8879	1435.0575	0	0
fresh-shift-23-holistic-d400	23	holistic	760	he1159	0.7731	0.7757	0.9375	0.9375	5479.4835	5393.7974	0	0
fresh-shift-23-holistic-d400	23	holistic	760	he1161	0.9110	0.7857	1.0000	0.8750	2966.0813	2977.6802	0	0
fresh-shift-23-holistic-d400	23	holistic	760	he1162	1.4421	0.7540	1.6250	0.9375	6097.5401	6115.6484	0	0
fresh-shift-23-holistic-d400	23	holistic	760	he1163	1.0133	0.7645	1.1250	0.8750	3722.4603	3684.7538	0	0
fresh-shift-23-holistic-d400	23	holistic	760	he1164	0.5976	0.2860	0.6875	0.3750	2996.0533	2966.5971	0	0
fresh-shift-23-holistic-d400	23	holistic	760	he1165	1.1390	1.3277	1.3125	1.5000	5782.0924	5742.9772	0	0
fresh-shift-23-holistic-d400	23	holistic	760	he1166	2.4046	0.6565	2.5000	0.7500	3179.7741	3116.1498	0	0
fresh-shift-23-holistic-d400	23	holistic	760	he1167	1.1886	0.6875	1.3125	0.8125	4130.6105	4166.7587	0	0
fresh-shift-23-holistic-d400	23	holistic	760	he1169	0.8123	0.8730	0.9375	1.0000	4174.7239	4234.3396	0	0
fresh-shift-23-holistic-d400	23	holistic	760	he1170	1.1401	1.1413	1.1875	1.1875	1580.5365	1539.6245	0	0
fresh-shift-23-holistic-d400	23	holistic	760	he1171	0.7787	0.7163	0.8125	0.7500	1127.2171	1124.5907	0	0
fresh-shift-23-holistic-d400	23	holistic	760	he1175	1.0190	1.0195	1.1875	1.1875	5615.4849	5599.8351	0	0
fresh-shift-23-holistic-d400	23	holistic	760	he1176	0.7324	1.1090	0.8125	1.1875	2669.9769	2617.5608	0	0
fresh-shift-23-holistic-d400	23	holistic	760	he1177	0.4525	1.2689	0.6875	1.5000	7833.0376	7703.6947	0	0
fresh-shift-23-holistic-d400	23	holistic	760	he1178	0.8936	1.2645	1.0625	1.4375	5630.1632	5767.1836	0	0
fresh-shift-23-holistic-d400	23	holistic	760	he1179	1.8332	1.2721	1.8750	1.3125	1393.8948	1347.4679	0	0
fresh-shift-23-holistic-d400	23	holistic	760	he1180	1.3313	0.7064	1.5000	0.8750	5623.7182	5620.4054	0	0
fresh-shift-23-holistic-d400	23	holistic	760	he1181	1.9403	1.3166	2.0625	1.4375	4074.5319	4029.0008	0	0
fresh-shift-23-holistic-d400	23	holistic	760	he1182	0.4000	0.1497	0.5625	0.3125	5416.6832	5427.2996	0	0
fresh-shift-23-holistic-d400	23	holistic	760	he1183	0.9702	1.2835	1.0625	1.3750	3076.2331	3049.8260	0	0
fresh-shift-23-holistic-d400	23	holistic	760	he1184	2.8231	2.1998	2.9375	2.3125	3812.3606	3755.3064	0	0
fresh-shift-23-holistic-d400	23	holistic	760	he1185	1.2951	1.1714	1.3750	1.2500	2663.0635	2621.6006	0	0
fresh-shift-23-holistic-d400	23	holistic	760	he1186	2.3757	1.5030	2.4375	1.5625	2059.3134	1983.6110	0	0
fresh-shift-23-holistic-d400	23	holistic	760	he1187	1.4555	1.6436	1.5625	1.7500	3566.5986	3545.9951	0	0
fresh-shift-23-holistic-d400	23	holistic	760	he1188	2.3912	1.8310	2.5625	2.0000	5710.7476	5631.9298	0	0
fresh-shift-23-holistic-d400	23	holistic	760	he1190	1.4719	1.1591	1.5625	1.2500	3018.8439	3030.9291	0	0
fresh-shift-23-holistic-d400	23	holistic	760	he1191	0.9907	1.6155	1.0625	1.6875	2392.6555	2400.0068	0	0
fresh-shift-23-holistic-d400	23	holistic	760	he1192	1.2294	0.9802	1.3125	1.0625	2769.6694	2741.7564	0	0
fresh-shift-23-holistic-d400	23	holistic	760	he1194	0.8309	0.7088	0.8750	0.7500	1469.9008	1373.9029	0	0
fresh-shift-23-holistic-d400	23	holistic	760	he1195	1.5781	1.7045	1.7500	1.8750	5730.0329	5683.3421	0	0
fresh-shift-23-holistic-d400	23	holistic	760	he1196	1.0453	0.6707	1.1875	0.8125	4739.4646	4727.5022	0	0
fresh-shift-23-holistic-d400	23	holistic	760	he1197	1.2540	1.0013	1.3125	1.0625	1950.7975	2039.6627	0	0
fresh-shift-23-holistic-d400	23	holistic	760	he1198	0.6150	0.4286	0.6250	0.4375	334.6795	296.9316	0	0
fresh-shift-23-holistic-d400	23	holistic	760	he1199	0.7714	0.8345	0.8125	0.8750	1371.4226	1348.9904	0	0
fresh-shift-23-holistic-d400	23	holistic	760	he1200	1.8946	1.5807	2.0625	1.7500	5596.7420	5644.9352	0	0
fresh-shift-23-holistic-d400	23	holistic	760	he1201	1.5484	1.1739	1.6250	1.2500	2553.2037	2537.1787	0	0
fresh-shift-23-holistic-d400	23	holistic	760	he1202	1.8269	0.8877	2.0625	1.1250	7852.4264	7909.7026	0	0
fresh-shift-23-holistic-d400	23	holistic	760	he1203	0.7118	0.3381	0.8750	0.5000	5440.0744	5395.9280	0	0
fresh-shift-23-holistic-d400	23	holistic	760	he1204	1.2133	0.8384	1.2500	0.8750	1223.0521	1218.8545	0	0
