# garden fresh-cull20-15-holistic-d600 seed 15 holistic season 960 n=60 J=16 worlds=0..15 run=/tmp/rbt107-h1/cull20-15 work_cost=0.03 (84 s, workers 4)
fresh-cull20-15-holistic-d600	15	holistic	960	he1531	0.4585	0.2844	1.0625	0.8750	20133.1294	19687.7022	0	0
fresh-cull20-15-holistic-d600	15	holistic	960	he1532	0.9822	0.7961	1.1250	0.9375	4760.6282	4713.5402	0	0
fresh-cull20-15-holistic-d600	15	holistic	960	he1538	1.3432	1.1557	1.5625	1.3750	7309.7650	7310.5750	0	0
fresh-cull20-15-holistic-d600	15	holistic	960	he1539	1.0637	1.3759	1.3125	1.6250	8291.6976	8303.0785	0	0
fresh-cull20-15-holistic-d600	15	holistic	960	he1540	0.5789	0.5158	0.6250	0.5625	1535.1031	1555.9215	0	0
fresh-cull20-15-holistic-d600	15	holistic	960	he1543	1.0609	1.0034	1.1250	1.0625	2137.9486	1970.1479	0	0
fresh-cull20-15-holistic-d600	15	holistic	960	he1546	1.1871	0.7512	1.2500	0.8125	2095.8181	2043.7400	0	0
fresh-cull20-15-holistic-d600	15	holistic	960	he1547	1.2396	1.4280	1.3750	1.5625	4512.2901	4484.3481	0	0
fresh-cull20-15-holistic-d600	15	holistic	960	he1548	0.4996	0.1870	0.6875	0.3750	6262.5883	6265.7455	0	0
fresh-cull20-15-holistic-d600	15	holistic	960	he1550	0.9310	1.1807	1.1875	1.4375	8549.2986	8559.0002	0	0
fresh-cull20-15-holistic-d600	15	holistic	960	he1551	2.2793	1.4041	2.5000	1.6250	7356.8603	7364.2997	0	0
fresh-cull20-15-holistic-d600	15	holistic	960	he1552	1.5489	1.5549	1.6250	1.6250	2535.1674	2335.3027	0	0
fresh-cull20-15-holistic-d600	15	holistic	960	he1553	1.9451	2.1969	2.1875	2.4375	8081.2838	8018.7078	0	0
fresh-cull20-15-holistic-d600	15	holistic	960	he1557	1.1059	1.2948	1.3125	1.5000	6887.9453	6839.3747	0	0
fresh-cull20-15-holistic-d600	15	holistic	960	he1559	1.3018	0.8629	2.0000	1.5625	23272.8191	23318.9221	0	0
fresh-cull20-15-holistic-d600	15	holistic	960	he1560	2.7960	2.5482	3.0625	2.8125	8884.9219	8811.3439	0	0
fresh-cull20-15-holistic-d600	15	holistic	960	he1561	0.9645	0.5894	1.3125	0.9375	11599.2054	11604.8935	0	0
fresh-cull20-15-holistic-d600	15	holistic	960	he1562	1.7768	2.0277	1.8750	2.1250	3274.5874	3243.6912	0	0
fresh-cull20-15-holistic-d600	15	holistic	960	he1563	2.0744	1.3234	2.1875	1.4375	3768.6799	3802.9999	0	0
fresh-cull20-15-holistic-d600	15	holistic	960	he1564	1.6479	1.9592	1.8125	2.1250	5485.1787	5527.5485	0	0
fresh-cull20-15-holistic-d600	15	holistic	960	he1565	1.5976	1.2224	1.7500	1.3750	5079.2681	5086.0711	0	0
fresh-cull20-15-holistic-d600	15	holistic	960	he1567	0.7579	1.2623	1.0000	1.5000	8068.6963	7922.8262	0	0
fresh-cull20-15-holistic-d600	15	holistic	960	he1569	1.6168	1.1797	1.7500	1.3125	4441.4532	4427.7061	0	0
fresh-cull20-15-holistic-d600	15	holistic	960	he1570	0.9840	0.6104	1.0625	0.6875	2617.6436	2571.4265	0	0
fresh-cull20-15-holistic-d600	15	holistic	960	he1573	1.0751	0.7629	1.1875	0.8750	3745.5952	3736.4576	0	0
fresh-cull20-15-holistic-d600	15	holistic	960	he1574	1.1007	0.8768	1.5625	1.3125	15392.2489	14523.1888	0	0
fresh-cull20-15-holistic-d600	15	holistic	960	he1576	0.8615	0.8684	1.5625	1.5625	23366.0507	23138.0716	0	0
fresh-cull20-15-holistic-d600	15	holistic	960	he1577	1.2347	1.2353	1.3750	1.3750	4676.7422	4656.9537	0	0
fresh-cull20-15-holistic-d600	15	holistic	960	he1578	1.5660	0.9395	1.8125	1.1875	8217.1119	8265.0680	0	0
fresh-cull20-15-holistic-d600	15	holistic	960	he1579	1.4609	1.2744	1.5000	1.3125	1304.7490	1270.8423	0	0
fresh-cull20-15-holistic-d600	15	holistic	960	he1582	0.9035	0.4064	1.1250	0.6250	7384.6662	7285.2255	0	0
fresh-cull20-15-holistic-d600	15	holistic	960	he1583	1.4912	1.0544	1.5625	1.1250	2375.3184	2354.9549	0	0
fresh-cull20-15-holistic-d600	15	holistic	960	he1584	0.0575	0.0575	0.0625	0.0625	165.3854	165.1293	0	0
fresh-cull20-15-holistic-d600	15	holistic	960	he1585	1.0876	0.8969	1.5000	1.3125	13746.6867	13853.7478	0	0
fresh-cull20-15-holistic-d600	15	holistic	960	he1586	0.8751	0.9338	1.0625	1.1250	6248.1500	6373.9042	0	0
fresh-cull20-15-holistic-d600	15	holistic	960	he1589	2.2135	1.5900	2.3125	1.6875	3299.4377	3251.2024	0	0
fresh-cull20-15-holistic-d600	15	holistic	960	he1592	1.3346	0.9621	1.4375	1.0625	3430.8865	3347.0768	0	0
fresh-cull20-15-holistic-d600	15	holistic	960	he1593	0.9455	1.0088	1.0625	1.1250	3900.6578	3872.4942	0	0
fresh-cull20-15-holistic-d600	15	holistic	960	he1595	1.6860	1.3206	1.7500	1.3750	2131.7776	1812.1464	0	0
fresh-cull20-15-holistic-d600	15	holistic	960	he1596	1.2477	0.9377	1.3125	1.0000	2161.5257	2076.9017	0	0
fresh-cull20-15-holistic-d600	15	holistic	960	he1598	1.7387	1.4897	1.8125	1.5625	2461.6190	2426.0808	0	0
fresh-cull20-15-holistic-d600	15	holistic	960	he1599	1.0871	1.2139	1.4375	1.5625	11679.2033	11620.0219	0	0
fresh-cull20-15-holistic-d600	15	holistic	960	he1600	0.9860	0.9833	1.6875	1.6875	23382.4041	23472.8881	0	0
fresh-cull20-15-holistic-d600	15	holistic	960	he1601	0.5589	0.9327	0.8125	1.1875	8453.5134	8494.5346	0	0
fresh-cull20-15-holistic-d600	15	holistic	960	he1603	1.1274	1.3189	1.8750	2.0625	24918.6067	24785.3471	0	0
fresh-cull20-15-holistic-d600	15	holistic	960	he1604	1.0492	0.6767	1.2500	0.8750	6694.1760	6610.4735	0	0
fresh-cull20-15-holistic-d600	15	holistic	960	he1605	0.8472	0.6760	1.0625	0.8750	7177.0934	6633.7310	0	0
fresh-cull20-15-holistic-d600	15	holistic	960	he1606	1.9944	1.6212	2.0625	1.6875	2271.6082	2208.4398	0	0
fresh-cull20-15-holistic-d600	15	holistic	960	he1607	0.6626	0.8532	0.8125	1.0000	4997.4042	4894.3528	0	0
fresh-cull20-15-holistic-d600	15	holistic	960	he1610	0.5057	0.8790	1.2500	1.6250	24811.3341	24868.0239	0	0
fresh-cull20-15-holistic-d600	15	holistic	960	he1611	1.2080	1.3386	1.3750	1.5000	5567.7381	5380.1666	0	0
fresh-cull20-15-holistic-d600	15	holistic	960	he1614	0.3413	0.5289	1.0000	1.1875	21958.2382	21954.0340	0	0
fresh-cull20-15-holistic-d600	15	holistic	960	he1615	1.6207	1.6848	1.6875	1.7500	2225.3812	2174.4984	0	0
fresh-cull20-15-holistic-d600	15	holistic	960	he1616	0.0000	0.0000	0.0000	0.0000	0.0000	0.0000	0	0
fresh-cull20-15-holistic-d600	15	holistic	960	he1617	0.7634	0.7670	0.9375	0.9375	5803.3479	5684.4066	0	0
fresh-cull20-15-holistic-d600	15	holistic	960	he1618	0.2242	0.2250	0.2500	0.2500	859.0567	833.4977	0	0
fresh-cull20-15-holistic-d600	15	holistic	960	he1619	1.4987	1.6202	1.7500	1.8750	8375.1118	8494.7041	0	0
fresh-cull20-15-holistic-d600	15	holistic	960	he1620	0.0625	0.0625	0.0625	0.0625	0.0000	0.0000	0	0
fresh-cull20-15-holistic-d600	15	holistic	960	he1621	1.1497	1.0275	1.5000	1.3750	11677.7932	11582.6238	0	0
fresh-cull20-15-holistic-d600	15	holistic	960	he1622	0.0000	0.0000	0.0000	0.0000	0.0000	0.0000	0	0
