# garden fresh-base-14-conventional-d800 seed 14 conventional season 1160 n=60 J=16 worlds=16..31 run=/tmp/rbt107-h1/base-14 work_cost=0.03 (96 s, workers 4)
fresh-base-14-conventional-d800	14	conventional	1160	ce1927	3.4913	1.3005	4.1250	1.9375	21123.6043	21234.0102	0	0
fresh-base-14-conventional-d800	14	conventional	1160	ce1931	2.4465	1.5076	3.0625	2.1250	20533.7262	20580.5617	0	0
fresh-base-14-conventional-d800	14	conventional	1160	ce1932	3.6911	1.4556	4.3750	2.1250	22796.0986	22314.3723	0	0
fresh-base-14-conventional-d800	14	conventional	1160	ce1933	2.2734	0.7780	2.8750	1.3750	20052.4257	19899.0648	0	0
fresh-base-14-conventional-d800	14	conventional	1160	ce1934	0.6176	0.5518	0.9375	0.8750	10663.5792	10773.3008	0	0
fresh-base-14-conventional-d800	14	conventional	1160	ce1936	0.9859	0.8679	1.5000	1.3750	17135.6506	16904.8268	0	0
fresh-base-14-conventional-d800	14	conventional	1160	ce1937	1.9564	0.8921	2.6250	1.5625	22285.3417	22348.2998	0	0
fresh-base-14-conventional-d800	14	conventional	1160	ce1938	1.6442	0.3930	2.3125	1.0625	22277.6334	22315.5233	0	0
fresh-base-14-conventional-d800	14	conventional	1160	ce1939	2.9777	1.0405	3.6250	1.6875	21578.1672	21565.6821	0	0
fresh-base-14-conventional-d800	14	conventional	1160	ce1940	1.7733	0.4041	2.5000	1.1250	24222.9668	24029.9018	0	0
fresh-base-14-conventional-d800	14	conventional	1160	ce1941	3.9485	1.8247	4.6875	2.5625	24632.2626	24594.1687	0	0
fresh-base-14-conventional-d800	14	conventional	1160	ce1944	2.1131	1.5441	2.6875	2.1250	19145.3598	19361.9130	0	0
fresh-base-14-conventional-d800	14	conventional	1160	ce1946	0.2784	0.3396	0.4375	0.5000	5303.5970	5345.2189	0	0
fresh-base-14-conventional-d800	14	conventional	1160	ce1947	1.5856	0.8446	1.9375	1.1875	11731.1898	11428.8833	0	0
fresh-base-14-conventional-d800	14	conventional	1160	ce1950	3.0776	1.0861	3.8125	1.8125	24498.0936	24212.0957	0	0
fresh-base-14-conventional-d800	14	conventional	1160	ce1951	2.0959	1.5351	2.8125	2.2500	23886.6918	23831.5116	0	0
fresh-base-14-conventional-d800	14	conventional	1160	ce1952	1.3678	0.5639	2.0000	1.1875	21071.7084	20786.5089	0	0
fresh-base-14-conventional-d800	14	conventional	1160	ce1953	2.6761	0.9357	3.4375	1.6875	25378.6380	25061.6471	0	0
fresh-base-14-conventional-d800	14	conventional	1160	ce1954	1.8442	1.0296	2.5000	1.6875	21860.6900	21928.9566	0	0
fresh-base-14-conventional-d800	14	conventional	1160	ce1955	2.4836	1.1767	3.0625	1.7500	19296.4161	19108.6054	0	0
fresh-base-14-conventional-d800	14	conventional	1160	ce1959	0.6702	0.1036	1.0000	0.4375	10994.5442	11130.9137	0	0
fresh-base-14-conventional-d800	14	conventional	1160	ce1961	2.0887	1.3274	2.7500	2.0000	22043.7809	22421.6069	0	0
fresh-base-14-conventional-d800	14	conventional	1160	ce1963	2.9195	1.0506	3.5000	1.6250	19349.6015	19147.0825	0	0
fresh-base-14-conventional-d800	14	conventional	1160	ce1964	0.2007	0.3089	0.4375	0.5625	7891.8248	8452.6842	0	0
fresh-base-14-conventional-d800	14	conventional	1160	ce1965	2.3792	1.2067	3.1250	1.9375	24861.2624	24359.6582	0	0
fresh-base-14-conventional-d800	14	conventional	1160	ce1966	0.8322	0.4588	1.4375	1.0625	20177.0949	20122.7763	0	0
fresh-base-14-conventional-d800	14	conventional	1160	ce1968	1.7774	0.5153	2.3125	1.0625	17835.7213	18238.6187	0	0
fresh-base-14-conventional-d800	14	conventional	1160	ce1969	3.7047	1.2722	4.3125	1.8750	20260.0472	20094.3220	0	0
fresh-base-14-conventional-d800	14	conventional	1160	ce1970	0.7542	0.5759	1.4375	1.2500	22775.5397	22469.5861	0	0
fresh-base-14-conventional-d800	14	conventional	1160	ce1971	2.1154	1.2492	2.6875	1.8125	19068.4082	18775.4486	0	0
fresh-base-14-conventional-d800	14	conventional	1160	ce1972	2.2311	0.9804	2.6875	1.4375	15214.3051	15236.6466	0	0
fresh-base-14-conventional-d800	14	conventional	1160	ce1974	2.0470	0.6805	2.5625	1.1875	17183.8616	16899.3219	0	0
fresh-base-14-conventional-d800	14	conventional	1160	ce1975	1.2054	0.7688	1.9375	1.5000	24403.4854	24373.3847	0	0
fresh-base-14-conventional-d800	14	conventional	1160	ce1976	2.2241	0.4244	2.9375	1.1250	23778.4081	23353.6329	0	0
fresh-base-14-conventional-d800	14	conventional	1160	ce1977	2.7112	1.5865	3.3125	2.1875	20043.3373	20032.6200	0	0
fresh-base-14-conventional-d800	14	conventional	1160	ce1979	1.7367	0.4914	2.2500	1.0000	17110.9500	16953.7194	0	0
fresh-base-14-conventional-d800	14	conventional	1160	ce1981	2.5983	1.6754	2.9375	2.0000	11306.8858	10819.7298	0	1
fresh-base-14-conventional-d800	14	conventional	1160	ce1988	2.4208	1.9128	3.0625	2.5625	21391.1001	21655.8446	0	0
fresh-base-14-conventional-d800	14	conventional	1160	ce1989	3.1377	1.2629	3.8750	2.0000	24575.3945	24570.8589	0	0
fresh-base-14-conventional-d800	14	conventional	1160	ce1990	3.0393	1.4213	3.6250	2.0000	19523.4111	19289.4907	0	0
fresh-base-14-conventional-d800	14	conventional	1160	ce1991	1.3017	0.9781	1.9375	1.6250	21192.3570	21562.3909	0	0
fresh-base-14-conventional-d800	14	conventional	1160	ce1992	2.7449	0.9327	3.3750	1.5625	21003.1775	20994.0600	0	0
fresh-base-14-conventional-d800	14	conventional	1160	ce1993	2.7454	1.1254	3.4375	1.8125	23070.9648	22902.3037	0	0
fresh-base-14-conventional-d800	14	conventional	1160	ce1996	1.8323	1.2045	2.5000	1.8750	22256.0616	22351.0270	0	0
fresh-base-14-conventional-d800	14	conventional	1160	ce1997	2.3428	1.6160	2.7500	2.0000	13572.8029	12799.9766	0	0
fresh-base-14-conventional-d800	14	conventional	1160	ce2001	1.4338	0.8721	2.1250	1.5625	23041.4416	23014.9115	0	0
fresh-base-14-conventional-d800	14	conventional	1160	ce2002	1.3689	0.9965	2.0625	1.6875	23119.2291	23033.0498	0	0
fresh-base-14-conventional-d800	14	conventional	1160	ce2003	1.2560	0.8767	1.8750	1.5000	20632.4350	20776.1393	0	0
fresh-base-14-conventional-d800	14	conventional	1160	ce2005	2.2306	1.4177	2.8750	2.0625	21480.8003	21493.0003	0	0
fresh-base-14-conventional-d800	14	conventional	1160	ce2006	2.2242	1.6000	2.8125	2.1875	19611.1233	19582.1561	0	0
fresh-base-14-conventional-d800	14	conventional	1160	ce2010	2.2468	0.9328	2.8750	1.5625	20941.1151	20990.7234	0	0
fresh-base-14-conventional-d800	14	conventional	1160	ce2011	2.5800	1.3355	3.2500	2.0000	22331.6861	22149.3372	0	0
fresh-base-14-conventional-d800	14	conventional	1160	ce2012	1.1940	1.1947	1.5000	1.5000	10198.9193	10177.2807	0	0
fresh-base-14-conventional-d800	14	conventional	1160	ce2013	1.5917	0.8833	2.1250	1.4375	17775.1744	18473.5182	0	0
fresh-base-14-conventional-d800	14	conventional	1160	ce2014	1.9570	0.4088	2.5000	0.9375	18098.8551	17624.6976	0	0
fresh-base-14-conventional-d800	14	conventional	1160	ce2015	2.0152	0.9237	2.6875	1.5625	22410.6523	21292.4334	0	1
fresh-base-14-conventional-d800	14	conventional	1160	ce2016	1.7953	1.0506	2.5000	1.7500	23490.0924	23313.4830	0	0
fresh-base-14-conventional-d800	14	conventional	1160	ce2017	1.6992	1.3880	2.3750	2.0625	22526.9619	22484.1384	0	0
fresh-base-14-conventional-d800	14	conventional	1160	ce2018	1.7266	0.5537	2.5000	1.3125	25781.3685	25292.8680	0	0
fresh-base-14-conventional-d800	14	conventional	1160	ce2019	2.1867	1.3800	2.7500	1.9375	18776.6115	18582.2244	0	0
