# garden fresh-cull20-26-conventional-d400 seed 26 conventional season 760 n=60 J=16 worlds=0..15 run=/tmp/rbt107-h1/cull20-26 work_cost=0.03 (107 s, workers 4)
fresh-cull20-26-conventional-d400	26	conventional	760	ce1469	1.2182	1.1537	1.9375	1.8750	23976.0424	24042.3008	0	0
fresh-cull20-26-conventional-d400	26	conventional	760	ce1472	1.8247	1.0804	2.3125	1.5625	16258.7524	16068.3494	0	0
fresh-cull20-26-conventional-d400	26	conventional	760	ce1474	1.3000	1.3020	1.8125	1.8125	17082.7411	17015.8378	0	0
fresh-cull20-26-conventional-d400	26	conventional	760	ce1476	2.8224	1.0717	3.4375	1.6875	20504.1273	20525.5128	0	0
fresh-cull20-26-conventional-d400	26	conventional	760	ce1477	1.7267	0.7506	2.4375	1.4375	23694.4732	22896.5892	0	0
fresh-cull20-26-conventional-d400	26	conventional	760	ce1480	0.7181	0.5807	1.3125	1.1875	19813.3546	20227.2394	0	0
fresh-cull20-26-conventional-d400	26	conventional	760	ce1482	1.3296	0.2684	2.0000	0.9375	22346.7710	22304.9552	0	0
fresh-cull20-26-conventional-d400	26	conventional	760	ce1485	3.7136	1.5340	4.1875	2.0000	15797.9304	15534.5698	0	0
fresh-cull20-26-conventional-d400	26	conventional	760	ce1486	2.3075	0.6755	2.9375	1.2500	20999.5280	19149.9873	0	0
fresh-cull20-26-conventional-d400	26	conventional	760	ce1490	0.6043	0.6696	1.1250	1.1875	17358.2121	17264.5944	0	0
fresh-cull20-26-conventional-d400	26	conventional	760	ce1491	2.0812	1.0781	2.6875	1.6875	20211.6191	20312.5619	0	0
fresh-cull20-26-conventional-d400	26	conventional	760	ce1492	2.0965	1.0086	2.3750	1.2500	9283.9116	8046.8629	0	0
fresh-cull20-26-conventional-d400	26	conventional	760	ce1494	3.5592	1.1859	4.1875	1.8125	20943.0931	20885.7309	0	0
fresh-cull20-26-conventional-d400	26	conventional	760	ce1497	0.9507	0.3230	1.3125	0.6875	12059.7427	12148.4031	0	0
fresh-cull20-26-conventional-d400	26	conventional	760	ce1498	1.0223	1.5202	1.5625	2.0625	18006.6596	18075.2134	0	0
fresh-cull20-26-conventional-d400	26	conventional	760	ce1499	3.1407	1.2221	3.7500	1.8125	20311.2192	19680.4559	0	0
fresh-cull20-26-conventional-d400	26	conventional	760	ce1500	3.2234	1.2181	3.7500	1.7500	17553.1192	17730.5535	0	0
fresh-cull20-26-conventional-d400	26	conventional	760	ce1501	1.1323	0.7440	1.5625	1.1875	14340.6643	14782.1614	0	0
fresh-cull20-26-conventional-d400	26	conventional	760	ce1503	2.2947	0.7857	2.8750	1.3750	19342.8416	19641.7602	0	0
fresh-cull20-26-conventional-d400	26	conventional	760	ce1510	2.9048	0.8413	3.4375	1.3750	17755.8608	17789.5600	0	0
fresh-cull20-26-conventional-d400	26	conventional	760	ce1513	1.9624	1.3941	2.3750	1.8125	13753.9342	13946.5473	0	0
fresh-cull20-26-conventional-d400	26	conventional	760	ce1514	1.5630	0.6099	2.1250	1.1875	18734.1820	19254.1446	0	0
fresh-cull20-26-conventional-d400	26	conventional	760	ce1516	2.6895	1.1920	3.3125	1.8125	20767.4745	20681.9952	0	0
fresh-cull20-26-conventional-d400	26	conventional	760	ce1518	0.9810	0.5390	1.5000	1.0625	17299.8584	17449.7436	0	0
fresh-cull20-26-conventional-d400	26	conventional	760	ce1519	2.4567	1.1052	3.0625	1.6875	20193.7365	19408.9639	0	0
fresh-cull20-26-conventional-d400	26	conventional	760	ce1520	0.6123	0.2987	1.0625	0.7500	15006.5410	15044.0756	0	0
fresh-cull20-26-conventional-d400	26	conventional	760	ce1521	1.7372	0.6058	2.3125	1.1875	19176.9339	19388.5022	0	0
fresh-cull20-26-conventional-d400	26	conventional	760	ce1523	3.2608	0.7840	3.6875	1.1875	14224.1669	13448.9049	0	0
fresh-cull20-26-conventional-d400	26	conventional	760	ce1524	2.6031	1.4226	3.1875	2.0000	19479.7667	19247.5928	0	0
fresh-cull20-26-conventional-d400	26	conventional	760	ce1525	0.8963	0.5258	1.4375	1.0625	18041.3738	17888.3677	0	0
fresh-cull20-26-conventional-d400	26	conventional	760	ce1528	2.1078	1.3520	2.6250	1.8750	17239.0904	17433.8458	0	0
fresh-cull20-26-conventional-d400	26	conventional	760	ce1529	1.7141	0.8189	2.2500	1.3750	17864.2468	18537.1099	0	0
fresh-cull20-26-conventional-d400	26	conventional	760	ce1530	2.3046	0.5336	2.8750	1.1250	19013.5557	19713.2237	0	0
fresh-cull20-26-conventional-d400	26	conventional	760	ce1531	2.6356	1.4512	3.3750	2.1875	24647.5665	24541.8364	0	0
fresh-cull20-26-conventional-d400	26	conventional	760	ce1536	2.1462	1.3388	2.8125	2.0000	22210.1680	22038.9862	0	0
fresh-cull20-26-conventional-d400	26	conventional	760	ce1537	1.8428	1.0346	2.3750	1.5625	17741.2513	17597.5724	0	0
fresh-cull20-26-conventional-d400	26	conventional	760	ce1539	0.1772	0.1122	0.8750	0.8125	23261.5548	23342.9428	0	0
fresh-cull20-26-conventional-d400	26	conventional	760	ce1540	2.0875	1.2149	2.7500	1.8750	22082.1957	22004.9962	0	0
fresh-cull20-26-conventional-d400	26	conventional	760	ce1541	1.8909	0.9513	2.4375	1.5000	18220.7447	18290.0654	0	0
fresh-cull20-26-conventional-d400	26	conventional	760	ce1542	2.0834	0.7040	2.6250	1.2500	18052.3884	18201.6345	0	0
fresh-cull20-26-conventional-d400	26	conventional	760	ce1544	2.8889	1.1251	3.6250	1.8125	24536.4183	22913.5369	0	1
fresh-cull20-26-conventional-d400	26	conventional	760	ce1545	1.7727	1.4776	2.3750	2.0625	20077.9892	19495.5369	0	0
fresh-cull20-26-conventional-d400	26	conventional	760	ce1547	2.9274	1.8582	3.5625	2.5000	21170.9740	21394.4896	0	0
fresh-cull20-26-conventional-d400	26	conventional	760	ce1548	2.6327	0.7996	3.1250	1.2500	16411.6153	15013.9104	0	1
fresh-cull20-26-conventional-d400	26	conventional	760	ce1549	3.0211	1.2052	3.5000	1.6875	15964.8213	16078.3041	0	0
fresh-cull20-26-conventional-d400	26	conventional	760	ce1551	1.8311	0.7754	2.3125	1.2500	16046.1515	15820.1662	0	0
fresh-cull20-26-conventional-d400	26	conventional	760	ce1553	2.6852	0.5646	3.1875	1.0625	16744.4299	16596.7923	0	0
fresh-cull20-26-conventional-d400	26	conventional	760	ce1557	0.8550	0.2342	1.5625	0.9375	23582.7237	23442.0027	0	0
fresh-cull20-26-conventional-d400	26	conventional	760	ce1559	1.8253	0.7816	2.3750	1.3125	18323.9633	17698.2409	0	0
fresh-cull20-26-conventional-d400	26	conventional	760	ce1561	1.2864	0.9135	1.8750	1.5000	19619.3906	19551.2006	0	0
fresh-cull20-26-conventional-d400	26	conventional	760	ce1562	1.0972	1.0983	1.6875	1.6875	19675.4917	19640.5367	0	0
fresh-cull20-26-conventional-d400	26	conventional	760	ce1563	1.2171	0.6572	1.8750	1.3125	21928.8052	21843.8642	0	0
fresh-cull20-26-conventional-d400	26	conventional	760	ce1564	1.4955	0.8139	1.9375	1.2500	14734.8178	14535.5739	0	0
fresh-cull20-26-conventional-d400	26	conventional	760	ce1565	1.1678	1.0990	1.7500	1.6875	19406.0445	19616.2343	0	0
fresh-cull20-26-conventional-d400	26	conventional	760	ce1566	0.6807	0.3647	1.1875	0.8750	16893.2877	17009.3912	0	0
fresh-cull20-26-conventional-d400	26	conventional	760	ce1567	0.4031	-0.0362	1.0625	0.6250	21980.3700	22038.9078	0	0
fresh-cull20-26-conventional-d400	26	conventional	760	ce1569	1.0294	0.5293	1.5625	1.0625	17768.4034	17774.4937	0	0
fresh-cull20-26-conventional-d400	26	conventional	760	ce1570	0.2917	0.4614	0.5000	0.6875	6944.2222	7537.5185	0	0
fresh-cull20-26-conventional-d400	26	conventional	760	ce1571	1.9911	0.4986	2.6875	1.1875	23213.3598	22964.9651	0	0
fresh-cull20-26-conventional-d400	26	conventional	760	ce1572	-0.1839	-0.2324	0.6250	0.5625	26964.3467	26497.7331	0	0
