# garden fresh-cull20-14-holistic-d110 seed 14 holistic season 470 n=60 J=16 worlds=0..15 run=/tmp/rbt107-hrep/cull20-14 work_cost=0.03 (155 s, workers 4)
fresh-cull20-14-holistic-d110	14	holistic	470	he712	2.1604	1.9079	2.2500	2.0000	2988.2872	3071.2254	0	0
fresh-cull20-14-holistic-d110	14	holistic	470	he713	0.6178	0.8096	0.8750	1.0625	8571.9173	8430.3659	0	0
fresh-cull20-14-holistic-d110	14	holistic	470	he714	0.6760	0.6109	0.8125	0.7500	4550.7932	4637.6613	0	0
fresh-cull20-14-holistic-d110	14	holistic	470	he715	1.4571	1.3289	1.6875	1.5625	7680.6268	7787.2858	0	0
fresh-cull20-14-holistic-d110	14	holistic	470	he716	0.3227	0.2610	0.3750	0.3125	1741.9440	1717.6157	0	0
fresh-cull20-14-holistic-d110	14	holistic	470	he719	1.5168	1.8910	1.6875	2.0625	5689.8184	5718.3208	0	0
fresh-cull20-14-holistic-d110	14	holistic	470	he720	1.8646	1.1188	2.2500	1.5000	12847.1443	12705.7167	0	0
fresh-cull20-14-holistic-d110	14	holistic	470	he722	1.6781	1.3707	1.8750	1.5625	6562.4594	6391.8858	0	0
fresh-cull20-14-holistic-d110	14	holistic	470	he723	1.2284	1.2256	1.8125	1.8125	19470.9699	19563.8417	0	0
fresh-cull20-14-holistic-d110	14	holistic	470	he724	1.5033	1.7531	1.8750	2.1250	12389.9236	12395.9810	0	0
fresh-cull20-14-holistic-d110	14	holistic	470	he725	2.2681	1.8315	2.3750	1.9375	3562.8537	3533.3638	0	0
fresh-cull20-14-holistic-d110	14	holistic	470	he726	1.0503	1.0530	1.1875	1.1875	4573.0618	4484.3606	0	0
fresh-cull20-14-holistic-d110	14	holistic	470	he728	0.5193	1.0814	0.7500	1.3125	7689.9498	7704.6114	0	0
fresh-cull20-14-holistic-d110	14	holistic	470	he729	2.0145	1.4481	2.2500	1.6875	7849.4415	7978.7629	0	0
fresh-cull20-14-holistic-d110	14	holistic	470	he730	0.9193	0.8593	1.0000	0.9375	2688.4724	2608.2914	0	0
fresh-cull20-14-holistic-d110	14	holistic	470	he731	0.8728	0.8745	1.0000	1.0000	4239.3878	4182.7458	0	0
fresh-cull20-14-holistic-d110	14	holistic	470	he732	1.6265	1.8151	1.7500	1.9375	4116.1080	4079.2885	0	0
fresh-cull20-14-holistic-d110	14	holistic	470	he733	0.9959	0.8705	1.1250	1.0000	4302.9348	4317.6315	0	0
fresh-cull20-14-holistic-d110	14	holistic	470	he736	1.8411	1.4706	2.0000	1.6250	5296.8356	5148.1245	0	0
fresh-cull20-14-holistic-d110	14	holistic	470	he738	1.9541	1.3936	2.0625	1.5000	3612.8940	3546.6941	0	0
fresh-cull20-14-holistic-d110	14	holistic	470	he739	2.6415	1.5826	2.9375	1.8750	9867.4623	9745.0717	0	0
fresh-cull20-14-holistic-d110	14	holistic	470	he740	0.6467	0.8365	0.7500	0.9375	3444.7616	3366.7667	0	0
fresh-cull20-14-holistic-d110	14	holistic	470	he741	1.8979	1.0804	2.2500	1.4375	11737.5981	11903.3713	0	0
fresh-cull20-14-holistic-d110	14	holistic	470	he742	0.6132	0.4828	1.0000	0.8750	12892.3289	13072.9592	0	0
fresh-cull20-14-holistic-d110	14	holistic	470	he743	1.3009	0.7392	1.5625	1.0000	8721.2775	8693.1384	0	0
fresh-cull20-14-holistic-d110	14	holistic	470	he744	1.1412	0.7233	1.4375	1.0000	9878.2492	9223.4996	0	1
fresh-cull20-14-holistic-d110	14	holistic	470	he745	1.5735	0.8743	2.1250	1.4375	18384.7796	18774.3334	0	0
fresh-cull20-14-holistic-d110	14	holistic	470	he747	1.4036	1.2759	1.5625	1.4375	5295.7377	5385.1247	0	0
fresh-cull20-14-holistic-d110	14	holistic	470	he748	1.6397	1.6989	1.7500	1.8125	3676.0411	3785.3179	0	0
fresh-cull20-14-holistic-d110	14	holistic	470	he749	0.6081	0.6082	0.6875	0.6875	2647.0336	2643.3534	0	0
fresh-cull20-14-holistic-d110	14	holistic	470	he750	1.6616	1.1026	1.8750	1.3125	7114.7311	6996.0580	0	0
fresh-cull20-14-holistic-d110	14	holistic	470	he751	1.0927	0.8436	1.3750	1.1250	9411.5793	9379.2438	0	0
fresh-cull20-14-holistic-d110	14	holistic	470	he752	1.3882	1.4493	1.5000	1.5625	3727.8927	3773.5518	0	0
fresh-cull20-14-holistic-d110	14	holistic	470	he757	0.7116	1.2065	0.9375	1.4375	7528.6929	7700.4896	0	0
fresh-cull20-14-holistic-d110	14	holistic	470	he758	1.5589	1.9336	1.6875	2.0625	4286.8089	4295.0314	0	0
fresh-cull20-14-holistic-d110	14	holistic	470	he759	1.4590	2.0888	1.5625	2.1875	3448.6151	3289.3433	0	0
fresh-cull20-14-holistic-d110	14	holistic	470	he760	2.5117	1.6415	2.6250	1.7500	3777.8429	3616.8247	0	0
fresh-cull20-14-holistic-d110	14	holistic	470	he762	1.7209	1.6076	1.8125	1.6875	3054.7299	2663.4144	0	0
fresh-cull20-14-holistic-d110	14	holistic	470	he763	1.8368	1.2737	2.0625	1.5000	7522.6887	7544.7030	0	0
fresh-cull20-14-holistic-d110	14	holistic	470	he764	0.6183	0.9333	0.8750	1.1875	8557.1809	8472.6467	0	0
fresh-cull20-14-holistic-d110	14	holistic	470	he765	0.6714	0.6709	0.6875	0.6875	537.3845	552.2706	0	0
fresh-cull20-14-holistic-d110	14	holistic	470	he767	0.6607	0.7242	0.8750	0.9375	7143.9613	7109.5408	0	0
fresh-cull20-14-holistic-d110	14	holistic	470	he768	1.1333	1.0731	1.3750	1.3125	8055.4136	7978.8647	0	0
fresh-cull20-14-holistic-d110	14	holistic	470	he769	1.2176	0.9109	1.6250	1.3125	13578.5862	13387.4152	0	0
fresh-cull20-14-holistic-d110	14	holistic	470	he771	1.1478	1.0258	1.4375	1.3125	9655.7933	9555.1445	0	0
fresh-cull20-14-holistic-d110	14	holistic	470	he772	0.9223	0.9241	1.0625	1.0625	4674.8086	4612.6869	0	0
fresh-cull20-14-holistic-d110	14	holistic	470	he773	0.7591	1.4344	1.3750	2.0625	20528.9086	20936.8113	0	0
fresh-cull20-14-holistic-d110	14	holistic	470	he774	0.9631	1.5871	1.5000	2.1250	17895.4203	17930.0503	0	0
fresh-cull20-14-holistic-d110	14	holistic	470	he775	1.5019	1.1275	1.9375	1.5625	14521.4838	14500.9126	0	0
fresh-cull20-14-holistic-d110	14	holistic	470	he777	2.1466	1.4600	2.2500	1.5625	3447.9646	3416.3998	0	0
fresh-cull20-14-holistic-d110	14	holistic	470	he778	1.1214	1.1204	1.1875	1.1875	2204.3082	2237.7555	0	0
fresh-cull20-14-holistic-d110	14	holistic	470	he780	1.4454	1.5728	1.6875	1.8125	8071.2720	7991.4530	0	0
fresh-cull20-14-holistic-d110	14	holistic	470	he781	1.4614	0.9533	1.6875	1.1875	7537.4768	7806.7766	0	0
fresh-cull20-14-holistic-d110	14	holistic	470	he783	1.0827	1.0251	1.3125	1.2500	7660.0331	7495.2005	0	0
fresh-cull20-14-holistic-d110	14	holistic	470	he785	1.3839	1.5093	2.0000	2.1250	20536.7300	20523.2297	0	0
fresh-cull20-14-holistic-d110	14	holistic	470	he786	0.4097	0.5316	0.5000	0.6250	3009.4157	3112.2249	0	0
fresh-cull20-14-holistic-d110	14	holistic	470	he787	1.0569	1.0539	1.3750	1.3750	10603.6910	10702.6357	0	0
fresh-cull20-14-holistic-d110	14	holistic	470	he788	0.0000	0.0000	0.0000	0.0000	0.0000	0.0000	0	0
fresh-cull20-14-holistic-d110	14	holistic	470	he789	1.7251	1.4747	1.8750	1.6250	4995.6862	5008.8812	0	0
fresh-cull20-14-holistic-d110	14	holistic	470	he790	1.6539	1.4673	1.7500	1.5625	3203.2576	3172.6149	0	0
