# garden fresh-base-27-holistic-d600 seed 27 holistic season 960 n=60 J=16 worlds=0..15 run=/tmp/rbt107-h1/base-27 work_cost=0.03 (187 s, workers 4)
fresh-base-27-holistic-d600	27	holistic	960	he1529	1.5754	1.6404	1.8750	1.9375	9986.8329	9903.6118	0	0
fresh-base-27-holistic-d600	27	holistic	960	he1530	1.5271	1.2830	2.0625	1.8125	17845.5648	17649.1885	0	0
fresh-base-27-holistic-d600	27	holistic	960	he1532	0.7046	0.8330	1.0000	1.1250	9847.4995	9733.6003	0	0
fresh-base-27-holistic-d600	27	holistic	960	he1533	0.8354	0.5851	1.1875	0.9375	11737.6803	11747.1240	0	0
fresh-base-27-holistic-d600	27	holistic	960	he1534	1.7692	1.5862	2.0625	1.8750	9776.9656	9627.7193	0	0
fresh-base-27-holistic-d600	27	holistic	960	he1536	1.2937	1.1874	1.6250	1.5625	11042.0004	12502.2634	0	0
fresh-base-27-holistic-d600	27	holistic	960	he1537	2.8925	1.8281	3.0625	2.0000	5667.7223	5728.8573	0	0
fresh-base-27-holistic-d600	27	holistic	960	he1539	0.5251	0.3359	0.5625	0.3750	1245.6620	1302.4428	0	0
fresh-base-27-holistic-d600	27	holistic	960	he1541	1.6334	2.0680	1.8750	2.3125	8051.7636	8149.9825	0	0
fresh-base-27-holistic-d600	27	holistic	960	he1543	1.8583	2.0553	2.1875	2.4375	10972.3334	12739.2845	0	0
fresh-base-27-holistic-d600	27	holistic	960	he1544	0.4610	1.2111	0.7500	1.5000	9634.2531	9630.9151	0	0
fresh-base-27-holistic-d600	27	holistic	960	he1547	1.7243	0.8623	2.0000	1.1250	9188.4112	8756.4786	0	0
fresh-base-27-holistic-d600	27	holistic	960	he1548	4.2668	4.3121	4.7500	4.8125	16108.0721	16679.4020	0	0
fresh-base-27-holistic-d600	27	holistic	960	he1549	0.5632	0.6737	0.6250	0.7500	2061.5793	2544.4107	0	0
fresh-base-27-holistic-d600	27	holistic	960	he1550	1.1529	1.2165	1.5000	1.5625	11571.1885	11532.4106	0	0
fresh-base-27-holistic-d600	27	holistic	960	he1553	0.2480	0.1854	0.2500	0.1875	67.7311	69.9969	0	0
fresh-base-27-holistic-d600	27	holistic	960	he1555	1.8332	1.3278	2.3750	1.8750	18060.9295	18238.6636	0	0
fresh-base-27-holistic-d600	27	holistic	960	he1556	0.8748	0.6240	1.1250	0.8750	8340.7435	8365.2801	0	0
fresh-base-27-holistic-d600	27	holistic	960	he1557	1.3595	1.4205	1.7500	1.8125	13015.8189	13068.1122	0	0
fresh-base-27-holistic-d600	27	holistic	960	he1558	3.2188	2.5253	3.3750	2.6875	5206.0479	5405.1857	0	0
fresh-base-27-holistic-d600	27	holistic	960	he1560	0.6849	1.3958	1.1875	1.8750	16751.8896	15974.0786	0	0
fresh-base-27-holistic-d600	27	holistic	960	he1561	4.2607	3.4559	4.5000	3.6875	7976.4360	7718.9662	0	0
fresh-base-27-holistic-d600	27	holistic	960	he1563	1.0619	0.9419	1.5000	1.3750	14603.5638	14437.5752	0	0
fresh-base-27-holistic-d600	27	holistic	960	he1564	1.2162	0.9073	1.5000	1.1875	9459.0643	9338.5393	0	0
fresh-base-27-holistic-d600	27	holistic	960	he1565	2.8134	3.0062	3.3750	3.5625	18718.4324	18542.9748	0	0
fresh-base-27-holistic-d600	27	holistic	960	he1566	1.2897	1.1144	1.6250	1.4375	11177.1548	10768.4289	0	0
fresh-base-27-holistic-d600	27	holistic	960	he1568	2.2417	1.2392	2.7500	1.7500	16944.7036	17027.5880	0	0
fresh-base-27-holistic-d600	27	holistic	960	he1569	1.9082	1.5423	2.0000	1.6250	3059.6136	2757.9855	0	0
fresh-base-27-holistic-d600	27	holistic	960	he1570	0.8709	0.8961	1.0625	1.0625	6385.8963	5546.5912	0	0
fresh-base-27-holistic-d600	27	holistic	960	he1571	0.2423	0.9383	0.8750	1.5625	21088.6033	20805.1698	0	0
fresh-base-27-holistic-d600	27	holistic	960	he1572	1.9611	1.4027	2.0625	1.5000	3379.3943	3243.8848	0	0
fresh-base-27-holistic-d600	27	holistic	960	he1573	0.4452	0.4455	0.5000	0.5000	1826.0413	1815.7953	0	0
fresh-base-27-holistic-d600	27	holistic	960	he1574	1.4270	1.5539	1.9375	2.0625	17017.7357	16953.8395	0	0
fresh-base-27-holistic-d600	27	holistic	960	he1575	2.5107	2.3513	2.7500	2.5625	7976.1658	7041.0271	0	0
fresh-base-27-holistic-d600	27	holistic	960	he1576	0.9277	1.1192	1.5625	1.7500	21159.0423	21027.4306	0	0
fresh-base-27-holistic-d600	27	holistic	960	he1577	0.5426	0.8554	0.5625	0.8750	663.9232	653.6111	0	0
fresh-base-27-holistic-d600	27	holistic	960	he1578	0.2140	0.1581	0.2500	0.1875	1200.2076	981.3766	0	0
fresh-base-27-holistic-d600	27	holistic	960	he1579	0.1715	0.1715	0.1875	0.1875	533.9027	533.7682	0	0
fresh-base-27-holistic-d600	27	holistic	960	he1580	2.8629	2.7425	3.1250	3.0000	8737.1019	8582.6030	0	0
fresh-base-27-holistic-d600	27	holistic	960	he1581	1.4946	1.7061	2.0000	2.1875	16846.1196	16046.9153	6	3
fresh-base-27-holistic-d600	27	holistic	960	he1582	2.4614	2.2083	2.5625	2.3125	3368.5665	3473.4318	0	0
fresh-base-27-holistic-d600	27	holistic	960	he1583	0.9435	0.8772	1.5000	1.4375	18551.5782	18675.9278	0	0
fresh-base-27-holistic-d600	27	holistic	960	he1584	1.7492	1.4466	2.1250	1.8125	12527.2907	12196.5462	0	0
fresh-base-27-holistic-d600	27	holistic	960	he1585	1.2091	1.0918	1.5000	1.3750	9695.4397	9439.5087	0	0
fresh-base-27-holistic-d600	27	holistic	960	he1588	0.8660	0.6793	0.8750	0.6875	300.7146	274.2091	0	0
fresh-base-27-holistic-d600	27	holistic	960	he1589	1.8717	2.0811	2.3750	2.5625	16776.8127	16047.1215	0	0
fresh-base-27-holistic-d600	27	holistic	960	he1591	2.0645	2.3683	2.2500	2.5625	6184.7092	6472.3647	0	0
fresh-base-27-holistic-d600	27	holistic	960	he1592	1.8502	2.2179	2.0625	2.4375	7075.3792	7321.0514	0	0
fresh-base-27-holistic-d600	27	holistic	960	he1596	1.3984	2.0048	1.9375	2.5625	17971.3725	18589.1400	0	0
fresh-base-27-holistic-d600	27	holistic	960	he1597	2.6016	2.5913	2.8750	2.8750	9112.5250	9456.8734	0	0
fresh-base-27-holistic-d600	27	holistic	960	he1598	0.9575	0.7370	1.1875	0.9375	7665.2279	6683.7052	0	0
fresh-base-27-holistic-d600	27	holistic	960	he1600	1.8255	1.3264	2.1250	1.6250	9984.3644	9954.6320	0	0
fresh-base-27-holistic-d600	27	holistic	960	he1601	2.2566	2.2040	2.5000	2.4375	8113.3527	7781.8461	0	0
fresh-base-27-holistic-d600	27	holistic	960	he1602	0.1192	0.1193	0.1250	0.1250	192.1283	190.8600	0	0
fresh-base-27-holistic-d600	27	holistic	960	he1603	0.3001	0.3031	0.9375	0.9375	21247.4456	21147.0753	0	0
fresh-base-27-holistic-d600	27	holistic	960	he1604	1.0097	0.7625	1.3125	1.0625	10092.1260	10000.0101	0	0
fresh-base-27-holistic-d600	27	holistic	960	he1605	1.3108	1.1863	1.3750	1.2500	2140.4940	2123.4081	0	0
fresh-base-27-holistic-d600	27	holistic	960	he1606	0.1811	0.2436	0.1875	0.2500	214.1420	214.3132	0	0
fresh-base-27-holistic-d600	27	holistic	960	he1607	1.0195	0.8678	1.1875	1.0625	5600.1072	6490.1630	0	0
fresh-base-27-holistic-d600	27	holistic	960	he1608	0.2544	0.2545	0.3125	0.3125	1938.1813	1934.7153	0	0
