# garden fresh-cull20-30-holistic-d800 seed 30 holistic season 1160 n=60 J=16 worlds=0..15 run=/tmp/rbt107-h1/cull20-30 work_cost=0.03 (325 s, workers 4)
fresh-cull20-30-holistic-d800	30	holistic	1160	he1806	1.4473	0.8826	1.5625	1.0000	3840.1386	3912.8318	0	0
fresh-cull20-30-holistic-d800	30	holistic	1160	he1807	1.0182	0.9567	1.0625	1.0000	1476.7350	1442.8977	0	0
fresh-cull20-30-holistic-d800	30	holistic	1160	he1808	0.4890	0.3647	0.5000	0.3750	367.3485	342.8085	0	0
fresh-cull20-30-holistic-d800	30	holistic	1160	he1811	1.6260	2.0472	1.6875	2.1250	2051.5393	2593.4962	0	0
fresh-cull20-30-holistic-d800	30	holistic	1160	he1812	0.8633	1.9221	0.9375	2.0000	2471.7869	2596.1880	0	0
fresh-cull20-30-holistic-d800	30	holistic	1160	he1814	0.8780	1.3802	0.9375	1.4375	1982.2784	1910.5001	0	0
fresh-cull20-30-holistic-d800	30	holistic	1160	he1815	1.0157	0.5940	1.0625	0.6250	1558.7265	1033.2358	0	0
fresh-cull20-30-holistic-d800	30	holistic	1160	he1816	2.5780	1.8927	2.6875	2.0000	3649.5337	3576.2067	0	0
fresh-cull20-30-holistic-d800	30	holistic	1160	he1817	1.3658	1.8594	1.5000	2.0000	4471.7991	4687.9967	0	0
fresh-cull20-30-holistic-d800	30	holistic	1160	he1818	2.4748	2.6074	2.5625	2.6875	2924.4803	2671.5396	0	0
fresh-cull20-30-holistic-d800	30	holistic	1160	he1819	1.0227	0.7103	1.0625	0.7500	1328.1206	1324.7189	0	0
fresh-cull20-30-holistic-d800	30	holistic	1160	he1820	1.6388	1.2020	1.8125	1.3750	5791.5015	5765.0366	0	0
fresh-cull20-30-holistic-d800	30	holistic	1160	he1821	0.8785	0.8170	0.9375	0.8750	1968.0129	1933.5999	0	0
fresh-cull20-30-holistic-d800	30	holistic	1160	he1822	1.9282	1.5538	1.9375	1.5625	309.9703	291.6495	0	0
fresh-cull20-30-holistic-d800	30	holistic	1160	he1823	1.0926	1.0851	1.3125	1.3125	7331.3553	7580.4907	0	0
fresh-cull20-30-holistic-d800	30	holistic	1160	he1824	0.9510	0.8893	1.0625	1.0000	3717.5239	3691.5338	0	0
fresh-cull20-30-holistic-d800	30	holistic	1160	he1825	2.9890	2.9911	3.0625	3.0625	2450.1897	2381.4048	0	0
fresh-cull20-30-holistic-d800	30	holistic	1160	he1826	0.5527	0.6152	0.5625	0.6250	326.4432	327.1087	0	0
fresh-cull20-30-holistic-d800	30	holistic	1160	he1829	1.2072	0.5837	1.2500	0.6250	1426.0739	1377.0827	0	0
fresh-cull20-30-holistic-d800	30	holistic	1160	he1830	0.9953	0.8771	1.0625	0.9375	2238.4865	2012.3401	0	0
fresh-cull20-30-holistic-d800	30	holistic	1160	he1831	1.2973	1.1181	1.4375	1.2500	4674.1139	4396.2898	0	0
fresh-cull20-30-holistic-d800	30	holistic	1160	he1832	0.5745	0.4507	0.6250	0.5000	1682.4624	1644.6356	0	0
fresh-cull20-30-holistic-d800	30	holistic	1160	he1833	1.2598	0.9447	1.3125	1.0000	1758.1745	1843.9441	0	0
fresh-cull20-30-holistic-d800	30	holistic	1160	he1834	1.6028	1.4862	1.6875	1.5625	2822.6896	2543.9872	0	0
fresh-cull20-30-holistic-d800	30	holistic	1160	he1835	1.6210	1.6860	1.6875	1.7500	2215.4334	2134.6840	0	0
fresh-cull20-30-holistic-d800	30	holistic	1160	he1836	1.5631	1.8224	1.6250	1.8750	2061.9792	1752.5835	0	0
fresh-cull20-30-holistic-d800	30	holistic	1160	he1837	1.3704	1.2527	1.5000	1.3750	4319.0333	4077.5152	0	0
fresh-cull20-30-holistic-d800	30	holistic	1160	he1840	1.3478	0.9182	1.4375	1.0000	2990.7733	2725.2580	0	0
fresh-cull20-30-holistic-d800	30	holistic	1160	he1841	0.9098	0.5370	0.9375	0.5625	923.6119	850.4216	0	0
fresh-cull20-30-holistic-d800	30	holistic	1160	he1842	3.7920	2.8016	3.9375	2.9375	4849.2976	4530.0027	0	1
fresh-cull20-30-holistic-d800	30	holistic	1160	he1843	2.1657	1.3740	2.3125	1.5000	4891.8734	4199.7342	0	0
fresh-cull20-30-holistic-d800	30	holistic	1160	he1844	0.2200	0.2132	0.2500	0.2500	999.9658	1225.3783	0	0
fresh-cull20-30-holistic-d800	30	holistic	1160	he1845	0.3093	0.3680	0.4375	0.5000	4273.0320	4400.2488	0	0
fresh-cull20-30-holistic-d800	30	holistic	1160	he1847	3.7976	5.2259	3.9375	5.3750	4664.8186	4970.6556	0	0
fresh-cull20-30-holistic-d800	30	holistic	1160	he1848	0.4750	0.4757	0.5000	0.5000	831.9994	810.7866	0	0
fresh-cull20-30-holistic-d800	30	holistic	1160	he1849	0.7332	0.6740	0.7500	0.6875	561.3489	451.3536	0	0
fresh-cull20-30-holistic-d800	30	holistic	1160	he1850	0.6670	0.4195	0.6875	0.4375	682.1882	600.4081	0	0
fresh-cull20-30-holistic-d800	30	holistic	1160	he1851	0.7104	0.5870	0.7500	0.6250	1318.8516	1265.1644	0	0
fresh-cull20-30-holistic-d800	30	holistic	1160	he1852	1.7966	1.6077	1.8750	1.6875	2612.2051	2658.8196	0	0
fresh-cull20-30-holistic-d800	30	holistic	1160	he1854	0.6716	0.6065	0.6875	0.6250	529.8411	617.1539	0	0
fresh-cull20-30-holistic-d800	30	holistic	1160	he1855	0.8284	1.4477	0.8750	1.5000	1552.1070	1743.4224	0	0
fresh-cull20-30-holistic-d800	30	holistic	1160	he1856	1.8977	1.8634	2.1875	2.1250	9660.3183	8720.0794	0	0
fresh-cull20-30-holistic-d800	30	holistic	1160	he1857	0.6105	0.7981	0.6250	0.8125	482.1335	480.7556	0	0
fresh-cull20-30-holistic-d800	30	holistic	1160	he1858	1.2641	1.4447	1.3125	1.5000	1612.2177	1843.6892	0	0
fresh-cull20-30-holistic-d800	30	holistic	1160	he1859	0.8977	0.8999	0.9375	0.9375	1325.1295	1252.7193	0	0
fresh-cull20-30-holistic-d800	30	holistic	1160	he1861	1.2197	0.9698	1.2500	1.0000	1011.1909	1007.5474	0	0
fresh-cull20-30-holistic-d800	30	holistic	1160	he1862	1.2267	1.4745	1.3125	1.5625	2859.9956	2931.7788	0	0
fresh-cull20-30-holistic-d800	30	holistic	1160	he1863	0.6397	0.6456	0.6875	0.6875	1592.9655	1396.8998	0	0
fresh-cull20-30-holistic-d800	30	holistic	1160	he1864	1.4016	1.5942	1.5625	1.7500	5362.3811	5192.9524	0	0
fresh-cull20-30-holistic-d800	30	holistic	1160	he1865	-0.0056	-0.0700	0.2500	0.1875	8520.2375	8581.8279	0	0
fresh-cull20-30-holistic-d800	30	holistic	1160	he1866	3.4792	3.1087	3.5625	3.1875	2776.1598	2626.6030	0	0
fresh-cull20-30-holistic-d800	30	holistic	1160	he1867	2.2751	2.1492	2.5000	2.3750	7495.8009	7527.3315	1	0
fresh-cull20-30-holistic-d800	30	holistic	1160	he1869	1.4538	1.5786	1.5000	1.6250	1540.4786	1546.5162	0	0
fresh-cull20-30-holistic-d800	30	holistic	1160	he1870	0.6995	0.5029	0.7500	0.5625	1684.1273	1987.8533	0	0
fresh-cull20-30-holistic-d800	30	holistic	1160	he1871	0.2492	0.2491	0.2500	0.2500	26.8750	29.7508	0	0
fresh-cull20-30-holistic-d800	30	holistic	1160	he1872	2.5482	1.9847	2.6250	2.0625	2559.3681	2592.8059	0	0
fresh-cull20-30-holistic-d800	30	holistic	1160	he1873	2.2467	1.6856	2.7500	1.8125	16777.7451	4230.9992	0	0
fresh-cull20-30-holistic-d800	30	holistic	1160	he1874	1.0235	1.2736	1.0625	1.3125	1301.1984	1298.1831	0	0
fresh-cull20-30-holistic-d800	30	holistic	1160	he1875	0.9599	1.0770	1.0000	1.1250	1338.0813	1600.2560	0	0
fresh-cull20-30-holistic-d800	30	holistic	1160	he1876	0.4445	0.3719	0.5000	0.4375	1848.7963	2188.3028	0	0
