# garden fresh-cull20-14-conventional-d600 seed 14 conventional season 960 n=60 J=16 worlds=16..31 run=/tmp/rbt107-h1/cull20-14 work_cost=0.03 (95 s, workers 4)
fresh-cull20-14-conventional-d600	14	conventional	960	ce1589	3.2148	1.7200	3.8125	2.3125	19922.0007	19749.7442	0	0
fresh-cull20-14-conventional-d600	14	conventional	960	ce1590	2.1287	1.4331	2.8125	2.1250	22792.7584	23063.0063	0	0
fresh-cull20-14-conventional-d600	14	conventional	960	ce1591	2.0414	1.4064	2.5000	1.8750	15286.5404	15618.3710	0	0
fresh-cull20-14-conventional-d600	14	conventional	960	ce1594	2.7441	0.6853	3.5000	1.4375	25196.3894	25073.9260	0	0
fresh-cull20-14-conventional-d600	14	conventional	960	ce1595	2.3717	1.3954	2.8750	1.9375	16775.4020	18068.6622	0	0
fresh-cull20-14-conventional-d600	14	conventional	960	ce1597	0.9661	0.9649	1.4375	1.4375	15712.1700	15753.6080	0	0
fresh-cull20-14-conventional-d600	14	conventional	960	ce1598	2.4913	1.1763	3.1875	1.8750	23206.0186	23291.1279	0	0
fresh-cull20-14-conventional-d600	14	conventional	960	ce1600	2.2237	1.2833	3.0000	2.0625	25877.8643	25974.8411	0	0
fresh-cull20-14-conventional-d600	14	conventional	960	ce1601	1.7200	0.9051	2.5000	1.6875	25999.0782	26081.1177	0	0
fresh-cull20-14-conventional-d600	14	conventional	960	ce1602	1.3402	0.5102	2.0000	1.1875	21994.6794	22576.7946	0	0
fresh-cull20-14-conventional-d600	14	conventional	960	ce1603	1.0482	1.1679	1.7500	1.8750	23393.0506	23568.3860	0	0
fresh-cull20-14-conventional-d600	14	conventional	960	ce1605	2.4483	1.7946	3.1250	2.5000	22555.4824	23512.1331	0	0
fresh-cull20-14-conventional-d600	14	conventional	960	ce1606	2.2039	1.3378	2.6250	1.7500	14036.7117	13739.7707	0	1
fresh-cull20-14-conventional-d600	14	conventional	960	ce1607	2.3942	1.2168	3.1250	1.9375	24360.4316	24024.3788	0	0
fresh-cull20-14-conventional-d600	14	conventional	960	ce1608	2.7036	0.6428	3.3750	1.3125	22379.6239	22322.2308	0	0
fresh-cull20-14-conventional-d600	14	conventional	960	ce1609	1.2672	0.9549	2.0000	1.6875	24425.0140	24420.4473	0	0
fresh-cull20-14-conventional-d600	14	conventional	960	ce1610	2.7785	0.8408	3.4375	1.5000	21966.3700	21974.9585	0	0
fresh-cull20-14-conventional-d600	14	conventional	960	ce1613	1.5457	1.4956	2.0625	2.0625	17227.8345	18897.8368	0	0
fresh-cull20-14-conventional-d600	14	conventional	960	ce1614	1.7393	0.8510	2.4375	1.5625	23271.9653	23718.1841	0	0
fresh-cull20-14-conventional-d600	14	conventional	960	ce1615	1.8652	1.2408	2.5625	1.9375	23243.8871	23222.0742	0	0
fresh-cull20-14-conventional-d600	14	conventional	960	ce1616	0.7566	0.9324	1.4375	1.6250	22695.0060	23085.1326	0	0
fresh-cull20-14-conventional-d600	14	conventional	960	ce1617	2.2545	0.6917	2.9375	1.3750	22768.1130	22776.8524	0	0
fresh-cull20-14-conventional-d600	14	conventional	960	ce1618	2.3700	0.9348	3.0625	1.6250	23082.5570	23007.5546	0	0
fresh-cull20-14-conventional-d600	14	conventional	960	ce1619	0.4198	0.8570	1.0625	1.5000	21424.8940	21434.9412	0	0
fresh-cull20-14-conventional-d600	14	conventional	960	ce1620	1.5371	1.5715	2.1875	2.1875	21679.7606	20533.4728	0	1
fresh-cull20-14-conventional-d600	14	conventional	960	ce1621	3.7439	1.4350	4.3125	2.0000	18951.7058	18831.9754	0	0
fresh-cull20-14-conventional-d600	14	conventional	960	ce1623	2.6969	0.7761	3.2500	1.3750	18435.6594	19962.4787	0	0
fresh-cull20-14-conventional-d600	14	conventional	960	ce1624	3.7682	1.7512	4.1875	2.1875	13975.1512	14542.8129	0	0
fresh-cull20-14-conventional-d600	14	conventional	960	ce1627	1.3484	1.1207	2.0625	1.7500	23804.5715	20975.9369	0	2
fresh-cull20-14-conventional-d600	14	conventional	960	ce1628	1.2983	0.6565	1.6875	1.0625	12974.2031	13534.6777	0	0
fresh-cull20-14-conventional-d600	14	conventional	960	ce1629	2.5439	1.3546	3.0625	1.8750	17286.0283	17346.1568	0	0
fresh-cull20-14-conventional-d600	14	conventional	960	ce1630	1.2602	0.6223	2.0000	1.3750	24661.5458	25089.2263	0	0
fresh-cull20-14-conventional-d600	14	conventional	960	ce1631	1.9703	1.7715	2.5625	2.3750	19740.8078	20117.3359	0	0
fresh-cull20-14-conventional-d600	14	conventional	960	ce1632	0.8568	0.4528	1.4375	1.0625	19355.2740	20324.6103	0	0
fresh-cull20-14-conventional-d600	14	conventional	960	ce1633	1.3587	1.7114	2.1250	2.4375	25541.8848	24203.2142	0	0
fresh-cull20-14-conventional-d600	14	conventional	960	ce1634	1.8562	0.6406	2.4375	1.1875	19377.6782	18230.4334	0	0
fresh-cull20-14-conventional-d600	14	conventional	960	ce1635	1.8421	1.1371	2.2500	1.5625	13595.0960	14179.0727	0	0
fresh-cull20-14-conventional-d600	14	conventional	960	ce1637	1.7078	0.8324	2.1875	1.3125	15991.4169	16004.9588	0	0
fresh-cull20-14-conventional-d600	14	conventional	960	ce1638	0.9731	1.0878	1.4375	1.5625	15479.8130	15824.5861	0	0
fresh-cull20-14-conventional-d600	14	conventional	960	ce1641	3.3378	1.7386	3.8125	2.2500	15822.2217	17048.1438	0	0
fresh-cull20-14-conventional-d600	14	conventional	960	ce1642	1.1191	1.1565	1.8125	1.8750	23112.2935	23951.4780	0	0
fresh-cull20-14-conventional-d600	14	conventional	960	ce1643	2.2181	0.5172	3.0000	1.2500	26063.6396	24426.9655	0	1
fresh-cull20-14-conventional-d600	14	conventional	960	ce1645	1.7881	1.1030	2.4375	1.7500	21645.4321	21567.3527	0	0
fresh-cull20-14-conventional-d600	14	conventional	960	ce1646	1.9749	0.9124	2.6250	1.5625	21671.0753	21669.4334	0	0
fresh-cull20-14-conventional-d600	14	conventional	960	ce1648	1.6851	1.0582	2.1875	1.5625	16748.1822	16809.5140	0	0
fresh-cull20-14-conventional-d600	14	conventional	960	ce1649	1.3282	1.0715	2.0000	1.7500	22393.6955	22616.9611	0	0
fresh-cull20-14-conventional-d600	14	conventional	960	ce1652	1.5345	0.7796	2.0000	1.2500	15515.0273	15679.3694	0	0
fresh-cull20-14-conventional-d600	14	conventional	960	ce1653	1.2068	0.3225	1.9375	1.0000	24357.9964	22583.5459	0	0
fresh-cull20-14-conventional-d600	14	conventional	960	ce1655	2.0440	0.6789	2.6250	1.2500	19366.7118	19035.3738	0	0
fresh-cull20-14-conventional-d600	14	conventional	960	ce1657	1.8301	1.2629	2.4375	1.8750	20247.8050	20404.4409	0	0
fresh-cull20-14-conventional-d600	14	conventional	960	ce1659	2.2821	0.5907	2.9375	1.2500	21847.6705	21976.6184	0	0
fresh-cull20-14-conventional-d600	14	conventional	960	ce1660	1.5296	1.1427	2.0625	1.6875	17761.8286	18158.7512	0	0
fresh-cull20-14-conventional-d600	14	conventional	960	ce1661	1.1628	0.5738	1.6250	1.0625	15405.0459	16290.4252	0	0
fresh-cull20-14-conventional-d600	14	conventional	960	ce1663	2.1447	1.1805	2.9375	1.9375	26427.7227	25232.6074	0	0
fresh-cull20-14-conventional-d600	14	conventional	960	ce1664	1.3495	1.4657	2.0625	2.1875	23765.4383	24059.8439	0	0
fresh-cull20-14-conventional-d600	14	conventional	960	ce1665	1.4978	0.6076	2.2500	1.3750	25071.8615	25581.4303	0	0
fresh-cull20-14-conventional-d600	14	conventional	960	ce1666	2.1559	1.4031	2.9375	2.1875	26053.1791	26148.0132	0	0
fresh-cull20-14-conventional-d600	14	conventional	960	ce1667	0.6922	0.8639	1.2500	1.4375	18593.5058	19121.5660	0	0
fresh-cull20-14-conventional-d600	14	conventional	960	ce1668	1.5477	0.5446	2.3125	1.3125	25493.4262	25595.3140	0	0
fresh-cull20-14-conventional-d600	14	conventional	960	ce1669	0.3958	0.1315	0.7500	0.5000	11807.9679	12283.6567	0	0
