# garden fresh-cull20-24-holistic-d800 seed 24 holistic season 1160 n=60 J=16 worlds=0..15 run=/tmp/rbt107-h1/cull20-24 work_cost=0.03 (109 s, workers 4)
fresh-cull20-24-holistic-d800	24	holistic	1160	he1761	1.3093	1.1230	1.6250	1.4375	10523.1055	10482.3698	0	0
fresh-cull20-24-holistic-d800	24	holistic	1160	he1762	0.6865	0.5636	0.7500	0.6250	2115.5781	2046.5535	0	0
fresh-cull20-24-holistic-d800	24	holistic	1160	he1764	1.4217	1.0459	1.5000	1.1250	2610.6036	2635.8258	0	0
fresh-cull20-24-holistic-d800	24	holistic	1160	he1765	1.4764	1.1033	1.5625	1.1875	2869.6313	2805.7722	0	0
fresh-cull20-24-holistic-d800	24	holistic	1160	he1766	1.1443	1.2063	1.3750	1.4375	7690.1781	7706.6607	0	0
fresh-cull20-24-holistic-d800	24	holistic	1160	he1769	1.4741	1.5371	1.6875	1.7500	7113.2586	7097.0734	0	0
fresh-cull20-24-holistic-d800	24	holistic	1160	he1772	1.3083	1.7442	1.4375	1.8750	4307.8053	4359.0541	0	0
fresh-cull20-24-holistic-d800	24	holistic	1160	he1773	1.2108	1.0854	1.3125	1.1875	3389.7890	3403.6913	0	0
fresh-cull20-24-holistic-d800	24	holistic	1160	he1774	0.8419	0.9024	0.9375	1.0000	3187.9343	3252.4451	0	0
fresh-cull20-24-holistic-d800	24	holistic	1160	he1775	0.4449	0.2651	0.6250	0.4375	6002.6147	5746.1943	0	0
fresh-cull20-24-holistic-d800	24	holistic	1160	he1776	0.6100	0.4857	0.6875	0.5625	2582.2839	2559.5903	0	0
fresh-cull20-24-holistic-d800	24	holistic	1160	he1779	1.9459	1.3235	2.0625	1.4375	3885.9117	3800.7436	0	0
fresh-cull20-24-holistic-d800	24	holistic	1160	he1780	1.6946	1.1303	1.9375	1.3750	8097.9683	8158.2218	0	0
fresh-cull20-24-holistic-d800	24	holistic	1160	he1782	1.5527	1.3039	1.7500	1.5000	6576.9296	6535.5192	0	0
fresh-cull20-24-holistic-d800	24	holistic	1160	he1783	2.9228	2.3621	3.1250	2.5625	6739.6531	6679.7842	0	0
fresh-cull20-24-holistic-d800	24	holistic	1160	he1784	0.6052	0.6680	0.6250	0.6875	658.9542	648.3433	0	0
fresh-cull20-24-holistic-d800	24	holistic	1160	he1785	1.4194	0.9323	1.6250	1.1250	6852.7355	6421.8666	0	0
fresh-cull20-24-holistic-d800	24	holistic	1160	he1786	1.4036	1.5916	1.5000	1.6875	3212.0077	3197.3682	0	0
fresh-cull20-24-holistic-d800	24	holistic	1160	he1789	1.1128	0.7375	1.1875	0.8125	2490.7173	2500.9898	0	0
fresh-cull20-24-holistic-d800	24	holistic	1160	he1792	0.8317	0.8319	1.0000	1.0000	5608.5606	5603.6377	0	0
fresh-cull20-24-holistic-d800	24	holistic	1160	he1793	2.2727	1.2723	2.5000	1.5000	7575.6675	7590.7057	0	0
fresh-cull20-24-holistic-d800	24	holistic	1160	he1794	1.6481	1.2214	1.8750	1.4375	7563.6236	7201.7259	0	0
fresh-cull20-24-holistic-d800	24	holistic	1160	he1795	0.5506	0.4302	0.6250	0.5000	2478.3664	2326.9524	0	0
fresh-cull20-24-holistic-d800	24	holistic	1160	he1796	0.7409	0.8643	0.8750	1.0000	4469.4527	4523.2567	0	0
fresh-cull20-24-holistic-d800	24	holistic	1160	he1797	0.7620	0.5747	0.8750	0.6875	3767.9445	3760.0024	0	0
fresh-cull20-24-holistic-d800	24	holistic	1160	he1798	2.0661	1.7547	2.2500	1.9375	6129.7710	6093.2264	0	0
fresh-cull20-24-holistic-d800	24	holistic	1160	he1799	1.1835	0.9348	1.3125	1.0625	4299.9744	4256.9378	0	0
fresh-cull20-24-holistic-d800	24	holistic	1160	he1800	0.1913	0.1915	0.2500	0.2500	1956.1429	1949.8486	0	0
fresh-cull20-24-holistic-d800	24	holistic	1160	he1801	1.5581	1.4300	1.8125	1.6875	8480.5886	8584.7531	0	0
fresh-cull20-24-holistic-d800	24	holistic	1160	he1802	0.5092	0.5741	0.6875	0.7500	5944.4926	5864.5397	0	0
fresh-cull20-24-holistic-d800	24	holistic	1160	he1803	0.3901	0.6184	0.6250	0.8750	7830.3321	8554.8778	0	0
fresh-cull20-24-holistic-d800	24	holistic	1160	he1806	1.8358	1.4613	2.0000	1.6250	5473.5810	5457.7694	0	0
fresh-cull20-24-holistic-d800	24	holistic	1160	he1807	1.0406	0.9135	1.2500	1.1250	6978.4015	7049.7328	0	0
fresh-cull20-24-holistic-d800	24	holistic	1160	he1810	0.7797	0.7847	0.8750	0.8750	3177.5411	3011.4272	0	0
fresh-cull20-24-holistic-d800	24	holistic	1160	he1812	1.8574	1.2320	2.0000	1.3750	4753.7858	4765.7757	0	0
fresh-cull20-24-holistic-d800	24	holistic	1160	he1814	0.3658	0.3051	0.4375	0.3750	2388.5080	2328.7395	0	0
fresh-cull20-24-holistic-d800	24	holistic	1160	he1818	1.4391	1.9447	1.6250	2.1250	6196.0417	6008.8260	0	0
fresh-cull20-24-holistic-d800	24	holistic	1160	he1819	0.7184	0.7166	0.8750	0.8750	5221.6469	5279.9717	0	0
fresh-cull20-24-holistic-d800	24	holistic	1160	he1820	0.9722	0.6640	1.0000	0.6875	925.3867	783.6549	0	0
fresh-cull20-24-holistic-d800	24	holistic	1160	he1823	0.4398	0.2606	0.5625	0.3750	4089.6518	3814.3045	0	0
fresh-cull20-24-holistic-d800	24	holistic	1160	he1824	0.2839	0.2219	0.3125	0.2500	954.5937	936.6777	0	0
fresh-cull20-24-holistic-d800	24	holistic	1160	he1825	0.8267	1.0145	1.0625	1.2500	7861.5424	7848.5204	0	0
fresh-cull20-24-holistic-d800	24	holistic	1160	he1826	0.6965	0.7578	0.9375	1.0000	8034.5437	8072.9058	0	0
fresh-cull20-24-holistic-d800	24	holistic	1160	he1827	1.1044	0.8539	1.1875	0.9375	2769.9760	2786.8246	0	0
fresh-cull20-24-holistic-d800	24	holistic	1160	he1832	1.2640	1.5148	1.5000	1.7500	7865.6520	7840.5803	0	0
fresh-cull20-24-holistic-d800	24	holistic	1160	he1833	1.7945	1.5467	1.8750	1.6250	2682.7749	2608.3637	0	0
fresh-cull20-24-holistic-d800	24	holistic	1160	he1834	0.9646	0.8397	1.0625	0.9375	3262.5729	3259.8286	0	0
fresh-cull20-24-holistic-d800	24	holistic	1160	he1835	1.2701	0.8298	1.5625	1.1250	9746.5653	9838.6563	0	0
fresh-cull20-24-holistic-d800	24	holistic	1160	he1836	0.4137	0.3493	0.6250	0.5625	7043.6992	7106.7812	0	0
fresh-cull20-24-holistic-d800	24	holistic	1160	he1838	0.7682	0.8928	1.0000	1.1250	7726.6807	7740.7386	0	0
fresh-cull20-24-holistic-d800	24	holistic	1160	he1840	0.8922	0.9524	0.9375	1.0000	1510.6878	1585.8792	0	0
fresh-cull20-24-holistic-d800	24	holistic	1160	he1842	0.6103	0.6104	0.6250	0.6250	489.5362	486.6453	0	0
fresh-cull20-24-holistic-d800	24	holistic	1160	he1843	1.5352	1.5975	1.7500	1.8125	7160.9960	7168.2691	0	0
fresh-cull20-24-holistic-d800	24	holistic	1160	he1844	1.1909	0.8693	1.3750	1.0625	6137.8680	6438.7506	0	0
fresh-cull20-24-holistic-d800	24	holistic	1160	he1845	0.9227	1.2327	1.1875	1.5000	8827.1601	8909.7456	0	0
fresh-cull20-24-holistic-d800	24	holistic	1160	he1846	0.9400	1.0049	1.2500	1.3125	10332.3244	10252.9566	0	0
fresh-cull20-24-holistic-d800	24	holistic	1160	he1847	0.6250	0.6252	0.8125	0.8125	6250.3515	6243.4541	0	0
fresh-cull20-24-holistic-d800	24	holistic	1160	he1848	-0.0028	-0.0027	0.0000	0.0000	92.7024	91.3351	0	0
fresh-cull20-24-holistic-d800	24	holistic	1160	he1849	1.8037	1.6106	2.0000	1.8125	6543.6258	6728.6198	0	0
fresh-cull20-24-holistic-d800	24	holistic	1160	he1850	0.0000	0.0000	0.0000	0.0000	0.0000	0.0000	0	0
