# garden fresh-shift-27-holistic-d600 seed 27 holistic season 960 n=60 J=16 worlds=16..31 run=/tmp/rbt107-h1/shift-27 work_cost=0.03 (136 s, workers 4)
fresh-shift-27-holistic-d600	27	holistic	960	he1530	1.1101	0.9253	1.2500	1.0625	4662.1754	4572.0967	0	0
fresh-shift-27-holistic-d600	27	holistic	960	he1531	0.5787	0.5816	0.9375	0.9375	11959.3051	11861.9913	0	0
fresh-shift-27-holistic-d600	27	holistic	960	he1532	0.9295	0.4319	1.6250	1.1250	23184.9829	23103.3570	0	0
fresh-shift-27-holistic-d600	27	holistic	960	he1534	1.8736	1.8061	2.0000	1.9375	4213.7464	4379.7496	0	0
fresh-shift-27-holistic-d600	27	holistic	960	he1535	0.8581	0.7398	1.0000	0.8750	4729.2605	4508.1161	0	0
fresh-shift-27-holistic-d600	27	holistic	960	he1538	1.9597	1.5800	2.0625	1.6875	3426.4689	3584.2834	0	0
fresh-shift-27-holistic-d600	27	holistic	960	he1541	0.7455	0.6330	1.0625	0.9375	10566.4292	10149.5279	0	0
fresh-shift-27-holistic-d600	27	holistic	960	he1542	1.3905	1.1437	1.6250	1.3750	7816.3981	7709.9501	0	0
fresh-shift-27-holistic-d600	27	holistic	960	he1543	1.5962	1.7861	1.9375	2.1250	11377.7635	11295.4626	0	0
fresh-shift-27-holistic-d600	27	holistic	960	he1544	0.4234	0.7989	0.4375	0.8125	471.1687	451.7760	0	0
fresh-shift-27-holistic-d600	27	holistic	960	he1548	0.8361	0.9608	0.9375	1.0625	3379.3283	3391.6434	0	0
fresh-shift-27-holistic-d600	27	holistic	960	he1549	1.4532	1.4530	1.6875	1.6875	7808.4530	7817.9974	0	0
fresh-shift-27-holistic-d600	27	holistic	960	he1551	2.1352	2.2634	2.6875	2.8125	18410.5455	18302.9037	0	0
fresh-shift-27-holistic-d600	27	holistic	960	he1555	0.8656	0.8108	1.0625	1.0000	6562.3317	6305.0082	0	0
fresh-shift-27-holistic-d600	27	holistic	960	he1557	1.7635	1.8260	1.9375	2.0000	5798.6896	5798.7538	0	0
fresh-shift-27-holistic-d600	27	holistic	960	he1559	1.2543	1.1242	1.5625	1.4375	10274.5306	10444.4808	0	0
fresh-shift-27-holistic-d600	27	holistic	960	he1560	1.0868	0.6528	1.7500	1.3125	22105.5118	21988.7109	0	0
fresh-shift-27-holistic-d600	27	holistic	960	he1561	1.3328	1.5222	1.4375	1.6250	3489.6695	3425.4200	0	0
fresh-shift-27-holistic-d600	27	holistic	960	he1563	2.7200	2.4707	2.9375	2.6875	7248.3799	7225.3915	0	0
fresh-shift-27-holistic-d600	27	holistic	960	he1564	1.0295	1.2822	1.2500	1.5000	7350.0911	7260.4945	0	0
fresh-shift-27-holistic-d600	27	holistic	960	he1565	1.1777	0.7998	1.6875	1.3125	16994.4128	17090.7423	0	0
fresh-shift-27-holistic-d600	27	holistic	960	he1569	0.9352	1.3145	1.0625	1.4375	4242.9851	4101.6046	0	0
fresh-shift-27-holistic-d600	27	holistic	960	he1570	1.8314	1.7699	2.0625	2.0000	7704.8668	7671.6523	0	0
fresh-shift-27-holistic-d600	27	holistic	960	he1571	1.1766	0.9270	1.3750	1.1250	6613.8606	6598.8743	0	0
fresh-shift-27-holistic-d600	27	holistic	960	he1572	1.3255	1.5164	1.6250	1.8125	9982.6285	9868.3777	0	0
fresh-shift-27-holistic-d600	27	holistic	960	he1573	2.4592	1.5238	2.6250	1.6875	5527.0614	5455.3052	0	0
fresh-shift-27-holistic-d600	27	holistic	960	he1575	0.8498	0.9079	0.9375	1.0000	2923.9368	3071.2801	0	0
fresh-shift-27-holistic-d600	27	holistic	960	he1576	1.2921	0.7970	1.6875	1.1875	13179.1186	13016.5365	0	0
fresh-shift-27-holistic-d600	27	holistic	960	he1577	1.6017	1.2271	1.8125	1.4375	7028.1419	7013.6452	0	0
fresh-shift-27-holistic-d600	27	holistic	960	he1578	1.6659	1.0525	2.1875	1.5625	17386.2352	16999.0636	0	0
fresh-shift-27-holistic-d600	27	holistic	960	he1579	1.2947	1.2339	1.5000	1.4375	6841.7805	6787.0780	0	0
fresh-shift-27-holistic-d600	27	holistic	960	he1580	2.2774	1.3387	2.5000	1.5625	7421.1685	7459.6760	0	0
fresh-shift-27-holistic-d600	27	holistic	960	he1581	1.8488	1.7208	2.0000	1.8750	5041.3914	5139.4064	0	0
fresh-shift-27-holistic-d600	27	holistic	960	he1583	1.5678	1.2024	1.8125	1.4375	8157.5318	7836.7077	0	0
fresh-shift-27-holistic-d600	27	holistic	960	he1585	1.6195	1.1166	1.8125	1.3125	6432.2934	6528.4970	0	0
fresh-shift-27-holistic-d600	27	holistic	960	he1586	1.2016	0.8294	1.6875	1.3125	16196.6423	16103.2063	0	0
fresh-shift-27-holistic-d600	27	holistic	960	he1589	0.6714	0.4222	0.6875	0.4375	535.8351	508.3830	0	0
fresh-shift-27-holistic-d600	27	holistic	960	he1591	0.1411	0.2651	0.1875	0.3125	1546.6987	1578.6832	0	0
fresh-shift-27-holistic-d600	27	holistic	960	he1593	2.0016	0.9535	2.2500	1.1875	8278.8437	7801.0575	0	0
fresh-shift-27-holistic-d600	27	holistic	960	he1594	0.5870	0.8971	1.2500	1.5625	22099.5374	22179.8775	0	0
fresh-shift-27-holistic-d600	27	holistic	960	he1596	0.7888	0.7219	0.8750	0.8125	2872.4133	3021.0671	0	0
fresh-shift-27-holistic-d600	27	holistic	960	he1598	0.7663	0.5824	1.0000	0.8125	7790.0241	7669.2098	0	0
fresh-shift-27-holistic-d600	27	holistic	960	he1599	-0.0228	-0.0221	0.0000	0.0000	761.4065	737.1631	0	0
fresh-shift-27-holistic-d600	27	holistic	960	he1600	2.2119	2.1590	2.4375	2.3750	7521.0323	7199.8995	0	0
fresh-shift-27-holistic-d600	27	holistic	960	he1601	2.5460	1.9869	2.8125	2.2500	8882.2129	8769.1485	0	0
fresh-shift-27-holistic-d600	27	holistic	960	he1602	1.0201	0.6401	1.5000	1.1250	15997.4490	16164.4164	0	0
fresh-shift-27-holistic-d600	27	holistic	960	he1603	1.5064	1.6960	1.6875	1.8750	6035.1362	5966.2980	0	0
fresh-shift-27-holistic-d600	27	holistic	960	he1604	0.3860	0.3927	0.6875	0.6875	10051.4825	9825.4258	0	0
fresh-shift-27-holistic-d600	27	holistic	960	he1606	0.8915	0.5240	1.3750	1.0000	16115.3442	15867.6337	0	0
fresh-shift-27-holistic-d600	27	holistic	960	he1608	3.0379	2.4151	3.2500	2.6250	7070.3477	6997.7972	0	0
fresh-shift-27-holistic-d600	27	holistic	960	he1610	1.0398	0.7325	1.1250	0.8125	2839.8660	2665.4869	0	0
fresh-shift-27-holistic-d600	27	holistic	960	he1611	0.1906	0.1902	0.3125	0.3125	4063.6547	4077.0054	0	0
fresh-shift-27-holistic-d600	27	holistic	960	he1612	1.3837	1.4475	1.6875	1.7500	10126.2241	10082.6017	0	0
fresh-shift-27-holistic-d600	27	holistic	960	he1613	2.0787	1.5782	2.1875	1.6875	3626.6534	3644.6139	0	0
fresh-shift-27-holistic-d600	27	holistic	960	he1614	-0.0047	-0.0046	0.0000	0.0000	155.4746	153.6824	0	0
fresh-shift-27-holistic-d600	27	holistic	960	he1615	-0.0057	-0.0056	0.0000	0.0000	188.6429	187.8178	0	0
fresh-shift-27-holistic-d600	27	holistic	960	he1616	-0.0027	-0.0026	0.0000	0.0000	88.5213	88.0201	0	0
fresh-shift-27-holistic-d600	27	holistic	960	he1617	1.8751	2.3162	2.1250	2.5625	8331.2100	8209.8382	0	0
fresh-shift-27-holistic-d600	27	holistic	960	he1618	-0.0689	-0.0689	0.0000	0.0000	2296.2099	2295.0153	0	0
fresh-shift-27-holistic-d600	27	holistic	960	he1619	1.6278	1.7602	1.8125	1.9375	6157.1186	5909.8906	0	0
