# garden fresh-shift-19-holistic-d400 seed 19 holistic season 760 n=60 J=16 worlds=16..31 run=/tmp/rbt107-h1/shift-19 work_cost=0.03 (88 s, workers 4)
fresh-shift-19-holistic-d400	19	holistic	760	he1166	2.0359	1.2854	2.3125	1.5625	9219.8038	9235.1915	0	0
fresh-shift-19-holistic-d400	19	holistic	760	he1167	0.7962	0.7309	0.8125	0.7500	542.2961	636.8436	0	0
fresh-shift-19-holistic-d400	19	holistic	760	he1168	2.1304	1.5676	2.4375	1.8750	10235.7835	10247.0044	0	0
fresh-shift-19-holistic-d400	19	holistic	760	he1169	1.2467	1.1867	1.3750	1.3125	4277.4335	4192.5445	0	0
fresh-shift-19-holistic-d400	19	holistic	760	he1171	0.5733	0.1974	0.9375	0.5625	12139.3097	12168.3664	0	0
fresh-shift-19-holistic-d400	19	holistic	760	he1172	1.0202	0.8338	1.1875	1.0000	5575.6079	5540.4785	0	0
fresh-shift-19-holistic-d400	19	holistic	760	he1174	3.2765	3.0971	3.5625	3.3750	9534.6526	9261.8629	0	0
fresh-shift-19-holistic-d400	19	holistic	760	he1175	1.1053	0.7318	1.3125	0.9375	6906.6117	6856.1567	0	0
fresh-shift-19-holistic-d400	19	holistic	760	he1178	0.7925	0.5413	1.0000	0.7500	6915.4417	6955.8528	0	0
fresh-shift-19-holistic-d400	19	holistic	760	he1180	1.0558	1.5567	1.1875	1.6875	4388.5727	4360.3176	0	0
fresh-shift-19-holistic-d400	19	holistic	760	he1181	2.3384	1.3465	2.6250	1.6250	9553.3500	9282.8096	0	0
fresh-shift-19-holistic-d400	19	holistic	760	he1182	0.8165	0.6921	0.8750	0.7500	1948.9962	1930.9349	0	0
fresh-shift-19-holistic-d400	19	holistic	760	he1183	1.5303	1.7730	1.7500	2.0000	7322.1748	7565.7817	0	0
fresh-shift-19-holistic-d400	19	holistic	760	he1185	1.2371	1.1744	1.4375	1.3750	6680.8548	6686.6529	0	0
fresh-shift-19-holistic-d400	19	holistic	760	he1186	2.1385	1.1453	2.3750	1.3750	7882.5152	7657.0998	0	0
fresh-shift-19-holistic-d400	19	holistic	760	he1187	1.8263	1.0272	2.0000	1.1875	5790.7761	5342.1475	0	0
fresh-shift-19-holistic-d400	19	holistic	760	he1189	0.8486	1.1597	1.0000	1.3125	5047.7364	5093.6839	0	0
fresh-shift-19-holistic-d400	19	holistic	760	he1195	1.1210	0.6881	1.3125	0.8750	6381.8872	6229.9937	0	0
fresh-shift-19-holistic-d400	19	holistic	760	he1197	1.0607	0.8736	1.4375	1.2500	12561.4845	12547.9168	0	0
fresh-shift-19-holistic-d400	19	holistic	760	he1198	1.3919	1.1410	1.6875	1.4375	9853.6301	9882.6625	0	0
fresh-shift-19-holistic-d400	19	holistic	760	he1200	1.3441	0.9691	1.6875	1.3125	11445.9015	11446.6770	0	0
fresh-shift-19-holistic-d400	19	holistic	760	he1201	0.8504	0.9136	1.1250	1.1875	9153.1079	9129.9395	0	0
fresh-shift-19-holistic-d400	19	holistic	760	he1202	1.1327	1.0722	1.3125	1.2500	5993.7084	5928.2956	0	0
fresh-shift-19-holistic-d400	19	holistic	760	he1203	0.8353	0.5218	1.0000	0.6875	5488.9413	5522.4739	0	0
fresh-shift-19-holistic-d400	19	holistic	760	he1204	1.3433	1.1555	1.4375	1.2500	3141.5930	3148.6689	0	0
fresh-shift-19-holistic-d400	19	holistic	760	he1205	0.5743	0.4499	0.6250	0.5000	1688.4774	1671.2930	0	0
fresh-shift-19-holistic-d400	19	holistic	760	he1211	0.6694	0.7217	0.7500	0.8125	2685.5315	3026.5679	0	0
fresh-shift-19-holistic-d400	19	holistic	760	he1212	2.4161	2.2938	2.6250	2.5000	6964.7578	6871.8974	0	0
fresh-shift-19-holistic-d400	19	holistic	760	he1213	2.1727	1.8594	2.3750	2.0625	6741.9209	6770.0412	0	0
fresh-shift-19-holistic-d400	19	holistic	760	he1214	0.2932	0.5430	0.7500	1.0000	15228.0570	15234.7166	0	0
fresh-shift-19-holistic-d400	19	holistic	760	he1215	0.8920	1.0194	1.2500	1.3750	11934.0706	11852.2033	0	0
fresh-shift-19-holistic-d400	19	holistic	760	he1219	1.3727	1.1217	1.5625	1.3125	6325.7680	6360.9166	0	0
fresh-shift-19-holistic-d400	19	holistic	760	he1220	0.4331	0.4342	0.6875	0.6875	8479.1905	8442.4305	0	0
fresh-shift-19-holistic-d400	19	holistic	760	he1221	1.1093	0.9868	1.2500	1.1250	4690.9435	4606.4736	0	0
fresh-shift-19-holistic-d400	19	holistic	760	he1222	0.3817	0.6962	0.4375	0.7500	1859.1980	1793.3898	0	0
fresh-shift-19-holistic-d400	19	holistic	760	he1223	1.0978	1.1599	1.3750	1.4375	9239.0341	9253.9551	0	0
fresh-shift-19-holistic-d400	19	holistic	760	he1225	0.1837	0.0624	0.2500	0.1250	2210.0574	2086.8503	0	0
fresh-shift-19-holistic-d400	19	holistic	760	he1226	2.6321	1.9510	2.7500	2.0625	3931.3009	3716.4315	0	0
fresh-shift-19-holistic-d400	19	holistic	760	he1227	1.2763	0.7785	1.4375	0.9375	5374.4182	5299.2311	0	0
fresh-shift-19-holistic-d400	19	holistic	760	he1228	0.8397	0.4015	1.3125	0.8750	15760.0781	15783.7982	0	0
fresh-shift-19-holistic-d400	19	holistic	760	he1229	0.9084	0.9084	0.9375	0.9375	971.5995	969.6445	0	0
fresh-shift-19-holistic-d400	19	holistic	760	he1230	1.5649	1.1908	1.8750	1.5000	10336.4504	10307.5744	0	0
fresh-shift-19-holistic-d400	19	holistic	760	he1231	0.7500	0.8744	0.9375	1.0625	6250.5729	6269.0725	0	0
fresh-shift-19-holistic-d400	19	holistic	760	he1232	1.3257	0.6377	1.8125	1.1250	16226.2331	16243.1787	0	0
fresh-shift-19-holistic-d400	19	holistic	760	he1233	0.5057	0.5633	0.6875	0.7500	6059.2773	6222.0956	0	0
fresh-shift-19-holistic-d400	19	holistic	760	he1234	0.7851	0.4101	0.8125	0.4375	913.2218	914.7351	0	0
fresh-shift-19-holistic-d400	19	holistic	760	he1235	1.4277	1.1043	1.5000	1.1875	2409.3602	2771.9338	0	0
fresh-shift-19-holistic-d400	19	holistic	760	he1236	0.5529	0.5544	0.8125	0.8125	8654.7496	8604.0578	0	0
fresh-shift-19-holistic-d400	19	holistic	760	he1238	0.5222	0.2726	0.6875	0.4375	5509.5049	5495.2487	0	0
fresh-shift-19-holistic-d400	19	holistic	760	he1239	0.8010	0.7359	0.9375	0.8750	4549.4372	4635.0506	0	0
fresh-shift-19-holistic-d400	19	holistic	760	he1241	1.5201	1.3332	1.8750	1.6875	11829.5039	11809.8042	0	0
fresh-shift-19-holistic-d400	19	holistic	760	he1242	1.0928	1.4067	1.3125	1.6250	7324.9363	7277.9337	0	0
fresh-shift-19-holistic-d400	19	holistic	760	he1243	0.9222	1.1722	1.0000	1.2500	2593.5352	2593.0005	0	0
fresh-shift-19-holistic-d400	19	holistic	760	he1244	-0.0000	-0.0000	0.0000	0.0000	0.0464	0.0408	0	0
fresh-shift-19-holistic-d400	19	holistic	760	he1245	1.0001	1.0651	1.3125	1.3750	10412.9312	10328.9702	0	0
fresh-shift-19-holistic-d400	19	holistic	760	he1246	0.1680	0.2289	0.1875	0.2500	649.6702	701.6875	0	0
fresh-shift-19-holistic-d400	19	holistic	760	he1247	-0.0011	-0.0025	0.0000	0.0000	36.4612	81.6828	0	0
fresh-shift-19-holistic-d400	19	holistic	760	he1248	1.1848	1.0610	1.3125	1.1875	4257.9465	4215.4237	0	0
fresh-shift-19-holistic-d400	19	holistic	760	he1249	0.2198	0.2817	0.6250	0.6875	13507.8597	13525.7747	0	0
fresh-shift-19-holistic-d400	19	holistic	760	he1250	0.5287	0.6537	0.5625	0.6875	1127.4384	1127.0090	0	0
