# garden fresh-base-15-holistic-d600 seed 15 holistic season 960 n=60 J=16 worlds=0..15 run=/tmp/rbt107-h1/base-15 work_cost=0.03 (81 s, workers 4)
fresh-base-15-holistic-d600	15	holistic	960	he1539	0.4805	0.5413	0.5000	0.5625	651.2316	707.4086	0	0
fresh-base-15-holistic-d600	15	holistic	960	he1542	1.3465	1.0971	1.5625	1.3125	7201.0134	7178.7568	0	0
fresh-base-15-holistic-d600	15	holistic	960	he1543	1.4718	1.4242	1.5625	1.5000	3023.7575	2526.2604	0	0
fresh-base-15-holistic-d600	15	holistic	960	he1544	3.0069	2.0125	3.0625	2.0625	1851.8286	1667.9822	0	0
fresh-base-15-holistic-d600	15	holistic	960	he1545	0.7389	0.8005	0.7500	0.8125	369.8037	398.5008	0	0
fresh-base-15-holistic-d600	15	holistic	960	he1546	0.1159	0.1769	0.1250	0.1875	302.0463	352.9779	0	0
fresh-base-15-holistic-d600	15	holistic	960	he1548	2.4837	1.9876	2.6250	2.1250	4711.4654	4580.6385	0	0
fresh-base-15-holistic-d600	15	holistic	960	he1549	2.3173	1.7565	2.3750	1.8125	1924.6358	1868.0672	0	0
fresh-base-15-holistic-d600	15	holistic	960	he1550	0.3030	0.4282	0.3125	0.4375	315.5306	309.4551	0	0
fresh-base-15-holistic-d600	15	holistic	960	he1551	1.3721	1.3073	1.4375	1.3750	2179.0909	2256.3075	0	0
fresh-base-15-holistic-d600	15	holistic	960	he1552	1.8939	1.7064	1.9375	1.7500	1454.4264	1454.0681	0	0
fresh-base-15-holistic-d600	15	holistic	960	he1553	1.0993	0.7236	1.3125	0.9375	7105.6546	7129.2222	0	0
fresh-base-15-holistic-d600	15	holistic	960	he1554	1.1084	0.9832	1.1250	1.0000	552.0195	559.2023	0	0
fresh-base-15-holistic-d600	15	holistic	960	he1555	1.0553	0.4321	1.0625	0.4375	238.8697	179.3877	0	0
fresh-base-15-holistic-d600	15	holistic	960	he1557	1.6930	1.4469	1.7500	1.5000	1900.3986	1771.5822	0	0
fresh-base-15-holistic-d600	15	holistic	960	he1558	1.3335	0.9585	1.5000	1.1250	5548.7092	5548.6518	0	0
fresh-base-15-holistic-d600	15	holistic	960	he1561	1.3919	0.8452	1.5000	0.9375	3603.6020	3076.5839	0	0
fresh-base-15-holistic-d600	15	holistic	960	he1562	1.2037	1.0851	1.2500	1.1250	1543.3854	1329.7356	0	0
fresh-base-15-holistic-d600	15	holistic	960	he1565	2.5137	2.0208	2.5625	2.0625	1627.1560	1390.1535	0	0
fresh-base-15-holistic-d600	15	holistic	960	he1566	1.5244	1.1666	1.6250	1.2500	3351.7592	2781.1163	0	0
fresh-base-15-holistic-d600	15	holistic	960	he1567	0.9116	1.1005	1.1250	1.3125	7112.3819	7067.5825	0	0
fresh-base-15-holistic-d600	15	holistic	960	he1570	0.4369	0.6867	0.4375	0.6875	21.6490	25.5870	0	0
fresh-base-15-holistic-d600	15	holistic	960	he1571	1.4495	1.2052	1.5000	1.2500	1682.8275	1494.7933	0	0
fresh-base-15-holistic-d600	15	holistic	960	he1572	1.2589	1.0757	1.3750	1.1875	3870.3926	3726.8216	0	0
fresh-base-15-holistic-d600	15	holistic	960	he1574	2.1661	1.6674	2.2500	1.7500	2795.3628	2751.8170	0	0
fresh-base-15-holistic-d600	15	holistic	960	he1575	2.3876	2.6388	2.5000	2.7500	3747.0182	3706.3159	0	0
fresh-base-15-holistic-d600	15	holistic	960	he1576	1.6155	1.1100	1.7500	1.2500	4483.3364	4665.5760	0	0
fresh-base-15-holistic-d600	15	holistic	960	he1577	0.3445	0.6003	0.3750	0.6250	1017.8377	824.6408	0	0
fresh-base-15-holistic-d600	15	holistic	960	he1578	1.4538	1.2082	1.5000	1.2500	1540.6493	1394.4473	0	0
fresh-base-15-holistic-d600	15	holistic	960	he1579	1.3439	1.0968	1.3750	1.1250	1037.0845	940.0636	0	0
fresh-base-15-holistic-d600	15	holistic	960	he1580	1.3148	0.9492	1.3750	1.0000	2008.1357	1693.5361	0	0
fresh-base-15-holistic-d600	15	holistic	960	he1582	1.2030	1.3896	1.3750	1.5625	5734.5392	5762.4609	0	0
fresh-base-15-holistic-d600	15	holistic	960	he1585	1.9395	1.7556	2.1250	1.9375	6182.7808	6063.9011	0	0
fresh-base-15-holistic-d600	15	holistic	960	he1586	2.8140	2.3863	2.8750	2.4375	2032.8907	1707.2051	0	0
fresh-base-15-holistic-d600	15	holistic	960	he1587	1.9440	2.2589	2.0000	2.3125	1867.9577	1785.9995	0	0
fresh-base-15-holistic-d600	15	holistic	960	he1589	1.3180	0.6943	1.3750	0.7500	1898.6084	1855.0755	0	0
fresh-base-15-holistic-d600	15	holistic	960	he1591	1.9279	1.3682	2.1250	1.5625	6571.4938	6476.3028	0	0
fresh-base-15-holistic-d600	15	holistic	960	he1592	0.5313	0.5317	0.5625	0.5625	1038.9922	1027.6956	0	0
fresh-base-15-holistic-d600	15	holistic	960	he1593	0.2492	0.1866	0.2500	0.1875	27.2255	30.2601	0	0
fresh-base-15-holistic-d600	15	holistic	960	he1596	0.7791	0.7793	0.8125	0.8125	1112.9168	1105.2137	0	0
fresh-base-15-holistic-d600	15	holistic	960	he1597	0.8163	0.6385	0.9375	0.7500	4040.4317	3715.9510	0	0
fresh-base-15-holistic-d600	15	holistic	960	he1598	0.5368	0.6634	0.7500	0.8750	7107.1303	7053.7472	0	0
fresh-base-15-holistic-d600	15	holistic	960	he1600	2.1942	2.0702	2.2500	2.1250	1859.1789	1827.6305	0	0
fresh-base-15-holistic-d600	15	holistic	960	he1601	0.3530	0.3539	0.3750	0.3750	734.0333	704.4025	0	0
fresh-base-15-holistic-d600	15	holistic	960	he1602	-0.0043	0.0583	0.0000	0.0625	143.2833	139.5190	0	0
fresh-base-15-holistic-d600	15	holistic	960	he1603	1.5830	1.2700	1.6875	1.3750	3484.0348	3498.8892	0	0
fresh-base-15-holistic-d600	15	holistic	960	he1604	1.8601	2.2294	1.9375	2.3125	2580.9853	2770.5258	0	0
fresh-base-15-holistic-d600	15	holistic	960	he1606	0.0000	0.0625	0.0000	0.0625	0.0000	0.0000	0	0
fresh-base-15-holistic-d600	15	holistic	960	he1608	0.0625	0.0000	0.0625	0.0000	0.0000	0.0000	0	0
fresh-base-15-holistic-d600	15	holistic	960	he1609	0.0625	0.0000	0.0625	0.0000	0.0000	0.0000	0	0
fresh-base-15-holistic-d600	15	holistic	960	he1610	0.6867	0.8116	0.6875	0.8125	26.0285	28.9731	0	0
fresh-base-15-holistic-d600	15	holistic	960	he1611	2.6065	1.5528	2.7500	1.6875	4782.7684	4490.7641	0	0
fresh-base-15-holistic-d600	15	holistic	960	he1612	1.8918	1.4520	1.9375	1.5000	1522.5166	1599.9358	0	0
fresh-base-15-holistic-d600	15	holistic	960	he1613	2.0616	2.3772	2.1250	2.4375	2114.4229	2009.6407	0	1
fresh-base-15-holistic-d600	15	holistic	960	he1614	0.1471	0.1474	0.3750	0.3750	7595.1565	7587.9743	0	0
fresh-base-15-holistic-d600	15	holistic	960	he1615	1.8209	1.5099	1.8750	1.5625	1803.1733	1752.3015	0	0
fresh-base-15-holistic-d600	15	holistic	960	he1616	1.5553	1.3809	1.6250	1.4375	2323.2130	1885.7492	0	0
fresh-base-15-holistic-d600	15	holistic	960	he1617	0.0000	0.0000	0.0000	0.0000	0.0000	0.0000	0	0
fresh-base-15-holistic-d600	15	holistic	960	he1618	-0.0005	-0.0005	0.0000	0.0000	17.8199	18.0937	0	0
fresh-base-15-holistic-d600	15	holistic	960	he1619	0.5612	0.3112	0.5625	0.3125	41.7109	42.3059	0	0
