# garden fresh-base-15-holistic-d800 seed 15 holistic season 1160 n=60 J=16 worlds=16..31 run=/tmp/rbt107-h1/base-15 work_cost=0.03 (77 s, workers 4)
fresh-base-15-holistic-d800	15	holistic	1160	he1827	1.4022	1.4644	1.5000	1.5625	3261.4836	3268.7082	0	0
fresh-base-15-holistic-d800	15	holistic	1160	he1828	0.2238	0.0352	0.4375	0.2500	7122.9507	7158.7226	0	0
fresh-base-15-holistic-d800	15	holistic	1160	he1829	2.9381	2.5662	3.0625	2.6875	4145.2143	4043.4190	0	0
fresh-base-15-holistic-d800	15	holistic	1160	he1831	0.8127	0.7535	0.8750	0.8125	2075.5950	1966.8691	0	0
fresh-base-15-holistic-d800	15	holistic	1160	he1834	0.4033	0.4024	0.4375	0.4375	1140.5374	1170.7974	0	0
fresh-base-15-holistic-d800	15	holistic	1160	he1838	1.7275	1.3565	1.8125	1.4375	2833.2710	2701.0141	0	0
fresh-base-15-holistic-d800	15	holistic	1160	he1841	0.5404	0.5420	0.5625	0.5625	735.9611	683.9462	0	0
fresh-base-15-holistic-d800	15	holistic	1160	he1843	0.3742	0.3741	0.3750	0.3750	25.2661	30.1648	0	0
fresh-base-15-holistic-d800	15	holistic	1160	he1844	1.2325	0.6979	1.3125	0.7500	2667.2348	1737.8724	0	0
fresh-base-15-holistic-d800	15	holistic	1160	he1845	2.2398	1.0546	2.3125	1.1250	2422.2638	2345.2640	0	0
fresh-base-15-holistic-d800	15	holistic	1160	he1848	1.3357	1.9014	1.4375	2.0000	3393.7334	3288.2196	0	0
fresh-base-15-holistic-d800	15	holistic	1160	he1849	2.0709	1.3883	2.1250	1.4375	1802.4381	1641.3643	0	0
fresh-base-15-holistic-d800	15	holistic	1160	he1850	1.3216	0.6298	1.3750	0.6875	1781.5598	1924.0678	0	0
fresh-base-15-holistic-d800	15	holistic	1160	he1852	0.7965	0.6095	0.8125	0.6250	534.1981	516.1474	0	0
fresh-base-15-holistic-d800	15	holistic	1160	he1853	2.9998	1.8135	3.1875	2.0000	6257.3603	6215.5816	0	0
fresh-base-15-holistic-d800	15	holistic	1160	he1854	1.5262	2.2130	1.6250	2.3125	3292.8240	3318.0649	0	0
fresh-base-15-holistic-d800	15	holistic	1160	he1855	0.1585	0.2826	0.3750	0.5000	7216.0655	7247.5514	0	0
fresh-base-15-holistic-d800	15	holistic	1160	he1856	0.6224	0.7475	0.6875	0.8125	2169.0416	2167.1262	0	0
fresh-base-15-holistic-d800	15	holistic	1160	he1858	0.6170	0.5537	0.6250	0.5625	267.3191	293.4582	0	0
fresh-base-15-holistic-d800	15	holistic	1160	he1859	1.3611	1.7345	1.4375	1.8125	2546.0362	2600.8770	0	0
fresh-base-15-holistic-d800	15	holistic	1160	he1860	1.6334	1.2614	1.6875	1.3125	1804.1095	1701.9655	0	0
fresh-base-15-holistic-d800	15	holistic	1160	he1861	1.4941	0.4967	1.5000	0.5000	196.4179	110.4259	0	0
fresh-base-15-holistic-d800	15	holistic	1160	he1862	1.0620	0.6375	1.1250	0.6875	2099.6473	1665.0763	0	0
fresh-base-15-holistic-d800	15	holistic	1160	he1863	0.9501	0.7327	1.0625	0.8125	3746.3346	2660.2258	0	0
fresh-base-15-holistic-d800	15	holistic	1160	he1865	1.1918	1.3160	1.2500	1.3750	1939.6295	1967.3839	0	0
fresh-base-15-holistic-d800	15	holistic	1160	he1866	1.5527	0.6833	1.5625	0.6875	327.1996	140.9713	0	0
fresh-base-15-holistic-d800	15	holistic	1160	he1867	1.7129	0.7161	1.8125	0.8125	3321.6566	3214.6999	0	0
fresh-base-15-holistic-d800	15	holistic	1160	he1868	3.2148	1.9062	3.3125	2.0000	3255.3848	3126.8140	0	0
fresh-base-15-holistic-d800	15	holistic	1160	he1870	1.1053	1.1679	1.5625	1.6250	15241.3206	15235.4689	0	0
fresh-base-15-holistic-d800	15	holistic	1160	he1872	0.1245	0.3741	0.1250	0.3750	17.8354	29.9725	0	0
fresh-base-15-holistic-d800	15	holistic	1160	he1874	0.9675	1.1529	1.0625	1.2500	3165.5560	3235.4010	0	0
fresh-base-15-holistic-d800	15	holistic	1160	he1877	2.0649	1.3210	2.1250	1.3750	2003.1776	1800.2907	0	0
fresh-base-15-holistic-d800	15	holistic	1160	he1880	2.4145	2.2316	2.5000	2.3125	2849.3416	2696.2423	0	0
fresh-base-15-holistic-d800	15	holistic	1160	he1881	2.2484	0.9438	2.3125	1.0000	2137.5964	1872.6393	0	0
fresh-base-15-holistic-d800	15	holistic	1160	he1882	2.4853	1.6844	2.6250	1.8125	4656.4441	4270.2611	0	0
fresh-base-15-holistic-d800	15	holistic	1160	he1883	1.7989	1.3040	1.8750	1.3750	2536.4290	2366.3872	0	0
fresh-base-15-holistic-d800	15	holistic	1160	he1884	0.6138	0.8603	0.6875	0.9375	2455.8780	2573.7857	0	0
fresh-base-15-holistic-d800	15	holistic	1160	he1885	1.5090	1.2562	1.6250	1.3750	3865.5351	3960.9556	0	0
fresh-base-15-holistic-d800	15	holistic	1160	he1886	1.4465	0.9487	1.5000	1.0000	1784.9411	1708.8575	0	0
fresh-base-15-holistic-d800	15	holistic	1160	he1889	2.7150	1.9030	2.8750	2.0625	5332.3321	5315.7328	0	0
fresh-base-15-holistic-d800	15	holistic	1160	he1890	0.4945	0.4917	0.5000	0.5000	184.1074	275.3253	0	0
fresh-base-15-holistic-d800	15	holistic	1160	he1891	0.7328	0.4818	1.1250	0.8750	13072.9788	13105.3127	0	0
fresh-base-15-holistic-d800	15	holistic	1160	he1892	1.7879	1.5388	1.8750	1.6250	2901.8671	2872.2504	0	0
fresh-base-15-holistic-d800	15	holistic	1160	he1894	0.2492	0.4364	0.2500	0.4375	25.8878	37.2656	0	0
fresh-base-15-holistic-d800	15	holistic	1160	he1896	1.2527	1.6887	1.4375	1.8750	6159.4408	6210.9039	0	0
fresh-base-15-holistic-d800	15	holistic	1160	he1897	1.1094	0.9874	1.2500	1.1250	4687.9064	4586.2607	0	0
fresh-base-15-holistic-d800	15	holistic	1160	he1898	2.4334	1.7523	2.5000	1.8125	2219.8944	2005.8732	0	0
fresh-base-15-holistic-d800	15	holistic	1160	he1899	1.3888	1.5785	1.4375	1.6250	1624.6737	1548.9173	0	0
fresh-base-15-holistic-d800	15	holistic	1160	he1900	0.8702	1.2478	1.0000	1.3750	4326.0366	4238.8659	0	0
fresh-base-15-holistic-d800	15	holistic	1160	he1901	1.3912	1.2061	1.5625	1.3750	5708.6941	5630.2515	0	0
fresh-base-15-holistic-d800	15	holistic	1160	he1902	1.2891	0.9130	1.5000	1.1250	7031.5836	7067.8557	0	0
fresh-base-15-holistic-d800	15	holistic	1160	he1903	1.6275	1.5658	1.6875	1.6250	1998.5663	1974.7082	0	0
fresh-base-15-holistic-d800	15	holistic	1160	he1904	1.6238	1.2472	1.6875	1.3125	2124.9125	2177.7163	0	0
fresh-base-15-holistic-d800	15	holistic	1160	he1905	1.5728	1.6960	1.6875	1.8125	3823.4688	3883.2321	0	0
fresh-base-15-holistic-d800	15	holistic	1160	he1906	0.3747	0.2496	0.3750	0.2500	9.5192	12.0591	0	0
fresh-base-15-holistic-d800	15	holistic	1160	he1907	1.5659	1.3208	1.6250	1.3750	1971.5823	1806.7115	0	0
fresh-base-15-holistic-d800	15	holistic	1160	he1908	2.8952	1.8329	3.0000	1.9375	3493.8234	3487.9594	0	0
fresh-base-15-holistic-d800	15	holistic	1160	he1909	1.8125	1.3053	1.8750	1.3750	2083.5341	2324.6765	0	0
fresh-base-15-holistic-d800	15	holistic	1160	he1910	0.7964	0.7335	0.8125	0.7500	537.2901	549.6808	0	0
fresh-base-15-holistic-d800	15	holistic	1160	he1911	0.5866	0.2782	0.6250	0.3125	1279.6102	1144.7337	0	0
