# garden fresh-base-28-holistic-d600 seed 28 holistic season 960 n=60 J=16 worlds=16..31 run=/tmp/rbt107-h1/base-28 work_cost=0.03 (98 s, workers 4)
fresh-base-28-holistic-d600	28	holistic	960	he1443	2.2020	1.2070	2.5625	1.5625	12017.5628	11848.4374	0	0
fresh-base-28-holistic-d600	28	holistic	960	he1444	1.7761	0.8350	2.4375	1.5000	22047.5380	22165.1967	0	0
fresh-base-28-holistic-d600	28	holistic	960	he1447	0.9817	1.0466	1.2500	1.3125	8943.1660	8863.7706	0	0
fresh-base-28-holistic-d600	28	holistic	960	he1448	0.6992	0.2622	0.8125	0.3750	3777.2964	3760.6374	0	0
fresh-base-28-holistic-d600	28	holistic	960	he1450	1.3918	0.5174	1.5625	0.6875	5691.6514	5669.3199	0	0
fresh-base-28-holistic-d600	28	holistic	960	he1453	0.9085	1.0964	0.9375	1.1250	966.1246	953.3257	0	0
fresh-base-28-holistic-d600	28	holistic	960	he1454	1.6173	1.6177	1.6875	1.6875	2339.6620	2327.7828	0	0
fresh-base-28-holistic-d600	28	holistic	960	he1455	0.5902	0.5896	0.8750	0.8750	9492.7647	9513.0990	0	0
fresh-base-28-holistic-d600	28	holistic	960	he1456	0.6290	0.5730	0.6875	0.6250	1948.9294	1732.6199	0	0
fresh-base-28-holistic-d600	28	holistic	960	he1457	0.8190	0.8194	1.0000	1.0000	6034.5849	6020.6179	0	0
fresh-base-28-holistic-d600	28	holistic	960	he1458	1.0296	1.1030	1.3750	1.4375	11512.0707	11151.0532	0	0
fresh-base-28-holistic-d600	28	holistic	960	he1459	1.6931	1.1921	2.0625	1.5625	12311.8399	12345.2120	0	0
fresh-base-28-holistic-d600	28	holistic	960	he1462	1.8852	2.0125	2.6875	2.8125	26742.0029	26668.1010	0	0
fresh-base-28-holistic-d600	28	holistic	960	he1466	1.1657	0.7876	1.7500	1.3750	19476.1444	19580.0997	0	0
fresh-base-28-holistic-d600	28	holistic	960	he1467	0.8844	1.3258	1.0625	1.5000	5938.3161	5808.3020	0	0
fresh-base-28-holistic-d600	28	holistic	960	he1468	1.2444	0.9949	1.6250	1.3750	12688.2626	12670.1423	0	0
fresh-base-28-holistic-d600	28	holistic	960	he1469	0.9722	0.6606	1.1250	0.8125	5093.7050	5063.0221	0	0
fresh-base-28-holistic-d600	28	holistic	960	he1471	0.7620	1.2023	1.5000	1.9375	24600.1383	24506.3259	0	0
fresh-base-28-holistic-d600	28	holistic	960	he1472	1.6147	1.3669	1.7500	1.5000	4511.3842	4437.8496	0	0
fresh-base-28-holistic-d600	28	holistic	960	he1475	0.9398	0.7528	1.1875	1.0000	8256.7852	8241.0195	0	0
fresh-base-28-holistic-d600	28	holistic	960	he1476	2.2191	1.7881	2.3750	1.9375	5195.7445	4979.5436	0	0
fresh-base-28-holistic-d600	28	holistic	960	he1477	0.9079	0.8469	0.9375	0.8750	985.0759	938.1295	0	0
fresh-base-28-holistic-d600	28	holistic	960	he1480	2.0509	1.5624	2.3125	1.8125	8720.4848	8337.9358	0	0
fresh-base-28-holistic-d600	28	holistic	960	he1481	1.5442	1.4166	1.6250	1.5000	2692.3957	2781.5037	0	0
fresh-base-28-holistic-d600	28	holistic	960	he1482	1.2330	1.1096	1.7500	1.6250	17233.5044	17178.7488	0	0
fresh-base-28-holistic-d600	28	holistic	960	he1484	0.7162	0.8475	0.8750	1.0000	5293.7141	5081.7785	0	0
fresh-base-28-holistic-d600	28	holistic	960	he1485	0.3789	0.6322	0.8750	1.1250	16537.0997	16428.0056	0	0
fresh-base-28-holistic-d600	28	holistic	960	he1487	0.3077	0.2462	0.4375	0.3750	4325.3633	4293.3518	0	0
fresh-base-28-holistic-d600	28	holistic	960	he1488	1.5147	1.3880	1.8750	1.7500	12010.7044	12066.3115	0	0
fresh-base-28-holistic-d600	28	holistic	960	he1489	0.5025	0.6271	0.5625	0.6875	1999.2707	2012.2994	0	0
fresh-base-28-holistic-d600	28	holistic	960	he1491	0.4750	0.2198	0.5625	0.3125	2917.7776	3091.4124	0	0
fresh-base-28-holistic-d600	28	holistic	960	he1492	0.9296	0.8002	1.2500	1.1250	10679.2437	10828.1518	0	0
fresh-base-28-holistic-d600	28	holistic	960	he1494	0.7044	0.5171	0.7500	0.5625	1520.9232	1513.5979	0	0
fresh-base-28-holistic-d600	28	holistic	960	he1495	0.6250	0.5691	0.8125	0.7500	6251.6132	6028.6342	0	0
fresh-base-28-holistic-d600	28	holistic	960	he1497	1.3564	0.8008	1.4375	0.8750	2703.5921	2472.3166	0	0
fresh-base-28-holistic-d600	28	holistic	960	he1498	2.2077	2.0884	2.4375	2.3125	7658.7719	7471.2461	0	0
fresh-base-28-holistic-d600	28	holistic	960	he1499	0.1819	0.1817	0.1875	0.1875	185.4095	193.9716	0	0
fresh-base-28-holistic-d600	28	holistic	960	he1500	1.3154	1.3769	1.5000	1.5625	6154.8893	6188.2415	0	0
fresh-base-28-holistic-d600	28	holistic	960	he1502	0.8557	0.8560	0.8750	0.8750	643.4322	632.1761	0	0
fresh-base-28-holistic-d600	28	holistic	960	he1503	1.9392	1.4390	2.2500	1.7500	10358.7129	10366.1470	0	0
fresh-base-28-holistic-d600	28	holistic	960	he1504	0.9936	0.8039	1.2500	1.0625	8546.0911	8619.6349	0	0
fresh-base-28-holistic-d600	28	holistic	960	he1506	1.1693	1.0437	1.3750	1.2500	6857.8599	6875.5157	0	0
fresh-base-28-holistic-d600	28	holistic	960	he1507	1.5593	1.4591	1.7500	1.6250	6356.5559	5530.4960	0	0
fresh-base-28-holistic-d600	28	holistic	960	he1509	0.5260	0.4996	0.8750	1.0000	11634.1576	16679.7783	5	4
fresh-base-28-holistic-d600	28	holistic	960	he1510	0.3610	0.2966	0.3750	0.3125	465.4565	531.5339	0	0
fresh-base-28-holistic-d600	28	holistic	960	he1511	0.4528	0.8291	0.5625	0.9375	3655.2760	3613.2897	0	0
fresh-base-28-holistic-d600	28	holistic	960	he1512	1.4749	1.1627	1.7500	1.4375	9168.9282	9161.2882	0	0
fresh-base-28-holistic-d600	28	holistic	960	he1513	0.1882	0.3151	0.2500	0.3750	2058.8221	1995.7989	0	0
fresh-base-28-holistic-d600	28	holistic	960	he1514	0.6456	0.6414	1.0000	1.0000	11813.3366	11953.7218	0	0
fresh-base-28-holistic-d600	28	holistic	960	he1515	0.6936	0.6217	0.8125	0.7500	3963.0251	4277.1800	0	0
fresh-base-28-holistic-d600	28	holistic	960	he1516	0.8168	0.7600	1.4375	1.3750	20691.3715	20499.9625	0	0
fresh-base-28-holistic-d600	28	holistic	960	he1517	2.8596	2.1968	3.2500	2.5625	13012.0831	12191.3497	0	0
fresh-base-28-holistic-d600	28	holistic	960	he1518	1.5972	1.4748	1.7500	1.6250	5093.3128	5005.1327	0	0
fresh-base-28-holistic-d600	28	holistic	960	he1519	0.5273	0.4023	0.5625	0.4375	1172.3940	1174.6471	0	0
fresh-base-28-holistic-d600	28	holistic	960	he1521	1.3130	1.1887	1.3750	1.2500	2068.0409	2043.3186	0	0
fresh-base-28-holistic-d600	28	holistic	960	he1522	0.5420	0.2297	0.5625	0.2500	684.1287	675.1661	0	0
fresh-base-28-holistic-d600	28	holistic	960	he1523	0.5609	1.3097	0.7500	1.5000	6304.3536	6343.4994	0	0
fresh-base-28-holistic-d600	28	holistic	960	he1524	0.1629	0.1632	0.3125	0.3125	4985.4178	4976.8361	0	0
fresh-base-28-holistic-d600	28	holistic	960	he1525	0.5824	0.4544	0.6250	0.5000	1421.6474	1520.7737	0	0
fresh-base-28-holistic-d600	28	holistic	960	he1526	0.0625	-0.0000	0.0625	0.0000	0.7611	0.8903	0	0
