# garden fresh-cull20-16-holistic-d600 seed 16 holistic season 960 n=60 J=16 worlds=0..15 run=/tmp/rbt107-h1/cull20-16 work_cost=0.03 (83 s, workers 4)
fresh-cull20-16-holistic-d600	16	holistic	960	he1384	1.8032	1.8046	1.9375	1.9375	4478.2609	4428.7735	0	0
fresh-cull20-16-holistic-d600	16	holistic	960	he1386	0.7944	1.0420	0.9375	1.1875	4771.2107	4848.5055	0	0
fresh-cull20-16-holistic-d600	16	holistic	960	he1387	1.8683	1.6819	2.0625	1.8750	6473.2700	6437.1843	0	0
fresh-cull20-16-holistic-d600	16	holistic	960	he1388	2.2181	2.3457	2.3750	2.5000	5229.5452	5142.6104	0	0
fresh-cull20-16-holistic-d600	16	holistic	960	he1389	1.7493	1.9399	2.0000	2.1875	8355.3741	8254.3918	0	0
fresh-cull20-16-holistic-d600	16	holistic	960	he1391	1.3860	0.9581	1.4375	1.0000	1715.9884	1398.1714	0	0
fresh-cull20-16-holistic-d600	16	holistic	960	he1392	1.8693	1.8073	2.0625	2.0000	6438.3587	6423.4331	0	0
fresh-cull20-16-holistic-d600	16	holistic	960	he1393	1.1846	0.8712	1.2500	0.9375	2181.0228	2210.4529	0	0
fresh-cull20-16-holistic-d600	16	holistic	960	he1395	1.8442	1.2144	2.1250	1.5000	9361.0266	9519.0241	0	0
fresh-cull20-16-holistic-d600	16	holistic	960	he1396	0.8834	0.4546	0.9375	0.5000	1804.7273	1513.1369	0	0
fresh-cull20-16-holistic-d600	16	holistic	960	he1400	2.2226	1.7248	2.4375	1.9375	7162.4410	7089.7943	0	0
fresh-cull20-16-holistic-d600	16	holistic	960	he1401	0.8374	1.2156	0.8750	1.2500	1253.4964	1146.7433	0	0
fresh-cull20-16-holistic-d600	16	holistic	960	he1403	2.6394	2.0754	2.8750	2.3125	7852.6658	7901.9482	0	0
fresh-cull20-16-holistic-d600	16	holistic	960	he1404	2.2432	1.8340	2.4375	2.0000	6476.4446	5532.3367	0	0
fresh-cull20-16-holistic-d600	16	holistic	960	he1405	1.4672	1.4660	1.7500	1.7500	9426.3975	9467.2408	0	0
fresh-cull20-16-holistic-d600	16	holistic	960	he1406	2.3404	1.7780	2.5000	1.9375	5320.1216	5317.7783	0	0
fresh-cull20-16-holistic-d600	16	holistic	960	he1407	1.6822	1.1848	1.8750	1.3750	6425.7145	6340.5338	0	0
fresh-cull20-16-holistic-d600	16	holistic	960	he1408	1.5385	1.3490	1.7500	1.5625	7048.3983	7115.6794	0	0
fresh-cull20-16-holistic-d600	16	holistic	960	he1410	0.9908	0.8648	1.1250	1.0000	4472.4815	4505.4160	0	0
fresh-cull20-16-holistic-d600	16	holistic	960	he1411	2.1755	1.6143	2.4375	1.8750	8733.4281	8689.1228	0	0
fresh-cull20-16-holistic-d600	16	holistic	960	he1413	1.2900	1.0427	1.3750	1.1250	2832.3679	2742.6824	0	0
fresh-cull20-16-holistic-d600	16	holistic	960	he1414	0.6119	0.7370	1.1250	1.2500	17103.4478	17100.8097	0	0
fresh-cull20-16-holistic-d600	16	holistic	960	he1416	1.9173	1.3746	2.0625	1.5000	4838.3518	4180.0597	0	0
fresh-cull20-16-holistic-d600	16	holistic	960	he1417	0.6444	0.8918	1.1875	1.4375	18103.0713	18188.5015	0	0
fresh-cull20-16-holistic-d600	16	holistic	960	he1418	1.1637	1.2892	1.3125	1.4375	4958.3610	4944.9819	0	0
fresh-cull20-16-holistic-d600	16	holistic	960	he1419	2.1144	1.7436	2.3125	1.9375	6602.2637	6461.7193	0	0
fresh-cull20-16-holistic-d600	16	holistic	960	he1420	0.9065	0.7262	0.9375	0.7500	1031.7722	792.9032	0	0
fresh-cull20-16-holistic-d600	16	holistic	960	he1421	0.5110	0.8178	0.5625	0.8750	1717.2848	1905.7134	0	0
fresh-cull20-16-holistic-d600	16	holistic	960	he1422	1.4755	1.9190	1.6250	2.0625	4982.3400	4784.6369	0	0
fresh-cull20-16-holistic-d600	16	holistic	960	he1423	1.5864	1.2373	1.7500	1.3750	5452.6232	4591.5782	0	0
fresh-cull20-16-holistic-d600	16	holistic	960	he1424	0.6009	0.4112	0.6250	0.4375	803.9291	877.4877	0	0
fresh-cull20-16-holistic-d600	16	holistic	960	he1425	1.3448	0.9048	1.6250	1.1875	9340.8266	9424.2584	2	2
fresh-cull20-16-holistic-d600	16	holistic	960	he1426	2.3468	1.9789	2.5000	2.1250	5106.6527	4869.2955	0	0
fresh-cull20-16-holistic-d600	16	holistic	960	he1429	2.2402	1.8660	2.4375	2.0625	6577.9064	6551.4487	0	0
fresh-cull20-16-holistic-d600	16	holistic	960	he1430	0.9701	0.9107	1.0000	0.9375	995.4019	893.5013	0	0
fresh-cull20-16-holistic-d600	16	holistic	960	he1431	1.7458	1.6827	2.0000	1.9375	8472.0539	8494.1369	0	0
fresh-cull20-16-holistic-d600	16	holistic	960	he1432	1.6040	1.4767	1.8125	1.6875	6949.4486	7026.7404	0	0
fresh-cull20-16-holistic-d600	16	holistic	960	he1433	1.0219	0.6465	1.6250	1.2500	20102.1121	20115.7826	0	0
fresh-cull20-16-holistic-d600	16	holistic	960	he1434	1.7846	1.5422	1.8750	1.6250	3013.2237	2759.6104	0	0
fresh-cull20-16-holistic-d600	16	holistic	960	he1435	0.5174	0.5094	0.5625	0.5625	1502.8103	1769.8592	0	0
fresh-cull20-16-holistic-d600	16	holistic	960	he1436	1.5205	0.7682	1.7500	1.0000	7650.8313	7727.4473	0	0
fresh-cull20-16-holistic-d600	16	holistic	960	he1437	1.6198	1.4362	1.6875	1.5000	2257.7861	2126.8414	0	0
fresh-cull20-16-holistic-d600	16	holistic	960	he1438	1.0707	0.8898	1.1250	0.9375	1810.0412	1591.6052	0	0
fresh-cull20-16-holistic-d600	16	holistic	960	he1439	2.1487	1.7788	2.3125	1.9375	5460.3807	5290.7684	0	0
fresh-cull20-16-holistic-d600	16	holistic	960	he1440	1.6921	1.2629	1.8125	1.3750	4013.1921	3737.8621	0	0
fresh-cull20-16-holistic-d600	16	holistic	960	he1441	1.7580	1.3244	1.8125	1.3750	1818.2623	1685.4909	0	0
fresh-cull20-16-holistic-d600	16	holistic	960	he1442	0.6221	0.5038	0.6875	0.5625	2179.2139	1955.8013	0	0
fresh-cull20-16-holistic-d600	16	holistic	960	he1443	1.2776	0.7738	1.3750	0.8750	3247.8621	3373.9487	0	0
fresh-cull20-16-holistic-d600	16	holistic	960	he1447	0.5302	0.7597	0.6250	0.8750	3158.8421	3843.3373	0	0
fresh-cull20-16-holistic-d600	16	holistic	960	he1448	3.0493	2.2427	3.1875	2.3750	4608.1076	4408.7702	0	0
fresh-cull20-16-holistic-d600	16	holistic	960	he1449	1.9512	1.2623	2.1250	1.4375	5792.5834	5839.2482	0	0
fresh-cull20-16-holistic-d600	16	holistic	960	he1450	2.0862	1.2150	2.3750	1.5000	9626.5230	9501.5940	0	0
fresh-cull20-16-holistic-d600	16	holistic	960	he1451	0.9405	0.7537	1.0000	0.8125	1982.2848	1960.0999	0	0
fresh-cull20-16-holistic-d600	16	holistic	960	he1452	2.6442	1.7090	2.8125	1.8750	5611.4347	5533.2190	0	0
fresh-cull20-16-holistic-d600	16	holistic	960	he1453	1.4823	1.0439	1.6875	1.2500	6839.1367	6869.0923	0	0
fresh-cull20-16-holistic-d600	16	holistic	960	he1454	1.5920	0.9672	1.7500	1.1250	5265.1203	5260.3339	0	0
fresh-cull20-16-holistic-d600	16	holistic	960	he1455	1.5637	0.9991	1.6875	1.1250	4126.5260	4198.1170	0	0
fresh-cull20-16-holistic-d600	16	holistic	960	he1456	0.9823	0.6099	1.0000	0.6250	590.9205	502.2767	0	0
fresh-cull20-16-holistic-d600	16	holistic	960	he1457	1.9639	1.5917	2.0625	1.6875	3287.0797	3192.4611	0	0
fresh-cull20-16-holistic-d600	16	holistic	960	he1458	0.0000	0.0000	0.0000	0.0000	0.0000	0.0000	0	0
