# garden fresh-shift-26-conventional-d800 seed 26 conventional season 1160 n=60 J=16 worlds=16..31 run=/tmp/rbt107-h1/shift-26 work_cost=0.03 (109 s, workers 4)
fresh-shift-26-conventional-d800	26	conventional	1160	ce1892	0.9648	0.9055	1.4375	1.3750	15758.2250	15650.2495	0	0
fresh-shift-26-conventional-d800	26	conventional	1160	ce1894	0.4191	0.8568	0.8750	1.3125	15196.3285	15188.7956	0	0
fresh-shift-26-conventional-d800	26	conventional	1160	ce1895	3.9270	1.3838	4.3750	1.8750	14933.9346	16373.0277	0	0
fresh-shift-26-conventional-d800	26	conventional	1160	ce1896	2.3540	1.1079	3.0000	1.7500	21531.7607	21401.7301	0	0
fresh-shift-26-conventional-d800	26	conventional	1160	ce1897	1.7644	1.2632	2.3750	1.8750	20353.0286	20392.2330	0	0
fresh-shift-26-conventional-d800	26	conventional	1160	ce1898	1.4025	0.9130	1.9375	1.4375	17832.8935	17484.4880	0	0
fresh-shift-26-conventional-d800	26	conventional	1160	ce1899	0.8975	0.5827	1.2500	0.9375	11748.9299	11825.4811	0	0
fresh-shift-26-conventional-d800	26	conventional	1160	ce1900	1.4973	1.0596	2.0625	1.6250	18841.6035	18847.8925	0	0
fresh-shift-26-conventional-d800	26	conventional	1160	ce1901	2.3300	1.2729	3.0000	1.9375	22333.8203	22152.6708	0	0
fresh-shift-26-conventional-d800	26	conventional	1160	ce1902	2.6549	1.3102	3.3125	2.0000	21921.4236	22992.0174	0	0
fresh-shift-26-conventional-d800	26	conventional	1160	ce1903	1.9386	0.8190	2.5625	1.4375	20795.8402	20617.7123	0	0
fresh-shift-26-conventional-d800	26	conventional	1160	ce1905	0.8799	0.8886	1.6250	1.6250	24837.3086	24546.7054	0	0
fresh-shift-26-conventional-d800	26	conventional	1160	ce1908	1.3923	0.8311	1.9375	1.3750	18172.2579	18128.9081	0	0
fresh-shift-26-conventional-d800	26	conventional	1160	ce1909	0.6617	0.7222	1.0625	1.1250	13358.3892	13426.0280	0	0
fresh-shift-26-conventional-d800	26	conventional	1160	ce1911	1.9294	0.4310	2.4375	0.9375	16937.2894	16882.7676	0	0
fresh-shift-26-conventional-d800	26	conventional	1160	ce1913	1.4461	0.5650	2.1875	1.3125	24714.5070	24916.5932	0	0
fresh-shift-26-conventional-d800	26	conventional	1160	ce1914	1.5562	0.3615	2.1250	0.9375	18961.0886	19200.3687	0	0
fresh-shift-26-conventional-d800	26	conventional	1160	ce1915	3.0852	1.6514	3.7500	2.3125	22159.1466	22036.7221	0	0
fresh-shift-26-conventional-d800	26	conventional	1160	ce1917	2.1252	1.0711	2.7500	1.6875	20825.1550	20545.3323	0	0
fresh-shift-26-conventional-d800	26	conventional	1160	ce1918	2.3216	1.0032	3.1250	1.8125	26778.7931	26975.0573	0	0
fresh-shift-26-conventional-d800	26	conventional	1160	ce1919	1.7238	0.7170	2.1875	1.1875	15458.3189	15684.7122	0	0
fresh-shift-26-conventional-d800	26	conventional	1160	ce1920	0.5739	0.2217	1.0625	0.6875	16286.2347	15526.3942	0	0
fresh-shift-26-conventional-d800	26	conventional	1160	ce1922	0.3659	0.4313	1.0000	1.0625	21137.7547	21039.4635	0	0
fresh-shift-26-conventional-d800	26	conventional	1160	ce1924	0.0838	-0.1666	0.6875	0.4375	20122.6578	20138.2572	0	0
fresh-shift-26-conventional-d800	26	conventional	1160	ce1925	1.0620	0.5659	1.3750	0.8750	10433.1582	10302.3271	0	0
fresh-shift-26-conventional-d800	26	conventional	1160	ce1926	1.6773	1.6805	2.3125	2.3125	21172.4050	21067.5634	0	0
fresh-shift-26-conventional-d800	26	conventional	1160	ce1928	2.5055	1.6313	3.0625	2.1875	18567.2385	18540.3773	0	0
fresh-shift-26-conventional-d800	26	conventional	1160	ce1930	1.1545	0.5345	1.6875	1.0625	17766.3556	17598.8532	0	0
fresh-shift-26-conventional-d800	26	conventional	1160	ce1931	1.8972	1.2090	2.6250	1.9375	24260.9292	24283.9618	0	0
fresh-shift-26-conventional-d800	26	conventional	1160	ce1932	1.2586	0.9477	1.7500	1.4375	16378.4479	16325.5437	0	0
fresh-shift-26-conventional-d800	26	conventional	1160	ce1933	0.5605	0.3188	1.1875	0.9375	20901.1000	20621.8061	0	0
fresh-shift-26-conventional-d800	26	conventional	1160	ce1934	0.6278	0.1903	1.3125	0.8750	22823.3259	22823.1468	0	0
fresh-shift-26-conventional-d800	26	conventional	1160	ce1935	2.3545	1.0419	3.0000	1.6875	21517.0413	21520.6599	0	0
fresh-shift-26-conventional-d800	26	conventional	1160	ce1936	1.4063	0.1018	2.0625	0.7500	21873.3207	21606.5122	0	0
fresh-shift-26-conventional-d800	26	conventional	1160	ce1937	1.9663	0.6589	2.4375	1.1250	15706.8426	15536.3105	0	0
fresh-shift-26-conventional-d800	26	conventional	1160	ce1938	1.8544	1.2892	2.4375	1.8750	19437.7622	19526.7224	0	0
fresh-shift-26-conventional-d800	26	conventional	1160	ce1939	1.3225	1.6286	1.8125	2.1250	16333.9201	16546.3749	0	0
fresh-shift-26-conventional-d800	26	conventional	1160	ce1940	1.3799	0.8167	1.8750	1.3125	16504.9590	16525.9486	0	0
fresh-shift-26-conventional-d800	26	conventional	1160	ce1941	1.7567	0.9501	1.9375	1.1250	6025.5721	5829.0021	0	0
fresh-shift-26-conventional-d800	26	conventional	1160	ce1942	1.9321	0.7308	2.3750	1.1875	14761.9024	15222.6648	0	0
fresh-shift-26-conventional-d800	26	conventional	1160	ce1944	1.4946	1.1242	2.1250	1.7500	21013.4961	20860.0360	0	0
fresh-shift-26-conventional-d800	26	conventional	1160	ce1945	0.4621	0.0876	1.1250	0.7500	22096.2509	22080.8965	0	0
fresh-shift-26-conventional-d800	26	conventional	1160	ce1946	0.3938	0.5824	0.8750	1.0625	16038.8967	16004.6282	0	0
fresh-shift-26-conventional-d800	26	conventional	1160	ce1948	1.5958	0.9111	2.1875	1.5000	19723.0924	19628.9102	0	0
fresh-shift-26-conventional-d800	26	conventional	1160	ce1949	2.0388	1.1846	2.6250	1.7500	19538.7937	18846.1001	0	0
fresh-shift-26-conventional-d800	26	conventional	1160	ce1950	0.8860	-0.0525	1.5000	0.5625	20466.4797	20499.9851	0	0
fresh-shift-26-conventional-d800	26	conventional	1160	ce1952	0.8390	0.8543	1.5000	1.5000	22032.7606	21522.1354	0	0
fresh-shift-26-conventional-d800	26	conventional	1160	ce1953	1.0238	0.6440	1.5000	1.1250	15873.4081	16032.3035	0	0
fresh-shift-26-conventional-d800	26	conventional	1160	ce1954	1.6703	1.4769	2.3125	2.1250	21407.4340	21604.7362	0	0
fresh-shift-26-conventional-d800	26	conventional	1160	ce1955	1.6005	1.1455	1.9375	1.5000	11233.8134	11815.2218	0	0
fresh-shift-26-conventional-d800	26	conventional	1160	ce1956	1.3762	0.9458	2.1250	1.6875	24960.3827	24724.8773	0	0
fresh-shift-26-conventional-d800	26	conventional	1160	ce1958	1.7215	0.6564	2.2500	1.1875	17616.8267	17704.1928	0	0
fresh-shift-26-conventional-d800	26	conventional	1160	ce1959	0.6789	0.6779	1.3750	1.3750	23202.1986	23235.9012	0	0
fresh-shift-26-conventional-d800	26	conventional	1160	ce1960	1.1815	1.2318	1.6875	1.7500	16865.4598	17273.8616	0	0
fresh-shift-26-conventional-d800	26	conventional	1160	ce1962	1.1131	0.6766	1.7500	1.3125	21230.5995	21197.2421	0	0
fresh-shift-26-conventional-d800	26	conventional	1160	ce1964	0.8825	0.8151	1.3750	1.3125	16417.9289	16581.0965	0	0
fresh-shift-26-conventional-d800	26	conventional	1160	ce1965	2.3763	1.9383	3.1250	2.6875	24955.7228	24973.7666	0	0
fresh-shift-26-conventional-d800	26	conventional	1160	ce1966	2.4367	1.6980	3.0625	2.3125	20860.0798	20484.0328	0	0
fresh-shift-26-conventional-d800	26	conventional	1160	ce1967	1.3166	0.8204	1.7500	1.2500	14446.5813	14319.4494	0	0
fresh-shift-26-conventional-d800	26	conventional	1160	ce1968	2.4656	1.0991	2.9375	1.5625	15728.5464	15446.9065	0	0
