# garden fresh-shift-16-conventional-d800 seed 16 conventional season 1160 n=60 J=16 worlds=16..31 run=/tmp/rbt107-h1/shift-16 work_cost=0.03 (101 s, workers 4)
fresh-shift-16-conventional-d800	16	conventional	1160	ce1794	1.6701	0.9187	2.4375	1.6875	25579.2520	25628.0326	0	0
fresh-shift-16-conventional-d800	16	conventional	1160	ce1795	1.2915	0.3509	1.8750	0.9375	19448.4221	19551.6916	0	0
fresh-shift-16-conventional-d800	16	conventional	1160	ce1796	1.8478	1.1516	2.5625	1.8750	23822.8906	24111.8034	0	0
fresh-shift-16-conventional-d800	16	conventional	1160	ce1798	1.5265	1.1511	2.1875	1.8125	22031.8525	22045.0561	0	0
fresh-shift-16-conventional-d800	16	conventional	1160	ce1799	0.7675	0.5781	1.5625	1.3750	26499.2432	26561.8968	0	0
fresh-shift-16-conventional-d800	16	conventional	1160	ce1801	2.4675	1.0794	3.1875	1.8125	23998.7442	24435.1859	0	0
fresh-shift-16-conventional-d800	16	conventional	1160	ce1802	0.8199	0.9392	1.5000	1.6250	22669.6669	22860.4217	0	0
fresh-shift-16-conventional-d800	16	conventional	1160	ce1803	1.3241	0.6988	2.0000	1.3750	22529.2269	22539.1288	0	0
fresh-shift-16-conventional-d800	16	conventional	1160	ce1804	0.8979	0.4639	1.6875	1.2500	26319.9666	26204.2913	0	0
fresh-shift-16-conventional-d800	16	conventional	1160	ce1805	1.3801	0.3707	2.0625	1.0625	22746.5264	23058.8661	0	0
fresh-shift-16-conventional-d800	16	conventional	1160	ce1808	2.4282	1.0114	3.0625	1.6250	21141.9453	20453.1768	0	0
fresh-shift-16-conventional-d800	16	conventional	1160	ce1809	3.1243	0.8165	3.6250	1.3125	16689.8660	16532.5862	0	0
fresh-shift-16-conventional-d800	16	conventional	1160	ce1810	2.6227	0.9394	3.2500	1.5625	20908.3536	20769.2695	0	0
fresh-shift-16-conventional-d800	16	conventional	1160	ce1811	2.0104	1.7547	2.7500	2.5000	24654.5301	24844.7514	0	0
fresh-shift-16-conventional-d800	16	conventional	1160	ce1812	1.7923	0.8559	2.4375	1.5000	21505.3367	21471.1130	0	0
fresh-shift-16-conventional-d800	16	conventional	1160	ce1813	1.8054	0.6657	2.5000	1.3125	23153.6977	21560.8830	0	1
fresh-shift-16-conventional-d800	16	conventional	1160	ce1814	0.8350	0.3881	1.6875	1.2500	28415.8430	28728.9162	0	0
fresh-shift-16-conventional-d800	16	conventional	1160	ce1815	1.8632	1.7887	2.5625	2.5000	23309.8463	23709.8071	0	0
fresh-shift-16-conventional-d800	16	conventional	1160	ce1816	2.7416	1.1690	3.3750	1.8125	21112.4995	21450.3714	0	0
fresh-shift-16-conventional-d800	16	conventional	1160	ce1817	2.6086	1.6049	3.2500	2.2500	21379.6648	21502.5788	0	0
fresh-shift-16-conventional-d800	16	conventional	1160	ce1818	2.3550	0.4269	3.0625	1.1250	23583.0842	23271.3673	0	0
fresh-shift-16-conventional-d800	16	conventional	1160	ce1819	0.9115	0.8479	1.5625	1.5000	21701.2111	21737.2016	0	0
fresh-shift-16-conventional-d800	16	conventional	1160	ce1820	0.3265	0.7708	0.9375	1.3750	20366.7072	20141.5510	0	0
fresh-shift-16-conventional-d800	16	conventional	1160	ce1821	1.7963	1.4179	2.4375	2.0625	21372.3028	21487.7671	0	0
fresh-shift-16-conventional-d800	16	conventional	1160	ce1822	1.4431	1.1284	2.1250	1.8125	22729.5418	22803.9236	0	0
fresh-shift-16-conventional-d800	16	conventional	1160	ce1823	1.8563	1.0418	2.5625	1.7500	23540.9035	23606.4609	0	0
fresh-shift-16-conventional-d800	16	conventional	1160	ce1824	0.8360	0.1646	1.5625	0.8750	24215.1345	23680.4331	0	0
fresh-shift-16-conventional-d800	16	conventional	1160	ce1826	0.6492	0.4036	1.3125	1.0625	22110.0099	21964.1720	0	0
fresh-shift-16-conventional-d800	16	conventional	1160	ce1827	1.4411	0.3991	2.0000	1.0000	18628.7647	20030.8849	0	0
fresh-shift-16-conventional-d800	16	conventional	1160	ce1828	0.1369	-0.1120	0.8125	0.5625	22518.8797	22481.9110	0	0
fresh-shift-16-conventional-d800	16	conventional	1160	ce1829	2.1016	0.8218	2.8750	1.5625	25779.6444	24690.7714	0	1
fresh-shift-16-conventional-d800	16	conventional	1160	ce1830	1.7793	0.8766	2.5000	1.6250	24022.8864	24945.5029	0	0
fresh-shift-16-conventional-d800	16	conventional	1160	ce1831	1.7531	1.3140	2.3750	1.9375	20730.5418	20782.5522	0	0
fresh-shift-16-conventional-d800	16	conventional	1160	ce1832	3.1571	0.4599	3.8750	1.1875	23929.7467	24252.3629	0	0
fresh-shift-16-conventional-d800	16	conventional	1160	ce1833	1.7246	2.2009	2.3125	2.8125	19595.0574	20387.2367	0	0
fresh-shift-16-conventional-d800	16	conventional	1160	ce1834	1.5473	1.0518	2.2500	1.7500	23424.3329	23272.6073	0	0
fresh-shift-16-conventional-d800	16	conventional	1160	ce1835	2.1576	1.9029	2.8125	2.5625	21828.7313	21987.8110	0	0
fresh-shift-16-conventional-d800	16	conventional	1160	ce1836	0.6076	0.1523	1.2500	0.8125	21414.7915	22005.4902	0	0
fresh-shift-16-conventional-d800	16	conventional	1160	ce1839	0.8791	-0.0003	1.3750	0.5000	16528.7739	16677.3794	0	0
fresh-shift-16-conventional-d800	16	conventional	1160	ce1840	2.2417	0.7698	2.9375	1.5000	23192.1298	24338.6957	0	0
fresh-shift-16-conventional-d800	16	conventional	1160	ce1841	1.3573	0.9218	1.9375	1.5000	19341.6220	19272.7456	0	0
fresh-shift-16-conventional-d800	16	conventional	1160	ce1842	1.6703	1.2259	2.3750	1.9375	23491.3281	23720.3622	0	0
fresh-shift-16-conventional-d800	16	conventional	1160	ce1844	1.2500	1.1255	1.9375	1.8125	22918.0033	22898.3978	0	0
fresh-shift-16-conventional-d800	16	conventional	1160	ce1845	0.0028	0.4407	0.5625	1.0000	18657.5015	18643.4937	0	0
fresh-shift-16-conventional-d800	16	conventional	1160	ce1847	3.0847	1.6439	3.8125	2.3750	24258.9371	24370.1085	0	0
fresh-shift-16-conventional-d800	16	conventional	1160	ce1848	1.9719	1.0910	2.6250	1.7500	21769.4513	21966.8240	0	0
fresh-shift-16-conventional-d800	16	conventional	1160	ce1849	0.9995	1.1281	1.6250	1.7500	20849.1524	20731.0917	0	0
fresh-shift-16-conventional-d800	16	conventional	1160	ce1850	1.1242	-0.0161	1.7500	0.6250	20860.4019	21370.8834	0	0
fresh-shift-16-conventional-d800	16	conventional	1160	ce1851	1.1796	0.5548	1.8125	1.1875	21095.5252	21090.5979	0	0
fresh-shift-16-conventional-d800	16	conventional	1160	ce1853	2.4165	1.8035	3.0625	2.4375	21534.3816	21134.5152	0	0
fresh-shift-16-conventional-d800	16	conventional	1160	ce1854	1.7177	1.1468	2.4375	1.8750	23991.7222	24273.6671	0	0
fresh-shift-16-conventional-d800	16	conventional	1160	ce1855	0.9197	0.6666	1.6250	1.3750	23510.8302	23613.4598	0	0
fresh-shift-16-conventional-d800	16	conventional	1160	ce1856	2.5256	0.5849	3.1875	1.2500	22064.5027	22171.2448	0	0
fresh-shift-16-conventional-d800	16	conventional	1160	ce1858	2.2696	1.0810	3.0000	1.8125	24346.4425	24384.0517	0	0
fresh-shift-16-conventional-d800	16	conventional	1160	ce1859	1.9801	1.0225	2.5625	1.6250	19411.9038	20084.5558	0	0
fresh-shift-16-conventional-d800	16	conventional	1160	ce1860	1.1178	0.6647	1.8125	1.3750	23156.1277	23677.4937	0	0
fresh-shift-16-conventional-d800	16	conventional	1160	ce1861	2.2357	0.4854	3.0000	1.2500	25475.5165	25486.3497	0	0
fresh-shift-16-conventional-d800	16	conventional	1160	ce1862	1.8197	1.0107	2.5625	1.7500	24761.4904	24644.1528	0	0
fresh-shift-16-conventional-d800	16	conventional	1160	ce1863	0.1772	0.1139	0.6875	0.6250	17010.2130	17037.7507	0	0
fresh-shift-16-conventional-d800	16	conventional	1160	ce1864	3.2030	1.0153	4.0625	1.8750	28651.1344	28658.0279	0	0
