# garden fresh-base-14-holistic-d400 seed 14 holistic season 760 n=60 J=16 worlds=16..31 run=/tmp/rbt107-h1/base-14 work_cost=0.03 (98 s, workers 4)
fresh-base-14-holistic-d400	14	holistic	760	he1101	1.0293	0.9047	1.1250	1.0000	3191.3520	3176.0334	0	0
fresh-base-14-holistic-d400	14	holistic	760	he1102	2.8922	2.2010	3.0000	2.3125	3592.0882	3717.0830	0	0
fresh-base-14-holistic-d400	14	holistic	760	he1104	0.7931	0.6051	0.8125	0.6250	645.2230	662.4408	0	0
fresh-base-14-holistic-d400	14	holistic	760	he1106	2.0468	2.4292	2.2500	2.6250	6774.4265	6526.8938	0	0
fresh-base-14-holistic-d400	14	holistic	760	he1107	2.4205	2.4255	2.5625	2.5625	4734.0785	4566.9630	0	0
fresh-base-14-holistic-d400	14	holistic	760	he1108	2.5961	2.6576	2.7500	2.8125	5130.5396	5162.5662	0	0
fresh-base-14-holistic-d400	14	holistic	760	he1109	0.7065	0.5189	0.7500	0.5625	1448.9816	1454.0772	0	0
fresh-base-14-holistic-d400	14	holistic	760	he1110	2.3115	1.6870	2.3750	1.7500	2115.7219	2100.3959	0	0
fresh-base-14-holistic-d400	14	holistic	760	he1111	1.3453	1.0964	1.3750	1.1250	990.3878	953.1754	0	0
fresh-base-14-holistic-d400	14	holistic	760	he1112	1.7935	1.9089	1.8750	2.0000	2718.2959	3036.7431	0	0
fresh-base-14-holistic-d400	14	holistic	760	he1113	1.4219	1.1100	1.5625	1.2500	4685.6809	4667.3130	0	0
fresh-base-14-holistic-d400	14	holistic	760	he1115	2.7652	2.3864	2.9375	2.5625	5743.6900	5871.3005	0	0
fresh-base-14-holistic-d400	14	holistic	760	he1116	2.0579	1.6849	2.1875	1.8125	4321.4936	4253.4454	0	0
fresh-base-14-holistic-d400	14	holistic	760	he1117	1.9155	1.4717	2.0000	1.5625	2817.3242	3028.1356	0	0
fresh-base-14-holistic-d400	14	holistic	760	he1119	2.4998	2.6259	2.7500	2.8750	8338.8177	8304.2373	0	0
fresh-base-14-holistic-d400	14	holistic	760	he1120	1.2450	1.0586	1.3750	1.1875	4334.6520	4298.2759	0	0
fresh-base-14-holistic-d400	14	holistic	760	he1121	1.3233	1.2015	1.5000	1.3750	5888.6018	5784.8972	0	0
fresh-base-14-holistic-d400	14	holistic	760	he1123	0.1800	0.1800	0.1875	0.1875	250.9164	251.2801	0	0
fresh-base-14-holistic-d400	14	holistic	760	he1124	1.8673	2.1060	1.9375	2.1875	2340.9372	2718.1561	0	0
fresh-base-14-holistic-d400	14	holistic	760	he1125	2.3589	2.8602	2.5625	3.0625	6785.0386	6744.0481	0	0
fresh-base-14-holistic-d400	14	holistic	760	he1127	2.1243	2.3162	2.2500	2.4375	4190.1834	4042.9477	0	0
fresh-base-14-holistic-d400	14	holistic	760	he1132	2.1702	1.5486	2.2500	1.6250	2661.5050	2545.5284	0	0
fresh-base-14-holistic-d400	14	holistic	760	he1133	0.8698	0.8718	0.9375	0.9375	2256.6720	2191.0380	0	0
fresh-base-14-holistic-d400	14	holistic	760	he1134	3.0224	2.0890	3.1875	2.2500	5502.4898	5366.8541	0	0
fresh-base-14-holistic-d400	14	holistic	760	he1135	1.2557	0.8800	1.3125	0.9375	1894.9515	1917.1176	0	0
fresh-base-14-holistic-d400	14	holistic	760	he1136	0.7351	0.4854	0.7500	0.5000	498.0195	488.1428	0	0
fresh-base-14-holistic-d400	14	holistic	760	he1137	0.6991	0.8810	0.7500	0.9375	1698.1087	1884.1981	0	0
fresh-base-14-holistic-d400	14	holistic	760	he1140	0.7940	0.9067	1.0000	1.1250	6866.4497	7275.3842	1	0
fresh-base-14-holistic-d400	14	holistic	760	he1142	1.3228	1.2609	1.3750	1.3125	1738.7246	1721.2724	0	0
fresh-base-14-holistic-d400	14	holistic	760	he1145	0.5521	0.3016	0.5625	0.3125	348.0628	363.2104	0	0
fresh-base-14-holistic-d400	14	holistic	760	he1146	0.5033	0.5039	0.5625	0.5625	1974.1060	1954.5281	0	0
fresh-base-14-holistic-d400	14	holistic	760	he1147	3.2934	2.4185	3.4375	2.5625	4802.9293	4799.8653	0	0
fresh-base-14-holistic-d400	14	holistic	760	he1148	0.9612	0.7763	1.1250	0.9375	5460.7486	5374.6457	0	0
fresh-base-14-holistic-d400	14	holistic	760	he1149	2.3821	1.7022	2.5625	1.8750	6012.8772	5761.6008	0	0
fresh-base-14-holistic-d400	14	holistic	760	he1150	3.0919	2.5201	3.2500	2.6875	5269.2584	5580.5533	0	0
fresh-base-14-holistic-d400	14	holistic	760	he1151	1.0819	1.5875	1.1250	1.6250	1437.3929	1250.2153	0	0
fresh-base-14-holistic-d400	14	holistic	760	he1152	1.2664	1.5242	1.5625	1.8125	9869.8973	9609.3805	0	0
fresh-base-14-holistic-d400	14	holistic	760	he1153	0.8713	0.9302	0.9375	1.0000	2205.3776	2327.8390	0	0
fresh-base-14-holistic-d400	14	holistic	760	he1154	1.5283	1.2787	1.5625	1.3125	1141.4172	1126.3232	0	0
fresh-base-14-holistic-d400	14	holistic	760	he1157	2.7412	3.3653	3.0000	3.6250	8628.0235	8655.6268	0	0
fresh-base-14-holistic-d400	14	holistic	760	he1158	0.9196	0.8565	1.0625	1.0000	4761.6775	4782.5090	0	0
fresh-base-14-holistic-d400	14	holistic	760	he1161	1.6205	2.4296	1.9375	2.7500	10566.2962	10680.9970	0	0
fresh-base-14-holistic-d400	14	holistic	760	he1162	1.5657	1.1830	1.6250	1.2500	1976.9206	2232.8883	0	0
fresh-base-14-holistic-d400	14	holistic	760	he1163	0.7861	0.9685	0.8125	1.0000	881.3383	1050.9442	0	0
fresh-base-14-holistic-d400	14	holistic	760	he1164	0.3031	0.3031	0.3125	0.3125	314.6869	311.8545	0	0
fresh-base-14-holistic-d400	14	holistic	760	he1165	0.7359	0.8569	0.8750	1.0000	4637.3155	4769.8291	0	0
fresh-base-14-holistic-d400	14	holistic	760	he1166	1.0951	0.8465	1.3750	1.1250	9329.9089	9281.9129	0	0
fresh-base-14-holistic-d400	14	holistic	760	he1167	1.1885	1.0017	1.2500	1.0625	2051.2934	2027.7047	0	0
fresh-base-14-holistic-d400	14	holistic	760	he1168	1.0172	0.9550	1.0625	1.0000	1510.0953	1498.4992	0	0
fresh-base-14-holistic-d400	14	holistic	760	he1169	1.6806	1.0596	1.8125	1.1875	4397.6096	4263.4516	0	0
fresh-base-14-holistic-d400	14	holistic	760	he1170	1.9622	1.2873	2.1875	1.5000	7509.9081	7090.0590	0	0
fresh-base-14-holistic-d400	14	holistic	760	he1171	0.9869	0.5509	1.0000	0.5625	435.9603	387.0837	0	0
fresh-base-14-holistic-d400	14	holistic	760	he1172	0.6083	0.7338	0.6250	0.7500	556.5973	540.2228	0	0
fresh-base-14-holistic-d400	14	holistic	760	he1174	2.5738	2.5770	2.7500	2.7500	5872.7867	5767.4503	0	0
fresh-base-14-holistic-d400	14	holistic	760	he1175	0.6336	0.4451	0.6875	0.5000	1797.4528	1830.8069	0	0
fresh-base-14-holistic-d400	14	holistic	760	he1176	2.8162	1.3244	2.9375	1.4375	4044.2244	3769.3906	0	0
fresh-base-14-holistic-d400	14	holistic	760	he1177	1.0861	1.4605	1.1875	1.5625	3380.6821	3399.4533	0	0
fresh-base-14-holistic-d400	14	holistic	760	he1178	1.9143	1.1680	1.9375	1.1875	773.5393	649.2100	0	0
fresh-base-14-holistic-d400	14	holistic	760	he1179	0.8024	0.8037	0.8125	0.8125	337.7922	294.8709	0	0
fresh-base-14-holistic-d400	14	holistic	760	he1180	1.2720	0.7007	1.4375	0.8750	5517.3882	5809.2778	0	0
