# garden fresh-cull20-20-conventional-d800 seed 20 conventional season 1160 n=60 J=16 worlds=16..31 run=/tmp/rbt107-h1/cull20-20 work_cost=0.03 (113 s, workers 4)
fresh-cull20-20-conventional-d800	20	conventional	1160	ce2108	2.1758	1.4812	2.8750	2.1875	23305.0746	23544.7351	0	0
fresh-cull20-20-conventional-d800	20	conventional	1160	ce2115	2.3114	1.1464	3.0625	1.8750	25036.9096	24285.0668	0	0
fresh-cull20-20-conventional-d800	20	conventional	1160	ce2116	2.1562	0.6567	2.9375	1.4375	26043.1804	26027.0362	0	0
fresh-cull20-20-conventional-d800	20	conventional	1160	ce2118	2.1066	0.9742	2.8125	1.6875	23531.5690	23777.7350	0	0
fresh-cull20-20-conventional-d800	20	conventional	1160	ce2122	2.5944	1.5982	3.3750	2.3750	26019.0670	25892.3069	0	0
fresh-cull20-20-conventional-d800	20	conventional	1160	ce2125	1.2708	0.6686	2.0625	1.4375	26390.3658	25631.4579	0	0
fresh-cull20-20-conventional-d800	20	conventional	1160	ce2132	1.9122	0.8534	2.6250	1.5625	23760.4677	23635.1017	0	0
fresh-cull20-20-conventional-d800	20	conventional	1160	ce2134	1.3068	1.1559	2.0625	1.8750	25189.1300	23971.2822	0	0
fresh-cull20-20-conventional-d800	20	conventional	1160	ce2135	2.7929	0.7885	3.5625	1.5625	25654.1938	25798.7366	0	0
fresh-cull20-20-conventional-d800	20	conventional	1160	ce2141	1.8743	1.0070	2.6250	1.7500	25023.9285	24766.4132	0	0
fresh-cull20-20-conventional-d800	20	conventional	1160	ce2143	1.3489	0.6767	2.1250	1.4375	25870.3882	25358.3605	0	0
fresh-cull20-20-conventional-d800	20	conventional	1160	ce2144	1.9754	1.6907	2.6875	2.3750	23738.0696	22809.5475	0	0
fresh-cull20-20-conventional-d800	20	conventional	1160	ce2148	3.1288	1.0911	3.9375	1.8750	26957.7756	26131.5021	0	0
fresh-cull20-20-conventional-d800	20	conventional	1160	ce2149	2.2356	1.0501	2.9375	1.6875	23395.3396	21245.5219	0	1
fresh-cull20-20-conventional-d800	20	conventional	1160	ce2152	2.7958	1.0467	3.5625	1.7500	25556.8073	23441.7023	0	1
fresh-cull20-20-conventional-d800	20	conventional	1160	ce2156	3.1142	1.2734	3.7500	1.9375	21192.0564	22135.2681	0	0
fresh-cull20-20-conventional-d800	20	conventional	1160	ce2157	1.2973	0.5547	1.9375	1.1875	21340.5050	21092.9102	0	0
fresh-cull20-20-conventional-d800	20	conventional	1160	ce2158	2.5669	1.3850	3.2500	2.0625	22770.9002	22583.1435	0	0
fresh-cull20-20-conventional-d800	20	conventional	1160	ce2160	1.5967	0.2835	2.3125	1.0000	23858.8969	23884.8429	0	0
fresh-cull20-20-conventional-d800	20	conventional	1160	ce2162	1.6836	1.4356	2.3750	2.1250	23045.3856	22979.6340	0	0
fresh-cull20-20-conventional-d800	20	conventional	1160	ce2165	1.4269	0.9844	2.1250	1.6875	23271.4356	23437.2192	0	0
fresh-cull20-20-conventional-d800	20	conventional	1160	ce2166	2.0615	1.0755	2.8750	1.8750	27118.1824	26650.4772	0	0
fresh-cull20-20-conventional-d800	20	conventional	1160	ce2169	2.5890	0.7592	3.2500	1.4375	22033.5589	22611.2922	0	0
fresh-cull20-20-conventional-d800	20	conventional	1160	ce2170	1.9585	0.4860	2.6875	1.1875	24299.3080	23383.5852	0	0
fresh-cull20-20-conventional-d800	20	conventional	1160	ce2174	0.5480	0.9947	1.3125	1.7500	25483.3641	25177.1447	0	0
fresh-cull20-20-conventional-d800	20	conventional	1160	ce2175	2.8333	1.0345	3.6250	1.8125	26390.5703	25932.1809	0	0
fresh-cull20-20-conventional-d800	20	conventional	1160	ce2179	1.5498	0.9969	2.2500	1.6875	23338.9021	23018.8240	0	0
fresh-cull20-20-conventional-d800	20	conventional	1160	ce2181	1.9117	0.6610	2.5625	1.3125	21693.1569	21715.9304	0	0
fresh-cull20-20-conventional-d800	20	conventional	1160	ce2182	0.5262	0.5160	1.1250	1.1250	19961.0559	20300.8664	0	0
fresh-cull20-20-conventional-d800	20	conventional	1160	ce2183	3.0979	1.4327	3.8125	2.1875	23818.4027	25159.2804	0	0
fresh-cull20-20-conventional-d800	20	conventional	1160	ce2185	1.9436	1.5392	2.7500	2.3125	26880.3312	25777.3668	0	0
fresh-cull20-20-conventional-d800	20	conventional	1160	ce2187	2.1649	1.3000	2.9375	2.0625	25752.6722	25415.0083	0	0
fresh-cull20-20-conventional-d800	20	conventional	1160	ce2188	1.6574	0.9745	2.4375	1.7500	26002.5771	25851.5032	0	0
fresh-cull20-20-conventional-d800	20	conventional	1160	ce2189	2.4160	1.3311	3.1250	2.0000	23633.1934	22298.2009	0	1
fresh-cull20-20-conventional-d800	20	conventional	1160	ce2190	2.4728	1.8560	3.2500	2.6250	25905.1378	25631.7938	0	0
fresh-cull20-20-conventional-d800	20	conventional	1160	ce2191	2.3527	0.9837	3.0000	1.6250	21575.6525	21377.3595	0	0
fresh-cull20-20-conventional-d800	20	conventional	1160	ce2193	1.8977	0.9617	2.5625	1.6250	22159.3142	22109.4494	0	0
fresh-cull20-20-conventional-d800	20	conventional	1160	ce2196	3.3456	1.0916	4.0625	1.8125	23896.2386	24029.1265	0	0
fresh-cull20-20-conventional-d800	20	conventional	1160	ce2197	2.4739	1.1526	3.1250	1.8125	21704.9797	21995.2727	0	0
fresh-cull20-20-conventional-d800	20	conventional	1160	ce2199	3.1472	1.7180	3.8750	2.4375	24261.3348	23983.6568	0	0
fresh-cull20-20-conventional-d800	20	conventional	1160	ce2201	0.4934	0.3633	1.1250	1.0000	21054.9739	21224.2186	0	0
fresh-cull20-20-conventional-d800	20	conventional	1160	ce2202	1.6347	0.9112	2.3125	1.5625	22594.5447	21710.1206	0	1
fresh-cull20-20-conventional-d800	20	conventional	1160	ce2204	2.3982	1.4677	3.1250	2.1875	24227.6583	23993.9914	0	0
fresh-cull20-20-conventional-d800	20	conventional	1160	ce2205	3.1328	1.5659	3.8750	2.3125	24739.5291	24887.3117	0	0
fresh-cull20-20-conventional-d800	20	conventional	1160	ce2206	2.1829	1.3097	2.8750	2.0000	23069.4477	23009.0055	0	0
fresh-cull20-20-conventional-d800	20	conventional	1160	ce2208	1.2577	1.0204	2.0625	1.8125	26828.1039	26402.0018	0	0
fresh-cull20-20-conventional-d800	20	conventional	1160	ce2209	2.2592	0.2862	3.1250	1.1250	28860.1303	27960.9675	0	0
fresh-cull20-20-conventional-d800	20	conventional	1160	ce2210	1.8460	1.2746	2.5000	1.9375	21799.1167	22095.4390	0	0
fresh-cull20-20-conventional-d800	20	conventional	1160	ce2211	1.2578	0.4397	1.9375	1.0625	22655.1899	20760.1488	0	1
fresh-cull20-20-conventional-d800	20	conventional	1160	ce2212	1.1822	0.7942	1.7500	1.3750	18925.9244	19360.0301	0	0
fresh-cull20-20-conventional-d800	20	conventional	1160	ce2214	0.8257	0.7637	1.3750	1.3125	18309.6479	18293.6508	0	0
fresh-cull20-20-conventional-d800	20	conventional	1160	ce2216	2.8387	1.3343	3.5625	2.0625	24126.9075	24272.0888	0	0
fresh-cull20-20-conventional-d800	20	conventional	1160	ce2217	2.4363	1.9096	3.0625	2.5625	20871.8787	21761.9446	0	0
fresh-cull20-20-conventional-d800	20	conventional	1160	ce2218	1.2033	0.4869	1.9375	1.2500	24472.4509	25436.3488	0	0
fresh-cull20-20-conventional-d800	20	conventional	1160	ce2220	0.4229	0.3381	1.2500	1.0625	27571.3942	24145.6165	0	0
fresh-cull20-20-conventional-d800	20	conventional	1160	ce2221	1.3168	0.6858	2.0000	1.3750	22772.6947	22973.7165	0	0
fresh-cull20-20-conventional-d800	20	conventional	1160	ce2224	2.1677	0.8601	2.8750	1.5625	23576.0787	23413.1786	0	0
fresh-cull20-20-conventional-d800	20	conventional	1160	ce2226	-0.0684	-0.0080	0.6875	0.7500	25196.7437	25266.4566	0	0
fresh-cull20-20-conventional-d800	20	conventional	1160	ce2227	0.0548	0.1792	0.8750	1.0000	27338.5841	27360.9432	0	0
fresh-cull20-20-conventional-d800	20	conventional	1160	ce2228	0.2177	0.1376	0.7500	0.6875	17743.9812	18330.3034	0	0
