# garden fresh-shift-24-conventional-d600 seed 24 conventional season 960 n=60 J=16 worlds=0..15 run=/tmp/rbt107-h1/shift-24 work_cost=0.03 (102 s, workers 4)
fresh-shift-24-conventional-d600	24	conventional	960	ce1470	0.1240	-0.1746	1.0000	0.6875	29201.2786	28738.2294	0	0
fresh-shift-24-conventional-d600	24	conventional	960	ce1472	1.3902	0.9482	2.1875	1.7500	26575.9203	26727.7873	0	0
fresh-shift-24-conventional-d600	24	conventional	960	ce1473	2.4762	0.7176	2.9375	1.1875	15377.4128	15664.2809	0	0
fresh-shift-24-conventional-d600	24	conventional	960	ce1475	0.8028	0.2359	1.3125	0.7500	16990.6882	17136.7414	0	0
fresh-shift-24-conventional-d600	24	conventional	960	ce1476	3.0048	1.1315	3.5000	1.6250	16505.0990	16448.8231	0	0
fresh-shift-24-conventional-d600	24	conventional	960	ce1477	1.4623	0.1842	2.2500	1.0000	26256.9869	27193.5515	0	0
fresh-shift-24-conventional-d600	24	conventional	960	ce1478	0.1657	0.2772	0.5000	0.6250	11141.8506	11591.7059	0	0
fresh-shift-24-conventional-d600	24	conventional	960	ce1479	0.3623	0.1241	0.9375	0.6875	19172.3247	18779.7221	0	0
fresh-shift-24-conventional-d600	24	conventional	960	ce1480	1.4833	0.5407	2.1250	1.1875	21390.0812	21559.6567	0	0
fresh-shift-24-conventional-d600	24	conventional	960	ce1481	2.0745	0.2350	2.7500	0.9375	22517.5851	23416.4259	0	0
fresh-shift-24-conventional-d600	24	conventional	960	ce1486	1.7474	0.5782	2.4375	1.2500	23002.7915	22392.8718	0	0
fresh-shift-24-conventional-d600	24	conventional	960	ce1489	1.1410	0.9416	1.8750	1.6875	24465.5850	24862.8343	0	0
fresh-shift-24-conventional-d600	24	conventional	960	ce1492	2.2619	1.0903	2.7500	1.5625	16269.0921	15738.3686	0	0
fresh-shift-24-conventional-d600	24	conventional	960	ce1493	0.3400	0.5223	0.9375	1.1250	19917.8031	20089.2592	0	0
fresh-shift-24-conventional-d600	24	conventional	960	ce1494	0.4199	-0.0208	1.1250	0.6875	23502.0263	23611.6233	0	0
fresh-shift-24-conventional-d600	24	conventional	960	ce1495	2.1993	1.3504	2.7500	1.8750	18356.4403	17486.2420	0	1
fresh-shift-24-conventional-d600	24	conventional	960	ce1496	1.5441	0.9238	2.2500	1.6250	23529.8560	23374.8814	0	0
fresh-shift-24-conventional-d600	24	conventional	960	ce1497	2.3377	0.7325	2.8750	1.2500	17910.0729	17250.8640	0	0
fresh-shift-24-conventional-d600	24	conventional	960	ce1500	1.9278	1.3506	2.6250	2.0625	23240.6629	23728.5437	0	0
fresh-shift-24-conventional-d600	24	conventional	960	ce1502	0.4085	0.2196	0.9375	0.7500	17633.6242	17681.5459	0	0
fresh-shift-24-conventional-d600	24	conventional	960	ce1503	1.3267	0.5150	1.8750	1.0625	18277.5860	18250.1262	0	0
fresh-shift-24-conventional-d600	24	conventional	960	ce1505	0.0972	-0.3983	0.7500	0.2500	21759.0629	21609.3410	0	0
fresh-shift-24-conventional-d600	24	conventional	960	ce1506	0.4372	0.3275	1.0625	0.9375	20841.6941	20334.2058	0	0
fresh-shift-24-conventional-d600	24	conventional	960	ce1508	2.7495	0.6372	3.5000	1.3750	25016.9195	24593.7171	0	0
fresh-shift-24-conventional-d600	24	conventional	960	ce1509	0.6956	0.6617	1.3125	1.2500	20562.8149	19610.3336	0	0
fresh-shift-24-conventional-d600	24	conventional	960	ce1510	3.4551	1.3400	3.9375	1.8125	16078.9385	15750.8519	0	0
fresh-shift-24-conventional-d600	24	conventional	960	ce1511	0.9009	0.4639	1.5000	1.0625	19969.4438	19953.1147	0	0
fresh-shift-24-conventional-d600	24	conventional	960	ce1514	2.3934	0.6916	3.0625	1.3750	22302.8317	22781.4307	0	0
fresh-shift-24-conventional-d600	24	conventional	960	ce1517	0.7266	0.7894	0.8750	0.9375	4948.1479	4936.5870	0	0
fresh-shift-24-conventional-d600	24	conventional	960	ce1518	1.5183	0.8284	2.2500	1.5625	24390.3220	24470.5658	0	0
fresh-shift-24-conventional-d600	24	conventional	960	ce1520	0.6997	0.1437	1.3125	0.7500	20426.6942	20211.3468	0	0
fresh-shift-24-conventional-d600	24	conventional	960	ce1522	-0.1572	-0.4436	0.6250	0.3125	26073.6474	25204.3474	0	0
fresh-shift-24-conventional-d600	24	conventional	960	ce1523	0.4897	0.1133	1.1250	0.7500	21176.4044	21222.1310	0	0
fresh-shift-24-conventional-d600	24	conventional	960	ce1524	0.8400	-0.0998	1.4375	0.5000	19915.9555	19993.2880	0	0
fresh-shift-24-conventional-d600	24	conventional	960	ce1526	1.6764	1.4773	2.3750	2.1875	23287.4185	23674.9069	0	0
fresh-shift-24-conventional-d600	24	conventional	960	ce1527	1.0485	0.6731	1.1875	0.8125	4632.6803	4645.2223	0	0
fresh-shift-24-conventional-d600	24	conventional	960	ce1528	2.5190	1.3274	3.1875	2.0000	22284.9646	22420.9459	0	0
fresh-shift-24-conventional-d600	24	conventional	960	ce1529	2.4081	1.5318	3.1875	2.3125	25980.0420	26022.7713	0	0
fresh-shift-24-conventional-d600	24	conventional	960	ce1530	2.1292	0.8650	2.8125	1.5625	22776.1828	23250.3739	0	0
fresh-shift-24-conventional-d600	24	conventional	960	ce1531	2.4534	0.6687	3.1250	1.3125	22387.9824	21460.5058	0	0
fresh-shift-24-conventional-d600	24	conventional	960	ce1533	1.3911	1.0651	1.9375	1.6250	18211.8405	18662.2508	0	0
fresh-shift-24-conventional-d600	24	conventional	960	ce1534	1.5140	0.9990	1.9375	1.4375	14115.3340	14615.9702	0	0
fresh-shift-24-conventional-d600	24	conventional	960	ce1537	0.5419	0.1879	1.3750	1.0000	27769.2119	27069.6495	0	0
fresh-shift-24-conventional-d600	24	conventional	960	ce1538	1.9604	0.8262	2.4375	1.3125	15903.2506	16210.0601	0	0
fresh-shift-24-conventional-d600	24	conventional	960	ce1539	0.6302	0.5569	1.0625	1.0625	14409.4588	16853.8252	0	0
fresh-shift-24-conventional-d600	24	conventional	960	ce1541	1.6332	0.3424	2.4375	1.1250	26808.7820	26086.5803	0	1
fresh-shift-24-conventional-d600	24	conventional	960	ce1542	2.8699	1.6221	3.3750	2.1250	16837.5029	16763.8648	0	0
fresh-shift-24-conventional-d600	24	conventional	960	ce1543	0.8976	0.5973	1.5000	1.1875	20078.7627	19672.9900	0	0
fresh-shift-24-conventional-d600	24	conventional	960	ce1544	1.8534	0.9894	2.6250	1.7500	25718.8009	25354.2636	0	0
fresh-shift-24-conventional-d600	24	conventional	960	ce1546	0.4924	0.3638	1.1250	1.0000	21086.3927	21206.8728	0	0
fresh-shift-24-conventional-d600	24	conventional	960	ce1547	0.1211	0.3194	0.7500	0.9375	20963.3661	20603.3056	0	0
fresh-shift-24-conventional-d600	24	conventional	960	ce1550	0.7774	0.8396	1.2500	1.3125	15753.4179	15762.8911	0	0
fresh-shift-24-conventional-d600	24	conventional	960	ce1552	1.5318	1.2792	1.9375	1.6875	13521.9489	13610.8864	0	0
fresh-shift-24-conventional-d600	24	conventional	960	ce1553	0.3752	0.2911	1.0625	0.9375	22910.3540	21545.7643	0	0
fresh-shift-24-conventional-d600	24	conventional	960	ce1554	1.6338	0.8908	2.4375	1.6875	26789.9115	26556.4725	0	0
fresh-shift-24-conventional-d600	24	conventional	960	ce1555	-0.2426	-0.5944	0.6250	0.2500	28921.2767	28146.8117	0	0
fresh-shift-24-conventional-d600	24	conventional	960	ce1556	1.1643	1.1504	1.6250	1.6250	15355.3592	15818.7458	0	0
fresh-shift-24-conventional-d600	24	conventional	960	ce1557	0.4091	0.1514	1.0000	0.7500	19696.1487	19952.6712	0	0
fresh-shift-24-conventional-d600	24	conventional	960	ce1558	2.4280	0.7305	3.1875	1.5000	25317.1242	25648.8277	0	0
fresh-shift-24-conventional-d600	24	conventional	960	ce1559	2.1308	1.5126	2.6250	2.0000	16472.1368	16248.2521	0	0
