# garden fresh-base-17-holistic-d110 seed 17 holistic season 470 n=60 J=16 worlds=0..15 run=/tmp/rbt107-hrep/base-17 work_cost=0.03 (64 s, workers 4)
fresh-base-17-holistic-d110	17	holistic	470	he781	1.0165	0.9539	1.2500	1.1875	7782.9054	7788.0665	0	0
fresh-base-17-holistic-d110	17	holistic	470	he782	1.4621	1.6495	1.7500	1.9375	9597.4364	9601.4144	0	0
fresh-base-17-holistic-d110	17	holistic	470	he783	1.0567	1.0574	1.3125	1.3125	8527.7340	8504.4951	0	0
fresh-base-17-holistic-d110	17	holistic	470	he784	1.7589	1.3223	2.0000	1.5625	8037.8085	8005.6963	0	0
fresh-base-17-holistic-d110	17	holistic	470	he785	0.7062	1.0814	0.8125	1.1875	3542.3843	3537.3783	0	0
fresh-base-17-holistic-d110	17	holistic	470	he786	0.5440	0.4324	0.6250	0.5000	2700.1283	2252.1481	0	0
fresh-base-17-holistic-d110	17	holistic	470	he787	1.8726	0.8184	2.1250	1.0625	8411.7673	8137.4812	0	0
fresh-base-17-holistic-d110	17	holistic	470	he789	1.4261	0.9343	1.5000	1.0000	2461.6864	2189.5604	0	0
fresh-base-17-holistic-d110	17	holistic	470	he792	0.9197	1.0418	1.0625	1.1875	4758.4957	4855.6131	0	0
fresh-base-17-holistic-d110	17	holistic	470	he793	1.3174	1.0668	1.8125	1.5625	16503.9701	16524.5725	0	0
fresh-base-17-holistic-d110	17	holistic	470	he797	1.2418	1.7421	1.3750	1.8750	4440.3476	4431.3474	0	0
fresh-base-17-holistic-d110	17	holistic	470	he798	0.3800	0.1947	0.8750	0.6875	16500.3961	16428.1750	0	0
fresh-base-17-holistic-d110	17	holistic	470	he799	1.6948	1.5754	1.8125	1.6875	3921.7285	3737.7626	0	0
fresh-base-17-holistic-d110	17	holistic	470	he802	1.0911	0.9065	1.1250	0.9375	1130.6457	1033.6298	0	0
fresh-base-17-holistic-d110	17	holistic	470	he805	1.5300	1.7798	1.6250	1.8750	3167.5828	3173.7142	0	0
fresh-base-17-holistic-d110	17	holistic	470	he806	0.5931	0.5914	0.6875	0.6875	3148.2843	3204.2711	0	0
fresh-base-17-holistic-d110	17	holistic	470	he809	1.9679	2.7160	2.1250	2.8750	5235.7671	5298.7717	0	0
fresh-base-17-holistic-d110	17	holistic	470	he811	2.2478	1.8769	2.5625	2.1875	10488.7210	10353.3001	0	0
fresh-base-17-holistic-d110	17	holistic	470	he812	1.5575	1.4273	1.6875	1.5625	4334.1976	4507.2328	0	0
fresh-base-17-holistic-d110	17	holistic	470	he813	2.5610	1.3776	2.6250	1.4375	2133.1303	1996.8608	0	0
fresh-base-17-holistic-d110	17	holistic	470	he814	2.8156	2.8188	2.9375	2.9375	4061.8840	3955.6151	0	0
fresh-base-17-holistic-d110	17	holistic	470	he815	1.1553	1.0287	1.4375	1.3125	9405.9963	9460.5051	0	0
fresh-base-17-holistic-d110	17	holistic	470	he816	0.9562	0.7173	1.0000	0.7500	1458.8798	1090.0580	0	0
fresh-base-17-holistic-d110	17	holistic	470	he817	1.2823	1.2207	1.5000	1.4375	7258.2217	7226.2664	0	0
fresh-base-17-holistic-d110	17	holistic	470	he818	0.5704	0.8199	0.6875	0.9375	3902.6848	3920.7409	0	0
fresh-base-17-holistic-d110	17	holistic	470	he819	0.7114	1.0264	0.8125	1.1250	3370.3326	3286.2826	0	0
fresh-base-17-holistic-d110	17	holistic	470	he820	1.9895	1.1792	2.2500	1.4375	8684.1648	8611.2811	0	0
fresh-base-17-holistic-d110	17	holistic	470	he821	1.7186	0.6528	2.5000	1.4375	26045.2647	26157.6010	0	0
fresh-base-17-holistic-d110	17	holistic	470	he822	0.9641	1.0257	1.0000	1.0625	1195.3731	1225.2507	0	0
fresh-base-17-holistic-d110	17	holistic	470	he823	0.5314	0.6578	0.6875	0.8125	5203.8225	5156.7783	0	0
fresh-base-17-holistic-d110	17	holistic	470	he824	1.2786	1.4055	1.4375	1.5625	5298.2413	5233.7161	0	0
fresh-base-17-holistic-d110	17	holistic	470	he828	1.1382	1.7016	1.2500	1.8125	3727.0636	3698.1636	0	0
fresh-base-17-holistic-d110	17	holistic	470	he829	1.4285	1.4922	1.5625	1.6250	4467.8374	4426.1973	0	0
fresh-base-17-holistic-d110	17	holistic	470	he830	1.2856	0.8497	1.4375	1.0000	5061.9259	5008.9853	0	0
fresh-base-17-holistic-d110	17	holistic	470	he831	1.0990	0.9142	1.1250	0.9375	868.1179	777.1713	0	0
fresh-base-17-holistic-d110	17	holistic	470	he832	0.4740	0.4115	0.5000	0.4375	866.2464	865.3654	0	0
fresh-base-17-holistic-d110	17	holistic	470	he833	1.3205	2.0103	1.5000	2.1875	5982.8945	5906.0513	0	0
fresh-base-17-holistic-d110	17	holistic	470	he834	0.8288	0.2652	1.0625	0.5000	7791.3021	7826.6933	0	0
fresh-base-17-holistic-d110	17	holistic	470	he838	0.5808	0.4550	0.8125	0.6875	7723.3698	7749.9264	0	0
fresh-base-17-holistic-d110	17	holistic	470	he840	0.9592	0.8343	1.1250	1.0000	5526.3535	5521.8464	0	0
fresh-base-17-holistic-d110	17	holistic	470	he841	0.0929	0.2263	0.1250	0.2500	1070.0407	789.1726	0	0
fresh-base-17-holistic-d110	17	holistic	470	he842	1.5296	1.0340	1.6250	1.1250	3178.9981	3032.0601	0	0
fresh-base-17-holistic-d110	17	holistic	470	he843	1.2585	0.8846	1.5000	1.1250	8051.0645	8012.1735	0	0
fresh-base-17-holistic-d110	17	holistic	470	he844	2.0530	2.1804	2.1875	2.3125	4484.7329	4402.5336	0	0
fresh-base-17-holistic-d110	17	holistic	470	he845	2.7671	2.3951	3.0625	2.6875	9847.3652	9746.4493	0	0
fresh-base-17-holistic-d110	17	holistic	470	he846	1.7177	1.2179	1.9375	1.4375	7326.5393	7320.5191	0	0
fresh-base-17-holistic-d110	17	holistic	470	he847	0.7556	0.4435	0.8125	0.5000	1895.8339	1883.9291	0	0
fresh-base-17-holistic-d110	17	holistic	470	he848	1.0167	1.4540	1.3125	1.7500	9859.9069	9866.6927	0	0
fresh-base-17-holistic-d110	17	holistic	470	he849	1.3314	1.2119	1.3750	1.2500	1454.6794	1271.3756	0	0
fresh-base-17-holistic-d110	17	holistic	470	he851	1.5570	0.9351	1.7500	1.1250	6434.8475	6328.6943	0	0
fresh-base-17-holistic-d110	17	holistic	470	he852	1.2469	1.0604	1.4375	1.2500	6352.9440	6321.2389	0	0
fresh-base-17-holistic-d110	17	holistic	470	he853	2.0960	2.0355	2.3125	2.2500	7217.4544	7149.3777	0	0
fresh-base-17-holistic-d110	17	holistic	470	he854	0.8495	0.8497	1.1250	1.1250	9182.1830	9178.1932	0	0
fresh-base-17-holistic-d110	17	holistic	470	he855	1.7237	1.9119	1.8750	2.0625	5043.8412	5020.6085	0	0
fresh-base-17-holistic-d110	17	holistic	470	he856	1.4201	1.1719	1.6250	1.3750	6830.0599	6769.6136	0	0
fresh-base-17-holistic-d110	17	holistic	470	he857	1.7404	1.7400	1.8750	1.8750	4487.9777	4498.9269	0	0
fresh-base-17-holistic-d110	17	holistic	470	he858	1.6234	1.4954	1.7500	1.6250	4219.1607	4319.9433	0	0
fresh-base-17-holistic-d110	17	holistic	470	he859	1.7075	1.1432	2.0000	1.4375	9751.0997	9811.4429	0	0
fresh-base-17-holistic-d110	17	holistic	470	he860	2.2240	1.7244	2.3125	1.8125	2949.4598	2938.1731	0	0
fresh-base-17-holistic-d110	17	holistic	470	he861	0.9619	0.9038	1.0000	0.9375	1271.6238	1124.5280	0	0
