# garden fresh-base-17-holistic-d110 seed 17 holistic season 470 n=60 J=16 worlds=16..31 run=/tmp/rbt107-hrep/base-17 work_cost=0.03 (63 s, workers 4)
fresh-base-17-holistic-d110	17	holistic	470	he781	0.5799	0.7041	0.8125	0.9375	7753.2776	7781.3471	0	0
fresh-base-17-holistic-d110	17	holistic	470	he782	1.7087	1.8348	2.0000	2.1250	9710.4348	9673.5458	0	0
fresh-base-17-holistic-d110	17	holistic	470	he783	1.2409	1.1847	1.5000	1.4375	8635.7961	8426.3277	0	0
fresh-base-17-holistic-d110	17	holistic	470	he784	3.1322	2.5723	3.3750	2.8125	8092.9921	8006.8956	0	0
fresh-base-17-holistic-d110	17	holistic	470	he785	1.4553	1.0198	1.5625	1.1250	3572.4191	3507.1658	0	0
fresh-base-17-holistic-d110	17	holistic	470	he786	0.7983	0.4282	0.8750	0.5000	2557.5200	2392.3335	0	0
fresh-base-17-holistic-d110	17	holistic	470	he787	1.1892	1.0654	1.4375	1.3125	8275.9036	8236.9953	0	0
fresh-base-17-holistic-d110	17	holistic	470	he789	1.1715	1.4321	1.2500	1.5000	2617.7573	2263.7550	0	0
fresh-base-17-holistic-d110	17	holistic	470	he792	1.0509	0.7994	1.1875	0.9375	4554.1268	4601.6802	0	0
fresh-base-17-holistic-d110	17	holistic	470	he793	1.4389	1.0658	1.9375	1.5625	16621.2263	16556.5261	0	0
fresh-base-17-holistic-d110	17	holistic	470	he797	2.1787	1.4288	2.3125	1.5625	4459.5653	4455.4300	0	0
fresh-base-17-holistic-d110	17	holistic	470	he798	0.2555	0.1955	0.7500	0.6875	16483.2562	16398.8032	0	0
fresh-base-17-holistic-d110	17	holistic	470	he799	1.0661	1.1908	1.1875	1.3125	4045.5757	4055.2794	0	0
fresh-base-17-holistic-d110	17	holistic	470	he802	0.4028	0.4628	0.4375	0.5000	1156.4357	1239.0281	0	0
fresh-base-17-holistic-d110	17	holistic	470	he805	1.6552	1.0936	1.7500	1.1875	3159.4102	3128.4226	0	0
fresh-base-17-holistic-d110	17	holistic	470	he806	0.3430	0.3425	0.4375	0.4375	3150.8972	3165.5205	0	0
fresh-base-17-holistic-d110	17	holistic	470	he809	2.0288	1.4703	2.1875	1.6250	5290.2294	5157.0034	0	0
fresh-base-17-holistic-d110	17	holistic	470	he811	2.5051	2.3699	2.8125	2.6875	10245.5652	10586.2618	0	0
fresh-base-17-holistic-d110	17	holistic	470	he812	1.0779	0.8807	1.1875	1.0000	3654.8695	3975.1549	0	0
fresh-base-17-holistic-d110	17	holistic	470	he813	1.4344	1.3761	1.5000	1.4375	2187.1462	2046.4961	0	0
fresh-base-17-holistic-d110	17	holistic	470	he814	3.0703	1.9444	3.1875	2.0625	3905.3701	3937.3586	0	0
fresh-base-17-holistic-d110	17	holistic	470	he815	1.0913	0.7804	1.3750	1.0625	9455.7807	9401.9008	0	0
fresh-base-17-holistic-d110	17	holistic	470	he816	0.7675	0.5261	0.8125	0.5625	1500.8567	1213.5037	0	0
fresh-base-17-holistic-d110	17	holistic	470	he817	1.4086	1.0939	1.6250	1.3125	7213.8886	7287.2979	0	0
fresh-base-17-holistic-d110	17	holistic	470	he818	1.7479	1.1318	1.8750	1.2500	4235.0761	3940.9710	0	0
fresh-base-17-holistic-d110	17	holistic	470	he819	1.7761	1.9634	1.8750	2.0625	3297.6118	3303.6549	0	0
fresh-base-17-holistic-d110	17	holistic	470	he820	1.5511	1.6770	1.8125	1.9375	8713.3374	8684.2020	0	0
fresh-base-17-holistic-d110	17	holistic	470	he821	1.2294	1.3556	2.0000	2.1250	25685.1647	25647.6845	0	0
fresh-base-17-holistic-d110	17	holistic	470	he822	0.7663	0.7126	0.8125	0.7500	1539.3580	1247.8630	0	0
fresh-base-17-holistic-d110	17	holistic	470	he823	0.9064	0.8367	1.0625	1.0000	5201.9894	5442.3471	0	0
fresh-base-17-holistic-d110	17	holistic	470	he824	1.0278	0.9684	1.1875	1.1250	5323.0140	5219.3942	0	0
fresh-base-17-holistic-d110	17	holistic	470	he828	1.2644	0.8856	1.3750	1.0000	3687.9164	3813.4005	0	0
fresh-base-17-holistic-d110	17	holistic	470	he829	0.9292	1.3049	1.0625	1.4375	4444.4967	4419.7182	0	0
fresh-base-17-holistic-d110	17	holistic	470	he830	0.6064	0.7895	0.7500	0.9375	4787.9644	4931.9969	0	0
fresh-base-17-holistic-d110	17	holistic	470	he831	0.7899	0.9780	0.8125	1.0000	754.9363	733.9655	0	0
fresh-base-17-holistic-d110	17	holistic	470	he832	0.4794	0.1052	0.5000	0.1250	685.4256	660.4437	0	0
fresh-base-17-holistic-d110	17	holistic	470	he833	1.5055	1.0697	1.6875	1.2500	6066.2706	6011.2802	0	0
fresh-base-17-holistic-d110	17	holistic	470	he834	0.5778	0.1406	0.8125	0.3750	7822.8253	7812.9591	0	0
fresh-base-17-holistic-d110	17	holistic	470	he838	0.3924	0.3940	0.6250	0.6250	7753.5166	7700.3774	0	0
fresh-base-17-holistic-d110	17	holistic	470	he840	1.0842	1.0840	1.2500	1.2500	5527.4006	5534.1605	0	0
fresh-base-17-holistic-d110	17	holistic	470	he841	0.1553	0.1577	0.1875	0.1875	1074.5893	993.2169	0	0
fresh-base-17-holistic-d110	17	holistic	470	he842	1.0765	1.0199	1.1875	1.1250	3699.6364	3502.2332	0	0
fresh-base-17-holistic-d110	17	holistic	470	he843	1.6316	1.2505	1.8750	1.5000	8112.7105	8316.1297	0	0
fresh-base-17-holistic-d110	17	holistic	470	he844	1.2398	1.8030	1.3750	1.9375	4506.4110	4484.4761	0	0
fresh-base-17-holistic-d110	17	holistic	470	he845	2.7652	1.8908	3.0625	2.1875	9908.9814	9890.1684	0	0
fresh-base-17-holistic-d110	17	holistic	470	he846	1.0334	0.9076	1.2500	1.1250	7219.9369	7245.2377	0	0
fresh-base-17-holistic-d110	17	holistic	470	he847	0.3915	0.1357	0.4375	0.1875	1533.0925	1726.9619	0	0
fresh-base-17-holistic-d110	17	holistic	470	he848	1.5823	1.0803	1.8750	1.3750	9755.6289	9822.2980	0	0
fresh-base-17-holistic-d110	17	holistic	470	he849	1.2081	0.6469	1.2500	0.6875	1396.3103	1354.6695	0	0
fresh-base-17-holistic-d110	17	holistic	470	he851	0.9322	1.2443	1.1250	1.4375	6428.0919	6440.0348	0	0
fresh-base-17-holistic-d110	17	holistic	470	he852	1.5583	1.0618	1.7500	1.2500	6390.9027	6274.3140	0	0
fresh-base-17-holistic-d110	17	holistic	470	he853	1.9109	1.2876	2.1250	1.5000	7136.1331	7078.5745	0	0
fresh-base-17-holistic-d110	17	holistic	470	he854	0.8508	0.9107	1.1250	1.1875	9138.7298	9226.6140	0	0
fresh-base-17-holistic-d110	17	holistic	470	he855	1.5996	1.5377	1.7500	1.6875	5011.9288	4993.9558	0	0
fresh-base-17-holistic-d110	17	holistic	470	he856	0.7961	1.1080	1.0000	1.3125	6796.7514	6817.1742	0	0
fresh-base-17-holistic-d110	17	holistic	470	he857	1.7380	1.1756	1.8750	1.3125	4568.2241	4562.6055	0	0
fresh-base-17-holistic-d110	17	holistic	470	he858	1.7435	1.8662	1.8750	2.0000	4383.8557	4458.4017	0	0
fresh-base-17-holistic-d110	17	holistic	470	he859	1.5781	1.1426	1.8750	1.4375	9897.3581	9831.6448	0	0
fresh-base-17-holistic-d110	17	holistic	470	he860	1.4090	0.9692	1.5000	1.0625	3032.4947	3109.4706	0	0
fresh-base-17-holistic-d110	17	holistic	470	he861	0.9628	1.1511	1.0000	1.1875	1241.1028	1213.9519	0	0
