# garden fresh-cull20-23-conventional-d600 seed 23 conventional season 960 n=60 J=16 worlds=16..31 run=/tmp/rbt107-h1/cull20-23 work_cost=0.03 (105 s, workers 4)
fresh-cull20-23-conventional-d600	23	conventional	960	ce1763	1.3067	0.9944	1.8750	1.5625	18942.4980	18936.4048	0	0
fresh-cull20-23-conventional-d600	23	conventional	960	ce1767	1.7127	0.8364	2.1875	1.3125	15825.4655	15869.4863	0	0
fresh-cull20-23-conventional-d600	23	conventional	960	ce1768	1.1390	0.5798	1.7500	1.1875	20366.3201	20257.6252	0	0
fresh-cull20-23-conventional-d600	23	conventional	960	ce1769	0.8106	0.8829	1.0625	1.1250	8398.0961	8068.5849	0	0
fresh-cull20-23-conventional-d600	23	conventional	960	ce1770	1.9715	0.7833	2.6875	1.5000	23866.0482	23890.3724	0	0
fresh-cull20-23-conventional-d600	23	conventional	960	ce1771	1.7893	0.7816	2.5000	1.5000	23690.4918	23945.5112	0	0
fresh-cull20-23-conventional-d600	23	conventional	960	ce1773	3.0210	0.6371	3.7500	1.3750	24298.6952	24595.1314	0	0
fresh-cull20-23-conventional-d600	23	conventional	960	ce1775	1.5272	1.1207	2.0000	1.5625	15761.3574	14726.6689	0	1
fresh-cull20-23-conventional-d600	23	conventional	960	ce1776	2.4338	1.0317	3.0000	1.6250	18874.4484	19778.1956	0	0
fresh-cull20-23-conventional-d600	23	conventional	960	ce1779	1.2482	0.3154	1.8125	0.8750	18811.0597	18653.9715	0	0
fresh-cull20-23-conventional-d600	23	conventional	960	ce1781	1.2038	1.0053	1.8125	1.6250	20288.7022	20657.5337	0	0
fresh-cull20-23-conventional-d600	23	conventional	960	ce1782	1.8397	0.7785	2.4375	1.3750	19927.9057	19883.9873	0	0
fresh-cull20-23-conventional-d600	23	conventional	960	ce1783	1.5172	1.1456	2.1875	1.8125	22343.9615	22230.5021	0	0
fresh-cull20-23-conventional-d600	23	conventional	960	ce1785	0.5369	0.7282	0.7500	0.9375	7103.0886	6975.7626	0	0
fresh-cull20-23-conventional-d600	23	conventional	960	ce1786	1.2654	0.4625	1.9375	1.1250	22404.6356	22084.6143	0	0
fresh-cull20-23-conventional-d600	23	conventional	960	ce1787	0.6306	0.5062	1.1250	1.0000	16479.4894	16459.6113	0	0
fresh-cull20-23-conventional-d600	23	conventional	960	ce1789	1.4379	0.4370	2.1250	1.1250	22903.1556	22934.6239	0	0
fresh-cull20-23-conventional-d600	23	conventional	960	ce1790	0.5619	0.3722	1.0625	0.8750	16688.0102	16759.2562	0	0
fresh-cull20-23-conventional-d600	23	conventional	960	ce1791	2.4553	1.4894	3.0000	2.0000	18157.6742	17019.0891	0	1
fresh-cull20-23-conventional-d600	23	conventional	960	ce1792	2.2203	1.0332	2.6875	1.5000	15574.5588	15561.1886	0	0
fresh-cull20-23-conventional-d600	23	conventional	960	ce1793	1.5145	0.3743	1.7500	0.6875	7848.5944	10439.1631	0	0
fresh-cull20-23-conventional-d600	23	conventional	960	ce1794	1.2013	1.2087	1.8125	1.8125	20373.8452	20126.2065	0	0
fresh-cull20-23-conventional-d600	23	conventional	960	ce1795	1.3446	0.5337	1.8125	1.0000	15596.9267	15541.8684	0	0
fresh-cull20-23-conventional-d600	23	conventional	960	ce1796	1.3433	0.7190	1.8125	1.1875	15640.0403	15615.4871	0	0
fresh-cull20-23-conventional-d600	23	conventional	960	ce1797	1.1021	0.6663	1.5625	1.1250	15347.7394	15288.8585	0	0
fresh-cull20-23-conventional-d600	23	conventional	960	ce1798	0.7560	0.3807	1.2500	0.8750	16467.9948	16477.5379	0	0
fresh-cull20-23-conventional-d600	23	conventional	960	ce1800	0.2858	0.0956	0.9375	0.7500	21723.8636	21814.5789	0	0
fresh-cull20-23-conventional-d600	23	conventional	960	ce1801	0.7414	0.4298	1.2500	0.9375	16952.6434	16923.6055	0	0
fresh-cull20-23-conventional-d600	23	conventional	960	ce1802	1.5282	0.8412	2.0000	1.3125	15727.4076	15708.9996	0	0
fresh-cull20-23-conventional-d600	23	conventional	960	ce1803	0.9051	0.4042	1.3750	0.8750	15662.5509	15692.2874	0	0
fresh-cull20-23-conventional-d600	23	conventional	960	ce1809	1.2259	0.4159	1.6875	0.8750	15385.3933	15303.5842	0	0
fresh-cull20-23-conventional-d600	23	conventional	960	ce1812	1.0954	0.9108	1.5625	1.3750	15568.4880	15474.5101	0	0
fresh-cull20-23-conventional-d600	23	conventional	960	ce1813	0.6564	0.0985	1.1875	0.6250	17703.1806	17549.6600	0	0
fresh-cull20-23-conventional-d600	23	conventional	960	ce1814	1.4624	0.3074	1.9375	0.7500	15838.1112	14751.7273	0	1
fresh-cull20-23-conventional-d600	23	conventional	960	ce1815	1.7432	0.4877	2.3750	1.1250	21060.9867	21241.7514	0	0
fresh-cull20-23-conventional-d600	23	conventional	960	ce1822	1.3777	0.7862	1.9375	1.3750	18660.3032	19625.7627	0	0
fresh-cull20-23-conventional-d600	23	conventional	960	ce1824	1.5281	0.7967	2.1250	1.4375	19895.0164	21361.1006	0	0
fresh-cull20-23-conventional-d600	23	conventional	960	ce1825	1.9532	0.7683	2.4375	1.2500	16142.8690	16057.4503	0	0
fresh-cull20-23-conventional-d600	23	conventional	960	ce1826	1.7891	0.7861	2.4375	1.4375	21613.4807	21713.8455	0	0
fresh-cull20-23-conventional-d600	23	conventional	960	ce1827	0.9266	0.4769	1.6250	1.1875	23279.1140	23687.6606	0	0
fresh-cull20-23-conventional-d600	23	conventional	960	ce1829	1.4773	0.6046	1.9375	1.0625	15340.9930	15262.7568	0	0
fresh-cull20-23-conventional-d600	23	conventional	960	ce1830	1.9233	0.6740	2.5625	1.3125	21305.1009	21283.2802	0	0
fresh-cull20-23-conventional-d600	23	conventional	960	ce1832	2.4875	1.2980	3.1250	1.9375	21250.2136	21317.2596	0	0
fresh-cull20-23-conventional-d600	23	conventional	960	ce1833	1.4635	0.8373	1.9375	1.3125	15801.1889	15839.7792	0	0
fresh-cull20-23-conventional-d600	23	conventional	960	ce1836	0.5269	0.5856	1.3125	1.3750	26186.9941	26311.8157	0	0
fresh-cull20-23-conventional-d600	23	conventional	960	ce1837	0.8524	0.0418	1.3125	0.5000	15335.0319	15271.8418	0	0
fresh-cull20-23-conventional-d600	23	conventional	960	ce1838	2.1123	0.9344	2.8125	1.6250	23341.5225	23020.7247	0	0
fresh-cull20-23-conventional-d600	23	conventional	960	ce1840	2.1788	1.1036	2.8750	1.8125	23205.1177	23631.3083	0	0
fresh-cull20-23-conventional-d600	23	conventional	960	ce1841	1.9527	0.4555	2.4375	0.9375	16160.0719	16065.6835	0	0
fresh-cull20-23-conventional-d600	23	conventional	960	ce1842	1.0828	0.9577	1.3125	1.1875	7656.7758	7659.6472	0	0
fresh-cull20-23-conventional-d600	23	conventional	960	ce1845	1.2831	0.7210	1.7500	1.1875	15563.0820	15548.6491	0	0
fresh-cull20-23-conventional-d600	23	conventional	960	ce1846	1.7005	1.3747	2.4375	2.0625	24567.3753	22926.4988	0	1
fresh-cull20-23-conventional-d600	23	conventional	960	ce1847	1.9189	1.7339	2.5625	2.3750	21452.4047	21368.5564	0	0
fresh-cull20-23-conventional-d600	23	conventional	960	ce1848	1.9711	1.2240	2.4375	1.6875	15546.0692	15449.2097	0	0
fresh-cull20-23-conventional-d600	23	conventional	960	ce1849	1.0616	1.2562	1.6875	1.8750	20862.7664	20627.9687	0	0
fresh-cull20-23-conventional-d600	23	conventional	960	ce1850	0.6579	0.4094	1.1250	0.8750	15570.4295	15519.0199	0	0
fresh-cull20-23-conventional-d600	23	conventional	960	ce1851	0.7776	0.0717	1.5625	0.8125	26163.7073	24691.9475	0	0
fresh-cull20-23-conventional-d600	23	conventional	960	ce1852	1.5417	0.6700	2.0000	1.1250	15276.6185	15165.2394	0	0
fresh-cull20-23-conventional-d600	23	conventional	960	ce1853	0.9641	0.6568	1.5625	1.2500	19945.1173	19774.6198	0	0
fresh-cull20-23-conventional-d600	23	conventional	960	ce1854	0.6325	0.2555	0.8125	0.4375	6000.3713	6065.4053	0	0
