# garden fresh-base-17-conventional-d800 seed 17 conventional season 1160 n=60 J=16 worlds=0..15 run=/tmp/rbt107-h1/base-17 work_cost=0.03 (107 s, workers 4)
fresh-base-17-conventional-d800	17	conventional	1160	ce2163	2.2952	1.4210	2.9375	2.0625	21408.5169	21382.9580	0	0
fresh-base-17-conventional-d800	17	conventional	1160	ce2164	3.5217	1.5047	4.3125	2.3125	26358.8298	26925.1721	0	0
fresh-base-17-conventional-d800	17	conventional	1160	ce2165	2.1910	1.4487	2.9375	2.1875	24884.4859	24627.1381	0	0
fresh-base-17-conventional-d800	17	conventional	1160	ce2166	1.6620	0.7264	2.3750	1.4375	23767.6641	23704.2394	0	0
fresh-base-17-conventional-d800	17	conventional	1160	ce2168	2.0058	0.9450	2.7500	1.6875	24807.2650	24750.5494	0	0
fresh-base-17-conventional-d800	17	conventional	1160	ce2169	1.4038	0.6987	1.8125	1.1250	13623.7600	14208.4633	0	0
fresh-base-17-conventional-d800	17	conventional	1160	ce2170	2.1498	1.7686	2.7500	2.3750	20007.5244	20214.1720	0	0
fresh-base-17-conventional-d800	17	conventional	1160	ce2171	1.1553	1.0425	1.6875	1.5625	17739.2610	17334.6480	0	0
fresh-base-17-conventional-d800	17	conventional	1160	ce2172	0.0245	0.3937	0.5625	0.9375	17933.5683	18126.8812	0	0
fresh-base-17-conventional-d800	17	conventional	1160	ce2175	1.0297	0.5961	1.8125	1.3750	26094.5976	25964.4095	0	0
fresh-base-17-conventional-d800	17	conventional	1160	ce2177	0.8780	0.8041	1.3750	1.3125	16567.4344	16948.0435	0	0
fresh-base-17-conventional-d800	17	conventional	1160	ce2180	0.8753	0.8116	1.3750	1.3125	16655.5300	16696.3262	0	0
fresh-base-17-conventional-d800	17	conventional	1160	ce2183	2.0672	1.1929	2.8125	1.9375	24842.9820	24821.5947	0	0
fresh-base-17-conventional-d800	17	conventional	1160	ce2184	0.9911	0.4899	1.6250	1.1250	21130.3621	21169.1026	0	0
fresh-base-17-conventional-d800	17	conventional	1160	ce2186	2.4476	1.0602	2.9375	1.5625	16329.7534	16743.1794	0	0
fresh-base-17-conventional-d800	17	conventional	1160	ce2187	1.4742	0.6665	2.0625	1.2500	19609.2523	19450.6851	0	0
fresh-base-17-conventional-d800	17	conventional	1160	ce2191	1.5958	1.0255	2.1875	1.6250	19723.5680	19983.1303	0	0
fresh-base-17-conventional-d800	17	conventional	1160	ce2192	2.6661	0.6052	3.1250	1.0625	15296.3057	15244.7233	0	0
fresh-base-17-conventional-d800	17	conventional	1160	ce2195	0.7138	0.4001	1.0625	0.7500	11623.3422	11662.4474	0	0
fresh-base-17-conventional-d800	17	conventional	1160	ce2197	3.2564	1.6255	4.0000	2.3750	24786.9373	24983.5989	0	0
fresh-base-17-conventional-d800	17	conventional	1160	ce2198	1.3456	0.8199	2.0000	1.4375	21813.5736	20586.9493	0	0
fresh-base-17-conventional-d800	17	conventional	1160	ce2201	1.8918	1.3833	2.6250	2.1250	24440.9819	24722.7473	0	0
fresh-base-17-conventional-d800	17	conventional	1160	ce2202	1.1149	0.8027	1.6250	1.3125	17002.5302	16993.5829	0	0
fresh-base-17-conventional-d800	17	conventional	1160	ce2203	0.9754	0.4074	1.7500	1.1875	25818.7580	26004.9415	0	0
fresh-base-17-conventional-d800	17	conventional	1160	ce2204	1.2433	0.8651	1.9375	1.5625	23138.3907	23245.1629	0	0
fresh-base-17-conventional-d800	17	conventional	1160	ce2206	3.1340	1.7025	3.8750	2.4375	24701.3505	24499.1743	0	0
fresh-base-17-conventional-d800	17	conventional	1160	ce2209	2.1979	0.4195	2.7500	0.9375	18404.9717	17267.8530	0	0
fresh-base-17-conventional-d800	17	conventional	1160	ce2211	2.4969	0.4470	3.1875	1.1875	23018.8231	24684.2473	0	0
fresh-base-17-conventional-d800	17	conventional	1160	ce2213	1.0027	0.4236	1.5625	1.0000	18660.2057	19213.3736	0	0
fresh-base-17-conventional-d800	17	conventional	1160	ce2215	0.3295	-0.1059	1.1250	0.6875	26515.0304	26447.8887	0	0
fresh-base-17-conventional-d800	17	conventional	1160	ce2217	2.0877	0.5886	2.8125	1.3125	24159.3871	24130.7579	0	0
fresh-base-17-conventional-d800	17	conventional	1160	ce2218	1.0557	0.9974	1.3125	1.2500	8559.3137	8418.4243	0	0
fresh-base-17-conventional-d800	17	conventional	1160	ce2219	1.9444	0.9980	2.6250	1.6875	22687.7708	22983.3369	0	0
fresh-base-17-conventional-d800	17	conventional	1160	ce2220	3.0095	1.9967	3.8125	2.8125	26766.2123	27192.9582	0	0
fresh-base-17-conventional-d800	17	conventional	1160	ce2221	2.6155	0.9779	3.1875	1.5625	19067.7605	19486.2626	0	0
fresh-base-17-conventional-d800	17	conventional	1160	ce2222	2.3375	1.1538	3.0625	1.8750	24166.8015	24039.6032	0	0
fresh-base-17-conventional-d800	17	conventional	1160	ce2226	2.8549	0.9732	3.6250	1.7500	25671.3637	25894.1866	0	0
fresh-base-17-conventional-d800	17	conventional	1160	ce2227	1.4726	1.4038	2.2500	2.1875	25913.5758	26124.0673	0	0
fresh-base-17-conventional-d800	17	conventional	1160	ce2228	2.1349	1.3469	2.8750	2.0625	24669.7585	23853.7305	0	0
fresh-base-17-conventional-d800	17	conventional	1160	ce2229	1.6539	0.7178	2.3750	1.4375	24037.7706	23989.0734	0	0
fresh-base-17-conventional-d800	17	conventional	1160	ce2231	2.1596	1.2951	2.7500	1.8750	19679.6008	19331.0763	0	0
fresh-base-17-conventional-d800	17	conventional	1160	ce2232	2.2649	1.4447	3.0000	2.1875	24502.4630	24759.4596	0	0
fresh-base-17-conventional-d800	17	conventional	1160	ce2233	1.3162	1.0036	1.8125	1.5000	16544.0302	16546.3632	0	0
fresh-base-17-conventional-d800	17	conventional	1160	ce2234	0.2973	0.2261	1.0625	1.0000	25506.2901	25796.4383	0	0
fresh-base-17-conventional-d800	17	conventional	1160	ce2235	1.2841	0.7897	1.7500	1.2500	15529.3968	15342.6167	0	0
fresh-base-17-conventional-d800	17	conventional	1160	ce2236	1.5695	1.8206	2.1875	2.4375	20598.7529	20563.8808	0	0
fresh-base-17-conventional-d800	17	conventional	1160	ce2237	1.4216	0.0896	2.1875	0.8750	25529.1550	26179.9037	0	0
fresh-base-17-conventional-d800	17	conventional	1160	ce2238	1.5280	0.9130	1.9375	1.3125	13649.4148	13315.9712	0	0
fresh-base-17-conventional-d800	17	conventional	1160	ce2239	2.0819	1.3906	2.5625	1.8750	16019.0620	16148.0938	0	0
fresh-base-17-conventional-d800	17	conventional	1160	ce2240	0.6897	0.6291	1.1875	1.1250	16592.6774	16531.5012	0	0
fresh-base-17-conventional-d800	17	conventional	1160	ce2241	2.2403	1.7475	3.0625	2.5625	27407.6329	27166.1401	0	0
fresh-base-17-conventional-d800	17	conventional	1160	ce2243	2.5167	1.3868	3.1875	2.0000	22361.6475	20441.3743	0	0
fresh-base-17-conventional-d800	17	conventional	1160	ce2245	1.0505	0.3617	1.5625	0.8750	17066.4082	17110.7391	0	0
fresh-base-17-conventional-d800	17	conventional	1160	ce2247	2.5512	1.2006	3.1875	1.8125	21208.7317	20395.1205	0	1
fresh-base-17-conventional-d800	17	conventional	1160	ce2248	2.0393	1.0169	2.6875	1.6250	21606.6483	20271.1623	0	1
fresh-base-17-conventional-d800	17	conventional	1160	ce2252	1.8728	0.6225	2.5625	1.3125	22988.8046	22999.7162	0	0
fresh-base-17-conventional-d800	17	conventional	1160	ce2253	2.3032	0.8567	3.0625	1.6250	25309.9003	25608.7006	0	0
fresh-base-17-conventional-d800	17	conventional	1160	ce2254	2.4466	1.5693	3.0000	2.1250	18447.2289	18522.9361	0	0
fresh-base-17-conventional-d800	17	conventional	1160	ce2256	1.2501	0.8748	2.0000	1.6250	24995.5059	25006.8420	0	0
fresh-base-17-conventional-d800	17	conventional	1160	ce2257	2.3055	1.3071	3.0000	2.0000	23149.8098	23097.4969	0	0
