# garden fresh-c0-29-conventional seed 29 conventional season 359 n=60 J=16 worlds=16..31 run=/tmp/rbt107-h1/base-29 work_cost=0.03 (121 s, workers 4)
fresh-c0-29-conventional	29	conventional	359	ce686	2.3759	0.5348	2.8750	1.0000	16635.4399	15505.9804	0	0
fresh-c0-29-conventional	29	conventional	359	ce687	3.7017	1.5067	4.1875	2.0000	16191.7289	16443.7878	0	0
fresh-c0-29-conventional	29	conventional	359	ce690	2.1099	1.1412	2.8750	1.8750	25504.5747	24459.7336	0	0
fresh-c0-29-conventional	29	conventional	359	ce691	1.6697	0.5792	2.3750	1.2500	23510.1915	22358.3830	0	0
fresh-c0-29-conventional	29	conventional	359	ce695	0.4870	0.6150	1.0000	1.1250	17099.3457	16999.0573	0	0
fresh-c0-29-conventional	29	conventional	359	ce697	1.7395	0.9906	2.3125	1.5625	19100.0116	19064.3359	0	0
fresh-c0-29-conventional	29	conventional	359	ce699	1.9449	0.7879	2.1875	1.0000	8085.2355	7071.2315	0	0
fresh-c0-29-conventional	29	conventional	359	ce700	2.2939	0.9293	3.0000	1.6250	23536.2827	23188.4384	0	0
fresh-c0-29-conventional	29	conventional	359	ce706	1.3472	0.9393	2.0000	1.5625	21761.0146	20773.3040	0	0
fresh-c0-29-conventional	29	conventional	359	ce711	2.1666	1.0777	2.8750	1.7500	23612.3380	22409.5579	0	0
fresh-c0-29-conventional	29	conventional	359	ce713	2.3527	0.5204	2.7500	0.8750	13241.7912	11819.6374	0	0
fresh-c0-29-conventional	29	conventional	359	ce715	0.8107	0.6972	1.0625	1.0000	8392.4290	10092.8604	0	0
fresh-c0-29-conventional	29	conventional	359	ce717	1.2901	0.9721	1.7500	1.4375	15330.5523	15512.6515	0	0
fresh-c0-29-conventional	29	conventional	359	ce718	2.2312	1.0579	2.9375	1.7500	23544.3317	23068.9818	0	0
fresh-c0-29-conventional	29	conventional	359	ce719	0.8048	0.7319	1.2500	1.1875	14838.7751	15187.9429	0	0
fresh-c0-29-conventional	29	conventional	359	ce720	1.6623	0.1013	2.2500	0.6875	19588.3689	19538.5760	0	0
fresh-c0-29-conventional	29	conventional	359	ce721	1.6533	1.2265	2.0625	1.6250	13640.6528	13284.0350	0	0
fresh-c0-29-conventional	29	conventional	359	ce724	2.4997	1.2671	3.2500	2.0000	25009.1185	24429.2289	0	0
fresh-c0-29-conventional	29	conventional	359	ce725	1.5411	0.7468	2.3125	1.5000	25712.8007	25106.7861	0	0
fresh-c0-29-conventional	29	conventional	359	ce726	1.2271	0.3429	1.6250	0.7500	13262.1404	13571.3256	0	0
fresh-c0-29-conventional	29	conventional	359	ce729	2.2690	0.9155	2.6250	1.2500	11865.9820	11148.4421	0	0
fresh-c0-29-conventional	29	conventional	359	ce730	1.1846	0.5084	1.8125	1.1250	20931.0708	20553.4313	0	0
fresh-c0-29-conventional	29	conventional	359	ce732	1.6006	0.8365	1.8750	1.1875	9145.2089	11698.7214	0	0
fresh-c0-29-conventional	29	conventional	359	ce737	1.7347	0.8935	2.3750	1.5000	21343.5576	20215.8552	0	0
fresh-c0-29-conventional	29	conventional	359	ce738	1.9903	0.8053	2.6875	1.5000	23238.9228	23157.5727	0	0
fresh-c0-29-conventional	29	conventional	359	ce744	1.9736	1.0467	2.6875	1.6875	23797.4014	21360.7205	0	1
fresh-c0-29-conventional	29	conventional	359	ce746	1.7188	1.5447	2.4375	2.2500	23957.6642	23510.2118	0	0
fresh-c0-29-conventional	29	conventional	359	ce747	2.7827	1.6590	3.3750	2.2500	19741.6923	19698.9011	0	0
fresh-c0-29-conventional	29	conventional	359	ce748	2.2524	0.5820	2.6875	1.0000	14503.1921	13934.8452	0	0
fresh-c0-29-conventional	29	conventional	359	ce750	2.4599	1.3253	3.0000	1.8750	18004.8986	18322.7760	0	0
fresh-c0-29-conventional	29	conventional	359	ce751	1.6297	0.7918	2.3750	1.5000	24844.5467	23607.9036	0	0
fresh-c0-29-conventional	29	conventional	359	ce754	2.6168	0.8709	3.1875	1.4375	19022.3828	18886.6991	0	0
fresh-c0-29-conventional	29	conventional	359	ce757	1.1175	0.8355	1.7500	1.4375	21082.2144	20065.2925	0	0
fresh-c0-29-conventional	29	conventional	359	ce759	0.9478	0.7063	1.2500	1.0000	10072.3889	9790.7194	0	0
fresh-c0-29-conventional	29	conventional	359	ce762	1.6631	0.1718	2.3125	0.8125	21646.8465	21355.2072	0	0
fresh-c0-29-conventional	29	conventional	359	ce763	3.0035	1.0591	3.4375	1.5000	14466.9915	14696.2222	0	0
fresh-c0-29-conventional	29	conventional	359	ce764	3.1246	1.3484	3.7500	2.0000	20847.2915	21719.4335	0	0
fresh-c0-29-conventional	29	conventional	359	ce766	1.9771	0.7892	2.1875	1.0000	7014.4761	7028.0928	0	0
fresh-c0-29-conventional	29	conventional	359	ce767	2.5036	0.5717	3.2500	1.3125	24881.1684	24691.6690	0	0
fresh-c0-29-conventional	29	conventional	359	ce768	1.2422	0.8760	1.9375	1.5625	23175.1536	22883.0419	0	0
fresh-c0-29-conventional	29	conventional	359	ce770	3.2661	1.4546	3.8750	2.0625	20295.1488	20262.7342	0	0
fresh-c0-29-conventional	29	conventional	359	ce771	1.4507	0.8960	1.6875	1.1250	7892.9867	7634.8732	0	0
fresh-c0-29-conventional	29	conventional	359	ce772	0.8633	0.6899	1.1250	0.9375	8722.6665	8254.6910	0	0
fresh-c0-29-conventional	29	conventional	359	ce775	1.5304	1.2248	2.1250	1.8125	19818.9435	19590.8172	0	0
fresh-c0-29-conventional	29	conventional	359	ce778	2.0451	0.9898	2.5625	1.5000	17246.0392	17007.8061	0	0
fresh-c0-29-conventional	29	conventional	359	ce781	0.6997	0.4120	1.3750	1.0625	22511.5579	21682.3548	0	0
fresh-c0-29-conventional	29	conventional	359	ce782	0.6720	0.6811	0.8125	0.8750	4684.9865	6464.2096	0	0
fresh-c0-29-conventional	29	conventional	359	ce783	1.7365	0.7422	2.0000	1.0000	8783.9625	8593.2686	0	0
fresh-c0-29-conventional	29	conventional	359	ce784	0.7683	0.3973	1.3125	0.9375	18141.0817	18005.2007	0	0
fresh-c0-29-conventional	29	conventional	359	ce786	1.5989	1.0010	2.3750	1.7500	25869.3595	24966.0160	0	0
fresh-c0-29-conventional	29	conventional	359	ce790	1.2479	1.1514	2.0000	1.8750	25068.6522	24118.4338	0	0
fresh-c0-29-conventional	29	conventional	359	ce792	0.5050	0.1652	0.9375	0.5625	14417.9921	13243.1973	0	0
fresh-c0-29-conventional	29	conventional	359	ce793	2.2209	1.7245	2.8125	2.3125	19720.4614	19599.9792	0	0
fresh-c0-29-conventional	29	conventional	359	ce794	1.6725	1.4852	2.1250	1.9375	15083.3523	15077.0563	0	0
fresh-c0-29-conventional	29	conventional	359	ce795	0.8646	0.1862	1.5000	0.8125	21179.3643	20877.4840	0	0
fresh-c0-29-conventional	29	conventional	359	ce796	0.5450	0.0444	0.9375	0.4375	13084.9850	13103.2572	0	0
fresh-c0-29-conventional	29	conventional	359	ce797	1.7651	0.3658	1.9375	0.5625	5745.1233	6557.6315	0	0
fresh-c0-29-conventional	29	conventional	359	ce798	1.7966	0.6234	2.5000	1.3125	23446.6308	22968.7754	0	0
fresh-c0-29-conventional	29	conventional	359	ce799	0.7270	0.4476	0.8750	0.6250	4932.9100	5912.4334	0	0
fresh-c0-29-conventional	29	conventional	359	ce800	0.3927	0.1110	0.5000	0.2500	3577.1256	4634.6570	0	0
