# garden fresh-shift-13-holistic-d600 seed 13 holistic season 960 n=60 J=16 worlds=0..15 run=/tmp/rbt107-h1/shift-13 work_cost=0.03 (302 s, workers 4)
fresh-shift-13-holistic-d600	13	holistic	960	he1313	1.9583	1.5858	2.0000	1.6250	1391.3899	1307.0168	0	0
fresh-shift-13-holistic-d600	13	holistic	960	he1315	1.9061	1.5947	1.9375	1.6250	1047.4564	1009.9641	0	0
fresh-shift-13-holistic-d600	13	holistic	960	he1316	1.2355	1.4860	1.2500	1.5000	482.2448	467.7519	0	0
fresh-shift-13-holistic-d600	13	holistic	960	he1317	2.0153	1.3932	2.0625	1.4375	1573.1016	1477.4717	0	0
fresh-shift-13-holistic-d600	13	holistic	960	he1318	2.1192	1.6816	2.1250	1.6875	194.6789	195.5334	0	0
fresh-shift-13-holistic-d600	13	holistic	960	he1319	1.7454	1.6216	1.7500	1.6250	151.8809	114.2350	0	0
fresh-shift-13-holistic-d600	13	holistic	960	he1322	1.2296	0.7930	1.3125	0.8750	2764.8599	2733.6213	0	0
fresh-shift-13-holistic-d600	13	holistic	960	he1323	1.2468	0.9967	1.2500	1.0000	107.6754	109.0421	0	0
fresh-shift-13-holistic-d600	13	holistic	960	he1324	3.0512	3.2062	3.1250	3.3125	2458.6593	3544.5953	2	0
fresh-shift-13-holistic-d600	13	holistic	960	he1327	1.1565	1.1618	1.1875	1.1875	1031.9326	858.0892	0	0
fresh-shift-13-holistic-d600	13	holistic	960	he1328	0.9961	0.3710	1.0000	0.3750	131.1560	133.0675	0	0
fresh-shift-13-holistic-d600	13	holistic	960	he1329	0.9279	1.0530	0.9375	1.0625	320.4854	315.6590	0	0
fresh-shift-13-holistic-d600	13	holistic	960	he1330	0.9924	0.9285	1.0000	0.9375	254.9844	301.0968	0	0
fresh-shift-13-holistic-d600	13	holistic	960	he1331	0.4079	0.3772	0.6250	0.6875	7237.1594	10342.6924	3	1
fresh-shift-13-holistic-d600	13	holistic	960	he1334	3.0016	2.6808	3.0625	2.7500	2031.5360	2307.7554	0	0
fresh-shift-13-holistic-d600	13	holistic	960	he1336	1.1787	0.9286	1.1875	0.9375	292.6762	298.0379	0	0
fresh-shift-13-holistic-d600	13	holistic	960	he1337	0.8070	0.7411	0.8125	0.7500	183.9053	295.1309	0	0
fresh-shift-13-holistic-d600	13	holistic	960	he1338	1.1864	1.0625	1.2500	1.1250	2119.5780	2081.8484	0	0
fresh-shift-13-holistic-d600	13	holistic	960	he1339	0.5332	0.5327	0.5625	0.5625	975.3640	991.9366	0	0
fresh-shift-13-holistic-d600	13	holistic	960	he1341	2.2316	1.9814	2.3125	2.0625	2697.9620	2704.1062	0	0
fresh-shift-13-holistic-d600	13	holistic	960	he1343	0.4286	0.2416	0.4375	0.2500	295.2365	279.7739	0	0
fresh-shift-13-holistic-d600	13	holistic	960	he1345	0.9872	1.2379	1.0625	1.3125	2509.1874	2487.4960	0	0
fresh-shift-13-holistic-d600	13	holistic	960	he1346	3.1701	3.5440	3.1875	3.5625	580.6249	617.9047	0	0
fresh-shift-13-holistic-d600	13	holistic	960	he1348	2.3303	2.1462	2.3750	2.1875	1490.9053	1375.4416	0	0
fresh-shift-13-holistic-d600	13	holistic	960	he1350	2.4183	2.0427	2.4375	2.0625	639.4051	661.0147	0	0
fresh-shift-13-holistic-d600	13	holistic	960	he1351	1.1052	2.1038	1.1875	2.1875	2742.7643	2789.8328	0	0
fresh-shift-13-holistic-d600	13	holistic	960	he1352	0.9957	1.3707	1.0000	1.3750	142.3040	142.9972	0	0
fresh-shift-13-holistic-d600	13	holistic	960	he1353	0.6435	0.6466	0.7500	0.7500	3551.1127	3445.1429	0	0
fresh-shift-13-holistic-d600	13	holistic	960	he1354	2.2541	2.3904	2.3125	2.4375	1948.1054	1571.6477	0	0
fresh-shift-13-holistic-d600	13	holistic	960	he1355	0.8503	0.9750	0.8750	1.0000	822.5689	832.6383	0	0
fresh-shift-13-holistic-d600	13	holistic	960	he1356	0.3719	0.3705	0.3750	0.3750	102.8560	150.9504	0	0
fresh-shift-13-holistic-d600	13	holistic	960	he1357	1.3107	1.1232	1.3125	1.1250	60.2320	61.1337	0	0
fresh-shift-13-holistic-d600	13	holistic	960	he1358	0.5600	0.4977	0.5625	0.5000	82.8442	77.6800	0	0
fresh-shift-13-holistic-d600	13	holistic	960	he1359	2.5402	2.0401	2.5625	2.0625	743.2693	745.4600	0	0
fresh-shift-13-holistic-d600	13	holistic	960	he1360	0.7725	0.9601	0.8125	1.0000	1333.9845	1328.5919	0	0
fresh-shift-13-holistic-d600	13	holistic	960	he1361	1.5767	1.1438	1.6250	1.1875	1608.7467	1455.8583	0	0
fresh-shift-13-holistic-d600	13	holistic	960	he1362	2.5518	1.6771	2.5625	1.6875	357.0637	345.8967	0	0
fresh-shift-13-holistic-d600	13	holistic	960	he1364	0.8117	0.4995	0.8125	0.5000	26.9921	18.3314	0	0
fresh-shift-13-holistic-d600	13	holistic	960	he1365	2.6003	2.1569	2.6250	2.1875	822.3176	1021.6429	0	0
fresh-shift-13-holistic-d600	13	holistic	960	he1366	0.2307	0.1682	0.2500	0.1875	642.1779	643.2847	0	0
fresh-shift-13-holistic-d600	13	holistic	960	he1367	2.6543	2.8188	2.7500	2.9375	3188.9202	3956.0831	0	0
fresh-shift-13-holistic-d600	13	holistic	960	he1368	0.3737	0.2488	0.3750	0.2500	42.7056	41.5605	0	0
fresh-shift-13-holistic-d600	13	holistic	960	he1369	1.6207	1.3699	1.6875	1.4375	2226.7451	2253.8798	0	0
fresh-shift-13-holistic-d600	13	holistic	960	he1370	1.1636	1.2259	1.1875	1.2500	797.1457	802.6068	0	0
fresh-shift-13-holistic-d600	13	holistic	960	he1371	0.3090	0.6215	0.3125	0.6250	115.6502	115.0003	0	0
fresh-shift-13-holistic-d600	13	holistic	960	he1372	0.9681	1.0298	1.0625	1.1250	3145.4119	3174.4858	0	0
fresh-shift-13-holistic-d600	13	holistic	960	he1373	1.4951	1.0574	1.5000	1.0625	164.7259	168.3623	0	0
fresh-shift-13-holistic-d600	13	holistic	960	he1377	-0.0036	-0.0032	0.0000	0.0000	120.0518	105.4053	0	0
fresh-shift-13-holistic-d600	13	holistic	960	he1379	0.8724	0.7474	0.8750	0.7500	86.4987	85.0409	0	0
fresh-shift-13-holistic-d600	13	holistic	960	he1380	0.3529	0.3553	0.3750	0.3750	737.5277	656.5742	0	0
fresh-shift-13-holistic-d600	13	holistic	960	he1381	3.5754	3.5758	3.6250	3.6250	1652.0528	1641.6208	0	0
fresh-shift-13-holistic-d600	13	holistic	960	he1382	2.3407	2.3406	2.3750	2.3750	1144.8173	1147.4256	0	0
fresh-shift-13-holistic-d600	13	holistic	960	he1383	3.0636	1.4991	3.1250	1.5625	2047.7527	2114.9628	0	0
fresh-shift-13-holistic-d600	13	holistic	960	he1384	0.7247	0.7261	0.7500	0.7500	842.7485	796.7968	0	0
fresh-shift-13-holistic-d600	13	holistic	960	he1385	2.0322	2.4697	2.0625	2.5000	1009.3524	1011.4813	0	0
fresh-shift-13-holistic-d600	13	holistic	960	he1386	0.4363	0.4363	0.4375	0.4375	38.3469	38.6091	0	0
fresh-shift-13-holistic-d600	13	holistic	960	he1387	-0.0074	-0.0074	0.0000	0.0000	247.3667	246.2852	0	0
fresh-shift-13-holistic-d600	13	holistic	960	he1388	1.0322	0.9042	1.0625	0.9375	1010.0577	1110.7811	0	0
fresh-shift-13-holistic-d600	13	holistic	960	he1389	0.4996	0.2497	0.5000	0.2500	12.2881	9.7942	0	0
fresh-shift-13-holistic-d600	13	holistic	960	he1390	-0.0028	-0.0028	0.0000	0.0000	94.0886	93.9968	0	0
