# garden fresh-shift-15-holistic-d800 seed 15 holistic season 1160 n=60 J=16 worlds=0..15 run=/tmp/rbt107-h1/shift-15 work_cost=0.03 (96 s, workers 4)
fresh-shift-15-holistic-d800	15	holistic	1160	he1843	0.9425	2.8802	1.1250	3.0625	6084.5184	6077.2821	0	0
fresh-shift-15-holistic-d800	15	holistic	1160	he1845	1.7927	1.6642	1.9375	1.8125	4827.9801	4942.3299	0	0
fresh-shift-15-holistic-d800	15	holistic	1160	he1846	1.8133	2.4377	1.9375	2.5625	4140.0281	4158.7667	0	0
fresh-shift-15-holistic-d800	15	holistic	1160	he1848	1.0442	0.7945	1.0625	0.8125	608.8020	599.0845	0	0
fresh-shift-15-holistic-d800	15	holistic	1160	he1849	0.7042	0.7654	0.8750	0.9375	5694.6404	5735.9915	0	0
fresh-shift-15-holistic-d800	15	holistic	1160	he1850	1.7679	1.2090	1.8125	1.2500	1486.3953	1368.0648	0	0
fresh-shift-15-holistic-d800	15	holistic	1160	he1851	2.0494	0.9903	2.4375	1.3750	12938.3117	12824.9014	0	0
fresh-shift-15-holistic-d800	15	holistic	1160	he1853	2.2939	2.0447	2.4375	2.1875	4786.3106	4759.4125	0	0
fresh-shift-15-holistic-d800	15	holistic	1160	he1856	2.6063	2.6060	2.7500	2.7500	4789.3490	4798.8262	0	0
fresh-shift-15-holistic-d800	15	holistic	1160	he1857	1.8283	2.0828	1.9375	2.1875	3639.2787	3489.9188	0	0
fresh-shift-15-holistic-d800	15	holistic	1160	he1858	1.1881	0.8157	1.4375	1.0625	8314.3943	8225.9531	0	0
fresh-shift-15-holistic-d800	15	holistic	1160	he1859	1.5682	1.9428	1.8125	2.1875	8144.1833	8158.2701	0	0
fresh-shift-15-holistic-d800	15	holistic	1160	he1862	0.4190	1.1775	0.8125	1.5625	13115.2686	12832.2170	0	0
fresh-shift-15-holistic-d800	15	holistic	1160	he1865	1.2558	1.5056	1.4375	1.6875	6056.2249	6063.1983	0	0
fresh-shift-15-holistic-d800	15	holistic	1160	he1866	1.7281	1.7281	1.7500	1.7500	728.7136	730.4046	0	0
fresh-shift-15-holistic-d800	15	holistic	1160	he1867	2.2701	2.7078	2.3750	2.8125	3495.2501	3491.4393	0	0
fresh-shift-15-holistic-d800	15	holistic	1160	he1868	1.6667	0.8571	1.8125	1.0000	4858.6643	4762.4037	0	0
fresh-shift-15-holistic-d800	15	holistic	1160	he1869	0.9987	0.4378	1.1250	0.5625	4209.5313	4156.6265	0	0
fresh-shift-15-holistic-d800	15	holistic	1160	he1870	2.5084	2.1979	2.6250	2.3125	3887.6838	3818.9817	0	0
fresh-shift-15-holistic-d800	15	holistic	1160	he1871	0.4378	0.5627	0.8750	1.0000	14572.0323	14577.3748	0	0
fresh-shift-15-holistic-d800	15	holistic	1160	he1872	1.6294	1.5119	1.8125	1.6875	6104.5223	5854.4959	0	0
fresh-shift-15-holistic-d800	15	holistic	1160	he1873	0.6321	0.7556	0.8125	0.9375	6013.2397	6063.9436	0	0
fresh-shift-15-holistic-d800	15	holistic	1160	he1875	3.2172	2.3500	3.3125	2.4375	3175.0526	2917.8607	0	0
fresh-shift-15-holistic-d800	15	holistic	1160	he1876	1.4419	1.0633	1.6250	1.2500	6104.3516	6223.9322	0	0
fresh-shift-15-holistic-d800	15	holistic	1160	he1877	0.4322	0.4320	0.4375	0.4375	176.8229	181.8949	0	0
fresh-shift-15-holistic-d800	15	holistic	1160	he1878	2.3280	1.7038	2.4375	1.8125	3651.3453	3622.3791	0	0
fresh-shift-15-holistic-d800	15	holistic	1160	he1879	1.3445	1.4740	1.3750	1.5000	1015.6344	865.9742	0	0
fresh-shift-15-holistic-d800	15	holistic	1160	he1881	1.5568	1.4322	1.6250	1.5000	2272.4258	2261.5356	0	0
fresh-shift-15-holistic-d800	15	holistic	1160	he1882	1.6302	1.6964	1.8125	1.8750	6075.6435	5953.0038	0	0
fresh-shift-15-holistic-d800	15	holistic	1160	he1883	0.8350	1.1482	0.8750	1.1875	1332.6845	1310.3074	0	0
fresh-shift-15-holistic-d800	15	holistic	1160	he1885	0.8086	0.5008	1.1875	0.8750	12630.4450	12474.0198	0	0
fresh-shift-15-holistic-d800	15	holistic	1160	he1886	1.2227	0.9122	1.2500	0.9375	909.5564	844.2546	0	0
fresh-shift-15-holistic-d800	15	holistic	1160	he1887	0.9685	1.5312	1.1250	1.6875	5216.9893	5210.9776	0	0
fresh-shift-15-holistic-d800	15	holistic	1160	he1888	2.1000	1.5968	2.2500	1.7500	4998.4746	5106.8160	0	0
fresh-shift-15-holistic-d800	15	holistic	1160	he1889	1.8189	0.5080	2.0625	0.7500	8120.2775	8066.5449	0	0
fresh-shift-15-holistic-d800	15	holistic	1160	he1893	1.4387	1.2549	1.6250	1.4375	6208.9133	6086.1319	0	0
fresh-shift-15-holistic-d800	15	holistic	1160	he1894	2.0438	1.9227	2.1875	2.0625	4789.6003	4658.3385	0	0
fresh-shift-15-holistic-d800	15	holistic	1160	he1895	1.5670	1.1310	1.7500	1.3125	6100.2863	6048.9469	0	0
fresh-shift-15-holistic-d800	15	holistic	1160	he1897	1.6423	1.3307	1.9375	1.6250	9839.9201	9809.3772	0	0
fresh-shift-15-holistic-d800	15	holistic	1160	he1898	1.6122	0.6760	1.7500	0.8125	4592.3470	4550.4261	0	0
fresh-shift-15-holistic-d800	15	holistic	1160	he1899	0.8016	0.6145	0.8125	0.6250	363.6196	350.5731	0	0
fresh-shift-15-holistic-d800	15	holistic	1160	he1900	0.3125	0.2500	0.3125	0.2500	0.0000	0.0000	0	0
fresh-shift-15-holistic-d800	15	holistic	1160	he1901	1.6203	1.3746	1.6875	1.4375	2238.9062	2097.9773	0	0
fresh-shift-15-holistic-d800	15	holistic	1160	he1902	0.6049	0.6055	0.6250	0.6250	670.0918	649.3091	0	0
fresh-shift-15-holistic-d800	15	holistic	1160	he1903	1.6362	1.8869	1.7500	2.0000	3792.0894	3768.8045	0	0
fresh-shift-15-holistic-d800	15	holistic	1160	he1904	1.2272	1.6012	1.3750	1.7500	4925.9364	4961.5306	0	0
fresh-shift-15-holistic-d800	15	holistic	1160	he1909	1.0807	1.0844	1.2500	1.2500	5643.9697	5521.2477	0	0
fresh-shift-15-holistic-d800	15	holistic	1160	he1910	1.0616	0.8744	1.1250	0.9375	2113.9328	2103.7346	0	0
fresh-shift-15-holistic-d800	15	holistic	1160	he1911	1.5728	1.3866	1.8125	1.6250	7991.3506	7947.7720	0	0
fresh-shift-15-holistic-d800	15	holistic	1160	he1912	2.3165	1.5060	2.3750	1.5625	1950.2940	1882.1392	0	0
fresh-shift-15-holistic-d800	15	holistic	1160	he1913	1.5033	1.0668	1.6875	1.2500	6139.7153	6106.2293	0	0
fresh-shift-15-holistic-d800	15	holistic	1160	he1914	2.3789	2.1318	2.5625	2.3125	6121.5679	6024.9364	0	0
fresh-shift-15-holistic-d800	15	holistic	1160	he1916	0.8494	1.1009	0.8750	1.1250	854.4401	802.8259	0	0
fresh-shift-15-holistic-d800	15	holistic	1160	he1917	1.6355	2.0140	1.8125	2.1875	5901.5468	5784.7104	0	0
fresh-shift-15-holistic-d800	15	holistic	1160	he1918	0.1668	0.1668	0.1875	0.1875	689.9748	689.3579	0	0
fresh-shift-15-holistic-d800	15	holistic	1160	he1920	1.4967	1.3112	1.6875	1.5000	6358.9378	6292.4387	0	0
fresh-shift-15-holistic-d800	15	holistic	1160	he1922	-0.0010	-0.0010	0.0000	0.0000	31.8244	33.6927	0	0
fresh-shift-15-holistic-d800	15	holistic	1160	he1924	0.4610	0.5270	0.5000	0.5625	1301.3964	1184.0900	0	0
fresh-shift-15-holistic-d800	15	holistic	1160	he1925	2.3782	1.9421	2.4375	2.0000	1977.0517	1929.8901	0	0
fresh-shift-15-holistic-d800	15	holistic	1160	he1926	0.0000	0.0625	0.0000	0.0625	0.0000	0.0000	0	0
