# garden fresh-base-22-conventional-d800 seed 22 conventional season 1160 n=60 J=16 worlds=0..15 run=/tmp/rbt107-h1/base-22 work_cost=0.03 (126 s, workers 4)
fresh-base-22-conventional-d800	22	conventional	1160	ce2027	1.1658	0.4785	1.5000	0.8125	11141.4576	11132.5282	0	0
fresh-base-22-conventional-d800	22	conventional	1160	ce2028	3.3138	0.6091	3.6875	1.0000	12455.2649	13028.8653	0	0
fresh-base-22-conventional-d800	22	conventional	1160	ce2029	2.0910	1.0901	2.6250	1.6250	17800.7742	17828.6894	0	0
fresh-base-22-conventional-d800	22	conventional	1160	ce2030	2.2221	1.0995	2.7500	1.6250	17597.8182	17518.0754	0	0
fresh-base-22-conventional-d800	22	conventional	1160	ce2031	1.5131	1.0497	2.2500	1.7500	24562.2732	23343.4357	0	0
fresh-base-22-conventional-d800	22	conventional	1160	ce2032	2.9336	1.5549	3.4375	2.0625	16797.5339	16920.8285	0	0
fresh-base-22-conventional-d800	22	conventional	1160	ce2033	1.7018	1.0060	2.3750	1.6875	22438.7209	22717.7898	0	0
fresh-base-22-conventional-d800	22	conventional	1160	ce2034	1.3887	1.4255	2.0625	2.0625	22458.8831	21233.9522	0	1
fresh-base-22-conventional-d800	22	conventional	1160	ce2038	3.9522	0.4472	4.5000	1.0000	18260.5580	18427.9561	0	0
fresh-base-22-conventional-d800	22	conventional	1160	ce2039	1.4021	1.0997	1.8125	1.5000	13681.5200	13343.4395	0	0
fresh-base-22-conventional-d800	22	conventional	1160	ce2041	0.9283	0.6643	1.3125	1.0625	12806.0452	13274.9657	0	0
fresh-base-22-conventional-d800	22	conventional	1160	ce2043	1.6511	1.5942	2.1250	2.0625	15798.2967	15610.4012	0	0
fresh-base-22-conventional-d800	22	conventional	1160	ce2047	3.1179	1.7435	3.6250	2.2500	16902.2962	16881.9946	0	0
fresh-base-22-conventional-d800	22	conventional	1160	ce2050	3.3509	0.9817	3.8750	1.5000	17469.7931	17277.6662	0	0
fresh-base-22-conventional-d800	22	conventional	1160	ce2051	1.5138	1.6326	2.1875	2.3125	22456.1538	22663.3469	0	0
fresh-base-22-conventional-d800	22	conventional	1160	ce2052	1.0140	0.7154	1.6250	1.3125	20365.2760	19904.0833	0	0
fresh-base-22-conventional-d800	22	conventional	1160	ce2054	1.1836	0.4366	1.5000	0.7500	10545.8212	10446.3203	0	0
fresh-base-22-conventional-d800	22	conventional	1160	ce2056	2.2611	0.4504	2.8750	1.0625	20464.7015	20402.7994	0	0
fresh-base-22-conventional-d800	22	conventional	1160	ce2058	1.7625	0.5099	2.2500	1.0000	16251.6518	16335.9567	0	0
fresh-base-22-conventional-d800	22	conventional	1160	ce2059	1.4630	0.7761	2.0000	1.3125	17900.5111	17879.1213	0	0
fresh-base-22-conventional-d800	22	conventional	1160	ce2060	2.3160	0.8289	2.7500	1.2500	14466.6109	14036.2643	0	0
fresh-base-22-conventional-d800	22	conventional	1160	ce2067	1.4168	0.5907	2.0625	1.2500	21524.6894	21976.3698	0	0
fresh-base-22-conventional-d800	22	conventional	1160	ce2068	0.5520	0.0645	1.1875	0.6875	21181.7391	20768.2663	0	0
fresh-base-22-conventional-d800	22	conventional	1160	ce2070	1.8341	0.9527	2.3125	1.4375	15947.9289	16160.2536	0	0
fresh-base-22-conventional-d800	22	conventional	1160	ce2071	2.8907	0.9659	3.3750	1.4375	16142.4776	15718.4169	0	0
fresh-base-22-conventional-d800	22	conventional	1160	ce2073	1.3260	1.4200	1.9375	2.0000	20383.4668	19333.7866	0	0
fresh-base-22-conventional-d800	22	conventional	1160	ce2076	0.1407	-0.0103	0.7500	0.6250	20308.4717	21176.2207	0	0
fresh-base-22-conventional-d800	22	conventional	1160	ce2077	1.4191	0.2956	1.9375	0.8125	17278.6541	17228.4208	0	0
fresh-base-22-conventional-d800	22	conventional	1160	ce2078	2.3112	1.1373	2.8750	1.6875	18792.5920	18341.2795	0	0
fresh-base-22-conventional-d800	22	conventional	1160	ce2081	2.3641	1.4269	2.8750	1.9375	17030.9118	17021.4454	0	0
fresh-base-22-conventional-d800	22	conventional	1160	ce2083	1.7946	0.9132	2.3125	1.4375	17264.9708	17477.2216	0	0
fresh-base-22-conventional-d800	22	conventional	1160	ce2084	0.7879	0.0574	1.3750	0.6250	19571.5933	18919.6952	0	0
fresh-base-22-conventional-d800	22	conventional	1160	ce2085	1.6193	0.2452	1.8750	0.5000	8523.4220	8493.6645	0	0
fresh-base-22-conventional-d800	22	conventional	1160	ce2086	1.9150	1.3532	2.1875	1.6250	9081.8470	9059.3311	0	0
fresh-base-22-conventional-d800	22	conventional	1160	ce2087	1.8784	1.3149	2.3750	1.8125	16553.0065	16585.6925	0	0
fresh-base-22-conventional-d800	22	conventional	1160	ce2088	1.6288	1.6849	2.1250	2.1875	16538.3435	16754.2737	0	0
fresh-base-22-conventional-d800	22	conventional	1160	ce2090	1.8821	1.9300	2.3750	2.4375	16431.1706	16917.8600	0	0
fresh-base-22-conventional-d800	22	conventional	1160	ce2091	0.9965	0.6351	1.5625	1.1875	18865.7257	18412.7428	0	0
fresh-base-22-conventional-d800	22	conventional	1160	ce2093	1.7114	0.9534	2.3750	1.6250	22119.3009	22386.5489	0	0
fresh-base-22-conventional-d800	22	conventional	1160	ce2096	1.9738	0.9913	2.5000	1.5000	17540.6070	16955.0110	0	0
fresh-base-22-conventional-d800	22	conventional	1160	ce2098	1.9619	1.2722	2.4375	1.7500	15854.0892	15927.4656	0	0
fresh-base-22-conventional-d800	22	conventional	1160	ce2099	1.0690	0.3567	1.6250	0.8750	18531.8001	17276.0314	0	1
fresh-base-22-conventional-d800	22	conventional	1160	ce2100	0.6326	0.8715	1.4375	1.6250	26830.3047	25118.2119	0	0
fresh-base-22-conventional-d800	22	conventional	1160	ce2101	-0.0495	-0.2529	0.6875	0.5000	24565.3749	25096.4911	0	0
fresh-base-22-conventional-d800	22	conventional	1160	ce2105	1.8814	1.9566	2.1875	2.2500	10204.7946	9781.4736	0	0
fresh-base-22-conventional-d800	22	conventional	1160	ce2107	3.5691	1.1553	4.1250	1.7500	18529.1401	19823.0220	0	0
fresh-base-22-conventional-d800	22	conventional	1160	ce2108	2.1203	0.6148	2.8125	1.3125	23074.1130	23256.5551	0	0
fresh-base-22-conventional-d800	22	conventional	1160	ce2109	0.4129	-0.0200	0.9375	0.5000	17485.5477	17333.4781	0	0
fresh-base-22-conventional-d800	22	conventional	1160	ce2111	1.4239	0.7981	2.0000	1.3750	19201.7767	19230.4227	0	0
fresh-base-22-conventional-d800	22	conventional	1160	ce2113	2.6686	1.2344	3.2500	1.8125	19380.4553	19270.5470	0	0
fresh-base-22-conventional-d800	22	conventional	1160	ce2114	1.6332	0.7581	2.1875	1.3125	18477.6331	18478.6498	0	0
fresh-base-22-conventional-d800	22	conventional	1160	ce2115	2.1952	0.9401	2.3750	1.1250	5993.1518	6162.5260	0	0
fresh-base-22-conventional-d800	22	conventional	1160	ce2117	2.3687	1.2196	2.7500	1.6250	12710.9731	13512.3246	0	0
fresh-base-22-conventional-d800	22	conventional	1160	ce2119	1.3122	1.0558	2.0000	1.7500	22925.7518	23141.1787	0	0
fresh-base-22-conventional-d800	22	conventional	1160	ce2120	0.6589	0.5951	1.1875	1.1250	17618.6863	17664.1884	0	0
fresh-base-22-conventional-d800	22	conventional	1160	ce2121	2.4009	1.3998	2.8750	1.8750	15802.1924	15839.3338	0	0
fresh-base-22-conventional-d800	22	conventional	1160	ce2122	1.7522	1.1979	2.3750	1.8125	20759.8946	20487.5266	0	0
fresh-base-22-conventional-d800	22	conventional	1160	ce2123	-0.3873	-0.4511	0.2500	0.1875	21244.7823	21286.5645	0	0
fresh-base-22-conventional-d800	22	conventional	1160	ce2124	1.3831	0.1765	2.0000	0.7500	20562.5769	19115.8918	0	0
fresh-base-22-conventional-d800	22	conventional	1160	ce2125	1.4391	1.2105	2.0625	1.8125	20779.5334	20065.0327	0	0
