# garden fresh-cull20-17-conventional-d800 seed 17 conventional season 1160 n=60 J=16 worlds=16..31 run=/tmp/rbt107-h1/cull20-17 work_cost=0.03 (108 s, workers 4)
fresh-cull20-17-conventional-d800	17	conventional	1160	ce2137	1.0669	0.3150	1.8750	1.1250	26935.1486	26999.6225	0	0
fresh-cull20-17-conventional-d800	17	conventional	1160	ce2138	1.1304	1.1954	1.8750	1.9375	24820.1974	24735.2210	0	0
fresh-cull20-17-conventional-d800	17	conventional	1160	ce2139	1.8380	1.5990	2.5625	2.3125	24149.4419	23783.9463	0	0
fresh-cull20-17-conventional-d800	17	conventional	1160	ce2140	2.6820	1.5952	3.3750	2.2500	23099.5961	21826.6513	0	1
fresh-cull20-17-conventional-d800	17	conventional	1160	ce2141	1.1307	1.2587	1.8125	1.9375	22725.7843	22627.6824	0	0
fresh-cull20-17-conventional-d800	17	conventional	1160	ce2142	1.0666	0.3826	1.6875	1.0000	20695.4009	20580.0045	0	0
fresh-cull20-17-conventional-d800	17	conventional	1160	ce2143	2.3978	1.4052	2.8125	1.8125	13822.4198	13578.1035	0	0
fresh-cull20-17-conventional-d800	17	conventional	1160	ce2144	0.9061	1.0914	1.4375	1.6250	17713.9733	17786.6680	0	0
fresh-cull20-17-conventional-d800	17	conventional	1160	ce2145	2.6212	1.6127	3.0625	2.0625	14708.6445	14992.1796	0	0
fresh-cull20-17-conventional-d800	17	conventional	1160	ce2146	2.1219	1.3088	2.3750	1.5625	8436.2979	8456.3980	0	0
fresh-cull20-17-conventional-d800	17	conventional	1160	ce2147	2.0547	1.0385	2.3750	1.3125	10677.7488	9132.5781	0	0
fresh-cull20-17-conventional-d800	17	conventional	1160	ce2148	2.0493	1.3020	2.5625	1.8125	17107.5239	17015.7408	0	0
fresh-cull20-17-conventional-d800	17	conventional	1160	ce2153	2.2741	1.1463	3.0000	1.8750	24197.9523	24288.8248	0	0
fresh-cull20-17-conventional-d800	17	conventional	1160	ce2154	2.2192	1.2714	2.8750	1.9375	21861.1114	22202.5770	0	0
fresh-cull20-17-conventional-d800	17	conventional	1160	ce2155	2.7243	1.2180	3.2500	1.7500	17524.5243	17734.6713	0	0
fresh-cull20-17-conventional-d800	17	conventional	1160	ce2156	2.1416	1.2656	2.4375	1.5625	9862.6707	9896.7698	0	0
fresh-cull20-17-conventional-d800	17	conventional	1160	ce2157	1.6942	1.3838	2.3750	2.0625	22693.0204	22623.1802	0	0
fresh-cull20-17-conventional-d800	17	conventional	1160	ce2159	0.8773	0.8144	1.6875	1.6250	27007.0301	27021.2239	0	0
fresh-cull20-17-conventional-d800	17	conventional	1160	ce2160	1.1263	1.0650	1.9375	1.8750	27040.0524	27000.1371	0	0
fresh-cull20-17-conventional-d800	17	conventional	1160	ce2161	1.4127	0.9221	1.8125	1.3125	13326.0174	13012.7248	0	0
fresh-cull20-17-conventional-d800	17	conventional	1160	ce2162	1.2962	0.1662	2.0625	0.9375	25542.7479	25709.1998	0	0
fresh-cull20-17-conventional-d800	17	conventional	1160	ce2163	1.6703	0.8594	2.3750	1.5625	23489.4779	23437.1886	0	0
fresh-cull20-17-conventional-d800	17	conventional	1160	ce2164	1.5392	0.7937	1.9375	1.1875	13277.9161	13126.1896	0	0
fresh-cull20-17-conventional-d800	17	conventional	1160	ce2165	0.6479	0.6554	1.2500	1.2500	20069.0582	19821.2755	0	0
fresh-cull20-17-conventional-d800	17	conventional	1160	ce2166	1.7987	1.4899	2.5625	2.2500	25460.1740	25336.5069	0	0
fresh-cull20-17-conventional-d800	17	conventional	1160	ce2167	2.4206	1.7402	2.9375	2.2500	17230.3519	16993.6266	0	0
fresh-cull20-17-conventional-d800	17	conventional	1160	ce2169	2.1420	1.4989	2.8750	2.2500	24432.7437	25035.9721	0	0
fresh-cull20-17-conventional-d800	17	conventional	1160	ce2173	1.9944	1.6072	2.5625	2.1875	18938.1470	19343.9292	0	0
fresh-cull20-17-conventional-d800	17	conventional	1160	ce2174	0.8202	0.5062	1.6250	1.3125	26826.6707	26875.3094	0	0
fresh-cull20-17-conventional-d800	17	conventional	1160	ce2176	2.7993	0.9853	3.5625	1.7500	25441.2182	25491.1373	0	0
fresh-cull20-17-conventional-d800	17	conventional	1160	ce2179	1.7815	0.8450	2.1875	1.2500	13533.3703	13499.7448	0	0
fresh-cull20-17-conventional-d800	17	conventional	1160	ce2180	2.4317	0.6807	3.2500	1.5000	27278.0623	27310.0656	0	0
fresh-cull20-17-conventional-d800	17	conventional	1160	ce2182	2.8383	0.4095	3.3125	0.8750	15805.7300	15517.9774	0	0
fresh-cull20-17-conventional-d800	17	conventional	1160	ce2183	1.5604	1.1254	2.2500	1.8125	22987.6711	22902.1359	0	0
fresh-cull20-17-conventional-d800	17	conventional	1160	ce2185	1.8097	0.8749	2.4375	1.5000	20925.4106	20837.6922	0	0
fresh-cull20-17-conventional-d800	17	conventional	1160	ce2186	2.1514	0.9684	2.5625	1.3750	13704.7394	13551.9925	0	0
fresh-cull20-17-conventional-d800	17	conventional	1160	ce2187	2.5130	1.5651	3.0000	2.0625	16234.2860	16579.2739	0	0
fresh-cull20-17-conventional-d800	17	conventional	1160	ce2188	1.3050	0.6227	2.0000	1.3125	23167.4420	22993.8784	0	0
fresh-cull20-17-conventional-d800	17	conventional	1160	ce2191	1.4360	0.1829	2.2500	1.0000	27133.2291	27237.6457	0	0
fresh-cull20-17-conventional-d800	17	conventional	1160	ce2192	2.9347	0.8866	3.5625	1.5000	20926.8084	20445.3027	0	0
fresh-cull20-17-conventional-d800	17	conventional	1160	ce2193	1.8269	1.0818	2.6250	1.8750	26604.9088	26440.5190	0	0
fresh-cull20-17-conventional-d800	17	conventional	1160	ce2194	2.2936	1.0108	2.7500	1.4375	15213.9993	14224.4789	0	1
fresh-cull20-17-conventional-d800	17	conventional	1160	ce2196	2.1247	1.1073	2.8750	1.8125	25009.9826	23507.5061	0	1
fresh-cull20-17-conventional-d800	17	conventional	1160	ce2198	2.3459	1.3390	3.0625	2.0625	23886.5334	24117.6371	0	0
fresh-cull20-17-conventional-d800	17	conventional	1160	ce2199	1.9690	1.3458	2.4375	1.8125	15616.3466	15556.5133	0	0
fresh-cull20-17-conventional-d800	17	conventional	1160	ce2200	2.7019	1.3111	3.1875	1.8125	16187.5214	16713.7448	0	0
fresh-cull20-17-conventional-d800	17	conventional	1160	ce2201	2.7755	1.4007	3.5625	2.1875	26231.7084	26227.0378	0	0
fresh-cull20-17-conventional-d800	17	conventional	1160	ce2202	1.6485	1.0337	2.3750	1.7500	24215.1141	23876.6449	0	0
fresh-cull20-17-conventional-d800	17	conventional	1160	ce2203	1.9185	0.7954	2.1250	1.0000	6882.7825	6819.2115	0	0
fresh-cull20-17-conventional-d800	17	conventional	1160	ce2204	2.6446	1.3354	2.8750	1.5625	7679.2179	7571.2600	0	0
fresh-cull20-17-conventional-d800	17	conventional	1160	ce2205	1.9451	0.9474	2.3750	1.3750	14329.9073	14253.0977	0	0
fresh-cull20-17-conventional-d800	17	conventional	1160	ce2206	1.3988	1.1485	2.1250	1.8750	24206.9486	24217.6537	0	0
fresh-cull20-17-conventional-d800	17	conventional	1160	ce2209	2.3147	1.5054	2.9375	2.1250	20760.1207	20654.6862	0	0
fresh-cull20-17-conventional-d800	17	conventional	1160	ce2210	2.3906	0.8930	3.0000	1.5000	20312.7632	20232.2873	0	0
fresh-cull20-17-conventional-d800	17	conventional	1160	ce2211	0.4665	0.4568	1.3750	1.3125	30284.4339	28521.9840	0	0
fresh-cull20-17-conventional-d800	17	conventional	1160	ce2214	1.5181	0.7662	2.3125	1.5625	26479.0026	26544.9642	0	0
fresh-cull20-17-conventional-d800	17	conventional	1160	ce2215	2.3447	1.0380	2.7500	1.4375	13509.7402	13315.3210	0	0
fresh-cull20-17-conventional-d800	17	conventional	1160	ce2216	1.0086	0.2493	1.6875	0.9375	22628.8349	22940.5449	0	0
fresh-cull20-17-conventional-d800	17	conventional	1160	ce2217	1.2356	1.0500	1.6875	1.5000	15061.7996	15001.1844	0	0
fresh-cull20-17-conventional-d800	17	conventional	1160	ce2218	1.5411	0.7287	2.2500	1.4375	23629.6005	23625.0693	0	0
