# garden fresh-cull20-23-holistic-d600 seed 23 holistic season 960 n=60 J=16 worlds=16..31 run=/tmp/rbt107-h1/cull20-23 work_cost=0.03 (65 s, workers 4)
fresh-cull20-23-holistic-d600	23	holistic	960	he1432	0.8271	1.0782	0.8750	1.1250	1595.9742	1561.5276	0	0
fresh-cull20-23-holistic-d600	23	holistic	960	he1434	0.1685	0.0433	0.1875	0.0625	633.2686	638.9623	0	0
fresh-cull20-23-holistic-d600	23	holistic	960	he1436	1.7584	1.3211	1.9375	1.5000	5970.8338	5964.0253	0	0
fresh-cull20-23-holistic-d600	23	holistic	960	he1437	1.0683	1.1930	1.1250	1.2500	1891.3638	1898.9158	0	0
fresh-cull20-23-holistic-d600	23	holistic	960	he1439	1.5243	1.7081	1.7500	1.9375	7523.0165	7646.7921	0	0
fresh-cull20-23-holistic-d600	23	holistic	960	he1440	0.6679	0.7930	0.6875	0.8125	651.7954	648.6340	0	0
fresh-cull20-23-holistic-d600	23	holistic	960	he1441	1.2687	1.0246	1.3750	1.1250	3541.7624	3345.9543	0	0
fresh-cull20-23-holistic-d600	23	holistic	960	he1442	1.3645	1.0533	1.4375	1.1250	2433.2140	2389.3344	0	0
fresh-cull20-23-holistic-d600	23	holistic	960	he1443	0.7994	0.8003	1.0625	1.0625	8770.1860	8740.2717	0	0
fresh-cull20-23-holistic-d600	23	holistic	960	he1445	1.8997	1.0833	2.1250	1.3125	7509.5244	7640.4847	0	0
fresh-cull20-23-holistic-d600	23	holistic	960	he1446	1.1921	1.1290	1.2500	1.1875	1930.3581	1949.8815	0	0
fresh-cull20-23-holistic-d600	23	holistic	960	he1448	0.4721	0.4702	0.5000	0.5000	929.3504	991.7813	0	0
fresh-cull20-23-holistic-d600	23	holistic	960	he1449	0.9469	0.7589	1.0000	0.8125	1769.2981	1785.3045	0	0
fresh-cull20-23-holistic-d600	23	holistic	960	he1450	1.9673	1.2196	2.0625	1.3125	3173.4791	3098.1386	0	0
fresh-cull20-23-holistic-d600	23	holistic	960	he1451	1.4732	1.2859	1.5000	1.3125	892.0908	887.8814	0	0
fresh-cull20-23-holistic-d600	23	holistic	960	he1453	0.9356	1.3734	1.1250	1.5625	6314.6373	6304.0916	0	0
fresh-cull20-23-holistic-d600	23	holistic	960	he1454	1.5930	1.4693	1.8125	1.6875	7316.6377	7273.1315	0	0
fresh-cull20-23-holistic-d600	23	holistic	960	he1456	1.4545	1.1412	1.5000	1.1875	1517.2523	1542.1349	0	0
fresh-cull20-23-holistic-d600	23	holistic	960	he1457	0.5803	0.7105	0.8125	0.9375	7740.4460	7567.1025	0	0
fresh-cull20-23-holistic-d600	23	holistic	960	he1458	1.8584	1.2953	2.1875	1.6250	10969.1027	10991.4733	0	0
fresh-cull20-23-holistic-d600	23	holistic	960	he1459	2.1410	1.9534	2.3750	2.1875	7798.4482	7802.6000	0	0
fresh-cull20-23-holistic-d600	23	holistic	960	he1460	1.2049	0.8327	1.3125	0.9375	3585.7310	3494.9425	0	0
fresh-cull20-23-holistic-d600	23	holistic	960	he1461	0.6225	0.8736	0.8125	1.0625	6333.5270	6295.7051	0	0
fresh-cull20-23-holistic-d600	23	holistic	960	he1462	1.9052	1.0310	1.9375	1.0625	1077.3345	1051.0138	0	0
fresh-cull20-23-holistic-d600	23	holistic	960	he1464	1.2899	0.6635	1.4375	0.8125	4921.1282	4966.2124	0	0
fresh-cull20-23-holistic-d600	23	holistic	960	he1465	1.7493	0.9375	1.8125	1.0000	2106.3370	2082.2783	0	0
fresh-cull20-23-holistic-d600	23	holistic	960	he1466	1.5918	0.7794	1.8125	1.0000	7356.6018	7352.6611	0	0
fresh-cull20-23-holistic-d600	23	holistic	960	he1468	1.7811	0.9689	1.8125	1.0000	1046.2757	1037.3809	0	0
fresh-cull20-23-holistic-d600	23	holistic	960	he1470	1.5932	0.7186	1.6250	0.7500	1059.8617	1046.2193	0	0
fresh-cull20-23-holistic-d600	23	holistic	960	he1471	0.6148	0.6160	0.6875	0.6875	2422.3835	2381.9578	0	0
fresh-cull20-23-holistic-d600	23	holistic	960	he1472	1.2484	0.6853	1.4375	0.8750	6301.7286	6323.2084	0	0
fresh-cull20-23-holistic-d600	23	holistic	960	he1473	1.9610	1.2099	2.1875	1.4375	7549.9955	7588.2417	0	0
fresh-cull20-23-holistic-d600	23	holistic	960	he1474	1.1241	1.4354	1.3125	1.6250	6278.9036	6320.2691	0	0
fresh-cull20-23-holistic-d600	23	holistic	960	he1475	1.4050	0.8431	1.4375	0.8750	1081.8905	1064.1211	0	0
fresh-cull20-23-holistic-d600	23	holistic	960	he1478	1.5342	1.4095	1.6250	1.5000	3026.6251	3016.6401	0	0
fresh-cull20-23-holistic-d600	23	holistic	960	he1479	0.6954	0.9458	0.7500	1.0000	1821.0209	1807.4728	0	0
fresh-cull20-23-holistic-d600	23	holistic	960	he1480	1.5759	0.9507	1.6250	1.0000	1637.9928	1643.0869	0	0
fresh-cull20-23-holistic-d600	23	holistic	960	he1481	0.9820	0.7951	1.0000	0.8125	599.4576	580.7775	0	0
fresh-cull20-23-holistic-d600	23	holistic	960	he1483	1.5462	1.1743	1.6250	1.2500	2625.2235	2523.9986	0	0
fresh-cull20-23-holistic-d600	23	holistic	960	he1484	1.6865	0.9991	1.6875	1.0000	34.5081	28.9437	0	0
fresh-cull20-23-holistic-d600	23	holistic	960	he1485	1.8395	0.7775	2.0000	0.9375	5351.2987	5333.6112	0	0
fresh-cull20-23-holistic-d600	23	holistic	960	he1486	1.4098	1.4099	1.4375	1.4375	924.2862	920.3389	0	0
fresh-cull20-23-holistic-d600	23	holistic	960	he1487	1.5450	1.4822	1.8750	1.8125	10999.0214	11010.0321	0	0
fresh-cull20-23-holistic-d600	23	holistic	960	he1488	0.7287	0.5381	0.7500	0.5625	709.6002	812.9699	0	0
fresh-cull20-23-holistic-d600	23	holistic	960	he1489	1.1597	0.5992	1.1875	0.6250	925.0773	861.0511	0	0
fresh-cull20-23-holistic-d600	23	holistic	960	he1490	1.2912	0.9165	1.3125	0.9375	710.0698	699.8759	0	0
fresh-cull20-23-holistic-d600	23	holistic	960	he1491	1.1408	0.7655	1.1875	0.8125	1556.8067	1566.8159	0	0
fresh-cull20-23-holistic-d600	23	holistic	960	he1495	1.1559	0.5929	1.2500	0.6875	3135.1986	3153.7210	0	0
fresh-cull20-23-holistic-d600	23	holistic	960	he1496	1.2172	0.9056	1.3125	1.0000	3177.1509	3147.1025	0	0
fresh-cull20-23-holistic-d600	23	holistic	960	he1497	0.3030	0.3036	0.3125	0.3125	316.6904	295.2325	0	0
fresh-cull20-23-holistic-d600	23	holistic	960	he1498	1.0064	0.7560	1.0625	0.8125	1868.7335	1882.7593	0	0
fresh-cull20-23-holistic-d600	23	holistic	960	he1499	1.2879	1.1651	1.3125	1.1875	820.0095	746.8591	0	0
fresh-cull20-23-holistic-d600	23	holistic	960	he1501	1.5383	1.0975	1.7500	1.3125	7056.1248	7165.0889	0	0
fresh-cull20-23-holistic-d600	23	holistic	960	he1503	1.3253	1.0720	1.5625	1.3125	7906.7965	8016.8499	0	0
fresh-cull20-23-holistic-d600	23	holistic	960	he1504	0.6090	0.6079	0.6250	0.6250	534.1189	569.8873	0	0
fresh-cull20-23-holistic-d600	23	holistic	960	he1506	0.8322	0.5813	1.0625	0.8125	7676.7674	7705.2202	0	0
fresh-cull20-23-holistic-d600	23	holistic	960	he1507	1.3208	1.1336	1.5000	1.3125	5974.1553	5963.0352	0	0
fresh-cull20-23-holistic-d600	23	holistic	960	he1508	0.3116	0.1865	0.3125	0.1875	31.5802	32.7023	0	0
fresh-cull20-23-holistic-d600	23	holistic	960	he1509	0.0608	0.1857	0.0625	0.1875	57.3850	58.9893	0	0
fresh-cull20-23-holistic-d600	23	holistic	960	he1510	1.3518	1.1632	1.5000	1.3125	4940.9186	4975.4894	0	0
