# garden fresh-cull20-16-conventional-d800 seed 16 conventional season 1160 n=60 J=16 worlds=16..31 run=/tmp/rbt107-h1/cull20-16 work_cost=0.03 (104 s, workers 4)
fresh-cull20-16-conventional-d800	16	conventional	1160	ce2045	1.3121	0.5607	1.7500	1.0000	14597.1359	14642.6456	0	0
fresh-cull20-16-conventional-d800	16	conventional	1160	ce2046	0.6823	0.4885	1.0625	0.8750	12672.3768	12882.7249	0	0
fresh-cull20-16-conventional-d800	16	conventional	1160	ce2049	2.0533	1.1144	2.7500	1.8125	23223.3507	23270.3291	0	0
fresh-cull20-16-conventional-d800	16	conventional	1160	ce2051	0.6490	0.6489	1.2500	1.2500	20034.7446	20036.5624	0	0
fresh-cull20-16-conventional-d800	16	conventional	1160	ce2052	1.3999	0.8518	2.1875	1.6250	26253.0996	25772.1175	0	0
fresh-cull20-16-conventional-d800	16	conventional	1160	ce2053	2.4246	1.0516	2.8750	1.5000	15013.1180	14945.7223	0	0
fresh-cull20-16-conventional-d800	16	conventional	1160	ce2056	1.1579	0.5393	1.6875	1.0625	17651.7897	17440.3944	0	0
fresh-cull20-16-conventional-d800	16	conventional	1160	ce2058	1.5340	1.1041	2.1875	1.7500	21784.9385	21530.4470	0	0
fresh-cull20-16-conventional-d800	16	conventional	1160	ce2059	1.3035	0.8859	2.1250	1.6875	27382.9423	26720.9958	0	0
fresh-cull20-16-conventional-d800	16	conventional	1160	ce2060	0.4048	0.7147	1.1875	1.5000	26089.5812	26178.2537	0	0
fresh-cull20-16-conventional-d800	16	conventional	1160	ce2061	1.2134	0.7205	1.6875	1.1875	15803.0800	15565.5716	0	0
fresh-cull20-16-conventional-d800	16	conventional	1160	ce2062	0.9476	1.2608	1.6250	1.9375	22580.3288	22555.5841	0	0
fresh-cull20-16-conventional-d800	16	conventional	1160	ce2064	2.0693	0.6924	2.8125	1.4375	24774.2841	24836.8992	0	0
fresh-cull20-16-conventional-d800	16	conventional	1160	ce2066	1.5388	0.6650	2.0625	1.1875	17457.3086	17416.4251	0	0
fresh-cull20-16-conventional-d800	16	conventional	1160	ce2068	1.2528	0.6824	2.0000	1.4375	24905.0741	25170.1333	0	0
fresh-cull20-16-conventional-d800	16	conventional	1160	ce2070	2.1303	0.7429	2.8125	1.4375	22738.7930	23153.6077	0	0
fresh-cull20-16-conventional-d800	16	conventional	1160	ce2071	1.1423	0.8228	1.6250	1.3125	16091.1235	16323.5863	0	0
fresh-cull20-16-conventional-d800	16	conventional	1160	ce2072	0.3751	0.5034	0.8125	0.9375	14578.6082	14469.2426	0	0
fresh-cull20-16-conventional-d800	16	conventional	1160	ce2073	1.4237	1.7392	1.8750	2.1875	15042.4369	14943.8041	0	0
fresh-cull20-16-conventional-d800	16	conventional	1160	ce2074	0.9742	0.8459	1.6250	1.5000	21694.2303	21803.3451	0	0
fresh-cull20-16-conventional-d800	16	conventional	1160	ce2075	1.0446	0.6673	1.2500	0.8750	6845.7762	6924.9813	0	0
fresh-cull20-16-conventional-d800	16	conventional	1160	ce2076	1.5315	1.1571	2.1875	1.8125	21867.6576	21847.0635	0	0
fresh-cull20-16-conventional-d800	16	conventional	1160	ce2077	0.5376	0.8502	1.0625	1.3750	17497.0890	17494.9889	0	0
fresh-cull20-16-conventional-d800	16	conventional	1160	ce2079	1.4298	0.3712	2.0000	0.9375	19005.0103	18877.2360	0	0
fresh-cull20-16-conventional-d800	16	conventional	1160	ce2080	0.4726	0.4649	0.8750	0.8750	13414.0591	13670.8682	0	0
fresh-cull20-16-conventional-d800	16	conventional	1160	ce2083	1.0770	0.6373	1.8750	1.4375	26599.5536	26672.4066	0	0
fresh-cull20-16-conventional-d800	16	conventional	1160	ce2084	1.1088	0.8549	1.8750	1.6250	25539.1546	25669.9243	0	0
fresh-cull20-16-conventional-d800	16	conventional	1160	ce2086	1.4123	1.2301	1.9375	1.7500	17505.5359	17330.7316	0	0
fresh-cull20-16-conventional-d800	16	conventional	1160	ce2087	2.0355	0.2865	2.6875	0.9375	21731.8576	21700.3765	0	0
fresh-cull20-16-conventional-d800	16	conventional	1160	ce2089	1.0281	0.9201	1.8125	1.6875	26146.7810	25579.5036	0	0
fresh-cull20-16-conventional-d800	16	conventional	1160	ce2091	1.2185	1.2213	1.7500	1.7500	17718.0618	17624.9779	0	0
fresh-cull20-16-conventional-d800	16	conventional	1160	ce2093	3.7864	1.0290	4.3750	1.6250	19618.9483	19867.7286	0	0
fresh-cull20-16-conventional-d800	16	conventional	1160	ce2094	0.8413	0.4634	1.4375	1.0625	19872.1173	19969.3598	0	0
fresh-cull20-16-conventional-d800	16	conventional	1160	ce2095	0.5596	0.6833	1.0625	1.1875	16761.8539	16805.1331	0	0
fresh-cull20-16-conventional-d800	16	conventional	1160	ce2096	1.3528	0.8508	2.0000	1.5000	21573.1713	21640.8756	0	0
fresh-cull20-16-conventional-d800	16	conventional	1160	ce2097	1.4649	0.5283	2.2500	1.3125	26169.9717	26140.3520	0	0
fresh-cull20-16-conventional-d800	16	conventional	1160	ce2098	1.3464	1.1630	1.8125	1.6250	15536.9178	15400.8186	0	0
fresh-cull20-16-conventional-d800	16	conventional	1160	ce2101	1.3490	0.8541	1.9375	1.4375	19617.6767	19446.4796	0	0
fresh-cull20-16-conventional-d800	16	conventional	1160	ce2102	1.3869	1.1360	1.8750	1.6250	16269.2327	16299.9652	0	0
fresh-cull20-16-conventional-d800	16	conventional	1160	ce2104	1.6091	0.7313	2.0625	1.1875	15114.3852	15206.5959	0	0
fresh-cull20-16-conventional-d800	16	conventional	1160	ce2107	0.7130	0.2090	1.1250	0.6250	13732.0127	13866.0684	0	0
fresh-cull20-16-conventional-d800	16	conventional	1160	ce2108	1.4058	0.9038	2.0000	1.5000	19806.9631	19873.5311	0	0
fresh-cull20-16-conventional-d800	16	conventional	1160	ce2109	2.0956	1.9080	2.7500	2.5625	21814.4216	21818.2027	0	0
fresh-cull20-16-conventional-d800	16	conventional	1160	ce2111	1.3111	0.8729	1.8125	1.3750	16712.7143	16737.2027	0	0
fresh-cull20-16-conventional-d800	16	conventional	1160	ce2114	1.4895	1.3025	2.0000	1.8125	17018.0035	16998.7729	0	0
fresh-cull20-16-conventional-d800	16	conventional	1160	ce2115	1.4223	0.9165	2.0625	1.5625	21338.9087	21534.3484	0	0
fresh-cull20-16-conventional-d800	16	conventional	1160	ce2116	1.7166	1.7801	2.5000	2.5625	26112.5782	26081.0519	0	0
fresh-cull20-16-conventional-d800	16	conventional	1160	ce2117	0.6249	0.4920	1.3125	1.1875	22920.5283	23184.5949	0	0
fresh-cull20-16-conventional-d800	16	conventional	1160	ce2119	0.9001	0.5236	1.3125	0.9375	13746.5555	13797.1142	0	0
fresh-cull20-16-conventional-d800	16	conventional	1160	ce2121	1.7924	1.4139	2.3125	1.9375	17335.8257	17453.8498	0	0
fresh-cull20-16-conventional-d800	16	conventional	1160	ce2122	-0.1442	-0.0779	0.5000	0.5625	21473.7772	21348.0480	0	0
fresh-cull20-16-conventional-d800	16	conventional	1160	ce2125	0.5613	0.5823	0.9375	0.9375	12541.3071	11839.4631	0	1
fresh-cull20-16-conventional-d800	16	conventional	1160	ce2126	1.6045	0.8455	2.3750	1.6250	25683.4615	25983.9396	0	0
fresh-cull20-16-conventional-d800	16	conventional	1160	ce2127	1.2081	0.6389	1.6875	1.1250	15981.5232	16201.8322	0	0
fresh-cull20-16-conventional-d800	16	conventional	1160	ce2128	0.6892	1.1881	1.1875	1.6875	16610.6220	16646.7819	0	0
fresh-cull20-16-conventional-d800	16	conventional	1160	ce2130	0.4069	1.0319	1.0625	1.6875	21854.3600	21853.5703	0	0
fresh-cull20-16-conventional-d800	16	conventional	1160	ce2131	1.1189	0.8047	1.9375	1.6250	27287.9350	27344.5009	0	0
fresh-cull20-16-conventional-d800	16	conventional	1160	ce2132	0.7891	0.6057	1.5625	1.3750	25780.1760	25642.2207	0	0
fresh-cull20-16-conventional-d800	16	conventional	1160	ce2133	1.1876	0.4967	1.8750	1.1875	22913.0463	23026.9290	0	0
fresh-cull20-16-conventional-d800	16	conventional	1160	ce2134	2.5143	1.3851	3.0000	1.8750	16189.8196	16329.5499	0	0
