# garden fresh-shift-17-conventional-d800 seed 17 conventional season 1160 n=60 J=16 worlds=16..31 run=/tmp/rbt107-h1/shift-17 work_cost=0.03 (108 s, workers 4)
fresh-shift-17-conventional-d800	17	conventional	1160	ce1832	2.5336	1.6033	3.0000	2.0625	15545.6134	15307.9134	0	0
fresh-shift-17-conventional-d800	17	conventional	1160	ce1833	1.8656	1.7440	2.6250	2.5000	25314.5147	25201.6579	0	0
fresh-shift-17-conventional-d800	17	conventional	1160	ce1834	2.2465	0.9995	3.0625	1.8125	27200.1688	27099.8789	0	0
fresh-shift-17-conventional-d800	17	conventional	1160	ce1835	0.9025	1.0264	1.5000	1.6250	19916.6552	19951.6900	0	0
fresh-shift-17-conventional-d800	17	conventional	1160	ce1836	2.7223	1.2185	3.3750	1.8750	21757.4882	21884.1190	0	0
fresh-shift-17-conventional-d800	17	conventional	1160	ce1838	1.2759	0.3428	1.8750	0.9375	19969.4787	19821.6820	0	0
fresh-shift-17-conventional-d800	17	conventional	1160	ce1839	2.0705	1.0067	2.9375	1.8750	28898.4235	28943.4030	0	0
fresh-shift-17-conventional-d800	17	conventional	1160	ce1840	2.6726	1.1552	3.1250	1.6250	15081.2662	15661.0359	0	0
fresh-shift-17-conventional-d800	17	conventional	1160	ce1841	2.3871	1.9017	3.0000	2.5000	20428.8272	19941.8469	0	0
fresh-shift-17-conventional-d800	17	conventional	1160	ce1843	1.6503	0.5315	2.1250	1.0000	15821.9743	15615.4471	0	0
fresh-shift-17-conventional-d800	17	conventional	1160	ce1844	0.6830	0.2909	1.2500	0.8750	18898.8768	19471.4286	0	0
fresh-shift-17-conventional-d800	17	conventional	1160	ce1845	2.1796	0.8023	2.9375	1.5625	25261.7795	25339.3802	0	0
fresh-shift-17-conventional-d800	17	conventional	1160	ce1847	1.5074	0.9807	1.6250	1.1250	3919.8011	4811.3849	0	0
fresh-shift-17-conventional-d800	17	conventional	1160	ce1848	0.9618	0.5152	1.4375	1.0000	15855.0031	16161.5634	0	0
fresh-shift-17-conventional-d800	17	conventional	1160	ce1849	0.4605	0.2751	1.0625	0.8750	20065.1425	19995.9986	0	0
fresh-shift-17-conventional-d800	17	conventional	1160	ce1850	2.3466	1.0982	3.0625	1.8125	23864.3807	23808.8932	0	0
fresh-shift-17-conventional-d800	17	conventional	1160	ce1851	1.7120	0.2707	2.4375	1.0000	24183.5245	24310.4052	0	0
fresh-shift-17-conventional-d800	17	conventional	1160	ce1852	1.3794	0.4450	2.0625	1.1250	22769.3975	22667.5825	0	0
fresh-shift-17-conventional-d800	17	conventional	1160	ce1853	1.1973	0.7012	1.9375	1.4375	24673.6481	24544.0514	0	0
fresh-shift-17-conventional-d800	17	conventional	1160	ce1855	2.4739	1.4122	2.9375	1.8750	15451.7569	15425.4542	0	0
fresh-shift-17-conventional-d800	17	conventional	1160	ce1856	0.6843	0.5584	1.5000	1.3750	27190.8584	27221.0303	0	0
fresh-shift-17-conventional-d800	17	conventional	1160	ce1857	0.9094	0.8414	1.6250	1.5625	23854.6775	24037.1934	0	0
fresh-shift-17-conventional-d800	17	conventional	1160	ce1858	0.8967	0.4426	1.6875	1.1875	26359.7219	24829.1455	0	1
fresh-shift-17-conventional-d800	17	conventional	1160	ce1859	2.6278	0.7498	3.1250	1.2500	16573.4260	16672.3053	0	0
fresh-shift-17-conventional-d800	17	conventional	1160	ce1860	1.1677	0.1714	1.9375	0.9375	25659.4367	25535.4045	0	0
fresh-shift-17-conventional-d800	17	conventional	1160	ce1862	2.0114	1.0714	2.8125	1.8750	26704.7666	26785.0762	0	0
fresh-shift-17-conventional-d800	17	conventional	1160	ce1863	2.6266	1.1884	2.9375	1.5625	10364.7761	12469.3223	0	0
fresh-shift-17-conventional-d800	17	conventional	1160	ce1864	1.9456	1.0030	2.5000	1.6250	18481.3079	20734.7744	0	0
fresh-shift-17-conventional-d800	17	conventional	1160	ce1865	2.1953	1.3068	3.0000	2.0625	26824.4831	25189.7970	0	1
fresh-shift-17-conventional-d800	17	conventional	1160	ce1866	1.7521	0.1923	2.3750	0.8125	20763.4292	20672.2662	0	0
fresh-shift-17-conventional-d800	17	conventional	1160	ce1868	1.8658	0.6832	2.5000	1.3125	21139.9085	20975.6411	0	0
fresh-shift-17-conventional-d800	17	conventional	1160	ce1869	2.1312	1.6398	2.7500	2.2500	20628.1867	20338.5455	0	0
fresh-shift-17-conventional-d800	17	conventional	1160	ce1871	2.1560	1.1389	2.6875	1.6875	17717.6843	18285.5263	0	0
fresh-shift-17-conventional-d800	17	conventional	1160	ce1872	1.5811	0.3539	2.1875	0.9375	20212.9333	19452.7947	0	0
fresh-shift-17-conventional-d800	17	conventional	1160	ce1873	3.3069	1.5795	3.8125	2.0625	16852.6398	16099.2815	0	1
fresh-shift-17-conventional-d800	17	conventional	1160	ce1875	1.5453	0.9156	2.0625	1.4375	17241.2570	17395.1292	0	0
fresh-shift-17-conventional-d800	17	conventional	1160	ce1876	1.9774	1.4548	2.5000	2.0000	17418.7048	18173.6827	0	0
fresh-shift-17-conventional-d800	17	conventional	1160	ce1877	3.6513	1.7018	4.1875	2.2500	17873.7133	18272.7197	0	0
fresh-shift-17-conventional-d800	17	conventional	1160	ce1878	2.8871	1.4504	3.3750	1.9375	16264.7258	16235.4922	0	0
fresh-shift-17-conventional-d800	17	conventional	1160	ce1879	3.3443	1.8483	4.0000	2.5000	21855.8755	21722.7582	0	0
fresh-shift-17-conventional-d800	17	conventional	1160	ce1881	2.7366	0.9903	3.4375	1.6875	23363.2304	23239.5120	0	0
fresh-shift-17-conventional-d800	17	conventional	1160	ce1883	0.9755	0.5650	1.3125	0.8750	11234.9936	10332.4335	0	0
fresh-shift-17-conventional-d800	17	conventional	1160	ce1884	2.4895	1.2413	2.9375	1.6875	14933.7399	14873.4621	0	0
fresh-shift-17-conventional-d800	17	conventional	1160	ce1885	2.9595	1.8990	3.6875	2.6250	24265.1038	24198.9265	0	0
fresh-shift-17-conventional-d800	17	conventional	1160	ce1886	0.2553	0.3866	0.8125	0.9375	18573.8943	18364.2135	0	0
fresh-shift-17-conventional-d800	17	conventional	1160	ce1887	0.7625	0.6358	1.5000	1.3750	24583.5702	24639.2942	0	0
fresh-shift-17-conventional-d800	17	conventional	1160	ce1888	2.0495	0.8635	2.7500	1.5625	23348.5929	23300.1643	0	0
fresh-shift-17-conventional-d800	17	conventional	1160	ce1889	0.3844	0.2533	0.9375	0.8125	18437.8550	18639.0294	0	0
fresh-shift-17-conventional-d800	17	conventional	1160	ce1892	0.8046	0.4299	1.5625	1.1875	25262.2227	25252.9652	0	0
fresh-shift-17-conventional-d800	17	conventional	1160	ce1893	2.5546	1.5719	2.9375	2.0000	12763.7258	14271.1389	0	0
fresh-shift-17-conventional-d800	17	conventional	1160	ce1894	2.3986	1.5253	3.1250	2.2500	24212.7924	24155.6020	0	0
fresh-shift-17-conventional-d800	17	conventional	1160	ce1895	1.4475	0.8842	2.2500	1.6875	26751.5187	26777.4091	0	0
fresh-shift-17-conventional-d800	17	conventional	1160	ce1896	2.5763	0.3971	3.1875	0.9375	20373.0601	18014.6216	0	1
fresh-shift-17-conventional-d800	17	conventional	1160	ce1898	0.7133	0.4656	1.3750	1.1250	22056.1815	21980.4687	0	0
fresh-shift-17-conventional-d800	17	conventional	1160	ce1899	1.7589	0.3180	2.5625	1.1250	26786.1091	26898.7772	0	0
fresh-shift-17-conventional-d800	17	conventional	1160	ce1900	2.0656	0.4049	2.6875	1.0000	20728.3822	19836.8196	0	0
fresh-shift-17-conventional-d800	17	conventional	1160	ce1901	1.4568	0.2335	2.1250	0.8750	22273.1806	21381.9937	0	0
fresh-shift-17-conventional-d800	17	conventional	1160	ce1902	1.5098	0.6219	2.3125	1.3750	26756.2179	25104.3661	0	1
fresh-shift-17-conventional-d800	17	conventional	1160	ce1903	1.6314	0.8224	2.1250	1.3125	16452.7350	16335.4767	0	0
fresh-shift-17-conventional-d800	17	conventional	1160	ce1904	2.0248	0.6503	2.7500	1.3750	24174.8472	24156.6888	0	0
