# garden fresh-cull20-19-conventional-d600 seed 19 conventional season 960 n=60 J=16 worlds=0..15 run=/tmp/rbt107-h1/cull20-19 work_cost=0.03 (107 s, workers 4)
fresh-cull20-19-conventional-d600	19	conventional	960	ce1768	2.3911	1.5170	3.0625	2.1875	22380.0067	22349.6775	0	0
fresh-cull20-19-conventional-d600	19	conventional	960	ce1769	1.3237	0.3218	1.5625	0.5625	7959.6692	8024.2705	0	0
fresh-cull20-19-conventional-d600	19	conventional	960	ce1771	2.8199	0.7439	3.1250	1.1250	10170.3201	12703.2316	0	0
fresh-cull20-19-conventional-d600	19	conventional	960	ce1773	2.1835	1.1307	2.7500	1.6875	18882.3354	18560.0496	0	0
fresh-cull20-19-conventional-d600	19	conventional	960	ce1775	1.3399	0.9046	2.0000	1.5625	22004.2765	21929.0756	0	0
fresh-cull20-19-conventional-d600	19	conventional	960	ce1777	1.3824	1.0034	2.1250	1.7500	24751.8629	24888.0416	0	0
fresh-cull20-19-conventional-d600	19	conventional	960	ce1779	0.6528	0.5294	1.0625	0.9375	13656.2136	13603.2837	0	0
fresh-cull20-19-conventional-d600	19	conventional	960	ce1782	0.8064	0.8703	1.4375	1.5000	21037.9880	20988.7623	0	0
fresh-cull20-19-conventional-d600	19	conventional	960	ce1786	3.5781	0.9917	4.1875	1.6250	20314.9543	21110.5558	0	0
fresh-cull20-19-conventional-d600	19	conventional	960	ce1787	1.3330	1.5184	1.9375	2.1250	20148.7689	20221.5492	0	0
fresh-cull20-19-conventional-d600	19	conventional	960	ce1789	1.5035	0.6305	2.1875	1.3125	22800.2600	22731.8704	0	0
fresh-cull20-19-conventional-d600	19	conventional	960	ce1790	2.0524	1.1797	2.6250	1.7500	19088.0802	19011.0149	0	0
fresh-cull20-19-conventional-d600	19	conventional	960	ce1791	1.2231	0.7244	1.8750	1.3750	21729.5814	21685.7590	0	0
fresh-cull20-19-conventional-d600	19	conventional	960	ce1792	0.1956	0.0801	0.8750	0.7500	22648.2005	22328.9441	0	0
fresh-cull20-19-conventional-d600	19	conventional	960	ce1794	1.5558	0.9341	2.3125	1.6875	25221.7972	25114.6293	0	0
fresh-cull20-19-conventional-d600	19	conventional	960	ce1797	1.9524	0.7531	2.5625	1.3750	20335.9995	20729.7378	0	0
fresh-cull20-19-conventional-d600	19	conventional	960	ce1798	0.6442	0.7690	1.3125	1.4375	22275.9797	22284.8332	0	0
fresh-cull20-19-conventional-d600	19	conventional	960	ce1801	2.3902	1.3881	3.1250	2.1250	24493.5684	24561.9082	0	0
fresh-cull20-19-conventional-d600	19	conventional	960	ce1804	1.3711	1.1848	2.0625	1.8750	23047.9335	23006.5636	0	0
fresh-cull20-19-conventional-d600	19	conventional	960	ce1805	2.7150	1.1858	3.1875	1.6875	15751.3000	16724.7630	0	0
fresh-cull20-19-conventional-d600	19	conventional	960	ce1806	1.9063	1.3460	2.5625	2.0000	21874.4859	21800.3455	0	0
fresh-cull20-19-conventional-d600	19	conventional	960	ce1807	1.9685	1.2313	2.6875	1.9375	23967.3213	23539.8778	0	0
fresh-cull20-19-conventional-d600	19	conventional	960	ce1808	2.2326	1.5625	2.8125	2.1250	19330.8715	18750.8656	0	0
fresh-cull20-19-conventional-d600	19	conventional	960	ce1809	1.6505	0.9630	2.3750	1.6875	24149.2877	24149.0440	0	0
fresh-cull20-19-conventional-d600	19	conventional	960	ce1810	3.3269	1.7106	3.9375	2.3125	20352.9874	20061.9256	0	0
fresh-cull20-19-conventional-d600	19	conventional	960	ce1812	1.8703	1.4351	2.5000	2.0625	20989.6120	20912.8992	0	0
fresh-cull20-19-conventional-d600	19	conventional	960	ce1813	0.9279	0.6539	1.4375	1.1875	16986.2054	17786.9349	0	0
fresh-cull20-19-conventional-d600	19	conventional	960	ce1814	1.5706	1.5780	2.3125	2.3125	24731.3637	24484.7642	0	0
fresh-cull20-19-conventional-d600	19	conventional	960	ce1815	2.0759	1.0365	2.5000	1.5000	14138.1498	15450.3793	0	0
fresh-cull20-19-conventional-d600	19	conventional	960	ce1816	0.6597	0.7225	1.2500	1.3125	19675.2079	19668.1553	0	0
fresh-cull20-19-conventional-d600	19	conventional	960	ce1817	1.7853	0.7885	2.5000	1.5000	23822.3916	23718.2697	0	0
fresh-cull20-19-conventional-d600	19	conventional	960	ce1818	2.0347	0.2181	2.6875	0.8750	21761.1300	21895.5941	0	0
fresh-cull20-19-conventional-d600	19	conventional	960	ce1819	0.6269	0.8806	1.2500	1.5000	20771.4630	20647.0666	0	0
fresh-cull20-19-conventional-d600	19	conventional	960	ce1820	1.9485	0.3914	2.5000	0.9375	18382.7353	18204.7631	0	0
fresh-cull20-19-conventional-d600	19	conventional	960	ce1821	1.2722	0.5800	1.8750	1.1875	20093.5654	20250.6247	0	0
fresh-cull20-19-conventional-d600	19	conventional	960	ce1822	1.8001	1.2190	2.1250	1.5625	10828.7807	11451.6072	0	0
fresh-cull20-19-conventional-d600	19	conventional	960	ce1826	2.9270	1.0807	3.3750	1.5625	14933.6165	16060.5432	0	0
fresh-cull20-19-conventional-d600	19	conventional	960	ce1827	1.6016	1.4771	2.1875	2.0625	19531.0026	19513.9529	0	0
fresh-cull20-19-conventional-d600	19	conventional	960	ce1829	1.8494	1.2228	2.5000	1.8750	21686.0370	21741.5051	0	0
fresh-cull20-19-conventional-d600	19	conventional	960	ce1830	1.3905	1.0056	1.8125	1.4375	14068.0784	14395.2172	0	0
fresh-cull20-19-conventional-d600	19	conventional	960	ce1831	1.8126	1.6280	2.4375	2.2500	20829.7282	20733.0792	0	0
fresh-cull20-19-conventional-d600	19	conventional	960	ce1833	0.7570	0.7434	1.2500	1.2500	16432.0290	16885.8012	0	0
fresh-cull20-19-conventional-d600	19	conventional	960	ce1835	1.8482	1.4150	2.6250	2.1875	25892.8974	25748.3985	0	0
fresh-cull20-19-conventional-d600	19	conventional	960	ce1836	0.8049	1.0559	1.5625	1.8125	25254.9743	25221.5110	0	0
fresh-cull20-19-conventional-d600	19	conventional	960	ce1837	2.8485	1.7336	3.5000	2.3750	21718.1223	21379.7996	0	0
fresh-cull20-19-conventional-d600	19	conventional	960	ce1838	2.4571	1.3674	3.0625	2.0000	20178.6457	21087.7213	0	0
fresh-cull20-19-conventional-d600	19	conventional	960	ce1839	0.2309	0.1063	0.6250	0.5000	13137.6356	13122.7013	0	0
fresh-cull20-19-conventional-d600	19	conventional	960	ce1843	0.5695	0.1290	1.2500	0.8125	22682.0917	22782.2372	0	0
fresh-cull20-19-conventional-d600	19	conventional	960	ce1847	1.0716	1.0022	1.6250	1.5625	18448.0698	18675.4935	0	0
fresh-cull20-19-conventional-d600	19	conventional	960	ce1848	0.2455	-0.0537	0.6250	0.3125	12650.9431	12206.3656	0	0
fresh-cull20-19-conventional-d600	19	conventional	960	ce1849	1.3200	0.8143	1.8125	1.3125	16418.0025	16607.4430	0	0
fresh-cull20-19-conventional-d600	19	conventional	960	ce1852	1.0038	0.6287	1.5000	1.1250	16539.8735	16542.1326	0	0
fresh-cull20-19-conventional-d600	19	conventional	960	ce1853	0.7498	0.5018	1.1250	0.8750	12505.6120	12439.7759	0	0
fresh-cull20-19-conventional-d600	19	conventional	960	ce1854	3.2545	0.9606	3.9375	1.6250	22765.1826	22147.2245	0	0
fresh-cull20-19-conventional-d600	19	conventional	960	ce1855	0.1184	-0.0594	0.8125	0.6250	23137.0313	22812.1291	0	0
fresh-cull20-19-conventional-d600	19	conventional	960	ce1856	1.0438	0.5815	1.6250	1.1875	19372.3732	20201.2442	0	0
fresh-cull20-19-conventional-d600	19	conventional	960	ce1857	1.1725	0.5467	1.8750	1.2500	23418.2275	23442.6404	0	0
fresh-cull20-19-conventional-d600	19	conventional	960	ce1858	2.5061	1.0567	3.1875	1.7500	22713.8617	23109.2409	0	0
fresh-cull20-19-conventional-d600	19	conventional	960	ce1859	1.8208	0.7583	2.5625	1.5000	24724.5405	24723.0227	0	0
fresh-cull20-19-conventional-d600	19	conventional	960	ce1860	1.9472	1.2294	2.3750	1.6875	14259.2389	15271.4431	0	0
