season	population	alive	births	deaths	mean_lifetime_score	best_lifetime_score
0	holistic	59	0	1	-0.03755662492535888	0.0
0	conventional	60	1	1	0.02207215148800272	7.627383018219302
1	holistic	60	1	0	0.0008687679707624142	0.499389677872516
1	conventional	60	1	1	0.49212605046112573	9.526306216902398
2	holistic	60	1	1	0.06329188558141838	1.736310055091834
2	conventional	60	7	7	0.4115158228846714	5.024623663557149
3	holistic	60	1	1	0.04102574953946251	1.2358055801859078
3	conventional	60	10	10	0.6008448596531681	8.505379848767342
4	holistic	60	2	2	0.0478990608579878	0.937114543594384
4	conventional	60	8	8	0.5699812266520895	3.999705263893763
5	holistic	60	4	4	0.04210175633171832	0.7368227347840706
5	conventional	60	13	13	0.5998298860774358	5.159119135362275
6	holistic	59	3	4	0.037786438704500075	0.950254369989259
6	conventional	60	12	12	0.4383970336204041	2.7331343290002557
7	holistic	57	2	4	0.04423058967323349	0.8280042656135144
7	conventional	60	13	13	0.49793421175973607	3.8349355996499677
8	holistic	54	2	5	0.04072610320161532	0.7328334603427273
8	conventional	60	15	15	0.5023261628227678	4.689722237867405
9	holistic	48	2	8	0.06100573497906647	0.6558240340368711
9	conventional	60	13	13	0.7739680473346598	11.405494837015873
10	holistic	44	2	6	0.0844237402120165	0.9199290860781428
10	conventional	60	7	7	1.245125270641044	6.501431066039135
11	holistic	19	4	29	0.1849699371986227	0.8211988016445462
11	conventional	60	9	9	1.2742599636219185	5.82714404287223
12	holistic	18	1	2	0.14756531997255237	0.7378511298168801
12	conventional	60	7	7	1.0619915361617545	7.661622961458285
13	holistic	14	0	4	0.250111106777331	0.6669990949840521
13	conventional	60	9	9	1.0309853982649735	6.0720593219236365
14	holistic	14	1	1	0.21121995360489437	0.6049044770860907
14	conventional	60	6	6	1.0627205764824332	6.556934460140853
15	holistic	11	0	3	0.26707308762268656	0.5499731207646368
15	conventional	60	4	4	1.054991211071493	4.9820326876513965
16	holistic	9	0	2	0.3613988653332234	0.5382062950430615
16	conventional	60	2	2	0.9024059776823967	4.170340190736053
17	holistic	9	0	0	0.32682518275219063	0.5153693891817901
17	conventional	60	8	8	0.9702748325657233	6.4897263630097255
18	holistic	10	2	1	0.2684985149857268	0.6870659528035086
18	conventional	60	7	7	1.0630641488309895	4.50122390147583
19	holistic	11	3	2	0.20973885400133768	0.6493504292184414
19	conventional	60	6	6	1.0150182173143814	4.22234795757556
20	holistic	15	5	1	0.4310649432778039	3.885822464835282
20	conventional	60	5	5	1.0588483958117334	4.274022392670875
21	holistic	19	4	0	0.23573081245406224	1.8918703777973869
21	conventional	60	8	8	1.0297154752717084	3.3078017407153184
22	holistic	20	3	2	0.18287719841631858	1.2312338415990602
22	conventional	60	3	3	1.454009597967248	9.510559007197259
23	holistic	19	2	3	0.18340017763205071	1.1464816906755517
23	conventional	60	2	2	1.1852547123931951	5.006165179258314
24	holistic	15	2	6	0.19338733365748959	0.8974944146512627
24	conventional	60	2	2	1.2556409397073496	6.509952429061208
25	holistic	13	2	4	0.18819737049188012	0.7762307843971433
25	conventional	60	4	4	1.3096300607695894	5.311321115949969
26	holistic	12	2	3	0.23347741216247717	0.7377155950309344
26	conventional	60	3	3	1.1993310478954304	4.678737427064948
27	holistic	12	1	1	0.43359047204115325	1.1273723668325835
27	conventional	60	2	2	1.1579420962706446	3.9400477273765095
28	holistic	13	2	1	0.3614180720998665	1.2879544146239736
28	conventional	60	2	2	1.0957186631592828	3.4608856986399443
29	holistic	13	2	2	0.259664081879709	1.1195817518261615
29	conventional	60	4	4	1.1129489715402898	3.3944544283232623
30	holistic	12	2	3	0.3011242015575017	0.8195534648512244
30	conventional	60	3	3	0.9949684849596034	3.107074750130543
31	holistic	10	1	3	0.24455066193274871	0.7312289566838779
31	conventional	60	3	3	1.107083379507102	3.2347411244226847
32	holistic	11	2	1	0.24332353742423907	0.9536889316735037
32	conventional	60	2	2	1.1022137167991173	2.921943244344176
33	holistic	8	2	5	0.19811594304686744	0.885944780469476
33	conventional	60	1	1	1.0458094733639167	2.885638672591471
34	holistic	9	2	1	0.16003384352282635	0.8361110965340559
34	conventional	60	1	1	1.0297471016631552	2.641803852847267
35	holistic	9	1	1	0.14252233681512727	0.8110253802261926
35	conventional	60	3	3	1.175246742361268	8.573563270528725
36	holistic	8	1	2	0.25736606679180385	0.7871209632688463
36	conventional	60	1	1	1.1763440841140493	7.574994872588632
37	holistic	8	1	1	0.22658495607237067	0.8178684483471502
37	conventional	60	4	4	1.0812494345825432	4.246291341872143
38	holistic	9	3	2	0.34042171016879763	1.294168944075129
38	conventional	60	2	2	1.1625538623502447	7.670622940354033
39	holistic	13	4	0	0.9862820853887276	9.936358912350768
39	conventional	60	3	3	1.1764334494954907	4.27485026734571
40	holistic	15	4	2	0.588874732424355	4.922758700199134
40	conventional	60	2	2	1.0897710148955597	3.1762979714012483
41	holistic	19	4	0	0.48032817080699175	3.26124425745213
41	conventional	60	3	3	1.0377845043227343	2.849531586054884
42	holistic	21	4	2	0.3891240163914155	2.423270803286241
42	conventional	60	4	4	1.0298968790066472	2.761363770503567
43	holistic	22	4	3	0.32233353156288724	1.9258574515759164
43	conventional	60	2	2	1.150445440936344	9.36924110267634
44	holistic	23	3	2	0.2550186997428673	1.5897555605902518
44	conventional	60	3	3	1.0448662869722807	4.337040729901353
45	holistic	20	1	4	0.24272005304247496	1.3522062619220943
45	conventional	60	2	2	1.0493140835225694	2.857923498038964
46	holistic	17	0	3	0.28488908300415844	1.1718240361305965
46	conventional	60	2	2	1.1386374932230359	10.575275959139628
47	holistic	17	4	4	0.538633403511933	3.4614210940804253
47	conventional	60	2	2	1.0957901615346408	8.063513226622309
48	holistic	17	3	3	0.45550255743652396	2.295888926461652
48	conventional	60	0	0	1.025875362793985	5.2151603493553305
49	holistic	18	2	1	0.31037746522902465	1.7129164357223428
49	conventional	60	3	3	1.0096585686623998	3.7953787516584168
50	holistic	18	1	1	0.3561851151987289	1.3622299146367074
50	conventional	60	2	2	1.0457978885245234	3.0363030013267336
51	holistic	16	1	3	0.3449559866190665	1.2954042097174718
51	conventional	60	3	3	0.9820606656713216	2.4580783294232385
52	holistic	13	0	3	0.3170075971378627	1.10493558871555
52	conventional	60	2	2	0.9150813210124277	2.5725707837442866
53	holistic	9	0	4	0.31979351825983815	0.9622622840285868
53	conventional	60	3	3	0.9695152737561916	2.4766088238826693
54	holistic	7	1	3	0.4627396040418108	0.8492654922382177
54	conventional	60	2	2	1.02967761681855	2.526837382017602
55	holistic	8	1	0	0.448583137707641	1.0830966589110507
55	conventional	60	3	3	1.012215682062164	2.4770372885364558
56	holistic	8	1	1	0.44738285761166025	0.9936891597812305
56	conventional	60	0	0	1.040276802202429	6.161610154726808
57	holistic	9	1	0	0.30935680902427165	0.9160810369658275
57	conventional	60	3	3	1.047406650787244	4.495128126972328
58	holistic	9	1	1	0.2555476122159726	0.849180658888598
58	conventional	60	0	0	1.0388205184172945	3.493368604808142
59	holistic	7	0	2	0.19368846662220562	0.7908147828894446
59	conventional	60	2	2	1.025545371079458	2.8249221415857053
60	holistic	5	0	2	0.45201075477896396	0.7394353069119122
60	conventional	60	2	2	1.1926029289260822	5.494531203402404
61	holistic	5	1	1	0.3916886927160236	0.9162092600639541
61	conventional	60	1	1	1.0732092947946634	2.873604925661263
62	holistic	6	1	0	0.30524888722011434	0.9684504553935861
62	conventional	60	2	2	1.10128984642243	2.8306826040034667
63	holistic	7	1	0	0.22588316923172558	0.9161688057798228
63	conventional	60	1	1	1.0308583985943283	2.760641236568377
64	holistic	8	1	0	0.17874245077386958	0.8686699286547194
64	conventional	60	1	1	1.060991770266857	3.1050676152221763
65	holistic	7	0	1	0.1812083428036117	0.8253218977660058
65	conventional	60	2	2	0.9928005543901565	2.512188515884555
66	holistic	6	0	1	0.21650110923011692	0.7855349742262601
66	conventional	60	1	1	1.0268625130993991	3.468289200901226
67	holistic	5	1	2	0.28187499090850615	0.9572428561086803
67	conventional	60	4	4	0.9771303310601661	3.3466252198439124
68	holistic	7	2	0	0.5017393829692706	2.1723603606908855
68	conventional	60	6	6	0.9026662913398076	3.0854447553670696
69	holistic	8	2	1	0.35232566360485473	1.7210374786147398
69	conventional	60	9	9	0.7920643098148203	2.8572536821659607
70	holistic	9	1	0	0.2712882686454464	1.4200520983033933
70	conventional	60	7	7	0.9441215398005	7.472315961268851
71	holistic	9	1	1	0.28046626987613005	1.2049368036157844
71	conventional	60	3	3	1.0887018141258158	6.5346787109438695
72	holistic	11	3	1	0.21728665408142114	1.0455541726435782
72	conventional	60	6	6	0.968889131215262	3.028154904466405
73	holistic	10	1	2	0.2563083759260993	0.919994412522195
73	conventional	60	6	6	0.8780839636630468	5.497870749558941
74	holistic	10	1	1	0.2342195738582661	0.8510259141386493
74	conventional	60	5	5	1.430040778453049	24.425013018525505
75	holistic	11	2	1	0.33244041585852674	0.9187756096552873
75	conventional	60	2	2	1.4697201246187626	12.425219664538906
76	holistic	12	2	1	0.36490323289101584	1.9137859856693291
76	conventional	60	4	4	1.3217749688951115	9.105123763579344
77	holistic	12	2	2	0.3389003754828685	1.7070919111892284
77	conventional	60	5	5	1.3483004076078466	6.688824661150885
78	holistic	17	5	0	0.5814696236799469	2.9572734089694905
78	conventional	60	6	6	1.2860883026541101	5.669934714647192
79	holistic	16	3	4	0.46720161225334006	1.919059550974872
79	conventional	60	2	2	1.3973737886633788	7.0168928488537725
80	holistic	18	3	1	0.3337531630504431	1.666850087865931
80	conventional	60	9	9	1.1685635018908693	4.752352598751536
81	holistic	17	1	2	0.31224230173617723	1.4740378737006052
81	conventional	60	8	8	0.9330545335756365	4.168348532871533
82	holistic	15	1	3	0.31485865269577035	1.3175789236057578
82	conventional	60	10	10	1.0155433812499806	5.42981147688111
83	holistic	17	4	2	0.4479721596239023	1.9179626823652187
83	conventional	60	5	5	1.1984148979358165	7.482371103127188
84	holistic	17	3	3	0.5393777302184335	2.8824440166670726
84	conventional	60	8	8	1.0237098733451828	3.7608255432348314
85	holistic	19	3	1	0.5054905327988349	2.3690452834379987
85	conventional	60	6	6	0.9971813560761308	3.482782847362187
86	holistic	21	3	1	0.48705316532681453	2.061378416589706
86	conventional	60	6	6	1.118408952122627	5.153772973110272
87	holistic	22	3	2	0.39013765066958794	1.9188007705644488
87	conventional	60	9	9	1.1201171711936089	3.86384124488681
88	holistic	22	3	3	0.44657207602571575	2.9051534844912488
88	conventional	60	3	3	0.9408587874039821	3.0326675408046846
89	holistic	26	7	3	0.4237208165603902	2.906639728972555
89	conventional	60	7	7	0.8860150280327971	2.533438126993594
90	holistic	30	5	1	0.3297147577339751	2.155138908356884
90	conventional	60	5	5	0.8609466655157217	2.872331002607363
91	holistic	35	8	3	0.2871432546157656	1.8162019213925191
91	conventional	60	7	7	1.0504635446738226	5.943357115250865
92	holistic	40	9	4	0.423046624483909	3.5952054384103747
92	conventional	60	2	2	1.0790207822502293	3.9424909486465864
93	holistic	44	8	4	0.3251144733122772	2.678657781482584
93	conventional	60	3	3	1.0716509164963945	3.4386525689976564
94	holistic	42	7	9	0.3970519887523949	2.5289776524404988
94	conventional	60	4	4	1.0734541178143198	2.7362979239041154
95	holistic	46	10	6	0.4152184836295191	3.911208061301812
95	conventional	60	2	2	1.1970768175118787	3.4666452005450905
96	holistic	49	11	8	0.42121905228180084	3.413425194087905
96	conventional	60	0	0	1.246455668442019	3.4678906478938343
97	holistic	50	7	6	0.3274696253783342	2.68335060056369
97	conventional	60	3	3	1.1030512511835147	2.4189431294774333
98	holistic	52	8	6	0.33382793526803634	2.387782313616343
98	conventional	60	0	0	1.1290126295412661	2.790934984878551
99	holistic	52	10	10	0.4243741704093192	2.922390742508959
99	conventional	60	0	0	1.2076949377698465	4.4602304255304315
100	holistic	56	10	6	0.328886907417604	1.8914822122386064
100	conventional	60	1	1	1.0820798796901983	2.795242711007832
101	holistic	57	9	8	0.305725721630079	2.6715449903461543
101	conventional	60	1	1	1.0283611598569682	2.662965618020982
102	holistic	60	8	5	0.33276245159310913	2.405842682871296
102	conventional	60	2	2	0.95238365668702	2.7723088263444184
103	holistic	58	8	10	0.47560222123471746	8.886103261999246
103	conventional	60	2	2	0.9900557653717976	2.642890940082114
104	holistic	60	10	8	0.5505278081868018	4.879913205975894
104	conventional	60	2	2	1.0112409596994654	2.49313579205323
105	holistic	60	6	6	0.46414522586109364	3.2204841203747487
105	conventional	60	2	2	1.099621220786432	7.408619492027528
106	holistic	60	7	7	0.4254591058368611	2.383907601454741
106	conventional	60	1	1	1.029008248611461	3.3202172718083225
107	holistic	60	6	6	0.4184082622839282	2.9592675364065038
107	conventional	60	2	2	0.9549869647998094	2.756113432362767
108	holistic	60	11	11	0.38994089753342004	1.888287233078813
108	conventional	60	3	3	1.0431174811577233	3.3163297525921585
109	holistic	60	8	8	0.3607945716201932	1.7443304081357471
109	conventional	60	0	0	0.9547822766669918	2.7641806086262353
110	holistic	60	5	5	0.5355367392558154	7.916069867483263
110	conventional	60	2	2	0.9510304428262972	2.6800428307437643
111	holistic	60	7	7	0.43446551312980425	3.913176108182271
111	conventional	60	3	3	0.9425431874706034	2.5662820760424108
112	holistic	59	11	12	0.4931808629842993	10.24712380261729
112	conventional	60	2	2	0.9672361545124952	3.098682385403652
113	holistic	60	6	5	0.6342582523021013	7.9142012450652075
113	conventional	60	2	2	1.0536678420372252	3.514829905441739
114	holistic	60	9	9	0.5285932876606418	6.310917977735274
114	conventional	60	2	2	1.0884910250939892	3.3657226282084594
115	holistic	60	9	9	0.5224187643902896	6.4117650732144655
115	conventional	60	1	1	1.1255797777193401	3.85521045572344
116	holistic	60	5	5	0.4975072556274776	5.624675641477698
116	conventional	60	2	2	1.1157006357395216	3.9514093791617855
117	holistic	60	6	6	0.5136535358689938	5.407955625843996
117	conventional	60	1	1	1.1119120942214056	3.3520702382142544
118	holistic	60	9	9	0.474898726743651	4.797903161422747
118	conventional	60	2	2	1.0490707882829557	3.20403758417473
119	holistic	60	7	7	0.5845696802606265	6.930201234772628
119	conventional	60	5	5	0.9950458766283542	3.714891675189115
120	holistic	60	7	7	0.5098856266041587	4.0013721337615165
120	conventional	60	2	2	0.9506149190184721	3.2251566998416425
121	holistic	60	5	5	0.58823391704207	3.6608499250318984
121	conventional	60	4	4	1.2388124560089073	14.30261661815954
122	holistic	60	5	5	0.6865847511824794	4.440075745508403
122	conventional	60	2	2	1.284412760302773	7.324349194366375
123	holistic	60	4	4	0.6831561411229898	3.2675366983162597
123	conventional	60	2	2	1.1291804898121336	5.635025912673996
124	holistic	60	5	5	0.7134167074394436	3.8884886349700105
124	conventional	60	4	4	1.160870420501325	5.303664257958052
125	holistic	60	5	5	0.6463250168137319	2.848600291056835
125	conventional	60	3	3	1.1010447268290442	4.106515500415133
126	holistic	60	4	4	0.6146157415968434	2.676144823462218
126	conventional	60	1	1	1.3061856845736004	10.644751593086525
127	holistic	60	5	5	0.6171906417980186	2.5222652404227777
127	conventional	60	2	2	1.2368842824308257	5.130877320265073
128	holistic	60	5	5	0.585758646419784	2.385120629292264
128	conventional	60	2	2	1.1638664644215693	3.557261655890826
129	holistic	60	5	5	0.5451056251163628	2.260772198904947
129	conventional	60	5	5	1.084156650299757	3.310022721828656
130	holistic	60	5	5	0.7280873300297568	4.907256591706056
130	conventional	60	3	3	1.283389847276195	9.437606238805524
131	holistic	60	5	5	0.7126924874334412	2.5794181631323356
131	conventional	60	5	5	1.2142827837954797	5.437257312144103
132	holistic	60	5	5	0.6270215812687108	2.167968641111372
132	conventional	60	6	6	1.0482449046093907	3.432616562678609
133	holistic	60	3	3	0.5963675804005424	2.027821341593053
133	conventional	60	6	6	0.9737390731835229	3.9384091804638404
134	holistic	60	5	5	0.6409212959364339	1.9737292969907834
134	conventional	60	7	7	1.095049917312805	5.751260305203741
135	holistic	60	4	4	0.7186362289897334	3.915093823714477
135	conventional	60	1	1	1.2066937438339869	4.256510558453435
136	holistic	60	2	2	0.6950464592991559	2.910627992674733
136	conventional	60	1	1	1.3093683279470967	5.067999142482806
137	holistic	60	5	5	0.6843024126310595	5.25047988376728
137	conventional	60	6	6	1.2635962058213968	10.518543501358616
138	holistic	60	3	3	0.6701546564984964	3.916346893981597
138	conventional	60	1	1	1.361306239301911	7.366251805653114
139	holistic	60	3	3	0.6754878746837881	3.117132230050451
139	conventional	60	2	2	1.188331449796354	3.4542123149025796
140	holistic	60	4	4	0.659424540043354	2.917552383721436
140	conventional	60	3	3	1.0754769507090702	3.3376871881898262
141	holistic	60	5	5	0.6121554741830015	2.493027300666061
141	conventional	60	1	1	1.0702892997744853	4.895353761764486
142	holistic	60	1	1	0.6751685851330463	2.9352545995207118
142	conventional	60	6	6	1.181419248388346	5.390590777908177
143	holistic	60	4	4	0.6122542487508649	1.9196501897029625
143	conventional	60	1	1	0.9428533838152782	3.891678898475621
144	holistic	60	3	3	0.6829061221623864	2.9305062845533034
144	conventional	60	6	6	1.0529874404701995	4.194662914946592
145	holistic	60	3	3	0.6454931015917516	2.177694764170561
145	conventional	60	5	5	0.8947375410530543	4.094013379153306
146	holistic	60	4	4	0.6272812126877547	1.725901528199857
146	conventional	60	5	5	1.2178053842186587	7.243222570400172
147	holistic	60	6	6	0.6105465803198226	1.5952651935702438
147	conventional	60	3	3	1.205314823751558	4.81279294805491
148	holistic	60	2	2	0.6133547607158208	1.9375598773885847
148	conventional	60	1	1	1.0501190534888336	3.494454418712294
149	holistic	60	2	2	0.6271537189348132	1.9319983864630708
149	conventional	60	5	5	1.0557781011861087	2.711681584638
150	holistic	60	3	3	0.6074333104094207	1.6153486953147165
150	conventional	60	2	2	1.016092932145184	2.384103134054437
151	holistic	60	5	5	0.6577171835093298	1.6914572416387197
151	conventional	60	5	5	1.145424381931488	3.1119366949361265
152	holistic	60	4	4	0.6146781049790299	1.609193009380796
152	conventional	60	2	2	1.0880752532313076	3.8502236583166325
153	holistic	60	2	2	0.5872672287148699	1.5799860694859689
153	conventional	60	8	8	1.0548196887533632	3.8993821887979747
154	holistic	60	5	5	0.6043824413715899	1.7358067922306508
154	conventional	60	3	3	1.0347986814409809	4.438747552234128
155	holistic	60	5	5	0.5800418432085356	1.6949045762290311
155	conventional	60	4	4	0.9282452618654566	3.1041922676714293
156	holistic	60	4	4	0.7297107910157263	9.907163929420422
156	conventional	60	6	6	0.8847382349671591	3.327923805300314
157	holistic	60	4	4	0.6137498861773216	4.905240375885834
157	conventional	60	6	6	0.8315567994190888	2.6935707212197744
158	holistic	60	4	4	0.6609306180678601	3.2411057268479753
158	conventional	60	6	6	1.0450731517608531	5.2037797942036965
159	holistic	60	4	4	0.58297883828094	2.4067874201795325
159	conventional	60	3	3	0.9134968600097282	2.7024902083042344
160	holistic	60	5	5	0.6112753430292749	2.9240359063419867
160	conventional	60	4	4	1.0632948381563052	4.361895576064508
161	holistic	60	3	3	0.5992246419582512	2.9923137206538453
161	conventional	60	3	3	1.0398833103543912	2.215237393862355
162	holistic	60	8	8	0.5969171550635105	3.8778044775056464
162	conventional	60	4	4	1.0193107411489586	3.6937926786264894
163	holistic	60	7	7	0.5099133644270873	1.8488587733519846
163	conventional	60	1	1	1.1036016495099001	5.138953179180898
164	holistic	60	6	6	0.4673890801213229	1.674312764491171
164	conventional	60	1	1	1.3404052118861562	5.997247677045475
165	holistic	60	6	6	0.5953635873953852	8.974911905219122
165	conventional	60	1	1	1.2985035008966075	5.37935062171268
166	holistic	60	9	9	0.5982646090656749	4.888783139574022
166	conventional	60	1	1	1.3047826772259699	4.3367550680597535
167	holistic	60	7	7	0.5701884983153918	3.309954000362962
167	conventional	60	2	2	1.2266679354518606	4.008639124376647
168	holistic	60	8	8	0.4937007607510919	2.4715581176047654
168	conventional	60	0	0	1.2477408825543939	6.341304883280819
169	holistic	60	6	6	0.5315659950776244	3.4139159770285783
169	conventional	60	2	2	1.266755614518541	4.976139717940751
170	holistic	60	8	8	0.5314886534208576	2.9632840584490063
170	conventional	60	1	1	1.2449154330124368	4.087379717367418
171	holistic	60	7	7	0.5185372075085026	2.962102064072129
171	conventional	60	1	1	1.2542322266211776	4.336378794811134
172	holistic	60	10	10	0.600714252772032	4.993389369197891
172	conventional	60	2	2	1.2229006059328105	4.333852868473872
173	holistic	60	4	4	0.6860875906428215	3.9054048087393616
173	conventional	60	2	2	1.2040080061321423	4.048282654425181
174	holistic	60	8	8	0.6718885201829321	4.92376293865928
174	conventional	60	3	3	1.198632045221546	3.715609577897122
175	holistic	60	7	7	0.6979164571623129	3.6120021750202533
175	conventional	60	1	1	1.1683302627425582	3.0045966535031376
176	holistic	60	9	9	0.672117085220523	2.704341790951244
176	conventional	60	3	3	1.2950665479107515	4.090283302379387
177	holistic	60	5	5	0.6876386098016684	3.953077069673847
177	conventional	60	1	1	1.3260907386229992	4.8995478395286005
178	holistic	60	9	9	0.6103213997734954	3.2834564058872644
178	conventional	60	1	1	1.356326784048741	3.8027547561551653
179	holistic	60	3	3	0.7151875188234701	2.921968871367446
179	conventional	60	1	1	1.2880370527387184	3.7562972986154977
180	holistic	60	6	6	0.7629669716666522	3.726842057972752
180	conventional	60	1	1	1.3579970667849257	3.5601385584204714
181	holistic	60	6	6	0.6681960024488466	2.3938603876676594
181	conventional	60	2	2	1.2436184605064293	2.9933688539424588
182	holistic	60	5	5	0.7146179688574411	2.5477309959108356
182	conventional	60	0	0	1.2219579725398961	2.8025547829862023
183	holistic	60	4	4	0.6579076741366331	2.4260916940251844
183	conventional	60	1	1	1.2872990505485575	3.3286204829440575
184	holistic	60	8	8	0.7097029222968809	3.240764340484947
184	conventional	60	2	2	1.2465770751311611	2.956761207320546
185	holistic	60	4	4	0.7025382478698886	4.656217053522582
185	conventional	60	2	2	1.1959756676290563	2.646725329131311
186	holistic	60	5	5	0.7430574182100577	3.918432910817193
186	conventional	60	0	0	1.3053120983318856	3.9046683401484668
187	holistic	60	8	8	0.8103625233655358	4.970581804834782
187	conventional	60	1	1	1.199804191615201	2.4000593114145854
188	holistic	60	6	6	0.8215808635451872	3.4411308872722364
188	conventional	60	0	0	1.1552034055405198	2.1965962985523224
189	holistic	60	4	4	0.7997474814183329	2.741520742183522
189	conventional	60	1	1	1.2137892997774624	2.4119760915380084
190	holistic	60	3	3	0.7387887382949834	3.264646770302973
190	conventional	60	3	3	1.115234215750671	2.061253342861838
191	holistic	60	8	8	0.6952786355824566	2.7817851497235817
191	conventional	60	1	1	1.3978287421984805	11.204965017864236
192	holistic	60	7	7	0.7237155496723074	2.419471516805546
192	conventional	60	2	2	1.257070486874653	7.224777080779771
193	holistic	60	6	6	0.6832451010321176	2.206182540503821
193	conventional	60	5	5	1.1097257874592743	4.559398782916708
194	holistic	60	5	5	0.6383635573577161	2.3375971597449605
194	conventional	60	4	4	1.241624330757546	12.324396593256054
195	holistic	60	7	7	0.6333550070505242	2.2426976534719603
195	conventional	60	5	5	1.2455149826498586	5.874093703392154
196	holistic	60	8	8	0.7981628302673073	7.588532922211235
196	conventional	60	2	2	1.0890695920546585	3.6379003627619775
197	holistic	60	5	5	0.6542042813598066	4.092773380588458
197	conventional	60	5	5	1.055875211612405	3.0913920261789483
198	holistic	60	2	2	0.6467959229989194	3.936137030301697
198	conventional	60	3	3	0.9502825447657596	2.152910298312905
199	holistic	60	3	3	0.7272451285661178	4.351474847115364
199	conventional	60	6	6	0.9182589866340555	1.9990128626132604
200	holistic	60	5	5	0.7006280019913259	3.399459506759013
200	conventional	60	2	2	0.8340972919476723	1.8926647813198325
201	holistic	60	3	3	0.8563086686527249	4.963561490116555
201	conventional	60	6	6	0.9320253265675097	2.078305526492942
202	holistic	60	7	7	0.8287940015605402	4.0389052498547775
202	conventional	60	6	6	1.1481532946515596	8.653612617154014
203	holistic	60	4	4	0.9661118428640144	6.943515477383466
203	conventional	60	3	3	1.0829017202485398	4.120153846018233
204	holistic	60	2	2	0.844002795786977	3.9402815925623997
204	conventional	60	6	6	1.2619307111504885	8.338020364204407
205	holistic	60	2	2	0.8061941552954184	3.505978988457405
205	conventional	60	7	7	1.1618357580272962	8.008839513846096
206	holistic	60	4	4	0.8007582850641414	3.8776891286827295
206	conventional	60	3	3	1.1526083678800019	6.089902149240767
207	holistic	60	4	4	0.8352966650607028	3.5332376520791664
207	conventional	60	6	6	1.1781545788097842	6.2571549320401765
208	holistic	60	1	1	0.816803933678815	3.312845488452964
208	conventional	60	4	4	1.0458770932597912	5.337794101102574
209	holistic	60	3	3	0.792960418634523	3.832884348541355
209	conventional	60	10	10	0.9093808075570661	4.4825708166411875
210	holistic	60	3	3	0.9098606306919812	3.9582253346735112
210	conventional	60	3	3	0.9968021871624795	4.019385009247037
211	holistic	60	3	3	0.8970561158913948	4.756801845052597
211	conventional	60	7	7	1.0544872948091788	3.342747795485032
212	holistic	60	2	2	0.8802376524339799	4.7502234587325844
212	conventional	60	4	4	1.0323770583900223	3.1135586738171512
213	holistic	60	5	5	0.8579542520361062	4.471063049808318
213	conventional	60	7	7	1.1532836681615255	4.201044076215052
214	holistic	60	2	2	1.1572145382401693	6.404877667458749
214	conventional	60	2	2	1.2466200362553617	4.309117457404167
215	holistic	60	3	3	1.085704224606083	5.439916419077244
215	conventional	60	4	4	1.2808235717034853	3.3177884087210163
216	holistic	60	2	2	1.1093607092653597	4.9729204903672155
216	conventional	60	0	0	1.30028458521889	3.412340976261273
217	holistic	60	5	5	0.989450253189506	4.731748554947014
217	conventional	60	7	7	1.1569269324554976	3.455992738317632
218	holistic	60	2	2	1.0163654254407302	4.51097137957418
218	conventional	60	3	3	1.362255659710214	8.368597066375022
219	holistic	60	0	0	0.9585933597372861	4.347909206912786
219	conventional	60	6	6	1.3108068341434238	4.847271912853577
220	holistic	60	2	2	0.9308878450536546	4.324158665805357
220	conventional	60	2	2	1.4895605751812924	14.412469684429482
221	holistic	60	8	8	0.9336425525498179	4.182968043002773
221	conventional	60	2	2	1.528777250223116	7.42140011554192
222	holistic	60	2	2	0.9952512865322398	4.8918128968417545
222	conventional	60	6	6	1.3497468904450272	4.669752346209586
223	holistic	60	1	1	1.0317195435919453	3.997880392381336
223	conventional	60	1	1	1.2932835774499118	4.216896424117709
224	holistic	60	3	3	0.9438576723389563	3.8460892532797613
224	conventional	60	2	2	1.2423537913222493	3.5844936722705625
225	holistic	60	6	6	0.912203878860998	3.7086831477630957
225	conventional	60	2	2	1.2408541036404441	2.995747218881903
226	holistic	60	1	1	0.8683067205042369	3.57921872285359
226	conventional	60	3	3	1.252134857269279	4.414012296886979
227	holistic	60	1	1	0.8946060740303349	3.488764896564783
227	conventional	60	1	1	1.30609260469649	3.105553931701034
228	holistic	60	4	4	0.8523262186390549	3.4012607903644207
228	conventional	60	4	4	1.2264712429142919	2.998617625942754
229	holistic	60	4	4	0.8378703957408747	3.2913401406468474
229	conventional	60	2	2	1.2643396509657727	4.296458993067187
230	holistic	60	2	2	0.7684153881248322	3.1889917679059074
230	conventional	60	3	3	1.2131731064687044	2.9522190247008235
231	holistic	60	4	4	0.7580846071429722	3.1467640043274168
231	conventional	60	1	1	1.125332743035721	2.896456878465993
232	holistic	60	6	6	0.7399320158856025	3.0544769336933055
232	conventional	60	4	4	1.2139091980364605	3.2180133642452287
233	holistic	60	3	3	0.8287677149928937	5.938003685753736
233	conventional	60	4	4	1.2231374955841001	3.85225355769943
234	holistic	60	4	4	0.7414893937479748	2.986007383907946
234	conventional	60	3	3	1.1928719059533082	3.459221196129066
235	holistic	60	4	4	0.7245116984034802	2.9762985507466557
235	conventional	60	5	5	1.3074292829804646	5.492668433360584
236	holistic	60	4	4	0.7682022055579857	3.0890999752159347
236	conventional	60	4	4	1.271479084691498	3.4745562933098673
237	holistic	60	2	2	0.8069853521785558	3.3162489831906647
237	conventional	60	3	3	1.4348855114429961	6.805212870213791
238	holistic	60	7	7	0.7924323199875078	3.255424388530093
238	conventional	60	1	1	1.4187514919274213	5.969061794251012
239	holistic	60	1	1	0.838468166988738	3.269289545771018
239	conventional	60	3	3	1.5024561126295182	6.534980871698255
240	holistic	60	6	6	0.8306446980882074	3.0934749850741765
240	conventional	60	3	3	1.4492725290485255	5.516146165235151
241	holistic	60	4	4	0.9787756452507043	10.964579280601614
241	conventional	60	2	2	1.538431528818015	5.466772608257064
242	holistic	60	3	3	0.8803913494582919	5.455536075880399
242	conventional	60	1	1	1.4556312009585055	4.589360465101004
243	holistic	60	2	2	0.8845050086580292	3.6191327642795983
243	conventional	60	3	3	1.3602368674817729	3.950064105167664
244	holistic	60	4	4	0.9438689431667794	3.7625150223884702
244	conventional	60	2	2	1.3057093611336865	3.7708148779699653
245	holistic	60	7	7	0.8989734258273843	3.6994244425006433
245	conventional	60	4	4	1.2403588126185374	3.3256780154738736
246	holistic	60	2	2	0.8233242531905779	3.22069006956723
246	conventional	60	1	1	1.3009188061622006	3.63016946552933
247	holistic	60	1	1	0.7903474950982351	3.2113323884235943
247	conventional	60	3	3	1.2276991479392465	2.9199121029467268
248	holistic	60	4	4	0.8655108768594002	3.5728856157698723
248	conventional	60	1	1	1.3321682351159736	3.8557341914806127
249	holistic	60	6	6	0.8088665862831697	3.1697898085109597
249	conventional	60	1	1	1.2035172259082738	2.532590381569507
250	holistic	60	3	3	1.000949399238863	8.848316255901983
250	conventional	60	2	2	1.2640692309854253	3.0545626282142413
251	holistic	60	4	4	0.9189440481500054	5.881566123409982
251	conventional	60	1	1	1.3344586128747657	5.425001980214457
252	holistic	60	4	4	0.9104278605208405	7.536118737329137
252	conventional	60	3	3	1.261998810082835	2.749365680112644
253	holistic	60	6	6	0.990820296772826	5.621314235796919
253	conventional	60	1	1	1.3654348999608241	7.313987888730449
254	holistic	60	4	4	0.9588960113837711	4.6670793171384615
254	conventional	60	2	2	1.4813834201023381	5.640212102876229
255	holistic	60	6	6	0.8570442327493583	3.9551311689848334
255	conventional	60	2	2	1.3505725207654784	4.8024693457476495
256	holistic	60	3	3	0.9875139346079893	7.894779622438534
256	conventional	60	1	1	1.2498247532021407	3.705732305387186
257	holistic	60	7	7	0.9040699816682837	3.8643918228739986
257	conventional	60	3	3	1.2476099157434037	2.9699385450594886
258	holistic	60	4	4	1.0477867352526848	5.855619079713697
258	conventional	60	2	2	1.1929183663055192	2.502515649226859
259	holistic	60	3	3	1.0564099989769855	4.872116713272027
259	conventional	60	5	5	1.1264162758009064	2.447077404939823
260	holistic	60	3	3	1.0698728916022828	4.909418359829828
260	conventional	60	0	0	1.1779744339177318	2.5679587018966137
261	holistic	60	3	3	1.1108054938856675	4.544417192703552
261	conventional	60	6	6	1.0956134124287589	2.3624454123310024
262	holistic	60	2	2	1.1340884753343816	4.490742181946256
262	conventional	60	2	2	1.3584400736115934	9.570665367960725
263	holistic	60	3	3	1.0770340586374565	4.4592467767662605
263	conventional	60	1	1	1.2357748201614054	4.5759498299079455
264	holistic	60	2	2	1.0486510434064988	4.193202253898533
264	conventional	60	4	4	1.1733515321724481	4.577333813394231
265	holistic	60	3	3	1.15284337340738	6.287075574420209
265	conventional	60	1	1	1.2725168574837311	7.347011224646784
266	holistic	60	4	4	1.1625503514549407	8.805759542896384
266	conventional	60	4	4	1.083994743729363	3.3352566712305984
267	holistic	60	3	3	1.0595111116093	6.192783881443752
267	conventional	60	2	2	1.1476195486034233	4.4477533849608735
268	holistic	60	0	0	1.133586750268762	7.85375575257953
268	conventional	60	4	4	1.0602892681749139	4.951307595790919
269	holistic	60	3	3	1.0548464066855638	5.054753130591851
269	conventional	60	5	5	1.3685084320756289	11.570656147231803
270	holistic	60	2	2	1.0094921622005955	4.621725898170976
270	conventional	60	5	5	1.2218420504745724	5.578307015248726
271	holistic	60	2	2	0.9878999196318625	4.256022066897255
271	conventional	60	3	3	1.0578316725048453	3.575682995513193
272	holistic	60	2	2	0.9492892658496979	3.9414921662490072
272	conventional	60	3	3	1.011842856826422	2.6817622466348947
273	holistic	60	5	5	0.9007493876200916	4.003588769318461
273	conventional	60	3	3	1.0129054910738213	4.444973713759753
274	holistic	60	2	2	1.064954287973018	3.9138794499433835
274	conventional	60	2	2	1.1135458454992395	4.350139062613116
275	holistic	60	2	2	1.0346261172982993	4.000780356595998
275	conventional	60	2	2	1.307395660568927	6.312266153943726
276	holistic	60	2	2	1.0264114740166566	4.650617356851816
276	conventional	60	2	2	1.1479530543846297	3.691720661159014
277	holistic	60	2	2	1.0166061409380402	4.468803440472046
277	conventional	60	2	2	1.0688558735317846	3.0499746929355123
278	holistic	60	3	3	1.0090954918899924	4.04929279118948
278	conventional	60	3	3	1.2132729855684257	8.02229948602545
279	holistic	60	3	3	1.0244773534055704	3.700178784212562
279	conventional	60	4	4	1.2863107588764218	10.265157239799507
280	holistic	60	2	2	1.0340957365539412	3.7121069563571174
280	conventional	60	2	2	1.1806070612859463	5.268502350833418
281	holistic	60	4	4	1.0291668249583341	3.7219910399863463
281	conventional	60	3	3	1.1574990827619474	6.120025167957464
282	holistic	60	2	2	0.9916719859960444	3.463357471043709
282	conventional	60	3	3	1.3614762574369228	12.414500070588424
283	holistic	60	4	4	1.0753605415236327	3.433801164363273
283	conventional	60	1	1	1.144177048937166	5.963147030814531
284	holistic	60	2	2	1.2194052319407964	4.860412568287835
284	conventional	60	5	5	1.303449626777555	8.368485506060248
285	holistic	60	2	2	1.138405624221021	3.3620048822535793
285	conventional	60	1	1	1.510685928605575	12.216700818810526
286	holistic	60	1	1	1.092397935067736	3.2824202511750222
286	conventional	60	3	3	1.2569848762502536	5.781136261765074
287	holistic	60	1	1	1.069553069679933	3.1118085037675187
287	conventional	60	1	1	1.1289628713163458	3.5942448365163835
288	holistic	60	1	1	1.0496968115698069	2.956360603782247
288	conventional	60	2	2	1.4106149529080279	13.440698174287233
289	holistic	60	5	5	1.0288906951764918	2.906169143008675
289	conventional	60	4	4	1.3094134439233054	9.440265357769645
290	holistic	60	1	1	1.0139011522401222	3.337897899246691
290	conventional	60	1	1	1.183385697807205	6.101384720604185
291	holistic	60	4	4	0.9706848392920834	3.7763809387531633
291	conventional	60	4	4	1.1713457180448894	7.185564126358239
292	holistic	60	4	4	0.8975987703228494	3.6199353821943787
292	conventional	60	4	4	1.1463244164519881	5.635913409507408
293	holistic	60	3	3	0.8623365878398188	3.8596722109503876
293	conventional	60	3	3	1.1549903339638228	6.60272791817679
294	holistic	60	1	1	0.9026492251934894	3.71128859025738
294	conventional	60	4	4	1.5536312788074018	11.696712213006084
295	holistic	60	5	5	0.9156038794197676	3.573913917617002
295	conventional	60	4	4	1.2211504647497164	5.677837008447438
296	holistic	60	2	2	0.9798320097095032	3.549085391077128
296	conventional	60	3	3	1.3223767992005193	5.527800500058475
297	holistic	60	2	2	0.926439906627605	3.4255325851070704
297	conventional	60	3	3	1.1646116364164876	4.735824113575013
298	holistic	60	4	4	0.9329198188575802	3.3095371909517204
298	conventional	60	0	0	1.4693737542612013	10.309513835613702
299	holistic	60	2	2	0.9628851003266657	3.3577655474540578
299	conventional	60	2	2	1.3804406450327504	7.303941832423562
300	holistic	60	3	3	0.9877313297172491	3.311861909828735
300	conventional	60	1	1	1.3379917009432978	4.641102623322105
301	holistic	60	2	2	0.9780165038412816	3.3576195024931814
301	conventional	60	0	0	1.4685098732021453	8.685430377399978
302	holistic	60	4	4	0.9769242309635722	3.8026052530402406
302	conventional	60	1	1	1.3678964074530007	6.498619446499921
303	holistic	60	1	1	1.1031385027553777	6.8125362851512214
303	conventional	60	1	1	1.4728549996981966	5.402234607334561
304	holistic	60	2	2	1.1367786030381417	6.310298708456505
304	conventional	60	1	1	1.565427707354061	6.451474632834024
305	holistic	60	3	3	1.1897240564430909	7.143842754838509
305	conventional	60	1	1	1.4872879116096238	5.932759633938912
306	holistic	60	0	0	1.2485114465027165	6.800240687926599
306	conventional	60	2	2	1.4667661530047638	5.307904770029661
307	holistic	60	3	3	1.1605369060321222	5.429623936536634
307	conventional	60	1	1	1.435496991207505	4.815661484718601
308	holistic	60	1	1	1.1636217108482063	4.9941623994488635
308	conventional	60	0	0	1.3530497201829828	4.533987184139139
309	holistic	60	1	1	1.1553386659501748	4.3991452989728055
309	conventional	60	1	1	1.3075889446475975	4.381878596372369
310	holistic	60	2	2	1.0913502471331802	4.075915635837886
310	conventional	60	1	1	1.2847170808593782	4.149100669643899
311	holistic	60	6	6	1.0655095270647017	4.2747748220696975
311	conventional	60	3	3	1.3000843045531736	4.5547574796920145
312	holistic	60	0	0	1.1027771224281062	4.132866804992286
312	conventional	60	3	3	1.4563023339836954	6.5618983998025335
313	holistic	60	3	3	1.0803039205055722	3.742750455258388
313	conventional	60	1	1	1.4763342699411015	5.548149071804372
314	holistic	60	2	2	1.0738052914787102	3.667450332296477
314	conventional	60	1	1	1.507087305928387	4.299981713159758
315	holistic	60	5	5	1.053574619126776	3.5094106152552653
315	conventional	60	1	1	1.4637279241315582	3.755094234564851
316	holistic	60	2	2	1.4041084754840691	15.95964227817183
316	conventional	60	0	0	1.3698106174571798	4.032491108712346
317	holistic	60	5	5	1.2185987966662846	7.957388055690499
317	conventional	60	2	2	1.379314878146458	4.0650283494656625
318	holistic	60	1	1	1.2255797662907448	5.291360173399439
318	conventional	60	1	1	1.3085256068190845	3.764610452411017
319	holistic	60	4	4	1.2173713828254193	6.90020611683615
319	conventional	60	4	4	1.297585201910437	3.8176907049977107
320	holistic	60	5	5	1.1794144704976053	6.403060336430318
320	conventional	60	1	1	1.2244778506749445	3.5109329231968442
321	holistic	60	2	2	1.1068335438035681	4.236760302065313
321	conventional	60	6	6	1.2404736901751967	3.5752677670257182
322	holistic	60	0	0	1.0792539387431044	4.902995420556262
322	conventional	60	2	2	1.1246264933419896	3.3188352526458154
323	holistic	60	5	5	1.1353233781222998	7.703282416769838
323	conventional	60	3	3	1.3072337346274616	3.0866237877053115
324	holistic	60	3	3	1.293959875803806	6.5697124106328495
324	conventional	60	2	2	1.2146593815717601	3.1587841822645606
325	holistic	60	4	4	1.2342291744188898	6.188449284510979
325	conventional	60	1	1	1.4417752916093798	9.459906255471145
326	holistic	60	2	2	1.2411564180388648	6.902854909673924
326	conventional	60	5	5	1.2644117856476818	4.469956420753602
327	holistic	60	5	5	1.3222592508935767	7.915151442350607
327	conventional	60	3	3	1.5502480016265636	8.274131006889547
328	holistic	60	2	2	1.243217260795164	5.502973586991681
328	conventional	60	5	5	1.4098476799083421	8.719605482814682
329	holistic	60	2	2	1.4009588050055488	6.580600945256793
329	conventional	60	1	1	1.6745349483175553	5.982853098446819
330	holistic	60	0	0	1.428075842212137	4.919107025882446
330	conventional	60	3	3	1.7864068022965376	8.148626647938677
331	holistic	60	3	3	1.2970391702636015	4.711662816803852
331	conventional	60	2	2	1.619492896730331	6.663457218436337
332	holistic	60	3	3	1.2841806692836255	4.331145152489539
332	conventional	60	4	4	1.7568341862991768	6.2259786942803235
333	holistic	60	3	3	1.3590423898640152	8.85413797898713
333	conventional	60	2	2	1.9315980762187182	10.389871899861848
334	holistic	60	1	1	1.3380150701067148	7.83283305448244
334	conventional	60	4	4	1.7773198063432194	5.007410499298612
335	holistic	60	2	2	1.35851567546763	7.498057317763338
335	conventional	60	1	1	1.8516765708554304	10.22766047127714
336	holistic	60	1	1	1.2889297973563443	5.569744680442947
336	conventional	60	2	2	1.6713928608208026	4.720841273931393
337	holistic	60	1	1	1.2095414571903833	4.420984738936386
337	conventional	60	0	0	1.6223258614809142	3.6475643671028166
338	holistic	60	1	1	1.2179880788502297	3.6526944652822877
338	conventional	60	1	1	1.5354334954690614	3.2683561622448467
339	holistic	60	2	2	1.2035724006403057	3.426438528191027
339	conventional	60	4	4	1.49937818950835	3.9210128952779195
340	holistic	60	1	1	1.248527938252581	3.863329050863524
340	conventional	60	1	1	1.518264570586391	5.4134412824945315
341	holistic	60	4	4	1.1702477587898694	3.467869210706335
341	conventional	60	4	4	1.3746434649222201	3.0484511683232416
342	holistic	60	1	1	1.1837030764213279	3.4024838486639664
342	conventional	60	2	2	1.3249650225489593	3.0593184462567184
343	holistic	60	3	3	1.1850904763300563	3.2623940235634286
343	conventional	60	4	4	1.2473944670468837	2.852798929287122
344	holistic	60	3	3	1.1427481770524304	3.133105936651022
344	conventional	60	5	5	1.205405108167973	2.9981076091957446
345	holistic	60	3	3	1.1853707129863083	3.392156609817695
345	conventional	60	2	2	1.225384680092997	2.964726027197672
346	holistic	60	1	1	1.1483247531545553	3.1523683965347717
346	conventional	60	1	1	1.4397520291562453	3.55157440361448
347	holistic	60	1	1	1.2195771045354795	3.9271309731015753
347	conventional	60	2	2	1.3661415320130068	3.34125975330871
348	holistic	60	5	5	1.1578668599665842	3.135845348203925
348	conventional	60	3	3	1.2466154132659293	2.839435457654657
349	holistic	60	2	2	1.4001690349703928	9.883025593388142
349	conventional	60	2	2	1.3096196962846252	2.8678053065264844
350	holistic	60	1	1	1.3240396363333438	4.863956465846876
350	conventional	60	3	3	1.4286234082822002	3.309827595953664
351	holistic	60	4	4	1.30022129550485	3.893483713150804
351	conventional	60	0	0	1.5116626268411877	4.113543634613454
352	holistic	60	1	1	1.2785263402691043	3.314201281692238
352	conventional	60	2	2	1.4759551768980228	3.4687367807291394
353	holistic	60	2	2	1.2062324159639202	3.2168690254137644
353	conventional	60	3	3	1.5133955780727946	9.373986080963292
354	holistic	60	1	1	1.180212825501736	3.124824239661068
354	conventional	60	2	2	1.501488910963418	9.60719703343931
355	holistic	60	5	5	1.5240229101000413	16.457279229031613
355	conventional	60	4	4	1.5265741705235405	7.423946806325349
356	holistic	60	0	0	1.3853885097949181	10.960474654907273
356	conventional	60	4	4	1.332558902136814	3.6000947075447756
357	holistic	60	3	3	1.3205634497728618	8.219313138617231
357	conventional	60	3	3	1.3853611949102687	4.452955882119793
358	holistic	60	4	4	1.2814843314572568	6.972312658748864
358	conventional	60	1	1	1.5299902527324971	4.263087273126344
359	holistic	60	4	4	1.292577952419635	5.806173138663447
359	conventional	60	2	2	1.3180776387788593	3.304418819248652
360	holistic	60	2	2	1.7181298841773054	16.727061998544812
360	conventional	60	3	3	1.4022624124300735	4.405991039522857
361	holistic	60	1	1	1.4841693442892034	8.228499503444727
361	conventional	60	2	2	1.2714950993133287	3.8328272248069086
362	holistic	60	5	5	1.5107287911072391	6.446267264266754
362	conventional	60	3	3	1.4159416429551932	7.714640397173925
363	holistic	60	0	0	1.5723021433630433	8.934226802146105
363	conventional	60	2	2	1.5858665994128296	7.275455887678965
364	holistic	60	0	0	1.494013090139822	6.678500723153034
364	conventional	60	0	0	1.3703431436196019	3.799183399335459
365	holistic	60	5	5	1.3767127360204365	5.529756002469472
365	conventional	60	2	2	1.3555204786003356	4.033739849628958
366	holistic	60	2	2	1.3669761059376218	4.6037769487863995
366	conventional	60	3	3	1.2527669381236761	3.7317332336919837
367	holistic	60	1	1	1.3201871356914174	3.9374689203972046
367	conventional	60	2	2	1.2525984948251838	3.4007764884241314
368	holistic	60	2	2	1.3162201842163308	3.711862043440415
368	conventional	60	0	0	1.3218927763004156	4.4094906614201586
369	holistic	60	3	3	1.28305126415542	3.4560289609099297
369	conventional	60	2	2	1.209631437089732	3.1344451444276142
370	holistic	60	0	0	1.5078819684030416	8.88320643826759
370	conventional	60	1	1	1.1315538002949403	2.899080694481802
371	holistic	60	3	3	1.3595060364150482	4.316504845979553
371	conventional	60	2	2	1.1895518925636526	3.417569749334856
372	holistic	60	1	1	1.354720868292071	4.515629656400853
372	conventional	60	3	3	1.1423260273102902	3.048534288133675
373	holistic	60	3	3	1.491684485524612	12.386834298287125
373	conventional	60	1	1	1.1217558941503543	3.4146007769628675
374	holistic	60	1	1	1.457582895837154	8.89319279325206
374	conventional	60	4	4	1.1423034490370092	2.678394584415803
375	holistic	60	2	2	1.3686779515315557	7.144472956080227
375	conventional	60	0	0	1.2998777821968486	4.462699441078422
376	holistic	60	1	1	1.4515753911342038	8.275379313313792
376	conventional	60	1	1	1.3305227225040446	3.6464800427430846
377	holistic	60	7	7	1.2850194519065137	6.880621371217191
377	conventional	60	1	1	1.3543726422500124	3.7148159514055465
378	holistic	60	2	2	1.2705018458074469	6.02542550749648
378	conventional	60	0	0	1.3122776922526855	3.670508428266868
379	holistic	60	1	1	1.3402598928465832	7.841275611329065
379	conventional	60	3	3	1.307586653162658	2.9692613156288687
380	holistic	60	4	4	1.4093512379976725	5.891048489128773
380	conventional	60	0	0	1.6258256350424425	9.334828569234036
381	holistic	60	3	3	1.400877976808809	6.513242574554648
381	conventional	60	4	4	1.4068112949454112	4.355941701645053
382	holistic	60	1	1	1.4821142799625615	5.224074279263049
382	conventional	60	0	0	1.3715252522003498	3.6362207531856074
383	holistic	60	2	2	1.5015395174230626	6.449904767397895
383	conventional	60	3	3	1.3106648945681079	2.777614431351177
384	holistic	60	4	4	1.5071118872466944	4.8453208969312
384	conventional	60	1	1	1.3528546571338105	4.62721050673196
385	holistic	60	3	3	1.4532020799210639	6.356336525871249
385	conventional	60	1	1	1.2449419991429653	2.7944207427071324
386	holistic	60	3	3	1.3885731475546101	6.535083469927201
386	conventional	60	3	3	1.1471753862857512	2.5581245190334134
387	holistic	60	4	4	1.4638986911708254	6.819690375927315
387	conventional	60	4	4	1.0895002491473784	2.349774741838927
388	holistic	60	3	3	1.4999902702287224	6.574320587732718
388	conventional	60	6	6	1.1278822023496828	3.5002481566450396
389	holistic	60	4	4	1.6246114262809546	9.204411888489396
389	conventional	60	1	1	1.3597741064348532	18.451420047348
390	holistic	60	3	3	1.6125700369688623	7.88194175984673
390	conventional	60	2	2	1.31290397717916	8.947766323637367
391	holistic	60	3	3	1.4919022013515992	6.874238294559061
391	conventional	60	3	3	1.1641207515936787	5.784787778636683
392	holistic	60	4	4	1.5392551431904946	6.208746486147485
392	conventional	60	4	4	1.1132110041864132	5.203820234890018
393	holistic	60	3	3	1.465302353736674	6.172025641143556
393	conventional	60	2	2	1.1801075817555082	6.454563270613169
394	holistic	60	3	3	1.5409409112732926	6.330592640844293
394	conventional	60	5	5	1.1198683206187667	3.6218271004979345
395	holistic	60	1	1	1.5938103965483827	5.789014789438873
395	conventional	60	1	1	1.0536028490134441	3.469165010318156
396	holistic	60	1	1	1.581207078992233	5.493071624280592
396	conventional	60	6	6	0.9873163396667051	2.7052605299098866
397	holistic	60	3	3	1.4717251267992943	5.100709365403406
397	conventional	60	3	3	0.9864508278181028	3.2329466962083897
398	holistic	60	2	2	1.607163530209959	5.151411180193546
398	conventional	60	2	2	1.0034121804182303	3.154873636644713
399	holistic	60	1	1	1.6722151915001016	5.135257155051994
399	conventional	60	3	3	1.0988951208327777	3.2635424706639022
400	holistic	60	0	0	1.6938397356131196	4.826323038539433
400	conventional	60	2	2	1.0372275872957504	3.0378505729732965
401	holistic	60	1	1	1.699480536296484	4.554455092761682
401	conventional	60	1	1	1.144002085600291	5.537883490391855
402	holistic	60	1	1	1.6383897300475527	4.73133289708536
402	conventional	60	3	3	1.3448937624971629	15.769628493085204
403	holistic	60	1	1	1.57261020965313	4.473056252625441
403	conventional	60	3	3	1.0940648947032103	7.780978939862104
404	holistic	60	2	2	1.7880022660371744	12.88551600196655
404	conventional	60	6	6	1.102658791775447	5.063962943415066
405	holistic	60	1	1	1.7294485460193474	6.379323772192428
405	conventional	60	3	3	1.1604955384019733	4.004969018425383
406	holistic	60	1	1	1.6696299975365585	4.74942189754097
406	conventional	60	3	3	1.207620549518086	3.3407697370266503
407	holistic	60	1	1	1.726925745476718	7.379023002569241
407	conventional	60	1	1	1.5632699562908983	9.268852198709208
408	holistic	60	4	4	1.6198843866189836	6.080820931430603
408	conventional	60	2	2	1.291477783730559	4.39859426700062
409	holistic	60	1	1	1.7932727353672948	5.922578146027172
409	conventional	60	4	4	1.1766521377451185	3.3367726241517564
410	holistic	60	0	0	1.8753136651574995	4.309998905461491
410	conventional	60	3	3	1.4745413369437619	6.372318553046696
411	holistic	60	0	0	1.8433044495724469	4.34458283125093
411	conventional	60	0	0	1.4926667015482424	6.290670878306479
412	holistic	60	1	1	1.8005355181270981	4.05139342639161
412	conventional	60	2	2	1.5658072933446918	9.78740911930511
413	holistic	60	1	1	1.7695448799694204	4.08025674598304
413	conventional	60	3	3	1.4010196439988074	6.621271610583772
414	holistic	60	0	0	1.7749145596799873	4.140085210238509
414	conventional	60	1	1	1.4061241982312331	5.2536300424539775
415	holistic	60	1	1	1.8024582190878817	4.005664952829695
415	conventional	60	4	4	1.2003345187192545	4.530609491646332
416	holistic	60	0	0	1.7923922896508124	4.081331168407716
416	conventional	60	5	5	1.2091477021934913	4.452883880305885
417	holistic	60	1	1	1.7577301390474311	4.006235223783748
417	conventional	60	4	4	1.133194224081396	4.210095935932097
418	holistic	60	3	3	1.7398552016378532	4.221685898363525
418	conventional	60	2	2	1.1586201103962634	3.8696486725107606
419	holistic	60	5	5	1.5488412633666182	4.131207968001308
419	conventional	60	1	1	1.1172167752520077	3.57464935457577
420	holistic	60	2	2	1.6464156769090361	6.836412494576882
420	conventional	60	4	4	1.2265627657194922	3.693628534162734
421	holistic	60	1	1	1.7141569196040645	10.356155481900746
421	conventional	60	2	2	1.3042464878230031	6.419445899451682
422	holistic	60	3	3	1.5802648037406974	6.835146066311121
422	conventional	60	6	6	1.1188199015872755	3.23873078400125
423	holistic	60	3	3	1.5570809090188076	5.099803018505238
423	conventional	60	1	1	1.1316852963958381	3.0392354570959825
424	holistic	60	1	1	1.716543621586707	7.826561060445442
424	conventional	60	3	3	1.0846180680551094	3.2597073330421127
425	holistic	60	4	4	1.572064238448413	4.308368348406401
425	conventional	60	2	2	1.1894239854006905	6.238085133336396
426	holistic	60	1	1	1.9569856049894472	15.958131164247893
426	conventional	60	3	3	1.3054082675007381	13.49624660526483
427	holistic	60	3	3	1.8980465187595776	10.93768489455981
427	conventional	60	2	2	1.2674626830450675	6.390351643844374
428	holistic	60	1	1	2.026268832001739	10.624234751434539
428	conventional	60	2	2	1.233579797497186	5.065495185820596
429	holistic	60	2	2	1.8264948358780464	7.114170479303139
429	conventional	60	3	3	1.0990694471326374	3.6680252584694064
430	holistic	60	2	2	1.7548456585105645	5.681993456810173
430	conventional	60	2	2	1.068053713994842	2.7787044862770336
431	holistic	60	1	1	1.747533749867147	5.854059854242811
431	conventional	60	2	2	1.0585702472166887	2.332674470607858
432	holistic	60	1	1	1.7087905030995933	4.6196961923411894
432	conventional	60	4	4	1.091916273677455	5.373622360832221
433	holistic	60	2	2	1.677736693746415	4.264887358387026
433	conventional	60	2	2	1.1928141103345586	5.52081262685533
434	holistic	60	1	1	1.6536235098628385	4.115762971727303
434	conventional	60	5	5	1.1655243380220877	6.503319755137054
435	holistic	60	1	1	1.5902764292254643	4.053281010090054
435	conventional	60	0	0	1.1755880477529699	3.497022287120807
436	holistic	60	1	1	1.563746381059837	3.9734966156840237
436	conventional	60	0	0	1.1564400473778709	2.830844038748825
437	holistic	60	2	2	1.6335662072846397	3.8973875023563207
437	conventional	60	1	1	1.2253923979385666	2.9949464352526967
438	holistic	60	1	1	1.6142522946645705	3.8240581220491365
438	conventional	60	1	1	1.1436111463505607	2.699092062324572
439	holistic	60	1	1	1.567502923350971	3.7737044057821922
439	conventional	60	2	2	1.1335424354677803	4.498040796875198
440	holistic	60	2	2	1.5657749025666432	3.703406844974291
440	conventional	60	3	3	1.1594418307159133	4.069073897387383
441	holistic	60	3	3	1.537919947715325	3.686012621309511
441	conventional	60	1	1	1.112109958758326	3.586134242352744
442	holistic	60	1	1	2.032544289827181	19.80870135343462
442	conventional	60	3	3	1.244300659381025	3.8265002814123505
443	holistic	60	2	2	1.7564016756432423	11.306644467826228
443	conventional	60	1	1	1.3517863344113297	3.633853343168738
444	holistic	60	3	3	1.6742660634040456	8.475551301168869
444	conventional	60	2	2	1.279860409076263	3.307999086574577
445	holistic	60	0	0	1.7784897264857693	6.301372508268694
445	conventional	60	1	1	1.2689185206397127	3.407227186508335
446	holistic	60	0	0	1.8365433502695003	8.24860039714983
446	conventional	60	2	2	1.288806735085188	3.4894236863332555
447	holistic	60	3	3	1.835427140881953	7.64088623399397
447	conventional	60	2	2	1.4372318286997998	4.347067731199611
448	holistic	60	2	2	1.7853319254954811	6.663147204662492
448	conventional	60	3	3	1.4676978136456298	10.200669034551701
449	holistic	60	3	3	1.693035298130858	6.873871661227689
449	conventional	60	2	2	1.3071882255200282	5.706144132442798
450	holistic	60	1	1	1.6610273302170422	6.035530481936927
450	conventional	60	4	4	1.2116432491083773	3.538861648422042
451	holistic	60	4	4	1.7140947493826593	6.578184348293574
451	conventional	60	1	1	1.1007041561584097	2.4541603758646535
452	holistic	60	4	4	1.6301174684738307	5.747444202441691
452	conventional	60	3	3	1.119028224674614	2.2812268910249807
453	holistic	60	2	2	1.764112123408832	9.959352352111358
453	conventional	60	1	1	1.2275829756254417	2.552778406224013
454	holistic	60	1	1	1.9226313881887478	7.264473694577571
454	conventional	60	1	1	1.3809624489855155	7.388550285216681
455	holistic	60	2	2	1.7542016293609934	6.733446737742743
455	conventional	60	1	1	1.1955845916752699	3.442613161343229
456	holistic	60	1	1	1.7464804654248418	6.268171474310842
456	conventional	60	4	4	1.0765482451099058	2.555219162655938
457	holistic	60	4	4	1.7094817569096497	5.863640923245878
457	conventional	60	1	1	1.0954564273681329	2.823638339917123
458	holistic	60	4	4	1.6568962161916265	5.5089595940763205
458	conventional	60	4	4	1.2908992549290044	8.50961513538902
459	holistic	60	3	3	1.6704838432515567	5.356796765245075
459	conventional	60	2	2	1.1355965626597775	4.510551254293456
460	holistic	60	0	0	1.9287302504265151	7.441084458115108
460	conventional	60	4	4	1.2022676244791826	3.5103436052551786
461	holistic	60	1	1	1.8284105309466716	6.259317918227172
461	conventional	60	2	2	1.6014947310441483	18.26104855126436
462	holistic	60	2	2	1.7396121922592633	5.4235634148207446
462	conventional	60	1	1	1.4262582682669267	10.767074788391202
463	holistic	60	2	2	1.8146155698857407	7.34052999940447
463	conventional	60	1	1	1.3504209117481012	6.934802166061392
464	holistic	60	0	0	1.8746106994091487	7.066158672167044
464	conventional	60	5	5	1.1993796926640563	7.016372603287712
465	holistic	60	2	2	1.7481718181601955	6.724152821299859
465	conventional	60	2	2	1.1092045251895846	5.46653997871408
466	holistic	60	2	2	1.6608262814147448	6.459610058673488
466	conventional	60	5	5	1.0569241931802653	4.438630383772373
467	holistic	60	1	1	1.6121295057712373	6.172132686752664
467	conventional	60	4	4	1.0365267405237548	3.7047209791196534
468	holistic	60	5	5	1.564600543052139	5.992581784397589
468	conventional	60	3	3	1.1953488951901012	7.525914100330121
469	holistic	60	4	4	1.6916713698530799	7.903075047381693
469	conventional	60	2	2	1.1093434397089603	4.024521258168749
470	holistic	60	0	0	1.6623854239997187	5.598092623790931
470	conventional	60	5	5	0.9912095752707567	2.781008617395385
471	holistic	60	1	1	1.7050714008670123	5.386310268875662
471	conventional	60	2	2	1.4227739559356953	10.774404343733314
472	holistic	60	2	2	1.6626944562612693	5.912793441335687
472	conventional	60	4	4	1.5788040579385831	9.391808938515222
473	holistic	60	2	2	1.722763411386232	5.31206059944115
473	conventional	60	2	2	1.4653973339944462	7.025984375372917
474	holistic	60	0	0	1.6078898277331826	5.009114677730122
474	conventional	60	2	2	1.4424054824208932	5.950758696069532
475	holistic	60	2	2	1.5431052907098965	4.776987454392524
475	conventional	60	4	4	1.3017851408007248	5.272471319364019
476	holistic	60	1	1	1.4950461713416283	4.62204540067739
476	conventional	60	5	5	1.1736323461367884	4.85578112500385
477	holistic	60	3	3	1.4462604626039075	4.632530395056625
477	conventional	60	4	4	1.0968314862724757	4.322698362123113
478	holistic	60	2	2	1.492857544510427	4.4827332861543026
478	conventional	60	5	5	1.0736540110647526	3.886352705885549
479	holistic	60	4	4	1.3845097189998694	4.379451429471869
479	conventional	60	2	2	1.0114485424488109	3.5236015513912533
480	holistic	60	4	4	1.46317970892327	4.310293278746942
480	conventional	60	6	6	0.9401014184704704	3.2159284066654044
481	holistic	60	1	1	1.7784286835085639	7.884019739092846
481	conventional	60	5	5	1.1770943598043266	5.565727074970789
482	holistic	60	1	1	1.7500494474012307	6.8294010875598365
482	conventional	60	2	2	1.1562926992563918	3.3210925631087966
483	holistic	60	2	2	1.7333415688962934	6.894041671677972
483	conventional	60	2	2	1.3077859141276826	7.265612257801253
484	holistic	60	1	1	1.6592010863490427	4.387589951157822
484	conventional	60	2	2	1.1314830856615583	3.2742820208502468
485	holistic	60	3	3	1.5946709625277504	7.946181915265448
485	conventional	60	0	0	1.2768186031133055	6.283175958778638
486	holistic	60	1	1	1.7489061454372243	10.45411733161184
486	conventional	60	4	4	1.1964185541561403	4.489637219058229
487	holistic	60	3	3	2.031084654390256	15.994461043031544
487	conventional	60	2	2	1.3116780820955138	3.6969441319759078
488	holistic	60	1	1	1.95460134517875	10.661324719550235
488	conventional	60	4	4	1.2743782112292577	4.615327805340551
489	holistic	60	1	1	1.9165456642069605	9.994627512441753
489	conventional	60	4	4	1.3101314911227684	6.4067432345770445
490	holistic	60	2	2	1.7961697000138814	7.995099198257355
490	conventional	60	7	7	1.2227572323095879	4.090562862630858
491	holistic	60	2	2	1.7249072769186315	7.0817564499231
491	conventional	60	3	3	1.3520762649395057	7.288557101436151
492	holistic	60	1	1	1.663304356509967	6.189435677325244
492	conventional	60	7	7	1.34446562805652	6.286889342553565
493	holistic	60	2	2	1.6579810347101664	5.493557923013627
493	conventional	60	3	3	1.4753701421801202	6.95777974187784
494	holistic	60	2	2	1.694650756809274	4.939164298916195
494	conventional	60	5	5	1.3903378203156336	5.044373374620324
495	holistic	60	1	1	1.7577310879534764	6.59925814465467
495	conventional	60	1	1	1.3690571675471075	4.296558094560774
496	holistic	60	1	1	1.8678962342736047	6.1080456710727065
496	conventional	60	0	0	1.515779308880963	6.298347865744936
497	holistic	60	2	2	2.001501438630431	6.550300314357683
497	conventional	60	2	2	1.4381908197301843	5.3106569008410185
498	holistic	60	0	0	1.9322982417044723	5.890218966875153
498	conventional	60	4	4	1.4943592219135946	6.25348654468577
499	holistic	60	1	1	1.8108759241207966	5.350494854141262
499	conventional	60	3	3	1.5477650029513748	7.268716953731115
500	holistic	60	2	2	1.7665191022370474	5.062030686212571
500	conventional	60	5	5	1.447967970633414	6.603996608531575
501	holistic	60	5	5	1.6517181830436083	4.7591005744730746
501	conventional	60	3	3	1.53998914716028	8.962525642310599
502	holistic	60	2	2	1.861622343077143	5.964663758290566
502	conventional	60	2	2	1.4941394225697806	6.876966794897584
503	holistic	60	3	3	1.7147450205918444	5.4611594512638275
503	conventional	60	2	2	1.4646345047957356	5.613915037539967
504	holistic	60	2	2	1.6688915612232431	5.185646088999367
504	conventional	60	1	1	1.4136605881045672	4.993051608826405
505	holistic	60	0	0	1.9674026361499724	10.959611910801383
505	conventional	60	2	2	1.654048588418273	5.283036324295063
506	holistic	60	2	2	1.8764228649075407	7.931838876681767
506	conventional	60	2	2	1.634903656452852	6.289677211308453
507	holistic	60	2	2	1.7641740660698024	5.27397687936825
507	conventional	60	1	1	1.5679877226097205	5.688727918524846
508	holistic	60	1	1	1.7730036938673757	4.601571136799986
508	conventional	60	1	1	1.520339204902537	5.457794882230648
509	holistic	60	1	1	1.6936444040633831	4.416526497987547
509	conventional	60	2	2	1.5092399720121383	4.784930019186887
510	holistic	60	4	4	1.6887064384971757	4.588577085888664
510	conventional	60	3	3	1.3841077187318738	4.421924186665924
511	holistic	60	3	3	1.5773814370304768	4.564602354678594
511	conventional	60	4	4	1.6601215197146686	6.325228759813398
512	holistic	60	5	5	1.633151034381966	5.8656336687694575
512	conventional	60	3	3	1.4613011592694856	5.004925658893189
513	holistic	60	1	1	1.617583875002725	4.244486530637999
513	conventional	60	2	2	1.4161087313615617	4.491087236832848
514	holistic	60	3	3	1.5513431578008297	4.101094329247481
514	conventional	60	1	1	1.6054749442563958	11.514693420519658
515	holistic	60	3	3	1.5475041462516295	4.4537003155257375
515	conventional	60	2	2	1.4398068608681538	5.519232242392691
516	holistic	60	3	3	1.4755397766725957	3.966251997981127
516	conventional	60	1	1	1.3937821006298903	4.237356316990893
517	holistic	60	4	4	1.507027851835249	6.928548492239673
517	conventional	60	4	4	1.3293577107180254	3.299437603586638
518	holistic	60	5	5	1.720060218650032	18.860574938841292
518	conventional	60	3	3	1.2444437169367184	4.243967451789503
519	holistic	60	2	2	1.7694881226060262	9.350765777667984
519	conventional	60	3	3	1.3424243125812019	4.718578694087267
520	holistic	60	1	1	1.6908392997551287	6.1906132430039085
520	conventional	60	3	3	1.255183894043617	4.300165784510713
521	holistic	60	2	2	1.603892335456774	4.609775351009716
521	conventional	60	6	6	1.1930736573691871	3.8667785260529457
522	holistic	60	1	1	1.688279840619031	4.66300809000019
522	conventional	60	3	3	1.2729718545788427	3.670346094972713
523	holistic	60	3	3	1.6516599234123732	5.990770596649419
523	conventional	60	1	1	1.2365788356579357	3.390308276780695
524	holistic	60	0	0	1.7477842879281376	7.824182265990971
524	conventional	60	3	3	1.197068209698099	3.725767249963531
525	holistic	60	0	0	1.7761589081639464	6.99044027645285
525	conventional	60	4	4	1.2888335294325306	8.42009993921482
526	holistic	60	3	3	1.7458644640115777	6.115543880141225
526	conventional	60	3	3	1.2265539346205854	3.923899056492723
527	holistic	60	1	1	1.7299486352622186	5.545904690337319
527	conventional	60	5	5	1.1470095047422093	2.7899075435767653
528	holistic	60	3	3	1.8139194470881388	6.490467536206408
528	conventional	60	2	2	1.4375290864911814	5.956513943557687
529	holistic	60	2	2	1.7214800672826394	5.8995449054478195
529	conventional	60	1	1	1.5933029047572602	9.212630723317858
530	holistic	60	2	2	1.8580200873619654	5.407150212143833
530	conventional	60	2	2	1.4416238635116387	6.722266016313721
531	holistic	60	0	0	1.8827274756904677	8.210540824468582
531	conventional	60	2	2	1.4185543999789119	4.431402196668775
532	holistic	60	1	1	1.8548232792682862	5.473693882979055
532	conventional	60	5	5	1.2377395033456768	3.450471481828898
533	holistic	60	0	0	1.9989673425135934	8.284027962216921
533	conventional	60	1	1	1.7001951738864354	11.305510346359341
534	holistic	60	0	0	1.901480789181942	6.5724292893915175
534	conventional	60	2	2	1.4738880273345847	5.276952409124216
535	holistic	60	0	0	1.822936145747557	5.477024407826264
535	conventional	60	1	1	1.3566154381362117	3.6249739598555775
536	holistic	60	0	0	1.8161411878680296	4.654391427677143
536	conventional	60	1	1	1.3512543343685308	4.525651339331477
537	holistic	60	3	3	1.7507902996576035	4.912259677351941
537	conventional	60	0	0	1.409515304356358	3.5309893290879164
538	holistic	60	1	1	1.7413155846931134	5.1121719732066415
538	conventional	60	2	2	1.3248771636083814	2.5362949062902516
539	holistic	60	3	3	1.6804699542598045	4.9735526286750815
539	conventional	60	1	1	1.4100697482504938	5.194939046944679
540	holistic	60	3	3	1.6672336801611776	5.132268935927087
540	conventional	60	3	3	1.3593063273426096	3.780240812318592
541	holistic	60	2	2	1.5829461378524832	5.180771156529748
541	conventional	60	5	5	1.2421689739330433	2.9315152532522455
542	holistic	60	2	2	1.5359646356769439	4.837144967943293
542	conventional	60	4	4	1.301382107530759	7.457521317688393
543	holistic	60	0	0	1.5738981468904607	4.472165617957223
543	conventional	60	6	6	1.2032711427449831	4.948071382414507
544	holistic	60	3	3	1.5098723557732312	4.288393351945629
544	conventional	60	3	3	1.1700414739965692	3.05700656992556
545	holistic	60	1	1	1.451917591589356	4.2520322387787335
545	conventional	60	2	2	1.1363080132278476	2.5327611261050564
546	holistic	60	2	2	1.445892625823748	3.9846967024669926
546	conventional	60	3	3	1.3523762133425903	6.300961010889241
547	holistic	60	2	2	1.3946146689998693	3.82918435974631
547	conventional	60	0	0	1.407864100357637	4.257429380640689
548	holistic	60	1	1	1.3325930598301667	3.70160066655376
548	conventional	60	1	1	1.298357630859187	3.314077722851806
549	holistic	60	1	1	1.500283243837504	3.949293077235973
549	conventional	60	2	2	1.244894614413552	2.68820684685134
550	holistic	60	1	1	1.5905867651722876	6.72924365777328
550	conventional	60	4	4	1.1643820964347287	2.340625099438109
551	holistic	60	2	2	1.5318836137334082	3.6120217093836677
551	conventional	60	1	1	1.2564007689720762	2.5974524273971666
552	holistic	60	2	2	1.4545225397972181	3.7857682626039635
552	conventional	60	6	6	1.0982504468866192	2.247932555422455
553	holistic	60	2	2	1.578963635719088	6.419402453577998
553	conventional	60	0	0	1.68044710458609	11.499811023054974
554	holistic	60	1	1	1.6094196980758335	7.248566324357422
554	conventional	60	1	1	1.4223142649371316	10.967955660341605
555	holistic	60	4	4	1.4806327469585479	5.4130734768873925
555	conventional	60	4	4	1.3896686688184519	7.157255471607367
556	holistic	60	1	1	1.427676680854566	4.908305234676935
556	conventional	60	2	2	1.3709099613802027	5.254862405168684
557	holistic	60	0	0	1.5198734081388825	4.06530079735105
557	conventional	60	2	2	1.5591231271557242	8.465935529714452
558	holistic	60	0	0	1.5189310191877679	3.8070724002968155
558	conventional	60	1	1	1.5079149681754849	6.953059729872813
559	holistic	60	2	2	1.4755264677762763	3.6009548981269472
559	conventional	60	4	4	1.5455743696618498	6.465303131527032
560	holistic	60	1	1	1.4818594331927828	3.436154390443048
560	conventional	60	2	2	1.443042511712917	4.728432907513135
561	holistic	60	4	4	1.3478315206435207	3.341089417213414
561	conventional	60	2	2	1.3447821456654585	3.6886639653589435
562	holistic	60	1	1	1.4460168945839438	4.95775143293375
562	conventional	60	4	4	1.201335440745272	2.9871832621837413
563	holistic	60	3	3	1.451793462199273	4.461255649249296
563	conventional	60	4	4	1.2714569213327611	4.478987836413777
564	holistic	60	1	1	1.323417334343764	4.01362276138998
564	conventional	60	1	1	1.3438844153502987	3.262626396913717
565	holistic	60	2	2	1.3028506858168063	3.989591435565277
565	conventional	60	2	2	1.285017679786684	3.057760642460277
566	holistic	60	1	1	1.3001099549367827	3.946167273105574
566	conventional	60	3	3	1.146981122613704	2.7292625250109093
567	holistic	60	0	0	1.3993722496521241	3.924640427193708
567	conventional	60	1	1	1.1888670228241838	2.5553268401358076
568	holistic	60	0	0	1.3813620555080397	3.943390449549029
568	conventional	60	2	2	1.1648712803365568	2.330208006572599
569	holistic	60	3	3	1.3622214337668355	4.018704672997943
569	conventional	60	3	3	1.0767207061961719	2.650368724310127
570	holistic	60	2	2	1.3049675381767452	3.9966384989256847
570	conventional	60	6	6	0.9759805048794893	2.2922011631973627
571	holistic	60	1	1	1.760307181851079	22.93474229319713
571	conventional	60	2	2	0.9668905115489452	2.1992628344119876
572	holistic	60	2	2	1.7509125031827404	12.87666379068471
572	conventional	60	5	5	1.093184114201343	3.3959018307816238
573	holistic	60	2	2	1.5661173000222228	7.60172160145432
573	conventional	60	5	5	1.025617901761423	3.1464970856712764
574	holistic	60	0	0	1.7434281668194322	14.209649203391308
574	conventional	60	2	2	1.3901902272978826	10.201446887950993
575	holistic	60	1	1	1.7346584851025395	11.381699508091542
575	conventional	60	1	1	1.3036536489910686	6.715518558603271
576	holistic	60	2	2	1.6521892236292977	9.083175948910059
576	conventional	60	1	1	1.2456512688183816	4.226873716654804
577	holistic	60	5	5	1.4645660603905817	9.381989641197606
577	conventional	60	2	2	1.1722602219605123	2.974348144910022
578	holistic	60	3	3	1.3310857739174766	8.175178585424543
578	conventional	60	2	2	1.221264576071922	2.959542767191808
579	holistic	60	2	2	1.274435829551758	8.386661535809388
579	conventional	60	0	0	1.1542386346915205	2.640415293631019
580	holistic	60	1	1	1.4088167540690517	8.108217831388897
580	conventional	60	4	4	1.2022020651371472	3.3499390054499054
581	holistic	60	4	4	1.4449072508954006	7.9874657910739915
581	conventional	60	2	2	1.1756656123240126	4.4105094923176384
582	holistic	60	1	1	1.3793297388157375	7.8853661915058435
582	conventional	60	1	1	1.2470368216530912	4.451708467117632
583	holistic	60	3	3	1.357623209900517	7.885337637132783
583	conventional	60	0	0	1.3430662965135363	5.793441321618242
584	holistic	60	1	1	1.504127002216888	10.971001975619838
584	conventional	60	3	3	1.2096545384025648	4.194462241217389
585	holistic	60	2	2	1.503407910413246	6.9573750190924315
585	conventional	60	1	1	1.262789397654	8.430727220607857
586	holistic	60	4	4	1.4148179921641761	7.55014319926928
586	conventional	60	3	3	1.0925086963512791	3.9169845478856593
587	holistic	60	1	1	1.3379272341350898	7.134952597689444
587	conventional	60	4	4	0.9547756246241008	2.568573026742876
588	holistic	60	2	2	1.4080155617817038	6.827059777625825
588	conventional	60	4	4	1.0637666460478503	8.276082899780846
589	holistic	60	2	2	1.5473840841724058	6.441215210977654
589	conventional	60	4	4	1.0535522630264358	4.276950069500522
590	holistic	60	2	2	2.892528201141421	63.977027883892305
590	conventional	60	2	2	0.9574401687550904	3.3184366717226985
591	holistic	60	0	0	2.494264730777415	47.977040808218455
591	conventional	60	4	4	0.933196407542498	2.3347787237899476
592	holistic	60	0	0	2.290119608452085	38.976626882393944
592	conventional	60	4	4	1.0518115035775584	3.3230119639025673
593	holistic	60	1	1	2.1141336990016493	32.47646446744657
593	conventional	60	4	4	1.1998927951038274	7.341571032609955
594	holistic	60	1	1	2.08261601383767	27.834806525180703
594	conventional	60	0	0	1.3086667249440924	4.313820917702742
595	holistic	60	0	0	1.9582875000946343	24.4776527121998
595	conventional	60	1	1	1.2639306378186823	4.311878052030642
596	holistic	60	0	0	1.8934593796565524	21.866251038400655
596	conventional	60	4	4	1.1776347289607194	3.3266903769418232
597	holistic	60	2	2	1.8104373603872805	19.67739093943302
597	conventional	60	2	2	1.3772281383272877	13.29371769197861
598	holistic	60	0	0	1.8992669932713078	18.523558947087412
598	conventional	60	3	3	1.3734694722299738	6.304571307629088
599	holistic	60	3	3	1.756306118634015	16.977549002859465
599	conventional	60	0	0	1.1874645791623981	3.9770960556208617
