season	population	alive	energy_head	ran	starved	aged	net_survivors	net_all_ub	food	work
0	holistic	60	2.7339	59	0	0	0.0302	0.0302	0.0678	0.0376
0	conventional	60	2.7545	59	0	0	0.0512	0.0512	0.6441	0.5929
1	holistic	60	2.6207	60	0	0	0.1369	0.1369	0.1667	0.0298
1	conventional	60	2.7565	59	0	1	0.2888	0.2888	0.8814	0.5926
2	holistic	60	2.3464	59	0	1	0.0134	0.0134	0.0508	0.0375
2	conventional	60	2.7069	56	4	0	0.2514	0.2004	0.8214	0.5700
3	holistic	60	2.1047	59	0	1	0.0400	0.0400	0.0678	0.0278
3	conventional	60	2.7210	57	3	0	0.2910	0.2642	0.8596	0.5686
4	holistic	60	1.9480	58	1	1	0.1268	0.1246	0.1552	0.0284
4	conventional	60	2.9574	55	5	0	0.5460	0.4864	1.1091	0.5631
5	holistic	60	1.6054	57	0	3	-0.0050	-0.0050	0.0175	0.0225
5	conventional	60	2.9398	54	5	1	0.3063	0.2717	0.8889	0.5826
6	holistic	60	1.3431	57	2	1	0.0108	0.0087	0.0351	0.0243
6	conventional	60	2.8672	54	5	1	0.2306	0.1895	0.7963	0.5657
7	holistic	60	1.1501	57	2	1	0.0750	0.0737	0.1053	0.0303
7	conventional	60	3.0706	51	8	1	0.6338	0.5351	1.2157	0.5819
8	holistic	60	1.0214	55	3	2	0.1588	0.1514	0.2000	0.0412
8	conventional	60	3.3532	50	9	1	0.7972	0.6178	1.3600	0.5628
9	holistic	57	0.8679	54	5	1	0.1078	0.1010	0.1481	0.0404
9	conventional	60	3.8360	57	1	2	0.7853	0.7668	1.3684	0.5831
10	holistic	54	0.8673	52	4	1	0.2374	0.2113	0.2692	0.0319
10	conventional	60	4.0659	52	7	1	0.6622	0.5833	1.2308	0.5686
11	holistic	22	1.5498	22	32	0	0.0116	0.0141	0.0909	0.0793
11	conventional	60	4.0892	57	3	0	0.3131	0.2733	0.8772	0.5640
12	holistic	22	1.6892	19	3	0	0.4440	0.3894	0.5263	0.0823
12	conventional	60	4.8091	56	3	1	1.1042	1.0278	1.6607	0.5565
13	holistic	22	1.5824	20	2	0	0.1568	0.1433	0.2500	0.0932
13	conventional	60	5.0424	58	1	1	0.6139	0.6002	1.1724	0.5585
14	holistic	24	1.3341	22	0	0	0.1229	0.1229	0.2273	0.1044
14	conventional	60	5.2846	56	4	0	0.5223	0.4921	1.0714	0.5491
15	holistic	26	1.4188	22	2	0	0.4959	0.4530	0.5909	0.0950
15	conventional	60	5.6547	57	2	1	0.7541	0.7271	1.3158	0.5617
16	holistic	27	1.5273	23	3	0	0.4638	0.4173	0.5652	0.1014
16	conventional	60	5.8558	57	3	0	0.4865	0.4511	1.0351	0.5485
17	holistic	29	1.4840	25	2	0	0.3344	0.3166	0.4400	0.1056
17	conventional	60	6.2965	56	4	0	0.7452	0.6907	1.2857	0.5406
18	holistic	30	1.3637	26	2	1	0.2424	0.2268	0.3462	0.1038
18	conventional	60	6.1733	56	2	2	0.6063	0.5850	1.1429	0.5365
19	holistic	28	1.3781	26	4	0	0.2028	0.1726	0.3077	0.1049
19	conventional	60	6.0782	56	4	0	0.1945	0.1549	0.7321	0.5377
20	holistic	27	1.3246	25	3	0	0.1574	0.1492	0.2800	0.1226
20	conventional	60	6.1330	56	4	0	0.3378	0.3047	0.8571	0.5194
21	holistic	24	1.6178	22	5	0	0.4394	0.3634	0.5909	0.1515
21	conventional	60	6.7507	57	3	0	0.9357	0.8677	1.4561	0.5204
22	holistic	25	1.6003	22	2	0	0.3287	0.2992	0.5000	0.1713
22	conventional	60	7.0095	56	4	0	0.5496	0.5088	1.0714	0.5219
23	holistic	27	1.7201	23	2	0	0.5625	0.5074	0.7391	0.1766
23	conventional	60	7.2551	58	2	0	0.5201	0.4956	1.0345	0.5144
24	holistic	30	1.7997	26	1	0	0.5476	0.5296	0.6923	0.1447
24	conventional	60	8.2817	59	1	0	1.3005	1.2766	1.8305	0.5301
25	holistic	40	1.7043	29	1	0	0.7475	0.7227	0.8966	0.1490
25	conventional	60	7.9789	57	2	1	0.3465	0.3360	0.8596	0.5131
26	holistic	45	1.4955	40	0	0	0.2281	0.2281	0.3750	0.1469
26	conventional	60	8.2523	59	1	0	0.5357	0.5234	1.0508	0.5152
27	holistic	51	1.5263	40	5	0	0.5496	0.4843	0.7000	0.1504
27	conventional	60	8.9489	58	2	0	0.9965	0.9467	1.5000	0.5035
28	holistic	57	1.4876	46	5	0	0.4287	0.3863	0.5870	0.1582
28	conventional	60	8.9635	59	1	0	0.2694	0.2646	0.7797	0.5102
29	holistic	59	1.4302	52	5	0	0.2648	0.2428	0.4423	0.1775
29	conventional	60	9.2838	56	4	0	0.6399	0.5703	1.1607	0.5208
30	holistic	60	1.6806	52	7	0	0.5913	0.5289	0.7500	0.1587
30	conventional	60	9.6262	60	0	0	0.5924	0.5924	1.1000	0.5076
31	holistic	60	2.2463	57	3	0	0.8554	0.8157	1.0175	0.1622
31	conventional	60	10.2862	58	2	0	0.9449	0.9100	1.4655	0.5206
32	holistic	60	2.6172	55	5	0	0.6815	0.6209	0.8545	0.1730
32	conventional	60	10.5571	58	2	0	0.5520	0.5209	1.0690	0.5169
33	holistic	60	2.9810	57	3	0	0.6435	0.6138	0.8246	0.1810
33	conventional	60	11.0163	59	1	0	0.7230	0.7093	1.2373	0.5143
34	holistic	60	3.1589	56	4	0	0.4593	0.4278	0.6429	0.1836
34	conventional	60	10.8969	58	1	1	0.2580	0.2523	0.7759	0.5178
35	holistic	60	3.5267	60	0	0	0.6178	0.6178	0.8000	0.1822
35	conventional	60	10.7618	58	1	1	0.4492	0.4420	0.9655	0.5163
36	holistic	60	4.2980	55	5	0	1.1067	1.0213	1.2909	0.1842
36	conventional	60	11.1172	58	2	0	0.6340	0.6054	1.1552	0.5212
37	holistic	60	4.5527	58	2	0	0.5224	0.5047	0.7069	0.1845
37	conventional	60	11.0797	56	3	1	0.3893	0.3690	0.8929	0.5036
38	holistic	60	5.2693	59	1	0	0.9803	0.9666	1.1695	0.1892
38	conventional	60	11.1210	56	2	2	0.7817	0.7492	1.3036	0.5219
39	holistic	60	5.8176	59	1	0	0.8087	0.7983	1.0000	0.1913
39	conventional	60	11.2876	58	2	0	0.4316	0.4166	0.9310	0.4994
40	holistic	60	6.3430	59	1	0	0.7886	0.7755	0.9831	0.1945
40	conventional	60	11.5536	59	0	1	0.7119	0.7119	1.2203	0.5084
41	holistic	60	6.6991	60	0	0	0.6061	0.6061	0.8000	0.1939
41	conventional	60	12.4187	57	3	0	1.1904	1.1151	1.7018	0.5114
42	holistic	60	7.4543	60	0	0	1.0052	1.0052	1.2000	0.1948
42	conventional	60	13.1945	58	1	1	1.3222	1.2950	1.8276	0.5054
43	holistic	60	7.9963	59	1	0	0.8089	0.7920	1.0000	0.1911
43	conventional	60	13.1051	58	1	1	0.7846	0.7717	1.2931	0.5085
44	holistic	60	8.3650	60	0	0	0.6187	0.6187	0.8167	0.1979
44	conventional	60	13.2644	58	2	0	0.4262	0.4094	0.9310	0.5048
45	holistic	60	8.9070	59	0	1	0.8709	0.8709	1.0678	0.1969
45	conventional	60	13.7988	57	3	0	0.8401	0.7844	1.3509	0.5108
46	holistic	60	9.4435	60	0	0	0.7864	0.7864	0.9833	0.1969
46	conventional	60	14.1914	59	1	0	0.6662	0.6426	1.1695	0.5033
47	holistic	60	10.2353	59	1	0	1.0630	1.0418	1.2542	0.1912
47	conventional	60	13.8549	59	0	1	0.5954	0.5954	1.1186	0.5233
48	holistic	60	10.9485	60	0	0	0.9632	0.9632	1.1500	0.1868
48	conventional	60	14.4357	59	0	1	0.8571	0.8571	1.3729	0.5158
49	holistic	60	11.6074	59	0	1	0.9970	0.9970	1.1864	0.1894
49	conventional	60	15.0930	59	1	0	0.9195	0.9074	1.4237	0.5042
50	holistic	60	12.5828	60	0	0	1.2254	1.2254	1.4167	0.1913
50	conventional	60	15.4860	58	1	1	0.7987	0.7821	1.2931	0.4944
51	holistic	60	12.9260	59	1	0	0.6033	0.5932	0.7966	0.1933
51	conventional	60	15.7654	58	2	0	0.5448	0.5294	1.0517	0.5069
52	holistic	60	13.4513	59	1	0	0.7890	0.7753	0.9831	0.1940
52	conventional	60	16.0181	59	1	0	0.5150	0.5027	1.0169	0.5020
53	holistic	60	14.0077	60	0	0	0.8064	0.8064	1.0000	0.1936
53	conventional	60	16.8171	59	1	0	1.0644	1.0489	1.5593	0.4949
54	holistic	60	14.4644	60	0	0	0.7066	0.7066	0.9000	0.1934
54	conventional	60	17.1576	60	0	0	0.5905	0.5905	1.0833	0.4929
55	holistic	60	15.3220	60	0	0	1.1076	1.1076	1.3000	0.1924
55	conventional	60	17.6620	59	0	1	1.2794	1.2794	1.7627	0.4833
56	holistic	60	15.6452	59	1	0	0.5829	0.5732	0.7797	0.1968
56	conventional	60	18.1799	59	1	0	0.7857	0.7679	1.2881	0.5024
57	holistic	60	15.8998	60	0	0	0.5046	0.5046	0.7000	0.1954
57	conventional	60	18.1914	59	1	0	0.2637	0.2615	0.7797	0.5160
58	holistic	60	16.0753	59	1	0	0.4318	0.4256	0.6271	0.1953
58	conventional	60	18.8761	60	0	0	0.9347	0.9347	1.4500	0.5153
59	holistic	60	16.4656	59	1	0	0.6512	0.6402	0.8475	0.1963
59	conventional	60	19.2837	59	1	0	0.6647	0.6577	1.1695	0.5048
60	holistic	60	17.0827	60	0	0	0.8671	0.8671	1.0667	0.1995
60	conventional	60	19.4583	60	0	0	0.4246	0.4246	0.9333	0.5087
61	holistic	60	17.5655	60	0	0	0.7328	0.7328	0.9333	0.2005
61	conventional	60	18.7302	58	1	1	0.5734	0.5653	1.0690	0.4956
62	holistic	60	18.0834	60	0	0	0.7678	0.7678	0.9667	0.1988
62	conventional	60	18.1347	59	0	1	0.6247	0.6247	1.1356	0.5109
63	holistic	60	18.6007	60	0	0	0.7674	0.7674	0.9667	0.1993
63	conventional	60	18.6925	59	1	0	0.8252	0.8078	1.3390	0.5138
64	holistic	60	19.4169	60	0	0	1.0662	1.0662	1.2667	0.2005
64	conventional	60	18.2145	57	1	2	0.7177	0.7057	1.2281	0.5104
65	holistic	60	19.6005	59	0	1	0.4918	0.4918	0.6949	0.2031
65	conventional	60	18.2564	57	1	2	0.5902	0.5801	1.1053	0.5151
66	holistic	60	19.4724	57	0	3	0.6902	0.6902	0.8947	0.2045
66	conventional	60	16.9953	56	1	3	0.7105	0.6848	1.1964	0.4860
67	holistic	60	19.7700	59	0	1	0.8405	0.8405	1.0508	0.2103
67	conventional	60	16.2738	55	2	3	0.6464	0.6226	1.1455	0.4991
68	holistic	60	20.6144	60	0	0	1.0945	1.0945	1.3000	0.2055
68	conventional	60	14.6047	55	1	4	0.8760	0.8470	1.3818	0.5058
69	holistic	60	21.0431	60	0	0	0.6787	0.6787	0.8833	0.2046
69	conventional	60	14.4268	56	3	1	0.5909	0.5346	1.0893	0.4984
70	holistic	60	21.5875	60	0	0	0.7943	0.7943	1.0000	0.2057
70	conventional	60	13.8055	55	3	2	0.2917	0.2675	0.8000	0.5083
71	holistic	60	22.3321	60	0	0	0.9946	0.9946	1.2000	0.2054
71	conventional	60	13.3333	55	4	1	0.7103	0.6472	1.2182	0.5079
72	holistic	60	23.2611	60	0	0	1.1791	1.1791	1.3833	0.2042
72	conventional	60	13.8213	59	0	1	1.0267	1.0267	1.5254	0.4988
73	holistic	60	23.8391	60	0	0	0.8280	0.8280	1.0333	0.2054
73	conventional	60	14.3567	59	1	0	0.7967	0.7854	1.3051	0.5084
74	holistic	60	24.8335	60	0	0	1.2444	1.2444	1.4500	0.2056
74	conventional	60	14.4405	56	2	2	1.1438	1.1082	1.6429	0.4991
75	holistic	60	25.0995	58	1	1	0.9118	0.8963	1.1207	0.2089
75	conventional	60	14.7653	58	0	2	1.4239	1.4239	1.9310	0.5072
76	holistic	60	25.8089	58	1	1	1.0045	0.9852	1.2069	0.2024
76	conventional	60	15.1270	60	0	0	0.6117	0.6117	1.1167	0.5050
77	holistic	60	25.5594	59	0	1	0.6679	0.6679	0.8814	0.2135
77	conventional	60	14.1559	57	1	2	0.4685	0.4559	0.9825	0.5140
78	holistic	60	25.3560	58	0	2	1.1327	1.1327	1.3448	0.2121
78	conventional	60	14.2342	58	1	1	0.8283	0.8016	1.3448	0.5165
79	holistic	60	25.9153	60	0	0	0.8093	0.8093	1.0167	0.2073
79	conventional	60	14.8998	60	0	0	0.9157	0.9157	1.4333	0.5177
80	holistic	60	24.9869	58	0	2	0.5181	0.5181	0.7241	0.2060
80	conventional	60	15.0673	58	1	1	0.6186	0.6104	1.1379	0.5193
81	holistic	60	25.1448	58	1	1	0.7009	0.6891	0.9138	0.2129
81	conventional	60	15.3414	60	0	0	0.5241	0.5241	1.0500	0.5259
82	holistic	60	24.2395	57	1	2	1.0489	1.0309	1.2632	0.2142
82	conventional	60	15.4046	58	1	1	0.8847	0.8624	1.3966	0.5119
83	holistic	60	23.5508	57	1	2	0.6036	0.5871	0.8070	0.2034
83	conventional	60	15.0420	57	1	2	0.7600	0.7407	1.2982	0.5383
84	holistic	60	23.5296	59	0	1	0.8316	0.8316	1.0339	0.2022
84	conventional	60	15.2305	58	2	0	0.4534	0.4385	0.9655	0.5122
85	holistic	60	23.0350	58	1	1	0.4387	0.4353	0.6379	0.1992
85	conventional	60	15.5950	57	3	0	0.6613	0.6145	1.1930	0.5317
86	holistic	60	21.5688	57	0	3	1.0254	1.0254	1.2281	0.2027
86	conventional	60	15.5608	56	3	1	0.6446	0.6081	1.1607	0.5161
87	holistic	60	19.8055	53	3	4	0.6698	0.6312	0.8679	0.1981
87	conventional	60	15.1709	58	0	2	0.8518	0.8518	1.3448	0.4930
88	holistic	60	18.3076	55	2	3	0.6340	0.6135	0.8364	0.2024
88	conventional	60	15.6396	58	2	0	0.7425	0.7187	1.2586	0.5162
89	holistic	60	16.4116	56	0	4	0.8651	0.8651	1.0714	0.2063
89	conventional	60	14.7898	57	1	2	0.6229	0.6126	1.1404	0.5175
90	holistic	60	15.1048	53	3	4	0.7153	0.6757	0.9245	0.2092
90	conventional	60	14.9843	58	2	0	0.4665	0.4445	1.0000	0.5335
91	holistic	60	14.6454	58	0	2	0.6779	0.6779	0.8793	0.2014
91	conventional	60	15.2368	56	4	0	0.5455	0.5025	1.0536	0.5080
92	holistic	60	12.5445	54	2	4	1.1905	1.1476	1.3889	0.1984
92	conventional	60	15.7732	57	2	1	0.9796	0.9467	1.5088	0.5292
93	holistic	60	11.2968	56	2	2	1.0346	0.9992	1.2321	0.1975
93	conventional	60	16.2405	59	1	0	0.7382	0.7173	1.2373	0.4991
94	holistic	60	10.9222	55	3	2	1.0808	1.0200	1.2727	0.1919
94	conventional	60	15.4638	55	4	1	0.6131	0.5678	1.1273	0.5142
95	holistic	60	11.4654	59	1	0	0.8056	0.7932	1.0000	0.1944
95	conventional	60	14.7617	57	2	1	0.5204	0.4868	1.0351	0.5147
96	holistic	60	10.1865	54	2	4	0.9103	0.8817	1.1111	0.2008
96	conventional	60	14.4339	57	2	1	0.8485	0.8193	1.3684	0.5200
97	holistic	60	8.9162	55	3	2	0.5316	0.4987	0.7273	0.1957
97	conventional	60	13.6247	56	1	3	0.5781	0.5658	1.1071	0.5291
98	holistic	60	8.9034	57	2	1	0.9023	0.8734	1.1053	0.2029
98	conventional	60	13.0858	56	2	2	0.7949	0.7656	1.3214	0.5266
99	holistic	60	8.7699	58	1	1	1.0444	1.0250	1.2414	0.1970
99	conventional	60	13.8181	58	2	0	1.0124	0.9822	1.5345	0.5221
100	holistic	60	8.7036	57	2	1	0.6059	0.5866	0.8070	0.2012
100	conventional	60	14.0564	59	1	0	0.4982	0.4883	1.0339	0.5357
101	holistic	60	9.2251	60	0	0	0.7715	0.7715	0.9667	0.1951
101	conventional	60	14.2871	57	2	1	0.6105	0.5923	1.1404	0.5298
102	holistic	60	10.0961	59	1	0	1.1429	1.1210	1.3390	0.1961
102	conventional	60	14.8590	59	1	0	0.8417	0.8219	1.3898	0.5481
103	holistic	60	10.5427	59	1	0	0.7078	0.6966	0.8983	0.1906
103	conventional	60	14.6814	59	0	1	0.5486	0.5486	1.0847	0.5361
104	holistic	60	11.2640	59	1	0	0.9877	0.9713	1.1864	0.1987
104	conventional	60	14.6458	58	1	1	1.0485	1.0220	1.5862	0.5377
105	holistic	60	11.1287	59	0	1	0.6369	0.6369	0.8305	0.1936
105	conventional	60	14.7577	58	1	1	0.8416	0.8281	1.3793	0.5378
106	holistic	60	11.6666	59	1	0	0.8013	0.7879	1.0000	0.1987
106	conventional	60	15.3168	60	0	0	0.8091	0.8091	1.3500	0.5409
107	holistic	60	12.4147	60	0	0	0.9981	0.9981	1.2000	0.2019
107	conventional	60	16.0572	59	1	0	1.0063	0.9904	1.5424	0.5361
108	holistic	60	13.0460	60	0	0	0.8812	0.8812	1.0833	0.2021
108	conventional	60	16.7548	60	0	0	0.9477	0.9477	1.5000	0.5523
109	holistic	60	13.9266	60	0	0	1.1307	1.1307	1.3333	0.2027
109	conventional	60	17.5831	60	0	0	1.0783	1.0783	1.6167	0.5384
110	holistic	60	14.6573	60	0	0	0.9807	0.9807	1.1833	0.2026
110	conventional	60	17.4671	58	0	2	1.1494	1.1494	1.6897	0.5402
111	holistic	60	15.3714	60	0	0	0.9640	0.9640	1.1667	0.2026
111	conventional	60	17.2947	58	1	1	0.5264	0.5048	1.0690	0.5425
112	holistic	60	15.4035	60	0	0	0.2821	0.2821	0.4833	0.2012
112	conventional	60	16.9590	58	1	1	0.1995	0.1834	0.7414	0.5419
113	holistic	60	15.8182	59	1	0	0.6752	0.6647	0.8814	0.2061
113	conventional	60	18.0405	59	1	0	1.3546	1.3315	1.8983	0.5437
114	holistic	60	16.4241	60	0	0	0.8560	0.8560	1.0667	0.2107
114	conventional	60	18.4837	60	0	0	0.6933	0.6932	1.2333	0.5401
115	holistic	60	17.1372	59	1	0	0.9758	0.9631	1.1864	0.2107
115	conventional	60	19.0737	60	0	0	0.8400	0.8400	1.3833	0.5433
116	holistic	60	17.9931	60	0	0	1.1059	1.1059	1.3167	0.2108
116	conventional	60	19.0203	59	0	1	0.8291	0.8291	1.3729	0.5438
117	holistic	60	18.4166	60	0	0	0.6735	0.6735	0.8833	0.2098
117	conventional	60	19.8766	60	0	0	1.1063	1.1063	1.6500	0.5437
118	holistic	60	17.8807	59	0	1	0.5351	0.5351	0.7458	0.2107
118	conventional	60	19.8857	60	0	0	0.2591	0.2591	0.8000	0.5409
119	holistic	60	17.7063	59	0	1	0.6430	0.6430	0.8475	0.2044
119	conventional	60	20.0731	59	1	0	0.4491	0.4374	1.0000	0.5509
120	holistic	60	18.1829	60	0	0	0.7266	0.7265	0.9333	0.2068
120	conventional	60	20.7208	60	0	0	0.8977	0.8977	1.4500	0.5523
121	holistic	60	18.7420	60	0	0	0.8091	0.8091	1.0167	0.2076
121	conventional	60	20.7203	59	0	1	1.0784	1.0784	1.6271	0.5487
122	holistic	60	19.7191	59	1	0	1.2479	1.2271	1.4576	0.2097
122	conventional	60	20.9986	59	0	1	1.0302	1.0302	1.5932	0.5630
123	holistic	60	20.6415	60	0	0	1.1724	1.1724	1.3833	0.2110
123	conventional	60	21.8049	59	1	0	1.0733	1.0564	1.6271	0.5538
124	holistic	60	20.9994	60	0	0	0.6079	0.6079	0.8167	0.2088
124	conventional	60	21.2040	58	0	2	0.7601	0.7601	1.3276	0.5675
125	holistic	60	20.1573	59	0	1	0.2490	0.2490	0.4576	0.2086
125	conventional	60	20.2795	57	2	1	0.4656	0.4400	1.0175	0.5520
126	holistic	60	19.6837	57	0	3	0.8476	0.8476	1.0526	0.2050
126	conventional	60	19.8930	57	1	2	1.0750	1.0436	1.6316	0.5565
127	holistic	60	20.8452	60	0	0	1.4115	1.4115	1.6167	0.2052
127	conventional	60	20.0979	57	2	1	1.5017	1.4410	2.0702	0.5685
128	holistic	60	21.3731	60	0	0	0.7779	0.7779	0.9833	0.2054
128	conventional	60	19.0962	56	2	2	0.5033	0.4631	1.0714	0.5682
129	holistic	60	22.2684	60	0	0	1.1452	1.1452	1.3500	0.2048
129	conventional	60	17.7396	55	2	3	0.7894	0.7694	1.3636	0.5742
130	holistic	60	23.3309	59	1	0	1.3348	1.3125	1.5424	0.2076
130	conventional	60	15.8174	55	1	4	0.8064	0.7786	1.3636	0.5572
131	holistic	60	23.9259	60	0	0	0.8451	0.8451	1.0500	0.2049
131	conventional	60	13.0686	52	4	4	0.4794	0.4047	1.0577	0.5783
132	holistic	60	24.6704	60	0	0	0.9945	0.9945	1.2000	0.2055
132	conventional	60	13.1175	57	3	0	0.3170	0.2989	0.8947	0.5777
133	holistic	60	25.3452	60	0	0	0.9248	0.9248	1.1333	0.2085
133	conventional	60	13.4227	59	0	1	0.9399	0.9399	1.5254	0.5855
134	holistic	60	26.2055	60	0	0	1.1103	1.1103	1.3167	0.2064
134	conventional	60	12.7157	56	2	2	0.6600	0.6262	1.2321	0.5721
135	holistic	60	26.3340	58	0	2	1.2059	1.2059	1.4138	0.2079
135	conventional	60	12.5582	58	1	1	0.8346	0.8130	1.4138	0.5792
136	holistic	60	27.2470	59	0	1	1.2052	1.2052	1.4068	0.2016
136	conventional	60	13.1332	59	1	0	0.8424	0.8250	1.4237	0.5813
137	holistic	60	27.4475	60	0	0	0.4505	0.4505	0.6500	0.1995
137	conventional	60	12.0873	57	2	1	0.0007	0.0030	0.5789	0.5783
138	holistic	60	28.3471	60	0	0	1.1496	1.1496	1.3500	0.2004
138	conventional	60	12.5239	59	1	0	0.6988	0.6866	1.2712	0.5724
139	holistic	60	28.7322	59	1	0	0.6459	0.6351	0.8475	0.2016
139	conventional	60	13.1135	58	2	0	0.8695	0.8396	1.4483	0.5787
140	holistic	60	28.6199	57	1	2	1.3088	1.2862	1.5088	0.2000
140	conventional	60	14.0416	60	0	0	1.1781	1.1781	1.7500	0.5719
141	holistic	60	28.4855	59	0	1	0.8493	0.8493	1.0508	0.2015
141	conventional	60	14.7671	60	0	0	0.9755	0.9755	1.5500	0.5745
142	holistic	60	26.1360	57	0	3	0.6060	0.6060	0.8070	0.2010
142	conventional	60	15.3196	58	2	0	0.8451	0.8025	1.4138	0.5687
143	holistic	60	26.1904	58	1	1	0.8433	0.8290	1.0517	0.2084
143	conventional	60	15.5015	58	1	1	0.5629	0.5451	1.1379	0.5751
144	holistic	60	26.9601	60	0	0	1.0198	1.0198	1.2333	0.2136
144	conventional	60	15.7133	59	1	0	0.4668	0.4619	1.0508	0.5840
145	holistic	60	26.8100	58	1	1	0.6165	0.6063	0.8276	0.2111
145	conventional	60	15.9141	60	0	0	0.4508	0.4508	1.0333	0.5826
146	holistic	60	26.8154	59	0	1	1.0364	1.0364	1.2542	0.2178
146	conventional	60	15.2792	58	0	2	0.9113	0.9113	1.4828	0.5714
147	holistic	60	24.2638	56	0	4	0.7221	0.7221	0.9464	0.2243
147	conventional	60	15.5851	60	0	0	0.5558	0.5558	1.1333	0.5775
148	holistic	60	23.5320	55	1	4	1.2108	1.1852	1.4182	0.2074
148	conventional	60	15.5150	59	0	1	0.8514	0.8514	1.4237	0.5723
149	holistic	60	23.7354	59	0	1	1.2869	1.2869	1.4915	0.2046
149	conventional	60	15.8577	60	0	0	0.5927	0.5927	1.1500	0.5573
150	holistic	60	20.9553	55	0	5	0.9694	0.9694	1.1818	0.2124
150	conventional	60	15.5643	59	0	1	0.7018	0.7018	1.2881	0.5863
151	holistic	60	20.2131	58	1	1	0.7608	0.7479	0.9655	0.2047
151	conventional	60	16.0850	57	0	3	1.2199	1.2199	1.8070	0.5871
152	holistic	60	18.5676	56	1	3	0.9270	0.9108	1.1429	0.2158
152	conventional	60	16.4851	58	2	0	0.6830	0.6501	1.2759	0.5929
153	holistic	60	18.0338	58	1	1	0.7360	0.7197	0.9483	0.2123
153	conventional	60	16.0778	59	0	1	0.5643	0.5643	1.1525	0.5882
154	holistic	60	16.7886	57	1	2	0.6140	0.6035	0.8246	0.2106
154	conventional	60	15.2063	57	1	2	0.3533	0.3457	0.9298	0.5765
155	holistic	60	16.8720	59	0	1	0.7098	0.7098	0.9153	0.2054
155	conventional	60	14.1877	56	2	2	0.3834	0.3618	0.9643	0.5809
156	holistic	60	15.5094	56	0	4	1.0998	1.0998	1.3036	0.2037
156	conventional	60	13.0131	55	3	2	0.6171	0.5465	1.2000	0.5829
157	holistic	60	13.4857	54	2	4	0.5526	0.5364	0.7593	0.2067
157	conventional	60	12.5271	55	4	1	0.2263	0.1751	0.8182	0.5919
158	holistic	60	12.5880	57	1	2	0.7076	0.6954	0.9123	0.2047
158	conventional	60	11.8079	57	0	3	0.7222	0.7222	1.3158	0.5935
159	holistic	60	11.6228	58	0	2	0.6021	0.6021	0.8103	0.2083
159	conventional	60	11.0620	55	4	1	0.2115	0.2005	0.8000	0.5885
160	holistic	60	11.1074	57	1	2	0.8935	0.8781	1.1053	0.2117
160	conventional	60	11.6301	58	1	1	0.9230	0.9094	1.5345	0.6115
161	holistic	60	11.3688	57	3	0	0.5376	0.5113	0.7544	0.2168
161	conventional	60	10.3718	53	4	3	0.4525	0.4024	1.0566	0.6041
162	holistic	60	12.0870	60	0	0	0.9682	0.9682	1.1833	0.2151
162	conventional	60	10.8268	57	2	1	1.1314	1.0799	1.7368	0.6054
163	holistic	60	12.4672	57	2	1	1.0316	0.9999	1.2456	0.2141
163	conventional	60	11.3255	56	4	0	0.8217	0.7487	1.4286	0.6069
164	holistic	60	12.9630	56	3	1	0.8559	0.8158	1.0714	0.2155
164	conventional	60	11.1146	56	2	2	0.8050	0.7751	1.4107	0.6058
165	holistic	60	13.0392	59	0	1	0.7190	0.7190	0.9322	0.2132
165	conventional	60	11.0701	59	0	1	0.5261	0.5261	1.1186	0.5925
166	holistic	60	12.7662	59	0	1	0.5893	0.5893	0.7966	0.2073
166	conventional	60	11.8705	56	4	0	1.1359	1.0504	1.7500	0.6141
167	holistic	60	13.4634	58	2	0	0.9829	0.9472	1.1897	0.2067
167	conventional	60	11.5911	59	0	1	0.5662	0.5662	1.1695	0.6033
168	holistic	60	13.9897	59	1	0	0.7900	0.7763	1.0000	0.2100
168	conventional	60	11.9863	57	3	0	0.6870	0.6452	1.2982	0.6112
169	holistic	60	15.0110	57	3	0	1.3354	1.2713	1.5439	0.2084
169	conventional	60	12.8110	59	1	0	1.0934	1.0747	1.7119	0.6184
170	holistic	60	15.4298	58	2	0	0.6972	0.6688	0.9138	0.2166
170	conventional	60	12.8159	59	1	0	0.2566	0.2550	0.8644	0.6078
171	holistic	60	16.2992	59	1	0	1.1384	1.1194	1.3729	0.2345
171	conventional	60	12.9730	58	2	0	0.4275	0.4071	1.0172	0.5897
172	holistic	60	16.8075	56	4	0	0.8071	0.7583	1.0357	0.2286
172	conventional	60	13.1834	60	0	0	0.4603	0.4603	1.0500	0.5897
173	holistic	60	16.8228	59	0	1	0.8390	0.8390	1.0678	0.2288
173	conventional	60	13.2383	58	1	1	1.1545	1.1269	1.7586	0.6041
174	holistic	60	17.2626	60	0	0	0.6898	0.6898	0.9167	0.2269
174	conventional	60	13.5478	60	0	0	0.5595	0.5595	1.1667	0.6072
175	holistic	60	17.0060	59	0	1	0.8432	0.8432	1.0678	0.2246
175	conventional	60	14.0057	59	1	0	0.7324	0.7080	1.3390	0.6065
176	holistic	60	17.8635	59	1	0	1.1262	1.1075	1.3559	0.2297
176	conventional	60	14.0373	59	0	1	0.7887	0.7887	1.3898	0.6011
177	holistic	60	18.5163	60	0	0	0.9028	0.9028	1.1333	0.2305
177	conventional	60	14.4111	59	1	0	0.6345	0.6238	1.2373	0.6028
178	holistic	60	19.2217	60	0	0	0.9554	0.9554	1.1833	0.2279
178	conventional	60	14.8274	60	0	0	0.6663	0.6663	1.2667	0.6004
179	holistic	60	18.9008	57	2	1	0.9055	0.8711	1.1228	0.2173
179	conventional	60	14.8980	58	1	1	0.8185	0.7928	1.4138	0.5953
180	holistic	60	19.7197	60	0	0	1.0689	1.0689	1.2833	0.2144
180	conventional	60	15.4547	59	1	0	0.8182	0.8067	1.4068	0.5886
181	holistic	60	20.3006	60	0	0	0.8309	0.8309	1.0500	0.2191
181	conventional	60	15.6397	60	0	0	0.4349	0.4349	1.0333	0.5984
182	holistic	60	20.1447	59	0	1	1.1222	1.1222	1.3390	0.2167
182	conventional	60	15.8269	58	1	1	1.1084	1.0836	1.7069	0.5985
183	holistic	60	20.5968	59	1	0	0.7140	0.7021	0.9322	0.2182
183	conventional	60	16.9698	60	0	0	1.3929	1.3929	2.0000	0.6071
184	holistic	60	21.1488	60	0	0	0.8019	0.8019	1.0167	0.2147
184	conventional	60	17.5031	59	1	0	0.7950	0.7834	1.3898	0.5948
185	holistic	60	20.8864	59	0	1	0.7660	0.7660	0.9831	0.2171
185	conventional	60	17.5838	59	0	1	0.4753	0.4753	1.0678	0.5925
186	holistic	60	20.3278	57	1	2	1.0128	0.9954	1.2281	0.2152
186	conventional	60	17.1030	58	0	2	0.9720	0.9720	1.5690	0.5970
187	holistic	60	20.7341	60	0	0	0.6564	0.6564	0.8667	0.2103
187	conventional	60	17.8198	59	1	0	0.9958	0.9667	1.5932	0.5974
188	holistic	60	21.5066	60	0	0	1.0224	1.0224	1.2333	0.2109
188	conventional	60	17.1652	57	0	3	0.4590	0.4590	1.0702	0.6112
189	holistic	60	22.0291	60	0	0	0.7725	0.7725	0.9833	0.2108
189	conventional	60	17.5594	59	0	1	1.1162	1.1162	1.7119	0.5956
190	holistic	60	21.6025	59	0	1	0.6850	0.6850	0.8983	0.2133
190	conventional	60	18.1714	60	0	0	0.8620	0.8620	1.4667	0.6047
191	holistic	60	22.0818	59	1	0	0.7415	0.7293	0.9661	0.2246
191	conventional	60	15.7273	55	0	5	0.3910	0.3910	0.9818	0.5908
192	holistic	60	23.1311	60	0	0	1.2993	1.2993	1.5167	0.2174
192	conventional	60	14.9445	57	0	3	1.1610	1.1610	1.7719	0.6109
193	holistic	60	23.6431	60	0	0	0.7621	0.7621	0.9833	0.2213
193	conventional	60	15.5078	59	1	0	0.8382	0.8133	1.4407	0.6024
194	holistic	60	24.6906	59	1	0	1.3207	1.2974	1.5424	0.2216
194	conventional	60	14.6080	56	1	3	0.6172	0.6034	1.2143	0.5971
195	holistic	60	24.1811	59	0	1	0.9284	0.9284	1.1525	0.2242
195	conventional	60	15.0302	58	2	0	0.6954	0.6723	1.2931	0.5977
196	holistic	60	24.3606	60	0	0	0.4295	0.4295	0.6500	0.2205
196	conventional	60	15.4316	59	1	0	0.6642	0.6514	1.2712	0.6070
197	holistic	60	25.0799	59	1	0	0.9823	0.9693	1.2034	0.2211
197	conventional	60	15.2376	57	2	1	0.4090	0.3877	1.0175	0.6085
198	holistic	60	25.5505	59	1	0	0.7456	0.7207	0.9661	0.2205
198	conventional	60	15.2235	56	3	1	0.5482	0.4957	1.1429	0.5946
199	holistic	60	26.3517	59	1	0	1.0690	1.0512	1.2881	0.2191
199	conventional	60	15.8657	57	3	0	0.9348	0.8923	1.5263	0.5915
200	holistic	60	23.9196	57	0	3	0.6587	0.6587	0.8772	0.2185
200	conventional	60	15.9317	58	2	0	0.3374	0.3160	0.9483	0.6109
201	holistic	60	24.3367	60	0	0	0.6671	0.6671	0.8833	0.2162
201	conventional	60	16.4392	60	0	0	0.7575	0.7575	1.3500	0.5925
202	holistic	60	23.6739	56	1	3	1.1064	1.0854	1.3036	0.1971
202	conventional	60	17.2994	59	1	0	1.1341	1.1101	1.7458	0.6117
203	holistic	60	23.2576	58	0	2	0.7504	0.7504	0.9483	0.1978
203	conventional	60	16.7387	58	0	2	0.7953	0.7953	1.4138	0.6185
204	holistic	60	23.5742	58	2	0	0.5876	0.5666	0.7759	0.1882
204	conventional	60	16.7308	59	0	1	0.4738	0.4738	1.0847	0.6109
205	holistic	60	24.0985	59	0	1	0.8860	0.8860	1.0847	0.1987
205	conventional	60	17.0523	59	1	0	0.5820	0.5715	1.1864	0.6044
206	holistic	60	23.8816	58	1	1	0.9981	0.9814	1.1897	0.1916
206	conventional	60	17.0515	57	1	2	0.9548	0.9405	1.5614	0.6066
207	holistic	60	22.1849	57	0	3	0.7695	0.7695	0.9649	0.1954
207	conventional	60	17.3162	59	1	0	0.5231	0.5147	1.1017	0.5786
208	holistic	60	20.4087	55	1	4	0.7567	0.7399	0.9455	0.1887
208	conventional	60	17.4109	58	1	1	0.5990	0.5847	1.2069	0.6079
209	holistic	60	20.5092	58	1	1	1.2651	1.2404	1.4483	0.1832
209	conventional	60	17.7573	59	1	0	0.6028	0.5964	1.2034	0.6006
210	holistic	60	20.4419	56	2	2	1.0817	1.0466	1.2679	0.1862
210	conventional	60	18.1529	59	1	0	0.6623	0.6456	1.2712	0.6089
211	holistic	60	20.2122	57	2	1	0.7569	0.7314	0.9474	0.1904
211	conventional	60	18.7440	59	0	1	1.1817	1.1817	1.7797	0.5980
212	holistic	60	18.2332	52	4	4	0.6262	0.5789	0.8269	0.2008
212	conventional	60	19.3950	59	1	0	0.9246	0.9010	1.5254	0.6008
213	holistic	60	17.6202	59	0	1	0.6562	0.6562	0.8644	0.2082
213	conventional	60	20.0412	60	0	0	0.8962	0.8962	1.5000	0.6038
214	holistic	60	17.3232	57	2	1	0.7858	0.7579	0.9825	0.1966
214	conventional	60	19.6019	58	0	2	1.1267	1.1268	1.7241	0.5974
215	holistic	60	16.6557	56	3	1	1.0689	1.0207	1.2679	0.1990
215	conventional	60	20.1238	60	0	0	0.7719	0.7719	1.3667	0.5948
216	holistic	60	16.1869	56	2	2	1.1046	1.0669	1.3036	0.1990
216	conventional	60	19.7301	57	1	2	0.8894	0.8663	1.4912	0.6019
217	holistic	60	14.6582	58	0	2	0.3514	0.3514	0.5517	0.2003
217	conventional	60	18.5304	56	2	2	0.3054	0.2769	0.9107	0.6053
218	holistic	60	14.1065	58	0	2	1.0274	1.0274	1.2241	0.1968
218	conventional	60	18.3757	56	2	2	1.5456	1.4996	2.1429	0.5972
219	holistic	60	14.4872	57	3	0	0.6681	0.6307	0.8596	0.1916
219	conventional	60	16.6829	54	3	3	0.5447	0.4909	1.1481	0.6034
220	holistic	60	15.0454	58	1	1	1.4788	1.4540	1.6724	0.1936
220	conventional	60	17.0737	58	1	1	1.3939	1.3648	2.0000	0.6061
221	holistic	60	14.9818	57	1	2	0.8666	0.8556	1.0526	0.1860
221	conventional	60	16.0780	56	2	2	0.8177	0.7783	1.4286	0.6109
222	holistic	60	15.3573	60	0	0	0.6255	0.6255	0.8167	0.1912
222	conventional	60	16.0065	55	4	1	0.5989	0.5222	1.2000	0.6011
223	holistic	60	14.4734	56	2	2	0.9246	0.8952	1.1250	0.2004
223	conventional	60	15.8038	58	0	2	0.9636	0.9636	1.5345	0.5709
224	holistic	60	12.1640	56	1	3	0.5317	0.5223	0.7321	0.2005
224	conventional	60	15.5262	57	2	1	0.4705	0.4457	1.0526	0.5821
225	holistic	60	12.9960	58	2	0	1.1174	1.0820	1.3276	0.2101
225	conventional	60	14.4905	58	1	1	0.3307	0.3282	0.9310	0.6003
226	holistic	60	13.7357	60	0	0	0.9897	0.9897	1.2000	0.2103
226	conventional	60	14.6004	58	1	1	0.6678	0.6523	1.2759	0.6080
227	holistic	60	14.3755	60	0	0	0.8898	0.8898	1.1000	0.2102
227	conventional	60	14.9324	56	3	1	0.7401	0.7023	1.3393	0.5991
228	holistic	60	15.0804	60	0	0	0.9549	0.9549	1.1667	0.2118
228	conventional	60	14.0636	58	0	2	0.4503	0.4503	1.0517	0.6014
229	holistic	60	14.6586	56	2	2	0.7621	0.7317	0.9643	0.2022
229	conventional	60	13.6144	56	3	1	0.5248	0.4989	1.1429	0.6180
230	holistic	60	15.3567	58	2	0	0.9830	0.9481	1.1897	0.2066
230	conventional	60	13.4646	56	3	1	0.4331	0.4005	1.0536	0.6205
231	holistic	60	15.3267	59	0	1	0.9475	0.9475	1.1525	0.2050
231	conventional	60	13.0662	56	2	2	0.8994	0.8542	1.5179	0.6185
232	holistic	60	15.5163	56	2	2	1.0866	1.0471	1.2857	0.1991
232	conventional	60	13.3917	58	2	0	0.5928	0.5755	1.2069	0.6141
233	holistic	60	15.9291	59	0	1	1.1651	1.1651	1.3559	0.1908
233	conventional	60	14.3086	59	1	0	1.1994	1.1669	1.8305	0.6311
234	holistic	60	16.6734	60	0	0	0.9944	0.9944	1.1833	0.1889
234	conventional	60	14.4340	59	1	0	0.3788	0.3754	1.0000	0.6212
235	holistic	60	16.3957	59	0	1	1.1487	1.1487	1.3390	0.1903
235	conventional	60	15.1095	57	2	1	1.5120	1.4434	2.1228	0.6109
236	holistic	60	16.7304	57	2	1	1.0179	0.9837	1.2105	0.1927
236	conventional	60	16.0054	59	1	0	1.1633	1.1459	1.7797	0.6163
237	holistic	60	17.4768	59	1	0	1.0134	0.9965	1.2034	0.1900
237	conventional	60	16.3848	60	0	0	0.6294	0.6294	1.2500	0.6206
238	holistic	60	17.8023	60	0	0	0.5754	0.5754	0.7667	0.1913
238	conventional	60	16.7644	58	2	0	0.6489	0.6296	1.2586	0.6098
239	holistic	60	17.4808	58	1	1	0.7807	0.7674	0.9655	0.1849
239	conventional	60	16.0129	59	0	1	0.6350	0.6350	1.2373	0.6023
240	holistic	60	18.4657	59	1	0	1.2551	1.2348	1.4407	0.1856
240	conventional	60	16.5007	58	1	1	0.9481	0.9311	1.5345	0.5864
241	holistic	60	19.4318	60	0	0	1.2162	1.2162	1.4000	0.1838
241	conventional	60	17.2757	58	2	0	1.0707	1.0250	1.6897	0.6189
242	holistic	60	20.0483	60	0	0	0.8665	0.8665	1.0500	0.1835
242	conventional	60	18.2587	57	2	1	1.9134	1.8395	2.5263	0.6129
243	holistic	60	19.9528	58	1	1	0.6546	0.6435	0.8448	0.1902
243	conventional	60	18.6960	59	1	0	0.7047	0.6872	1.3220	0.6174
244	holistic	60	20.8526	60	0	0	1.1497	1.1497	1.3333	0.1836
244	conventional	60	18.2314	58	1	1	0.7911	0.7786	1.4138	0.6227
245	holistic	60	20.9096	59	0	1	0.6466	0.6466	0.8305	0.1839
245	conventional	60	17.5701	57	2	1	0.1806	0.1566	0.8070	0.6264
246	holistic	60	18.9673	57	0	3	1.2331	1.2331	1.4211	0.1879
246	conventional	60	18.7745	58	1	1	1.5692	1.5299	2.1897	0.6204
247	holistic	60	19.1324	59	1	0	0.4198	0.4151	0.6102	0.1904
247	conventional	60	19.0937	57	2	1	0.6746	0.6359	1.2982	0.6236
248	holistic	60	20.1277	60	0	0	1.2453	1.2453	1.4333	0.1880
248	conventional	60	17.5666	57	0	3	0.8691	0.8691	1.4912	0.6221
249	holistic	60	21.0815	58	2	0	1.2412	1.2038	1.4310	0.1898
249	conventional	60	17.8456	59	0	1	0.9657	0.9657	1.5763	0.6105
250	holistic	60	21.2388	59	0	1	0.8240	0.8240	1.0169	0.1930
250	conventional	60	17.8799	57	3	0	0.3022	0.2844	0.9123	0.6101
251	holistic	60	22.1508	58	2	0	1.2051	1.1620	1.3966	0.1915
251	conventional	60	17.1833	55	3	2	0.9750	0.9105	1.5818	0.6069
252	holistic	60	22.8622	59	1	0	0.9832	0.9614	1.1695	0.1863
252	conventional	60	17.4682	57	2	1	0.9112	0.8549	1.5263	0.6151
253	holistic	60	23.6602	59	1	0	1.0686	1.0480	1.2542	0.1857
253	conventional	60	17.7164	58	2	0	0.5275	0.4982	1.1379	0.6104
254	holistic	60	24.5877	60	0	0	1.1775	1.1775	1.3667	0.1891
254	conventional	60	16.9142	55	3	2	1.1887	1.1135	1.7818	0.5931
255	holistic	60	25.4516	59	1	0	1.1313	1.1138	1.3220	0.1907
255	conventional	60	17.3717	60	0	0	0.7075	0.7075	1.3167	0.6091
256	holistic	60	26.7078	60	0	0	1.5063	1.5063	1.7000	0.1937
256	conventional	60	18.0418	60	0	0	0.9200	0.9200	1.5333	0.6133
257	holistic	60	27.2705	60	0	0	0.8127	0.8127	1.0000	0.1873
257	conventional	60	18.9803	60	0	0	1.1885	1.1885	1.8000	0.6114
258	holistic	60	27.3494	59	0	1	1.2843	1.2843	1.4746	0.1902
258	conventional	60	17.9154	57	0	3	1.0074	1.0074	1.6140	0.6067
259	holistic	60	28.0119	59	0	1	1.1478	1.1478	1.3390	0.1912
259	conventional	60	17.5107	59	0	1	0.7821	0.7821	1.3898	0.6078
260	holistic	60	28.1770	59	0	1	1.2003	1.2003	1.3898	0.1895
260	conventional	60	18.2046	59	1	0	0.9584	0.9439	1.5593	0.6010
261	holistic	60	28.7321	59	1	0	0.8189	0.8051	1.0169	0.1981
261	conventional	60	18.2748	59	1	0	0.3383	0.3201	0.9492	0.6109
262	holistic	60	29.8446	59	1	0	1.3836	1.3625	1.5763	0.1927
262	conventional	60	19.1229	59	0	1	1.8846	1.8846	2.4915	0.6069
263	holistic	60	30.6227	60	0	0	1.0280	1.0280	1.2167	0.1886
263	conventional	60	18.6942	59	0	1	0.7804	0.7804	1.3898	0.6095
264	holistic	60	30.7528	59	0	1	1.1031	1.1031	1.2881	0.1851
264	conventional	60	18.6114	59	0	1	1.0034	1.0034	1.6102	0.6067
265	holistic	60	31.0037	59	0	1	0.9986	0.9986	1.1864	0.1879
265	conventional	60	19.3386	60	0	0	0.9772	0.9772	1.5833	0.6061
266	holistic	60	29.9529	58	1	1	0.4141	0.4071	0.6034	0.1893
266	conventional	60	17.6004	56	2	2	-0.0694	-0.0611	0.5357	0.6051
267	holistic	60	29.8279	59	0	1	1.1469	1.1469	1.3390	0.1921
267	conventional	60	18.3041	59	1	0	0.9825	0.9536	1.5932	0.6107
268	holistic	60	27.7712	56	1	3	1.0646	1.0458	1.2500	0.1854
268	conventional	60	18.8260	60	0	0	0.7719	0.7719	1.3833	0.6114
269	holistic	60	27.0524	58	0	2	0.9829	0.9829	1.1724	0.1895
269	conventional	60	18.9850	58	1	1	0.5211	0.5135	1.1379	0.6169
270	holistic	60	24.7727	57	0	3	0.8860	0.8860	1.0702	0.1841
270	conventional	60	19.1978	59	0	1	0.9250	0.9250	1.5424	0.6174
271	holistic	60	25.3990	59	1	0	0.8887	0.8763	1.0678	0.1791
271	conventional	60	19.0769	56	3	1	0.8575	0.7946	1.4643	0.6068
272	holistic	60	23.1402	57	0	3	0.7763	0.7763	0.9474	0.1711
272	conventional	60	19.8630	59	1	0	1.0578	1.0362	1.6610	0.6032
273	holistic	60	22.9534	58	1	1	0.9288	0.9131	1.1034	0.1746
273	conventional	60	20.6088	60	0	0	0.9957	0.9957	1.6000	0.6043
274	holistic	60	21.9563	57	1	2	0.9171	0.9014	1.1053	0.1882
274	conventional	60	21.1154	59	0	1	1.3115	1.3115	1.9322	0.6207
275	holistic	60	19.7762	57	0	3	0.6544	0.6544	0.8421	0.1877
275	conventional	60	21.7936	60	0	0	0.9281	0.9281	1.5333	0.6052
276	holistic	60	19.3598	55	3	2	1.2315	1.1609	1.4182	0.1867
276	conventional	60	22.6894	60	0	0	1.1458	1.1458	1.7667	0.6208
277	holistic	60	19.4080	58	0	2	1.0927	1.0927	1.2759	0.1832
277	conventional	60	21.4389	58	0	2	0.9517	0.9517	1.5690	0.6173
278	holistic	60	19.6756	58	1	1	1.1757	1.1558	1.3621	0.1864
278	conventional	60	20.6979	58	0	2	0.8143	0.8143	1.4310	0.6167
279	holistic	60	19.5058	57	1	2	0.7682	0.7522	0.9474	0.1792
279	conventional	60	18.6500	55	2	3	0.5202	0.4930	1.1455	0.6253
280	holistic	60	18.9670	58	1	1	1.1692	1.1494	1.3448	0.1756
280	conventional	60	19.2621	60	0	0	0.8621	0.8622	1.4833	0.6212
281	holistic	60	20.3194	60	0	0	1.6024	1.6024	1.7833	0.1809
281	conventional	60	19.5846	57	2	1	1.2628	1.2157	1.8772	0.6144
282	holistic	60	21.2058	60	0	0	1.1364	1.1364	1.3167	0.1803
282	conventional	60	19.2416	59	0	1	0.7822	0.7822	1.4068	0.6246
283	holistic	60	18.6724	55	1	4	0.9815	0.9640	1.1636	0.1821
283	conventional	60	18.7904	58	1	1	0.4822	0.4631	1.1034	0.6213
284	holistic	60	18.3509	57	0	3	1.2123	1.2123	1.3860	0.1736
284	conventional	60	19.1378	58	0	2	1.1823	1.1823	1.8103	0.6280
285	holistic	60	18.4684	59	0	1	0.9620	0.9620	1.1356	0.1736
285	conventional	60	18.2622	59	0	1	0.0690	0.0690	0.6949	0.6259
286	holistic	60	19.4564	60	0	0	1.2381	1.2381	1.4167	0.1786
286	conventional	60	17.6398	58	0	2	1.1301	1.1301	1.7586	0.6285
287	holistic	60	19.8948	59	1	0	0.7000	0.6884	0.8814	0.1813
287	conventional	60	16.8376	59	0	1	0.2857	0.2857	0.9153	0.6296
288	holistic	60	20.8453	60	0	0	1.2004	1.2004	1.3833	0.1829
288	conventional	60	17.3742	60	0	0	0.7866	0.7866	1.4167	0.6301
289	holistic	60	20.6389	58	0	2	1.2171	1.2171	1.3966	0.1794
289	conventional	60	16.6694	58	1	1	0.9247	0.9047	1.5517	0.6271
290	holistic	60	20.0441	59	0	1	1.1971	1.1971	1.3729	0.1758
290	conventional	60	15.2521	56	0	4	0.8756	0.8756	1.5000	0.6244
291	holistic	60	19.7798	58	1	1	0.8403	0.8283	1.0172	0.1770
291	conventional	60	14.7176	54	3	3	0.4321	0.3894	1.0741	0.6419
292	holistic	60	18.4206	58	0	2	0.6286	0.6286	0.8103	0.1817
292	conventional	60	14.8996	58	1	1	0.7021	0.6819	1.3276	0.6255
293	holistic	60	18.6359	58	2	0	0.4781	0.4653	0.6552	0.1770
293	conventional	60	14.3039	56	3	1	0.1975	0.1668	0.8393	0.6418
294	holistic	60	19.5419	60	0	0	1.1560	1.1560	1.3333	0.1773
294	conventional	60	14.5108	59	1	0	0.4654	0.4569	1.1017	0.6363
295	holistic	60	20.0341	60	0	0	0.7422	0.7422	0.9167	0.1745
295	conventional	60	14.5802	58	1	1	0.9117	0.8871	1.5517	0.6400
296	holistic	60	19.7671	58	0	2	0.9084	0.9084	1.0862	0.1778
296	conventional	60	14.9696	60	0	0	0.6394	0.6394	1.2667	0.6272
297	holistic	60	20.2219	59	0	1	1.0672	1.0672	1.2373	0.1701
297	conventional	60	15.8766	59	1	0	1.1788	1.1569	1.8136	0.6348
298	holistic	60	20.7848	60	0	0	0.8128	0.8128	0.9833	0.1705
298	conventional	60	16.8599	60	0	0	1.2333	1.2333	1.8667	0.6334
299	holistic	60	20.3670	58	1	1	0.8946	0.8793	1.0690	0.1744
299	conventional	60	17.2652	59	1	0	0.6711	0.6553	1.3051	0.6340
300	holistic	60	20.4014	56	3	1	1.1311	1.0753	1.3214	0.1903
300	conventional	60	17.0257	59	0	1	0.6794	0.6794	1.3220	0.6427
301	holistic	60	21.2537	59	1	0	1.1226	1.1023	1.3051	0.1824
301	conventional	60	16.0465	55	3	2	0.5552	0.5086	1.1818	0.6266
302	holistic	60	22.2191	60	0	0	1.2154	1.2154	1.4000	0.1846
302	conventional	60	17.1179	59	1	0	1.3565	1.3214	1.9831	0.6266
303	holistic	60	21.1009	58	0	2	0.9676	0.9676	1.1552	0.1875
303	conventional	60	17.6009	58	2	0	0.7646	0.7330	1.3966	0.6320
304	holistic	60	21.7162	60	0	0	0.8652	0.8652	1.0500	0.1848
304	conventional	60	18.0352	59	1	0	0.7087	0.6844	1.3390	0.6303
305	holistic	60	22.7539	60	0	0	1.2878	1.2878	1.4667	0.1789
305	conventional	60	18.0151	58	0	2	0.6434	0.6434	1.2759	0.6324
306	holistic	60	21.2589	57	1	2	0.6462	0.6364	0.8246	0.1784
306	conventional	60	17.5335	58	1	1	0.4986	0.4770	1.1379	0.6393
307	holistic	60	21.9131	60	0	0	0.9042	0.9042	1.0833	0.1791
307	conventional	60	18.4440	59	1	0	1.1777	1.1605	1.8305	0.6528
308	holistic	60	22.7545	59	1	0	1.1093	1.0914	1.2881	0.1788
308	conventional	60	16.7357	57	0	3	0.6103	0.6103	1.2456	0.6353
309	holistic	60	23.1923	60	0	0	0.6878	0.6878	0.8667	0.1789
309	conventional	60	17.0757	60	0	0	0.5901	0.5901	1.2333	0.6433
310	holistic	60	22.7425	59	0	1	0.8248	0.8248	1.0000	0.1752
310	conventional	60	16.3971	58	0	2	0.5744	0.5744	1.2241	0.6497
311	holistic	60	23.3100	60	0	0	0.8174	0.8174	1.0000	0.1826
311	conventional	60	16.4022	57	2	1	1.2437	1.1986	1.8772	0.6335
312	holistic	60	23.1475	58	1	1	0.9219	0.9063	1.1034	0.1815
312	conventional	60	15.8897	56	3	1	0.7961	0.7380	1.4286	0.6325
313	holistic	60	21.9087	59	0	1	0.3632	0.3632	0.5424	0.1792
313	conventional	60	15.7737	59	0	1	0.7047	0.7047	1.3559	0.6512
314	holistic	60	22.6461	60	0	0	0.9873	0.9873	1.1667	0.1793
314	conventional	60	13.5168	55	0	5	0.7290	0.7290	1.3818	0.6528
315	holistic	60	22.2953	59	0	1	0.9737	0.9737	1.1525	0.1789
315	conventional	60	14.4215	60	0	0	1.1547	1.1547	1.8000	0.6453
316	holistic	60	22.7692	58	2	0	0.7470	0.7239	0.9310	0.1841
316	conventional	60	15.1392	60	0	0	0.9678	0.9678	1.6000	0.6322
317	holistic	60	23.2898	60	0	0	0.7706	0.7706	0.9500	0.1794
317	conventional	60	15.9033	58	2	0	1.0552	1.0140	1.7069	0.6517
318	holistic	60	23.0068	59	0	1	0.7361	0.7361	0.9153	0.1792
318	conventional	60	14.8816	58	0	2	0.6778	0.6778	1.3276	0.6498
319	holistic	60	23.9383	59	1	0	1.2013	1.1815	1.3898	0.1885
319	conventional	60	15.7515	59	1	0	1.1368	1.1199	1.7797	0.6428
320	holistic	60	24.2470	59	0	1	1.1366	1.1366	1.3220	0.1854
320	conventional	60	15.7360	60	0	0	0.2346	0.2346	0.8833	0.6488
321	holistic	60	24.4090	59	0	1	0.9000	0.9000	1.0847	0.1848
321	conventional	60	16.4783	58	1	1	1.4351	1.3989	2.0862	0.6511
322	holistic	60	25.1092	60	0	0	0.9502	0.9502	1.1333	0.1832
322	conventional	60	16.8934	59	0	1	0.9144	0.9144	1.5593	0.6449
323	holistic	60	25.4921	59	1	0	0.6437	0.6329	0.8305	0.1868
323	conventional	60	16.2652	58	1	1	0.7492	0.7333	1.3966	0.6474
324	holistic	60	24.9688	58	1	1	0.6916	0.6809	0.8793	0.1877
324	conventional	60	16.1999	60	0	0	0.1847	0.1847	0.8333	0.6486
325	holistic	60	25.6401	60	0	0	0.9213	0.9213	1.1000	0.1787
325	conventional	60	16.9214	60	0	0	0.9715	0.9715	1.6167	0.6452
326	holistic	60	24.3935	58	0	2	1.2981	1.2981	1.4828	0.1846
326	conventional	60	17.4474	59	0	1	1.1992	1.1992	1.8475	0.6482
327	holistic	60	25.1468	58	2	0	1.0388	1.0033	1.2241	0.1854
327	conventional	60	18.3820	60	0	0	1.1846	1.1846	1.8333	0.6487
328	holistic	60	22.5739	54	2	4	0.8767	0.8423	1.0741	0.1974
328	conventional	60	18.6370	60	0	0	0.5051	0.5051	1.1500	0.6449
329	holistic	60	23.0378	58	1	1	0.8996	0.8843	1.1034	0.2039
329	conventional	60	18.8581	59	0	1	1.0272	1.0272	1.6780	0.6508
330	holistic	60	21.8180	57	1	2	0.9461	0.9302	1.1579	0.2118
330	conventional	60	18.8729	59	0	1	0.9467	0.9467	1.5932	0.6465
331	holistic	60	21.2492	58	1	1	0.7247	0.7162	0.9310	0.2064
331	conventional	60	17.3740	57	0	3	0.2615	0.2615	0.9123	0.6508
332	holistic	60	20.9408	57	2	1	0.8591	0.8264	1.0702	0.2110
332	conventional	60	17.5186	57	2	1	0.7223	0.6879	1.3684	0.6462
333	holistic	60	20.7337	59	0	1	0.4887	0.4887	0.6949	0.2062
333	conventional	60	18.2126	60	0	0	0.9441	0.9441	1.5833	0.6393
334	holistic	60	19.6157	56	2	2	0.6891	0.6653	0.8929	0.2038
334	conventional	60	18.1108	58	1	1	0.6606	0.6525	1.2931	0.6325
335	holistic	60	18.7943	56	1	3	1.0219	1.0029	1.2321	0.2103
335	conventional	60	18.9904	59	1	0	1.1477	1.1296	1.7966	0.6489
336	holistic	60	17.5783	56	1	3	0.7555	0.7423	0.9643	0.2087
336	conventional	60	19.0405	60	0	0	0.3001	0.3001	0.9500	0.6499
337	holistic	60	16.5746	57	1	2	0.4643	0.4564	0.6667	0.2023
337	conventional	60	19.4928	58	2	0	0.7289	0.7023	1.3793	0.6504
338	holistic	60	15.5151	56	2	2	0.6902	0.6619	0.8929	0.2027
338	conventional	60	18.8560	57	2	1	0.3914	0.3527	1.0351	0.6437
339	holistic	60	15.0475	58	1	1	0.8960	0.8807	1.1034	0.2074
339	conventional	60	18.1125	58	0	2	0.6913	0.6913	1.3448	0.6535
340	holistic	60	14.7040	56	2	2	0.9410	0.9079	1.1429	0.2019
340	conventional	60	19.1861	59	1	0	1.3431	1.3236	1.9831	0.6400
341	holistic	60	15.1462	59	1	0	0.7039	0.6922	0.8983	0.1944
341	conventional	60	18.5748	57	1	2	0.6779	0.6570	1.3158	0.6379
342	holistic	60	15.7664	59	1	0	0.8849	0.8702	1.0847	0.1999
342	conventional	60	19.1907	58	1	1	1.0213	0.9913	1.6724	0.6511
343	holistic	60	14.2278	57	0	3	1.2614	1.2614	1.4561	0.1948
343	conventional	60	19.0536	58	0	2	1.0984	1.0984	1.7414	0.6430
344	holistic	60	12.9764	57	1	2	0.6502	0.6390	0.8421	0.1919
344	conventional	60	19.1638	57	2	1	0.8518	0.8144	1.4912	0.6394
345	holistic	60	13.1930	58	1	1	0.9509	0.9335	1.1379	0.1871
345	conventional	60	19.8505	58	1	1	1.5325	1.5101	2.1724	0.6400
346	holistic	60	14.2997	60	0	0	1.3567	1.3567	1.5500	0.1933
346	conventional	60	20.3165	58	1	1	1.1789	1.1526	1.8276	0.6487
347	holistic	60	14.1653	57	2	1	0.4374	0.4227	0.6316	0.1942
347	conventional	60	20.7692	58	2	0	0.7402	0.7027	1.3793	0.6392
348	holistic	60	15.0073	60	0	0	1.0920	1.0920	1.2833	0.1913
348	conventional	60	21.4534	59	1	0	0.9470	0.9342	1.5763	0.6293
349	holistic	60	15.0095	58	0	2	1.2717	1.2717	1.4655	0.1938
349	conventional	60	21.8347	58	1	1	1.4045	1.3806	2.0517	0.6472
350	holistic	60	15.3569	60	0	0	0.5973	0.5973	0.8000	0.2027
350	conventional	60	22.2733	59	1	0	0.7130	0.6886	1.3559	0.6429
351	holistic	60	15.0817	56	2	2	0.9416	0.9097	1.1429	0.2012
351	conventional	60	18.8357	55	0	5	0.7909	0.7909	1.4364	0.6455
352	holistic	60	15.3141	57	2	1	0.9479	0.9110	1.1579	0.2100
352	conventional	60	20.1809	60	0	0	1.5951	1.5951	2.2333	0.6382
353	holistic	60	14.2725	58	0	2	0.6387	0.6387	0.8448	0.2062
353	conventional	60	18.6776	56	1	3	0.2850	0.2737	0.9286	0.6436
354	holistic	60	14.9210	59	1	0	0.9182	0.8985	1.1186	0.2004
354	conventional	60	19.2182	60	0	0	0.7907	0.7907	1.4333	0.6427
355	holistic	60	15.5210	59	1	0	0.8644	0.8500	1.0678	0.2034
355	conventional	60	19.0400	58	0	2	0.9897	0.9897	1.6379	0.6482
356	holistic	60	16.1867	59	1	0	0.9313	0.9158	1.1356	0.2043
356	conventional	60	19.4382	60	0	0	0.6482	0.6482	1.2833	0.6351
357	holistic	60	16.7006	60	0	0	0.7639	0.7639	0.9667	0.2028
357	conventional	60	19.2934	57	2	1	0.4716	0.4576	1.1053	0.6337
358	holistic	60	17.7504	59	1	0	1.3179	1.2998	1.5254	0.2076
358	conventional	60	20.1601	58	2	0	1.1651	1.1168	1.8103	0.6453
359	holistic	60	17.3457	58	1	1	0.4321	0.4246	0.6379	0.2058
359	conventional	60	19.9774	57	3	0	0.0633	0.0672	0.7018	0.6385
360	holistic	60	17.1714	57	0	3	1.1371	1.1371	1.3333	0.1963
360	conventional	60	20.9728	60	0	0	1.2454	1.2454	1.8833	0.6379
361	holistic	60	16.8570	58	1	1	0.9120	0.8911	1.1034	0.1915
361	conventional	60	19.8333	56	1	3	0.8427	0.8265	1.4821	0.6394
362	holistic	60	17.7172	60	0	0	1.1102	1.1102	1.3000	0.1898
362	conventional	60	19.9087	57	3	0	0.3570	0.3254	1.0000	0.6430
363	holistic	60	17.6944	58	1	1	0.7720	0.7589	0.9655	0.1935
363	conventional	60	19.9559	57	3	0	0.3358	0.2972	0.9825	0.6467
364	holistic	60	18.3400	59	1	0	0.9103	0.8956	1.1017	0.1914
364	conventional	60	21.0366	59	1	0	1.3598	1.3307	2.0000	0.6401
365	holistic	60	18.6481	59	1	0	0.5694	0.5581	0.7627	0.1933
365	conventional	60	19.5128	54	4	2	0.5950	0.5537	1.2222	0.6273
366	holistic	60	15.4654	56	1	3	0.6264	0.6123	0.8214	0.1951
366	conventional	60	19.9215	59	0	1	1.2584	1.2584	1.8644	0.6060
367	holistic	60	15.9768	58	2	0	0.7858	0.7614	0.9828	0.1969
367	conventional	60	20.2535	58	2	0	0.5955	0.5820	1.2241	0.6286
368	holistic	60	16.4248	59	1	0	0.7076	0.6980	0.8983	0.1907
368	conventional	60	18.8045	54	3	3	0.9445	0.8969	1.5741	0.6296
369	holistic	60	16.6245	59	1	0	0.4572	0.4497	0.6441	0.1869
369	conventional	60	19.0885	59	1	0	0.5470	0.5341	1.1695	0.6225
370	holistic	60	17.0041	55	4	1	0.9634	0.9041	1.1455	0.1821
370	conventional	60	19.6917	57	2	1	1.3292	1.2852	1.9649	0.6357
371	holistic	60	17.4652	58	2	0	0.7356	0.7111	0.9138	0.1782
371	conventional	60	19.7815	57	1	2	0.7106	0.7022	1.3509	0.6403
372	holistic	60	18.1765	60	0	0	0.9613	0.9613	1.1333	0.1720
372	conventional	60	17.4298	55	1	4	0.7631	0.7428	1.4000	0.6369
373	holistic	60	17.7287	57	2	1	0.8283	0.8014	1.0000	0.1717
373	conventional	60	16.9926	59	0	1	0.7911	0.7911	1.4237	0.6327
374	holistic	60	18.4279	58	2	0	0.9817	0.9491	1.1552	0.1734
374	conventional	60	14.1076	55	2	3	0.5425	0.5083	1.1818	0.6393
375	holistic	60	19.1535	58	2	0	1.0093	0.9757	1.1897	0.1803
375	conventional	60	14.9780	59	1	0	1.1521	1.1204	1.7797	0.6275
376	holistic	60	19.4612	58	0	2	1.1576	1.1576	1.3448	0.1873
376	conventional	60	15.3521	60	0	0	0.6241	0.6241	1.2500	0.6259
377	holistic	60	20.1990	59	1	0	1.0032	0.9877	1.1864	0.1832
377	conventional	60	16.0155	60	0	0	0.9134	0.9134	1.5333	0.6200
378	holistic	60	20.5194	58	1	1	0.9743	0.9578	1.1552	0.1809
378	conventional	60	15.5647	58	0	2	0.9294	0.9294	1.5517	0.6223
379	holistic	60	20.7709	59	1	0	0.5100	0.5015	0.6949	0.1849
379	conventional	60	15.5704	58	2	0	0.2842	0.2557	0.9138	0.6296
380	holistic	60	21.3315	58	2	0	0.8374	0.8106	1.0345	0.1971
380	conventional	60	16.1032	60	0	0	0.7828	0.7828	1.4167	0.6339
381	holistic	60	22.0133	59	1	0	0.9445	0.9318	1.1356	0.1911
381	conventional	60	14.7443	57	1	2	0.5166	0.5108	1.1404	0.6238
382	holistic	60	22.7572	59	1	0	1.0149	0.9939	1.2034	0.1885
382	conventional	60	15.0098	57	2	1	0.6686	0.6346	1.2982	0.6297
383	holistic	60	23.3026	60	0	0	0.7954	0.7954	0.9833	0.1879
383	conventional	60	14.6025	57	1	2	1.3542	1.3329	1.9825	0.6283
384	holistic	60	22.4525	58	1	1	0.7226	0.7139	0.9138	0.1912
384	conventional	60	15.9932	60	0	0	1.6408	1.6408	2.2667	0.6259
385	holistic	60	22.8365	60	0	0	0.6340	0.6340	0.8167	0.1826
385	conventional	60	16.1473	59	1	0	0.4088	0.4041	1.0339	0.6251
386	holistic	60	23.2364	58	2	0	0.6719	0.6498	0.8621	0.1901
386	conventional	60	16.2679	57	3	0	0.4031	0.3706	1.0175	0.6144
387	holistic	60	23.2121	58	0	2	0.9303	0.9303	1.1034	0.1731
387	conventional	60	16.8680	59	1	0	0.8679	0.8501	1.4915	0.6237
388	holistic	60	22.1736	54	2	4	0.6308	0.6084	0.8148	0.1840
388	conventional	60	16.9929	59	1	0	0.3886	0.3749	1.0169	0.6284
389	holistic	60	21.7163	58	0	2	0.4390	0.4390	0.6034	0.1644
389	conventional	60	17.4690	60	0	0	0.7261	0.7261	1.3500	0.6239
390	holistic	60	21.8770	58	2	0	0.4214	0.4108	0.5862	0.1648
390	conventional	60	17.3154	59	0	1	0.6769	0.6769	1.3051	0.6282
391	holistic	60	20.6933	57	1	2	0.5897	0.5808	0.7544	0.1647
391	conventional	60	17.3942	58	0	2	0.8417	0.8417	1.4655	0.6238
392	holistic	60	20.8461	53	6	1	1.1291	1.0127	1.2830	0.1539
392	conventional	60	17.0563	55	3	2	1.6494	1.5471	2.2727	0.6234
393	holistic	60	21.1953	58	2	0	0.6201	0.5993	0.7759	0.1557
393	conventional	60	17.8325	59	1	0	1.0563	1.0262	1.6780	0.6217
394	holistic	60	20.9162	55	3	2	0.7045	0.6667	0.8545	0.1500
394	conventional	60	17.6817	59	0	1	0.2769	0.2769	0.8983	0.6214
395	holistic	60	18.8965	56	1	3	0.6812	0.6694	0.8393	0.1580
395	conventional	60	18.1462	59	1	0	0.7305	0.7145	1.3729	0.6424
396	holistic	60	18.2902	53	5	2	0.6727	0.6153	0.8491	0.1764
396	conventional	60	18.3474	60	0	0	0.4512	0.4512	1.0833	0.6322
397	holistic	60	18.4643	56	3	1	0.6026	0.5726	0.7679	0.1652
397	conventional	60	18.8195	60	0	0	0.7221	0.7221	1.3500	0.6279
398	holistic	60	18.1868	55	3	2	0.7652	0.7218	0.9273	0.1620
398	conventional	60	17.7511	57	1	2	0.5591	0.5443	1.2105	0.6514
399	holistic	60	17.1570	56	2	2	0.5860	0.5637	0.7500	0.1640
399	conventional	60	17.6139	58	0	2	0.8943	0.8943	1.5345	0.6402
400	holistic	60	15.7224	55	3	2	0.9744	0.9219	1.1455	0.1711
400	conventional	60	18.1161	58	1	1	1.1257	1.0980	1.7586	0.6329
401	holistic	60	16.0668	57	2	1	1.1656	1.1245	1.3333	0.1677
401	conventional	60	18.7090	59	1	0	0.8584	0.8429	1.4915	0.6331
402	holistic	60	15.2301	59	0	1	0.7796	0.7796	0.9492	0.1696
402	conventional	60	18.2773	59	0	1	0.7156	0.7156	1.3559	0.6403
403	holistic	60	13.9710	59	0	1	0.0229	0.0229	0.1864	0.1636
403	conventional	60	18.2896	60	0	0	0.2623	0.2623	0.9000	0.6377
404	holistic	60	13.8368	56	2	2	1.2431	1.2022	1.4107	0.1676
404	conventional	60	18.0982	58	1	1	0.8971	0.8829	1.5345	0.6373
405	holistic	60	13.9367	57	2	1	0.8432	0.8157	1.0175	0.1744
405	conventional	60	17.9276	58	1	1	0.4157	0.3959	1.0517	0.6361
406	holistic	60	14.4267	59	1	0	0.7561	0.7401	0.9153	0.1591
406	conventional	60	17.4246	58	1	1	0.7438	0.7185	1.3793	0.6355
407	holistic	60	12.7327	56	2	2	0.6956	0.6716	0.8571	0.1616
407	conventional	60	17.5200	59	0	1	1.0051	1.0051	1.6441	0.6390
408	holistic	60	13.6480	59	1	0	1.1842	1.1653	1.3390	0.1548
408	conventional	60	18.4669	59	1	0	1.2301	1.1969	1.8644	0.6343
409	holistic	60	13.9444	58	1	1	0.7195	0.7073	0.8793	0.1598
409	conventional	60	18.9151	59	0	1	0.9203	0.9203	1.5424	0.6221
410	holistic	60	14.5908	60	0	0	0.8964	0.8964	1.0500	0.1536
410	conventional	60	18.3659	59	0	1	0.6568	0.6568	1.2881	0.6314
411	holistic	60	12.9983	56	2	2	0.5878	0.5675	0.7500	0.1622
411	conventional	60	17.4890	57	0	3	0.6681	0.6681	1.2982	0.6301
412	holistic	60	13.5529	59	1	0	0.8142	0.8047	0.9831	0.1688
412	conventional	60	18.1467	60	0	0	0.9078	0.9078	1.5333	0.6256
413	holistic	60	12.7449	58	0	2	0.7868	0.7868	0.9483	0.1615
413	conventional	60	16.1781	54	3	3	0.6414	0.6053	1.2593	0.6179
414	holistic	60	12.7264	59	0	1	0.6411	0.6411	0.7966	0.1555
414	conventional	60	16.5017	59	1	0	0.5854	0.5736	1.2034	0.6180
415	holistic	60	13.2976	57	3	0	0.8644	0.8212	1.0351	0.1707
415	conventional	60	17.0522	57	3	0	0.8395	0.8005	1.4561	0.6166
416	holistic	60	12.6734	58	1	1	0.8234	0.8095	1.0000	0.1766
416	conventional	60	17.0313	60	0	0	0.2290	0.2290	0.8500	0.6210
417	holistic	60	13.2997	60	0	0	0.8763	0.8763	1.0500	0.1737
417	conventional	60	17.4423	60	0	0	0.6611	0.6611	1.2833	0.6223
418	holistic	60	13.9937	60	0	0	0.9441	0.9441	1.1167	0.1726
418	conventional	60	18.0233	58	1	1	1.0839	1.0583	1.6897	0.6057
419	holistic	60	13.5825	59	0	1	0.6445	0.6445	0.8136	0.1691
419	conventional	60	17.3078	58	1	1	0.3909	0.3716	1.0172	0.6263
420	holistic	60	12.8445	58	0	2	1.0188	1.0188	1.1897	0.1709
420	conventional	60	18.3382	60	0	0	1.2803	1.2803	1.9000	0.6197
421	holistic	60	13.0660	58	0	2	0.9586	0.9586	1.1207	0.1621
421	conventional	60	18.4977	58	1	1	0.9959	0.9665	1.6207	0.6248
422	holistic	60	13.6519	60	0	0	0.8359	0.8359	1.0000	0.1641
422	conventional	60	18.1767	58	0	2	0.6267	0.6267	1.2414	0.6147
423	holistic	60	14.1539	59	1	0	0.7648	0.7520	0.9322	0.1674
423	conventional	60	18.3255	59	0	1	0.9233	0.9233	1.5424	0.6191
424	holistic	60	14.4501	59	1	0	0.5554	0.5461	0.7288	0.1735
424	conventional	60	18.3008	58	1	1	0.6238	0.6141	1.2414	0.6176
425	holistic	60	14.9604	59	1	0	0.7733	0.7604	0.9492	0.1759
425	conventional	60	19.1315	60	0	0	1.0807	1.0807	1.7000	0.6193
426	holistic	60	15.7142	58	1	1	1.0760	1.0564	1.2586	0.1826
426	conventional	60	18.8655	58	1	1	0.5871	0.5721	1.2069	0.6198
427	holistic	60	16.1189	60	0	0	0.6547	0.6547	0.8333	0.1786
427	conventional	60	18.1427	56	2	2	0.7999	0.7465	1.4107	0.6108
428	holistic	60	16.5618	59	0	1	1.0909	1.0909	1.2712	0.1803
428	conventional	60	16.5285	57	0	3	0.8825	0.8825	1.4912	0.6087
429	holistic	60	16.6309	59	0	1	0.7658	0.7658	0.9492	0.1834
429	conventional	60	16.9369	60	0	0	0.6583	0.6583	1.2833	0.6250
430	holistic	60	16.7302	58	1	1	0.7318	0.7232	0.9138	0.1820
430	conventional	60	16.7437	58	1	1	0.6487	0.6256	1.2759	0.6271
431	holistic	60	17.5707	59	1	0	1.1088	1.0905	1.2881	0.1793
431	conventional	60	16.9797	58	0	2	1.3879	1.3879	2.0172	0.6294
432	holistic	60	17.7675	58	2	0	0.4615	0.4468	0.6379	0.1764
432	conventional	60	15.7865	55	1	4	0.9321	0.9189	1.5636	0.6315
433	holistic	60	16.7398	58	0	2	0.6350	0.6350	0.8103	0.1754
433	conventional	60	16.2205	60	0	0	0.6840	0.6840	1.3167	0.6326
434	holistic	60	16.6127	57	2	1	0.8084	0.7811	0.9825	0.1741
434	conventional	60	13.8930	57	0	3	0.4597	0.4597	1.0877	0.6280
435	holistic	60	16.7868	59	0	1	1.1020	1.1020	1.2712	0.1692
435	conventional	60	15.0177	60	0	0	1.3747	1.3747	2.0167	0.6420
436	holistic	60	17.5890	58	2	0	1.0855	1.0522	1.2586	0.1731
436	conventional	60	16.1044	60	0	0	1.3367	1.3367	1.9667	0.6299
437	holistic	60	18.0136	59	0	1	0.8456	0.8456	1.0169	0.1713
437	conventional	60	16.7712	60	0	0	0.9167	0.9167	1.5500	0.6333
438	holistic	60	18.3391	58	2	0	0.5943	0.5755	0.7586	0.1644
438	conventional	60	16.5229	60	0	0	0.0017	0.0017	0.6333	0.6316
439	holistic	60	18.8052	59	1	0	0.7274	0.7161	0.8983	0.1709
439	conventional	60	16.5057	60	0	0	0.2328	0.2328	0.8667	0.6339
440	holistic	60	19.3909	58	2	0	0.8655	0.8357	1.0345	0.1690
440	conventional	60	16.7607	59	1	0	0.5173	0.5050	1.1525	0.6353
441	holistic	60	19.6481	59	0	1	1.1837	1.1837	1.3559	0.1722
441	conventional	60	17.5572	58	1	1	1.3490	1.3213	1.9655	0.6166
442	holistic	60	20.1314	59	1	0	0.7447	0.7333	0.9153	0.1706
442	conventional	60	16.8366	58	0	2	0.6576	0.6576	1.2931	0.6355
443	holistic	60	20.8630	59	1	0	0.9981	0.9816	1.1695	0.1713
443	conventional	60	17.1380	57	1	2	1.7363	1.6980	2.3684	0.6321
444	holistic	60	21.1791	59	1	0	0.5734	0.5662	0.7458	0.1724
444	conventional	60	17.2138	59	1	0	0.3293	0.3257	0.9661	0.6368
445	holistic	60	21.5355	60	0	0	0.6063	0.6063	0.7833	0.1770
445	conventional	60	17.2574	59	1	0	0.2956	0.2936	0.9322	0.6366
446	holistic	60	22.3412	59	1	0	1.0736	1.0558	1.2542	0.1806
446	conventional	60	16.3900	58	0	2	1.1046	1.1046	1.7414	0.6367
447	holistic	60	23.3271	59	1	0	1.2568	1.2359	1.4407	0.1838
447	conventional	60	17.0932	60	0	0	0.9531	0.9531	1.5833	0.6302
448	holistic	60	23.5110	58	0	2	0.8783	0.8783	1.0690	0.1906
448	conventional	60	17.3695	59	0	1	0.9810	0.9810	1.6271	0.6461
449	holistic	60	24.3439	60	0	0	1.0828	1.0828	1.2667	0.1838
449	conventional	60	17.6716	60	0	0	0.5521	0.5521	1.2000	0.6479
450	holistic	60	23.8717	59	0	1	0.9377	0.9377	1.1186	0.1810
450	conventional	60	17.8192	56	3	1	0.7005	0.6489	1.3393	0.6387
451	holistic	60	23.4920	59	0	1	0.7705	0.7705	0.9492	0.1787
451	conventional	60	18.9493	60	0	0	1.3800	1.3800	2.0167	0.6367
452	holistic	60	22.5855	57	1	2	1.0681	1.0496	1.2456	0.1776
452	conventional	60	17.4704	55	1	4	0.5685	0.5614	1.2000	0.6315
453	holistic	60	23.2275	60	0	0	0.8920	0.8920	1.0667	0.1746
453	conventional	60	18.0975	59	0	1	1.6715	1.6715	2.3051	0.6335
454	holistic	60	24.0393	59	1	0	1.0794	1.0617	1.2542	0.1748
454	conventional	60	19.0298	60	0	0	1.1823	1.1823	1.8167	0.6343
455	holistic	60	23.3304	55	2	3	1.1191	1.0793	1.2909	0.1718
455	conventional	60	18.3710	58	1	1	0.6633	0.6513	1.2931	0.6298
456	holistic	60	21.5861	57	0	3	1.1120	1.1120	1.2807	0.1687
456	conventional	60	19.9389	59	1	0	1.8549	1.8179	2.4746	0.6196
457	holistic	60	20.4740	58	0	2	0.6527	0.6527	0.8103	0.1576
457	conventional	60	20.5370	60	0	0	0.8480	0.8480	1.4833	0.6353
458	holistic	60	19.4821	56	0	4	0.8970	0.8970	1.0536	0.1566
458	conventional	60	20.1337	57	0	3	1.0832	1.0832	1.7193	0.6361
459	holistic	60	18.4589	55	3	2	0.8239	0.7820	0.9818	0.1579
459	conventional	60	20.0604	59	0	1	0.9135	0.9135	1.5593	0.6458
460	holistic	60	17.0938	57	0	3	0.6686	0.6686	0.8246	0.1560
460	conventional	60	20.0101	57	1	2	1.2216	1.2040	1.8596	0.6380
461	holistic	60	16.4000	58	0	2	1.1607	1.1607	1.3103	0.1496
461	conventional	60	20.5686	58	1	1	1.9237	1.8784	2.5517	0.6280
462	holistic	60	16.7684	58	2	0	0.6396	0.6184	0.7931	0.1535
462	conventional	60	19.7585	59	0	1	0.1328	0.1328	0.7627	0.6299
463	holistic	60	17.1366	56	3	1	0.9024	0.8587	1.0536	0.1511
463	conventional	60	20.0169	59	1	0	0.5172	0.5084	1.1525	0.6353
464	holistic	60	17.2602	56	2	2	0.8067	0.7806	0.9643	0.1575
464	conventional	60	20.5525	60	0	0	0.7856	0.7856	1.4167	0.6311
465	holistic	60	17.9398	59	0	1	1.0355	1.0355	1.1864	0.1509
465	conventional	60	19.3416	59	0	1	0.0230	0.0230	0.6610	0.6380
466	holistic	60	17.7225	58	1	1	0.8827	0.8677	1.0345	0.1518
466	conventional	60	19.5782	57	1	2	1.5726	1.5326	2.2105	0.6379
467	holistic	60	17.1968	58	1	1	0.4229	0.4162	0.5690	0.1461
467	conventional	60	19.8029	60	0	0	0.4747	0.4747	1.1000	0.6253
468	holistic	60	17.2593	56	3	1	0.9413	0.8946	1.0893	0.1480
468	conventional	60	21.2309	59	1	0	1.7033	1.6781	2.3390	0.6357
469	holistic	60	16.3994	57	1	2	0.8968	0.8814	1.0526	0.1559
469	conventional	60	21.5289	58	1	1	0.8690	0.8529	1.5000	0.6310
470	holistic	60	16.9546	60	0	0	0.8051	0.8051	0.9667	0.1616
470	conventional	60	20.6405	57	2	1	-0.1121	-0.1173	0.5263	0.6384
471	holistic	60	16.4114	57	1	2	0.8042	0.7903	0.9649	0.1607
471	conventional	60	21.5646	60	0	0	1.1741	1.1741	1.7833	0.6093
472	holistic	60	16.9622	59	1	0	0.8125	0.8008	0.9661	0.1536
472	conventional	60	22.0790	60	0	0	0.7644	0.7644	1.3833	0.6189
473	holistic	60	16.6151	59	0	1	0.6965	0.6965	0.8475	0.1510
473	conventional	60	21.4027	58	0	2	0.7977	0.7977	1.4138	0.6161
474	holistic	60	16.7675	54	5	1	0.7837	0.7141	0.9259	0.1422
474	conventional	60	20.5065	58	1	1	0.3544	0.3403	0.9828	0.6283
475	holistic	60	14.5725	55	2	3	1.0955	1.0581	1.2364	0.1408
475	conventional	60	19.2434	56	1	3	0.4602	0.4390	1.0893	0.6291
476	holistic	60	13.4130	58	1	1	0.5485	0.5397	0.6897	0.1411
476	conventional	60	20.4924	57	3	0	1.6017	1.4990	2.2281	0.6264
477	holistic	60	13.7859	58	2	0	0.6488	0.6229	0.7759	0.1271
477	conventional	60	20.9385	60	0	0	0.6960	0.6960	1.3167	0.6206
478	holistic	60	14.3116	57	3	0	0.8165	0.7757	0.9474	0.1308
478	conventional	60	21.3873	59	0	1	0.8334	0.8334	1.4576	0.6243
479	holistic	60	14.6268	57	3	0	0.5955	0.5651	0.7368	0.1414
479	conventional	60	20.5659	59	0	1	0.0126	0.0126	0.6441	0.6315
480	holistic	60	15.4189	60	0	0	1.0422	1.0422	1.1833	0.1412
480	conventional	60	21.8895	60	0	0	1.5735	1.5735	2.2000	0.6265
481	holistic	60	15.1463	58	1	1	0.7851	0.7744	0.9310	0.1459
481	conventional	60	21.5687	58	0	2	1.2690	1.2690	1.8966	0.6276
482	holistic	60	16.1577	60	0	0	1.2614	1.2614	1.4000	0.1386
482	conventional	60	21.4739	59	0	1	1.2240	1.2240	1.8644	0.6404
483	holistic	60	16.4176	59	0	1	1.1917	1.1917	1.3220	0.1303
483	conventional	60	21.8990	59	0	1	1.4170	1.4170	2.0339	0.6169
484	holistic	60	16.2586	58	1	1	0.7454	0.7336	0.8793	0.1339
484	conventional	60	21.5916	58	0	2	0.8934	0.8934	1.5172	0.6238
485	holistic	60	16.0516	57	2	1	0.8502	0.8214	1.0000	0.1498
485	conventional	60	22.6533	60	0	0	1.3117	1.3117	1.9333	0.6216
486	holistic	60	15.7144	59	0	1	0.5250	0.5250	0.6780	0.1529
486	conventional	60	22.9904	60	0	0	0.5871	0.5871	1.2167	0.6296
487	holistic	60	16.2857	57	3	0	0.8896	0.8213	1.0351	0.1455
487	conventional	60	21.7089	57	0	3	0.6270	0.6270	1.2456	0.6187
488	holistic	60	16.4889	60	0	0	0.4532	0.4532	0.6000	0.1468
488	conventional	60	19.9244	57	0	3	0.2946	0.2946	0.9123	0.6177
489	holistic	60	17.1186	58	2	0	0.9089	0.8797	1.0517	0.1428
489	conventional	60	20.4209	60	0	0	0.7466	0.7466	1.3667	0.6201
490	holistic	60	17.4744	60	0	0	0.6057	0.6057	0.7500	0.1442
490	conventional	60	19.5374	57	2	1	0.5220	0.5004	1.1404	0.6183
491	holistic	60	17.2205	57	2	1	0.7472	0.7220	0.8947	0.1475
491	conventional	60	19.4469	57	1	2	1.3828	1.3587	2.0000	0.6172
492	holistic	60	17.7474	58	2	0	0.8035	0.7769	0.9483	0.1448
492	conventional	60	16.5704	55	0	5	1.5737	1.5737	2.2000	0.6263
493	holistic	60	17.7683	57	1	2	1.0401	1.0174	1.1754	0.1353
493	conventional	60	17.6137	59	1	0	1.3143	1.2934	1.9322	0.6179
494	holistic	60	18.2843	59	0	1	1.4247	1.4247	1.5593	0.1346
494	conventional	60	17.5659	59	0	1	1.0859	1.0859	1.7119	0.6259
495	holistic	60	18.8013	58	1	1	1.2801	1.2585	1.4138	0.1337
495	conventional	60	17.7728	59	1	0	0.4653	0.4569	1.0847	0.6194
496	holistic	60	19.1222	58	1	1	0.8645	0.8499	1.0000	0.1355
496	conventional	60	18.1413	60	0	0	0.6185	0.6185	1.2333	0.6149
497	holistic	60	18.8544	58	1	1	1.3308	1.3082	1.4655	0.1347
497	conventional	60	18.7754	60	0	0	0.8842	0.8842	1.5000	0.6158
498	holistic	60	18.7993	58	1	1	1.0386	1.0210	1.1724	0.1339
498	conventional	60	19.7602	59	1	0	1.2659	1.2348	1.8814	0.6155
499	holistic	60	19.6009	59	1	0	1.0694	1.0516	1.2034	0.1339
499	conventional	60	20.7261	60	0	0	1.2159	1.2159	1.8333	0.6175
500	holistic	60	20.3620	58	1	1	1.1645	1.1454	1.2931	0.1286
500	conventional	60	21.2822	59	0	1	1.3426	1.3426	1.9661	0.6235
501	holistic	60	20.7794	56	3	1	1.2219	1.1532	1.3393	0.1174
501	conventional	60	20.9783	58	0	2	1.6116	1.6116	2.2414	0.6298
502	holistic	60	21.3942	60	0	0	0.8647	0.8647	0.9833	0.1186
502	conventional	60	21.7943	59	0	1	1.1766	1.1766	1.7966	0.6200
503	holistic	60	21.7588	60	0	0	0.6146	0.6146	0.7333	0.1187
503	conventional	60	21.9001	59	0	1	1.0835	1.0835	1.7119	0.6284
504	holistic	60	21.8227	58	1	1	1.1457	1.1263	1.2586	0.1129
504	conventional	60	21.7419	58	1	1	0.6335	0.6180	1.2759	0.6423
505	holistic	60	22.9115	59	1	0	1.3614	1.3388	1.4746	0.1132
505	conventional	60	22.2225	59	0	1	1.6124	1.6124	2.2373	0.6249
506	holistic	60	23.0311	59	0	1	0.8367	0.8367	0.9492	0.1125
506	conventional	60	22.3342	60	0	0	0.3617	0.3617	0.9833	0.6216
507	holistic	60	23.3007	59	0	1	1.0246	1.0246	1.1356	0.1110
507	conventional	60	23.5810	60	0	0	1.4968	1.4968	2.1167	0.6199
508	holistic	60	24.2362	60	0	0	1.1854	1.1854	1.3000	0.1145
508	conventional	60	23.2876	58	1	1	0.7836	0.7666	1.4138	0.6302
509	holistic	60	24.8076	60	0	0	0.8214	0.8214	0.9333	0.1119
509	conventional	60	24.2772	60	0	0	1.2397	1.2397	1.8667	0.6270
510	holistic	60	25.9092	60	0	0	1.3517	1.3517	1.4667	0.1150
510	conventional	60	24.3937	57	1	2	1.5525	1.5284	2.1754	0.6230
511	holistic	60	26.6454	60	0	0	0.9862	0.9862	1.1000	0.1138
511	conventional	60	25.1460	60	0	0	1.0022	1.0022	1.6333	0.6311
512	holistic	60	25.7763	58	0	2	0.9412	0.9412	1.0517	0.1105
512	conventional	60	22.9720	55	1	4	0.9788	0.9624	1.6000	0.6212
513	holistic	60	26.6139	60	0	0	1.0876	1.0876	1.2000	0.1124
513	conventional	60	22.9928	57	2	1	0.9898	0.9328	1.6140	0.6242
514	holistic	60	27.2176	59	0	1	1.3280	1.3280	1.4407	0.1126
514	conventional	60	24.0301	60	0	0	1.2873	1.2872	1.9167	0.6294
515	holistic	60	26.3828	58	0	2	0.9714	0.9714	1.0862	0.1148
515	conventional	60	22.4802	57	1	2	0.5696	0.5479	1.1930	0.6234
516	holistic	60	25.1699	58	0	2	0.6785	0.6785	0.7931	0.1146
516	conventional	60	21.3194	59	0	1	0.1922	0.1922	0.8136	0.6214
517	holistic	60	24.5897	58	0	2	0.9510	0.9510	1.0690	0.1180
517	conventional	60	21.5989	60	0	0	0.5295	0.5295	1.1500	0.6205
518	holistic	60	23.9539	58	0	2	1.0550	1.0550	1.1724	0.1174
518	conventional	60	19.9313	57	1	2	0.5003	0.4943	1.1228	0.6225
519	holistic	60	22.4019	57	0	3	1.2020	1.2020	1.3158	0.1138
519	conventional	60	20.2422	59	0	1	1.4117	1.4117	2.0339	0.6222
520	holistic	60	22.2706	59	0	1	0.6863	0.6863	0.7966	0.1103
520	conventional	60	18.9602	58	0	2	0.0158	0.0158	0.6379	0.6221
521	holistic	60	20.7821	57	1	2	1.0924	1.0735	1.2105	0.1181
521	conventional	60	19.1258	59	0	1	0.9333	0.9333	1.5593	0.6260
522	holistic	60	20.3267	59	0	1	0.8457	0.8457	0.9661	0.1204
522	conventional	60	19.6124	59	0	1	1.4004	1.4004	2.0169	0.6165
523	holistic	60	19.8352	57	1	2	1.0841	1.0655	1.2105	0.1264
523	conventional	60	20.4913	59	0	1	1.6974	1.6974	2.3220	0.6247
524	holistic	60	19.8562	58	1	1	0.7750	0.7660	0.8966	0.1215
524	conventional	60	21.7929	60	0	0	1.5515	1.5515	2.1667	0.6151
525	holistic	60	20.7874	59	1	0	1.2027	1.1812	1.3220	0.1193
525	conventional	60	22.9550	59	1	0	1.4413	1.4122	2.0508	0.6095
526	holistic	60	21.2043	60	0	0	0.6669	0.6669	0.7833	0.1165
526	conventional	60	22.6141	59	0	1	0.8086	0.8086	1.4407	0.6321
527	holistic	60	20.9239	58	1	1	0.8118	0.8019	0.9310	0.1193
527	conventional	60	23.5799	60	0	0	1.2157	1.2157	1.8500	0.6343
528	holistic	60	21.0065	59	0	1	1.1519	1.1519	1.2712	0.1193
528	conventional	60	24.9069	59	1	0	1.6081	1.5770	2.2373	0.6292
529	holistic	60	20.7621	59	0	1	1.0137	1.0137	1.1356	0.1219
529	conventional	60	24.1660	59	0	1	0.1581	0.1581	0.7797	0.6216
530	holistic	60	21.2917	60	0	0	0.7796	0.7796	0.9000	0.1204
530	conventional	60	24.4260	57	1	2	1.6175	1.5900	2.2456	0.6281
531	holistic	60	21.4568	58	1	1	1.1011	1.0825	1.2241	0.1231
531	conventional	60	25.0220	60	0	0	0.8460	0.8460	1.4833	0.6373
532	holistic	60	22.1859	60	0	0	0.9791	0.9791	1.1000	0.1209
532	conventional	60	26.3913	60	0	0	1.6193	1.6193	2.2500	0.6307
533	holistic	60	23.5152	60	0	0	1.5793	1.5793	1.7000	0.1207
533	conventional	60	26.2764	58	0	2	1.3196	1.3196	1.9483	0.6287
534	holistic	60	22.1650	57	0	3	0.8441	0.8441	0.9649	0.1208
534	conventional	60	26.5336	60	0	0	0.5072	0.5072	1.1333	0.6262
535	holistic	60	21.7330	58	1	1	0.6692	0.6578	0.7931	0.1239
535	conventional	60	24.9759	57	1	2	0.6723	0.6647	1.2982	0.6259
536	holistic	60	21.1849	59	0	1	0.7637	0.7637	0.8983	0.1346
536	conventional	60	23.4554	57	0	3	0.9835	0.9835	1.6140	0.6306
537	holistic	60	21.0362	59	0	1	0.9641	0.9641	1.1017	0.1376
537	conventional	60	24.5435	60	0	0	1.3381	1.3381	1.9667	0.6285
538	holistic	60	19.9176	56	1	3	1.1416	1.1184	1.2679	0.1262
538	conventional	60	25.6058	59	1	0	1.3428	1.3123	1.9661	0.6233
539	holistic	60	18.4628	57	0	3	1.0941	1.0941	1.2105	0.1164
539	conventional	60	25.9656	59	0	1	1.1463	1.1463	1.7797	0.6334
540	holistic	60	19.3668	60	0	0	1.1541	1.1541	1.2667	0.1126
540	conventional	60	27.2676	60	0	0	1.5520	1.5520	2.1667	0.6147
541	holistic	60	19.5997	59	1	0	0.4911	0.4829	0.6102	0.1191
541	conventional	60	25.4270	58	0	2	0.4712	0.4712	1.1034	0.6323
542	holistic	60	20.1343	57	3	0	0.8258	0.7846	0.9474	0.1216
542	conventional	60	26.0302	59	0	1	1.1981	1.1981	1.8305	0.6324
543	holistic	60	20.5666	58	2	0	0.7047	0.6822	0.8276	0.1229
543	conventional	60	27.0111	60	0	0	1.2309	1.2309	1.8667	0.6358
544	holistic	60	20.2523	59	0	1	0.7059	0.7059	0.8305	0.1246
544	conventional	60	26.2027	58	0	2	1.0692	1.0692	1.7069	0.6377
545	holistic	60	20.1329	58	1	1	0.7942	0.7773	0.9138	0.1196
545	conventional	60	26.9333	60	0	0	0.9806	0.9806	1.6167	0.6360
546	holistic	60	21.2157	58	2	0	1.3764	1.3328	1.5000	0.1236
546	conventional	60	28.2635	60	0	0	1.5802	1.5802	2.2167	0.6365
547	holistic	60	22.1928	60	0	0	1.2271	1.2271	1.3500	0.1229
547	conventional	60	26.7491	57	0	3	1.5007	1.5007	2.1404	0.6397
548	holistic	60	22.9674	59	1	0	1.0418	1.0246	1.1695	0.1277
548	conventional	60	25.4285	58	0	2	0.9003	0.9003	1.5345	0.6341
549	holistic	60	22.4069	57	1	2	1.0546	1.0379	1.1754	0.1208
549	conventional	60	26.4288	60	0	0	1.2502	1.2502	1.9000	0.6498
550	holistic	60	23.5000	60	0	0	1.3431	1.3431	1.4667	0.1236
550	conventional	60	25.7817	58	0	2	1.4943	1.4943	2.1379	0.6436
551	holistic	60	23.1084	58	0	2	1.0296	1.0296	1.1552	0.1256
551	conventional	60	26.3445	59	0	1	1.6690	1.6690	2.3051	0.6360
552	holistic	60	22.7031	58	1	1	0.5463	0.5371	0.6724	0.1261
552	conventional	60	23.8996	55	0	5	1.3226	1.3226	1.9636	0.6410
553	holistic	60	21.4209	57	1	2	1.0693	1.0508	1.1930	0.1237
553	conventional	60	24.5129	59	0	1	1.2227	1.2227	1.8475	0.6247
554	holistic	60	22.0476	60	0	0	0.8767	0.8767	1.0000	0.1233
554	conventional	60	24.1005	59	0	1	1.1514	1.1514	1.7797	0.6282
555	holistic	60	21.7724	58	1	1	0.8385	0.8249	0.9655	0.1270
555	conventional	60	23.6738	59	0	1	0.4599	0.4599	1.1017	0.6418
556	holistic	60	21.6213	59	0	1	0.8836	0.8836	1.0169	0.1333
556	conventional	60	24.9808	59	1	0	1.5855	1.5569	2.2203	0.6349
557	holistic	60	22.3339	57	3	0	1.0116	0.9626	1.1404	0.1287
557	conventional	60	25.8958	60	0	0	1.1651	1.1651	1.8000	0.6349
558	holistic	60	21.5659	58	0	2	0.9434	0.9434	1.0690	0.1256
558	conventional	60	25.5397	59	0	1	0.2482	0.2482	0.8814	0.6331
559	holistic	60	22.2453	59	0	1	1.1780	1.1780	1.3051	0.1271
559	conventional	60	26.3971	60	0	0	1.1073	1.1073	1.7500	0.6427
560	holistic	60	22.5002	58	1	1	0.7494	0.7381	0.8793	0.1299
560	conventional	60	25.7419	58	1	1	0.7729	0.7502	1.3966	0.6237
561	holistic	60	20.8530	56	1	3	1.0472	1.0310	1.1786	0.1314
561	conventional	60	25.2713	58	1	1	0.7575	0.7372	1.3966	0.6391
562	holistic	60	21.6844	59	1	0	1.0997	1.0814	1.2373	0.1375
562	conventional	60	25.4990	59	0	1	1.4722	1.4722	2.1017	0.6295
563	holistic	60	22.6182	58	2	0	1.2284	1.1838	1.3621	0.1337
563	conventional	60	24.6667	59	0	1	0.2595	0.2595	0.8814	0.6218
564	holistic	60	22.2487	58	0	2	1.0663	1.0663	1.2069	0.1406
564	conventional	60	23.9268	58	0	2	0.9549	0.9549	1.5862	0.6313
565	holistic	60	22.4063	59	0	1	1.0623	1.0623	1.2034	0.1411
565	conventional	60	25.1749	59	1	0	1.5362	1.4981	2.1695	0.6333
566	holistic	60	21.9754	58	1	1	0.7228	0.7139	0.8621	0.1393
566	conventional	60	25.9305	59	1	0	1.0279	1.0057	1.6610	0.6331
567	holistic	60	21.5188	57	2	1	0.9042	0.8746	1.0351	0.1309
567	conventional	60	26.4166	60	0	0	0.7361	0.7361	1.3667	0.6306
568	holistic	60	22.3682	60	0	0	1.0993	1.0993	1.2333	0.1340
568	conventional	60	26.5913	59	0	1	1.2142	1.2142	1.8475	0.6332
569	holistic	60	23.1011	58	2	0	1.0195	0.9830	1.1552	0.1357
569	conventional	60	27.1217	59	1	0	0.8064	0.7804	1.4407	0.6343
570	holistic	60	23.6253	57	3	0	0.8138	0.7741	0.9474	0.1336
570	conventional	60	26.1432	59	0	1	0.3517	0.3517	0.9831	0.6314
571	holistic	60	23.9535	60	0	0	0.5782	0.5782	0.7167	0.1384
571	conventional	60	27.6786	59	1	0	1.8138	1.7855	2.4407	0.6269
572	holistic	60	22.9746	57	1	2	1.0780	1.0589	1.2105	0.1326
572	conventional	60	24.3481	56	0	4	0.4492	0.4492	1.0893	0.6401
573	holistic	60	23.7799	60	0	0	1.0553	1.0553	1.1833	0.1281
573	conventional	60	22.5758	58	0	2	0.6319	0.6319	1.2586	0.6267
574	holistic	60	24.1802	59	0	1	0.9702	0.9702	1.1017	0.1315
574	conventional	60	23.6858	60	0	0	1.3600	1.3600	1.9833	0.6233
575	holistic	60	22.9076	58	0	2	0.9793	0.9793	1.1034	0.1242
575	conventional	60	24.4108	58	0	2	1.7729	1.7729	2.3966	0.6237
576	holistic	60	22.7847	57	1	2	1.0617	1.0437	1.1930	0.1312
576	conventional	60	24.5094	59	0	1	1.1447	1.1447	1.7627	0.6180
577	holistic	60	22.5605	59	0	1	1.0546	1.0546	1.1864	0.1318
577	conventional	60	25.0496	60	0	0	0.7903	0.7903	1.4167	0.6264
578	holistic	60	21.9224	58	1	1	0.9868	0.9703	1.1207	0.1339
578	conventional	60	22.2788	57	0	3	0.9808	0.9808	1.5965	0.6157
579	holistic	60	21.9723	59	0	1	0.7143	0.7143	0.8475	0.1332
579	conventional	60	22.4552	59	0	1	1.3767	1.3767	2.0000	0.6233
580	holistic	60	22.9070	60	0	0	1.1847	1.1847	1.3167	0.1320
580	conventional	60	21.1733	58	0	2	0.9768	0.9768	1.6034	0.6266
581	holistic	60	21.0260	57	0	3	1.0086	1.0086	1.1404	0.1318
581	conventional	60	21.0345	59	0	1	0.8903	0.8903	1.5085	0.6182
582	holistic	60	20.9670	59	0	1	0.7410	0.7410	0.8644	0.1234
582	conventional	60	21.0880	58	2	0	0.3289	0.3035	0.9483	0.6194
583	holistic	60	19.4406	57	0	3	1.0487	1.0487	1.1754	0.1268
583	conventional	60	22.2634	58	2	0	1.4830	1.4254	2.1034	0.6204
584	holistic	60	17.5479	58	0	2	0.9224	0.9224	1.0517	0.1293
584	conventional	60	22.3711	60	0	0	0.3577	0.3577	0.9833	0.6257
585	holistic	60	17.4901	58	1	1	1.2559	1.2346	1.3793	0.1235
585	conventional	60	22.8952	59	0	1	1.4313	1.4313	2.0508	0.6196
586	holistic	60	17.8692	59	1	0	0.6394	0.6290	0.7627	0.1233
586	conventional	60	23.5857	58	1	1	1.8177	1.7843	2.4483	0.6305
587	holistic	60	17.9702	58	1	1	0.7922	0.7789	0.9138	0.1216
587	conventional	60	24.1027	60	0	0	0.7669	0.7669	1.3833	0.6164
588	holistic	60	18.1371	57	2	1	0.9933	0.9598	1.1228	0.1295
588	conventional	60	25.1417	60	0	0	1.2891	1.2891	1.9167	0.6276
589	holistic	60	18.3468	57	2	1	0.9705	0.9420	1.1053	0.1348
589	conventional	60	24.3288	59	0	1	0.3372	0.3372	0.9661	0.6289
590	holistic	60	19.3786	60	0	0	1.2818	1.2818	1.4167	0.1349
590	conventional	60	22.4968	56	1	3	1.1889	1.1684	1.8214	0.6325
591	holistic	60	19.4276	58	1	1	0.9440	0.9222	1.0690	0.1250
591	conventional	60	23.7424	60	0	0	1.4955	1.4955	2.1333	0.6378
592	holistic	60	20.6003	60	0	0	1.4227	1.4227	1.5500	0.1273
592	conventional	60	25.1380	59	1	0	1.6715	1.6456	2.3051	0.6336
593	holistic	60	21.5249	59	1	0	1.1945	1.1746	1.3220	0.1275
593	conventional	60	26.5627	60	0	0	1.6747	1.6747	2.3167	0.6419
594	holistic	60	20.3441	57	1	2	0.7319	0.7193	0.8596	0.1277
594	conventional	60	27.3784	59	1	0	1.0910	1.0657	1.7288	0.6378
595	holistic	60	19.3588	57	1	2	0.6124	0.6018	0.7368	0.1244
595	conventional	60	24.9844	57	0	3	0.7213	0.7213	1.3509	0.6295
596	holistic	60	20.2892	59	1	0	1.2000	1.1804	1.3390	0.1390
596	conventional	60	22.9933	56	1	3	0.5776	0.5701	1.2143	0.6367
597	holistic	60	20.9082	60	0	0	0.8690	0.8690	1.0000	0.1310
597	conventional	60	23.2805	58	2	0	0.5663	0.5372	1.2069	0.6406
598	holistic	60	21.3095	57	2	1	1.3381	1.2941	1.4737	0.1356
598	conventional	60	23.2753	59	0	1	1.2098	1.2098	1.8475	0.6376
599	holistic	60	21.2574	59	0	1	0.8418	0.8418	0.9831	0.1413
599	conventional	60	22.7979	58	1	1	0.9816	0.9685	1.6207	0.6391
