season	population	alive	births	deaths	mean_lifetime_score	best_lifetime_score	mean_age	max_age
0	holistic	60	3	3	0.10906514269865085	3.698794267333398	29.2	57
0	conventional	60	0	0	0.044737091966246346	2.5660661797402233	26.333333333333332	59
1	holistic	60	0	0	0.17052382307910469	4.762103095036325	30.2	58
1	conventional	60	1	1	0.10751516258827162	2.691724586522486	26.333333333333332	59
2	holistic	60	0	0	0.148475164534482	2.9333263760315185	31.2	59
2	conventional	60	5	5	0.06996197701831801	1.8510847979717433	24.25	59
3	holistic	60	1	1	0.13032804290809766	2.683302635219239	31.2	59
3	conventional	60	12	12	0.14129643990710186	1.601426186810688	20.4	57
4	holistic	60	2	2	0.1212766074863913	2.533026153262343	31.133333333333333	59
4	conventional	60	6	6	0.28399138869654517	1.6327512215903717	18.85	58
5	holistic	60	1	1	0.11329920838420969	2.599863929208578	31.133333333333333	58
5	conventional	60	6	6	0.4380517092665909	2.5957357841151483	19.216666666666665	59
6	holistic	60	0	0	0.09681296032827803	2.2188439593229106	32.13333333333333	59
6	conventional	60	7	7	0.38792957480843515	1.4876370806044337	17.083333333333332	56
7	holistic	60	3	3	0.09229033293166412	1.9325259255249234	31.316666666666666	59
7	conventional	60	6	6	0.4699300924564292	3.474628551635743	14.816666666666666	57
8	holistic	60	4	4	0.09993061638946932	2.0438829333749835	30.933333333333334	59
8	conventional	60	6	6	0.4806465069584081	2.4633450048537178	15.066666666666666	58
9	holistic	59	4	5	0.15340502683059193	1.9376451509319608	29.11864406779661	59
9	conventional	60	7	7	0.4846979448814468	2.52654168905354	14.566666666666666	59
10	holistic	60	4	3	0.17110296370684916	2.1142774200046786	27.8	59
10	conventional	60	9	9	0.48101705505336173	2.5602438363753306	13.666666666666666	58
11	holistic	33	7	34	0.5229245941736128	3.074637836219709	14.06060606060606	55
11	conventional	60	3	3	0.6309368619269696	4.241876425052334	14.566666666666666	59
12	holistic	42	10	1	0.5160563524387615	2.4253062128177136	10.619047619047619	56
12	conventional	60	3	3	0.6559627027808902	2.745655210566487	13.55	54
13	holistic	50	11	3	0.4560971767398859	2.5911939592049467	7.54	57
13	conventional	60	5	5	0.545433639454051	1.8895735202582102	13.45	55
14	holistic	60	11	1	0.4881621886075052	3.2662061206195427	7.05	58
14	conventional	60	4	4	0.5785673887617749	2.0903527027824866	14.283333333333333	56
15	holistic	60	9	9	0.5048784305261876	2.7212553428520656	6.6	59
15	conventional	60	4	4	0.6424274130483217	3.54113206010266	14.55	57
16	holistic	60	9	9	0.5519259655372777	2.7602068583424493	5.666666666666667	44
16	conventional	60	2	2	0.6110495209466419	1.813183112194285	15.383333333333333	58
17	holistic	60	7	7	0.7996041994188318	4.699550356172389	6.116666666666666	45
17	conventional	60	2	2	0.544666037210002	1.858676027320152	16.316666666666666	59
18	holistic	60	5	5	0.861655009817067	3.319256974538062	5.75	39
18	conventional	60	3	3	0.5617868254977583	1.7249207722854987	16.25	58
19	holistic	60	2	2	0.8471931613861144	2.816030170440653	6.633333333333334	40
19	conventional	60	3	3	0.5726523230069145	1.6645690320544813	16.666666666666668	59
20	holistic	60	2	2	0.9335491062102584	2.2672484596433287	7.516666666666667	41
20	conventional	60	3	3	0.6078076802024963	2.661776130549532	16.533333333333335	51
21	holistic	60	6	6	0.9999199139466657	2.4819114170892442	7.966666666666667	42
21	conventional	60	3	3	0.5604097114951968	1.6885040610891728	16.683333333333334	52
22	holistic	60	2	2	1.0229171592921589	2.653869041591692	8.833333333333334	43
22	conventional	60	4	4	0.5828019236120301	1.993144289049499	16.816666666666666	53
23	holistic	60	1	1	1.0641062611000087	2.535775461895446	9.766666666666667	44
23	conventional	60	3	3	0.6481602797955422	1.9111723367930233	16.483333333333334	54
24	holistic	60	0	0	1.0367322435831359	2.5705388283336226	10.766666666666667	45
24	conventional	60	4	4	0.57013582822551	1.5615344961349145	16.45	55
25	holistic	60	3	3	1.020930802496884	2.598244379667518	11.566666666666666	46
25	conventional	60	2	2	0.5534551471726743	1.5452076437633713	17.3	56
26	holistic	60	2	2	1.0482162298627196	2.5209330233246074	12.45	47
26	conventional	60	3	3	0.6043685455071617	1.506465732501387	17.9	57
27	holistic	60	1	1	1.0997608577440043	4.688007389410732	13.416666666666666	48
27	conventional	60	3	3	0.5802741665046285	1.4069904957686128	18.25	58
28	holistic	60	0	0	1.0666317674276022	2.6856607052954176	14.416666666666666	49
28	conventional	60	0	0	0.626980088451531	1.7693292488531303	19.25	59
29	holistic	60	2	2	1.061941199757654	2.3573138550054655	15.316666666666666	50
29	conventional	60	4	4	0.637644192273082	1.8647156523535469	18.983333333333334	58
30	holistic	60	1	1	1.0454761617032178	2.3725614733574365	16.25	51
30	conventional	60	2	2	0.6732310439183191	1.704052302192267	19.866666666666667	59
31	holistic	60	2	2	1.0454404599475073	2.340400430279259	16.95	52
31	conventional	60	4	4	0.6532201377662318	1.776860996322664	19.3	56
32	holistic	60	1	1	1.0750816447435017	2.3552821063991236	17.75	53
32	conventional	60	1	1	0.6944759046499765	1.75197144884321	20.266666666666666	57
33	holistic	60	1	1	1.1212984309810152	2.910068926515159	18.2	54
33	conventional	60	5	5	0.6606811314043292	1.7293340688194074	19.816666666666666	57
34	holistic	60	1	1	1.112675700367948	2.9144595697965685	19.133333333333333	55
34	conventional	60	0	0	0.6030811391204157	1.6673543965118531	20.816666666666666	58
35	holistic	60	0	0	1.125548591390915	2.9126809231081503	20.133333333333333	56
35	conventional	60	3	3	0.6466735742615003	1.609997261591366	21.033333333333335	59
36	holistic	60	1	1	1.1004421277956569	2.41362645113541	20.95	57
36	conventional	60	7	7	0.6121874017687534	1.5186485851170004	19.8	59
37	holistic	60	1	1	1.0804313249709838	2.2401404934842044	21.883333333333333	58
37	conventional	60	2	2	0.5731386160254879	1.4346392518870827	19.783333333333335	55
38	holistic	60	1	1	1.1289558616262099	2.7351184586588335	22.816666666666666	59
38	conventional	60	6	6	0.6189918043735639	1.5299033972768465	19.816666666666666	56
39	holistic	60	2	2	1.1160045750449512	2.2203250158892853	22.766666666666666	57
39	conventional	60	0	0	0.685358223424328	2.5146990763003063	20.816666666666666	57
40	holistic	60	0	0	1.1627985680340778	2.7822312981499695	23.766666666666666	58
40	conventional	60	0	0	0.6794179549882085	1.8345083822068498	21.816666666666666	58
41	holistic	60	0	0	1.1644136446158635	2.78816421466	24.766666666666666	59
41	conventional	60	2	2	0.6542200906001236	1.4412734033799344	22.716666666666665	59
42	holistic	60	1	1	1.1126115456408716	2.116011185833395	24.766666666666666	46
42	conventional	60	1	1	0.6738779819488343	1.4661441331403102	22.716666666666665	59
43	holistic	60	0	0	1.1141115413136988	2.1167755933094883	25.766666666666666	47
43	conventional	60	1	1	0.6493411006834514	1.4594535229046	22.716666666666665	41
44	holistic	60	0	0	1.1281877201994832	2.10592922256386	26.766666666666666	48
44	conventional	60	0	0	0.6713035922232001	1.4531016634571687	23.716666666666665	42
45	holistic	60	0	0	1.146133064294953	2.162344854098033	27.766666666666666	49
45	conventional	60	1	1	0.6551117635108972	1.4462623151362284	24.666666666666668	43
46	holistic	60	0	0	1.129731560125336	2.1424840526592375	28.766666666666666	50
46	conventional	60	0	0	0.6460963977189981	1.4125680128467955	25.666666666666668	44
47	holistic	60	0	0	1.1210842393030356	2.101040452893572	29.766666666666666	51
47	conventional	60	1	1	0.6591073005036464	1.9049496523010885	26.516666666666666	45
48	holistic	60	0	0	1.1165132046179322	2.121204408945818	30.766666666666666	52
48	conventional	60	1	1	0.676010163492048	2.860719181952267	27.4	46
49	holistic	60	0	0	1.117797014471681	2.0823782809853157	31.766666666666666	53
49	conventional	60	1	1	0.6199179847806484	1.3607972406003006	28.216666666666665	47
50	holistic	60	0	0	1.1256987470341786	2.045954416085945	32.766666666666666	54
50	conventional	60	1	1	0.6497068306388406	1.5133934371276814	29.183333333333334	48
51	holistic	60	0	0	1.1301426618318213	2.0924030063373245	33.766666666666666	55
51	conventional	60	0	0	0.6370132144698338	1.342516057563027	30.183333333333334	49
52	holistic	60	0	0	1.1345009660988619	2.109856315028565	34.766666666666666	56
52	conventional	60	0	0	0.6414707753883054	1.3177196686184116	31.183333333333334	50
53	holistic	60	0	0	1.1514232256753194	2.101033466566669	35.766666666666666	57
53	conventional	60	0	0	0.6588006276029078	1.3855661245536117	32.18333333333333	51
54	holistic	60	1	1	1.1398585561899146	2.0427445021820576	36.5	58
54	conventional	60	0	0	0.6568982499543371	1.3996639357506635	33.18333333333333	52
55	holistic	60	0	0	1.144279929460305	2.0361618087932696	37.5	59
55	conventional	60	0	0	0.6498252626182504	1.3989786127022563	34.18333333333333	53
56	holistic	60	1	1	1.1394101403554988	2.029711500484763	37.5	56
56	conventional	60	2	2	0.6426959204087738	1.288179423348246	34.78333333333333	54
57	holistic	60	0	0	1.133169224574474	2.000230796053803	38.5	57
57	conventional	60	0	0	0.6611093637199783	1.2871829288007381	35.78333333333333	55
58	holistic	60	1	1	1.1308385330108246	2.040332666410052	39.43333333333333	58
58	conventional	60	1	1	0.6879061011148856	1.6211127197647124	36.75	56
59	holistic	60	0	0	1.1191737182720436	2.012251340555163	40.43333333333333	59
59	conventional	60	1	1	0.6636747383423766	1.5785945697771275	37.35	57
60	holistic	60	3	3	1.0940772278729018	1.9852416201268088	40.333333333333336	52
60	conventional	60	1	1	0.6857728691334827	1.648368722798343	38.31666666666667	58
61	holistic	60	0	0	1.1609886253573136	2.7849601818538674	41.333333333333336	53
61	conventional	60	0	0	0.7004512811549759	1.6523806074123053	39.31666666666667	59
62	holistic	60	0	0	1.1259519358154502	1.9344075657411042	42.333333333333336	54
62	conventional	60	1	1	0.660634580993317	1.5266869707460322	39.31666666666667	59
63	holistic	60	0	0	1.11042159335344	1.8902080505208148	43.333333333333336	55
63	conventional	60	1	1	0.7021046041934658	3.4712688620139884	39.31666666666667	59
64	holistic	60	2	2	1.0997828083133259	1.9477562578346521	43.416666666666664	56
64	conventional	60	4	4	0.658709255983775	2.9693057557652636	36.93333333333333	59
65	holistic	60	0	0	1.1089902193488763	1.94430363873388	44.416666666666664	57
65	conventional	60	5	5	0.6788964163327642	3.805972913824229	34.833333333333336	59
66	holistic	60	0	0	1.1300954686119133	1.9216225665524969	45.416666666666664	58
66	conventional	60	4	4	0.665722741692148	3.246605759970582	31.833333333333332	59
67	holistic	60	0	0	1.1325916083351186	1.9378135608016203	46.416666666666664	59
67	conventional	60	6	6	0.6346650498012621	2.2590896751338208	29.733333333333334	59
68	holistic	60	3	3	1.0993440583646257	1.9250219152209764	45.35	59
68	conventional	60	3	3	0.6194018850876297	2.624167421107989	28.683333333333334	59
69	holistic	60	3	3	1.0786988815784109	2.281959438373433	43.35	59
69	conventional	60	3	3	0.7222619884514312	2.869822744610419	28.633333333333333	59
70	holistic	60	3	3	1.0042907847571898	2.0169919964461616	41.35	59
70	conventional	60	3	3	0.732658569979974	3.2466176946281315	26.633333333333333	59
71	holistic	60	3	3	0.9881483795454578	1.8727516389245753	40.3	59
71	conventional	60	4	4	0.752800849127731	4.50105074653744	25.783333333333335	58
72	holistic	60	4	4	1.0121850985121286	2.6965513435188675	37.3	59
72	conventional	60	2	2	0.7556533936092271	2.4863702574755715	26.7	59
73	holistic	60	4	4	0.9803098372760917	2.2413258506166795	35.233333333333334	59
73	conventional	60	3	3	0.7541608818258364	2.3530288003415136	25.583333333333332	59
74	holistic	60	6	6	1.0487299822018321	3.78179033707942	31.166666666666668	59
74	conventional	60	4	4	0.6804832927494622	2.2069621722074335	24.5	59
75	holistic	60	8	8	0.9562150816068917	3.8172547204025458	25.1	59
75	conventional	60	4	4	0.6448507007702525	1.9180101278630404	24.133333333333333	58
76	holistic	60	8	8	0.8187081791590552	2.307074693536932	19.033333333333335	59
76	conventional	60	1	1	0.6828685149038191	1.8856709214814973	25.1	59
77	holistic	60	3	3	0.8235935841892768	2.3263000018315587	17.983333333333334	59
77	conventional	60	4	4	0.6918369328482605	1.8572728360533273	24.983333333333334	59
78	holistic	60	4	4	0.8411472158068241	2.661521749369628	15.916666666666666	59
78	conventional	60	3	3	0.685445735134724	1.9346248382454172	24.9	59
79	holistic	60	5	5	0.8471823823152278	2.6621546078240246	15.666666666666666	59
79	conventional	60	3	3	0.7000599691253048	2.1773745861447775	23.866666666666667	58
80	holistic	60	2	2	0.8557070402448537	2.4838434622261207	15.6	59
80	conventional	60	2	2	0.6404607495927837	1.6809276556608461	24.733333333333334	59
81	holistic	60	6	6	0.8215435648400512	2.305529312906943	13.433333333333334	59
81	conventional	60	5	5	0.6578369461829631	1.88062486922196	23.5	59
82	holistic	60	2	2	0.9175872880737548	2.3424897064440664	13.366666666666667	56
82	conventional	60	3	3	0.6348846422037638	1.7587353224536144	23.333333333333332	59
83	holistic	60	4	4	0.9047652240066206	2.1224678523616665	14.033333333333333	57
83	conventional	60	4	4	0.6453821582127416	1.8875254820854823	22.266666666666666	59
84	holistic	60	2	2	0.9235560790764494	2.062340450277652	14.9	58
84	conventional	60	6	6	0.6019722415501398	1.9263884768556157	21.95	59
85	holistic	60	2	2	0.987498135466517	2.2060984797857333	15.766666666666667	59
85	conventional	60	1	1	0.7589179253275284	3.2936542046151045	21.95	59
86	holistic	60	3	3	1.0122281942488038	3.104312204945014	15.566666666666666	57
86	conventional	60	2	2	0.8065785854033377	2.555198681283926	21.883333333333333	57
87	holistic	60	2	2	1.0453052969213867	3.0214667994715665	16.183333333333334	58
87	conventional	60	1	1	0.8366880069958881	2.304869252852066	22.816666666666666	58
88	holistic	60	1	1	1.1228925976755995	2.8852478274442315	17.116666666666667	59
88	conventional	60	1	1	0.8449753911250154	1.8108375138177466	23.433333333333334	59
89	holistic	60	2	2	1.093208072096452	3.3834061827084163	17.05	58
89	conventional	60	3	3	0.8379708833542868	2.0375058741286183	22.383333333333333	59
90	holistic	60	1	1	1.1253254260774268	4.893524448930007	17.983333333333334	59
90	conventional	60	3	3	0.7632586608178146	1.5531555761154623	21.366666666666667	59
91	holistic	60	2	2	1.1022965699577902	4.225535615450389	16.983333333333334	59
91	conventional	60	4	4	0.7491272756215426	1.5766347391003965	21.266666666666666	58
92	holistic	60	1	1	1.1088000060376284	3.3915457213911093	16.983333333333334	55
92	conventional	60	0	0	0.7661820864304115	1.9655132831108237	22.266666666666666	59
93	holistic	60	1	1	1.1633939888782379	3.0916036958673976	17.916666666666668	56
93	conventional	60	4	4	0.7781010365736221	2.227925362893337	22.033333333333335	58
94	holistic	60	0	0	1.1649298985558623	3.0410706403361	18.916666666666668	57
94	conventional	60	2	2	0.7731274776383845	1.9957760856912734	22.916666666666668	59
95	holistic	60	1	1	1.1324944882937575	2.3221068170750443	19.85	58
95	conventional	60	3	3	0.7287755855993266	1.8144104724965253	22.466666666666665	59
96	holistic	60	0	0	1.1410927122604018	2.1998030960816792	20.85	59
96	conventional	60	3	3	0.7443611296613919	2.34841840703199	21.416666666666668	59
97	holistic	60	1	1	1.0819861325254811	2.1750256215292683	20.85	58
97	conventional	60	4	4	0.7382985025526629	2.491490127952728	20.366666666666667	59
98	holistic	60	0	0	1.0954947916564453	2.16885737326866	21.85	59
98	conventional	60	2	2	0.8640307155135044	4.4096355962798	20.333333333333332	55
99	holistic	60	3	3	1.0119938153892793	2.2106950385824358	20.783333333333335	57
99	conventional	60	2	2	0.7455885520991914	2.9111226251649525	21.033333333333335	56
100	holistic	60	0	0	1.0408168313355552	2.171181910509407	21.783333333333335	58
100	conventional	60	2	2	0.7581311337984767	2.0752401866745966	21.833333333333332	57
101	holistic	60	0	0	1.064336951678307	2.1448345100892796	22.783333333333335	59
101	conventional	60	1	1	0.8371702709970157	4.374583992884521	22.766666666666666	58
102	holistic	60	1	1	1.0391243656021592	2.063637987160405	22.783333333333335	42
102	conventional	60	1	1	0.821819147523468	2.4189983546650327	23.633333333333333	59
103	holistic	60	1	1	1.0482502837346452	1.9876244295736358	23.716666666666665	43
103	conventional	60	2	2	0.8266262327388758	2.418434854797631	23.6	58
104	holistic	60	0	0	1.0709753005191816	1.9493849164255974	24.716666666666665	44
104	conventional	60	1	1	0.9718688505959331	5.442784466076635	24.566666666666666	59
105	holistic	60	1	1	1.073736924185241	1.9733640732394304	25.516666666666666	45
105	conventional	60	1	1	0.867546875864614	2.9288312322451704	24.566666666666666	58
106	holistic	60	1	1	1.1085532793704076	1.9623593592028206	26.45	46
106	conventional	60	1	1	0.8449593417789281	2.0983656349217106	25.533333333333335	59
107	holistic	60	0	0	1.0816603349346692	2.004966924501832	27.45	47
107	conventional	60	1	1	0.8521112067401214	2.668555919867246	25.533333333333335	58
108	holistic	60	0	0	1.1016668768837132	2.03351703267765	28.45	48
108	conventional	60	0	0	0.828342163473094	2.2227492782832203	26.533333333333335	59
109	holistic	60	0	0	1.101842699553665	1.9844537954752737	29.45	49
109	conventional	60	1	1	0.8502773906731512	1.9268490985252757	26.533333333333335	53
110	holistic	60	0	0	1.1000387683910058	1.9387251105403924	30.45	50
110	conventional	60	2	2	0.8409233185080094	1.9872631470473794	26.333333333333332	54
111	holistic	60	0	0	1.1032133872206427	1.9325567592881736	31.45	51
111	conventional	60	0	0	0.8471117130508096	2.039346869116537	27.333333333333332	55
112	holistic	60	0	0	1.1230944642986074	1.9603429319717143	32.45	52
112	conventional	60	0	0	0.8726475910795704	1.9093968091527813	28.333333333333332	56
113	holistic	60	0	0	1.1079255360293874	2.0535910885904847	33.45	53
113	conventional	60	1	1	0.8347927740274632	1.6578001525487043	28.966666666666665	57
114	holistic	60	0	0	1.1044232449296427	1.983077543270381	34.45	54
114	conventional	60	1	1	0.7981555220602112	1.5246265038655675	29.883333333333333	58
115	holistic	60	0	0	1.1135999571397677	1.9736856976048125	35.45	55
115	conventional	60	0	0	0.8398324870315954	1.517627544317535	30.883333333333333	59
116	holistic	60	0	0	1.114695582204683	1.9539641976307611	36.45	56
116	conventional	60	1	1	0.8611878028068821	2.4912133903693383	30.883333333333333	57
117	holistic	60	0	0	1.1251623316946293	1.9393904205997312	37.45	57
117	conventional	60	0	0	0.8459316238072028	2.8309060849423155	31.883333333333333	58
118	holistic	60	0	0	1.1295618396593088	1.976559826247806	38.45	58
118	conventional	60	0	0	0.8183764105356612	2.0057201169244543	32.88333333333333	59
119	holistic	60	0	0	1.121521938704151	1.8785116806655622	39.45	59
119	conventional	60	2	2	0.8330805788787389	2.117668209139295	32.68333333333333	57
120	holistic	60	2	2	1.0890383672242758	1.8592160008106957	38.45	56
120	conventional	60	1	1	0.8384918200531646	2.182802761150587	33.516666666666666	58
121	holistic	60	0	0	1.0746269338806518	1.7921659423271368	39.45	57
121	conventional	60	1	1	0.7937881058043421	2.0851394346668726	34.483333333333334	59
122	holistic	60	0	0	1.0870509492418596	1.805192337211653	40.45	58
122	conventional	60	2	2	0.7878367568182412	1.8897252783098382	34.45	59
123	holistic	60	0	0	1.1175945983153075	1.8456914548003058	41.45	59
123	conventional	60	2	2	0.7999311295414706	1.6117452339290965	34.416666666666664	59
124	holistic	60	1	1	1.1400551576447675	2.0151996001650576	41.45	56
124	conventional	60	2	2	0.8755130113607142	2.396013811104835	34.38333333333333	59
125	holistic	60	0	0	1.1615362815410888	2.064636699333702	42.45	57
125	conventional	60	3	3	0.8134590464132494	1.6828447321516562	33.36666666666667	58
126	holistic	60	0	0	1.192873200553873	2.7765642014401064	43.45	58
126	conventional	60	1	1	0.78061969177229	1.8684022570047578	34.31666666666667	59
127	holistic	60	1	1	1.1683024060039082	2.155001610304913	43.983333333333334	59
127	conventional	60	6	6	0.7566982684148541	1.5799866300290175	31.25	59
128	holistic	60	1	1	1.1559580592713545	2.1967260175557497	43.983333333333334	59
128	conventional	60	3	3	0.7487341686998599	3.513950459384635	29.666666666666668	59
129	holistic	60	2	2	1.1137641375102356	2.2115529313489444	42.983333333333334	59
129	conventional	60	2	2	0.814581982721608	2.4923141462077845	28.666666666666668	59
130	holistic	60	2	2	1.0632067435250236	2.2751624286863787	41.983333333333334	59
130	conventional	60	1	1	0.8194832009597868	2.4423676054911097	28.666666666666668	59
131	holistic	60	2	2	1.0299120772597994	2.2149845648502358	40.983333333333334	59
131	conventional	60	2	2	0.7480900796277008	1.78805097393058	27.666666666666668	58
132	holistic	60	4	4	0.9946812497804169	2.204906719063166	38.916666666666664	59
132	conventional	60	0	0	0.7689642737932775	1.9380339804546542	28.666666666666668	59
133	holistic	60	5	5	1.007647641530961	2.7645676333120157	35.85	59
133	conventional	60	4	4	0.714205587546031	1.512288308119129	27.583333333333332	58
134	holistic	60	5	5	0.9556131335042374	2.7257034024638003	32.78333333333333	59
134	conventional	60	1	1	0.8065164570666546	3.5134065776194907	28.466666666666665	59
135	holistic	60	4	4	0.8460124533816703	2.4324408239557958	29.783333333333335	59
135	conventional	60	3	3	0.723022177321923	2.0216630302943432	28.416666666666668	59
136	holistic	60	12	12	0.8072173626770862	2.6738910927101847	24.466666666666665	59
136	conventional	60	2	2	0.7038280587065394	1.5470492045994995	28.366666666666667	59
137	holistic	60	3	3	0.9401751117475785	2.9566499591771866	24.333333333333332	59
137	conventional	60	2	2	0.7603212723885856	3.256389058889133	28.333333333333332	57
138	holistic	60	4	4	0.9785075615652381	2.0924961390298398	23.2	59
138	conventional	60	0	0	0.7657279234895932	1.7548927982051672	29.333333333333332	58
139	holistic	60	1	1	0.9765484337591306	2.294759117717032	23.2	58
139	conventional	60	2	2	0.84809127201377	2.4482612578939498	29.4	59
140	holistic	60	2	2	0.9262260074467593	2.1000041525337885	24.066666666666666	59
140	conventional	60	2	2	0.8381211394295089	2.203194711526807	28.4	59
141	holistic	60	7	7	0.9075283181153041	2.7291069411182773	20.816666666666666	59
141	conventional	60	1	1	0.7639677156043381	2.057190448972121	28.4	59
142	holistic	60	2	2	0.8350450665083436	2.031592502690271	20.75	59
142	conventional	60	3	3	0.7347106061389983	1.787005702421412	28.316666666666666	59
143	holistic	60	6	6	0.7975408127934492	1.9901376476869235	18.533333333333335	59
143	conventional	60	3	3	0.7166628041639922	2.1733052555421857	27.283333333333335	59
144	holistic	60	1	1	0.9245113652872011	3.906260819900086	18.533333333333335	59
144	conventional	60	8	8	0.6718431007550472	2.5804949562852575	22.966666666666665	59
145	holistic	60	3	3	0.9256232402170174	2.036475148550548	18.4	59
145	conventional	60	3	3	0.7555735665292318	2.360328029110127	22.916666666666668	59
146	holistic	60	2	2	0.9355187052796391	2.199560447321259	17.4	59
146	conventional	60	2	2	0.7812405076128786	3.2122258343779198	22.883333333333333	59
147	holistic	60	5	5	0.9674682343820104	2.8491069263455606	16.083333333333332	59
147	conventional	60	4	4	0.7276349678238603	2.2049264471346737	22.733333333333334	54
148	holistic	60	1	1	1.0191516816750898	2.9215133851261945	16.083333333333332	59
148	conventional	60	1	1	0.7927150036780835	3.3009603155817433	23.7	55
149	holistic	60	2	2	0.9532562757982712	2.895617060019438	16.016666666666666	59
149	conventional	60	0	0	0.8004969569599937	2.2950088680337233	24.7	56
150	holistic	60	3	3	0.9715035766170979	3.408893155752759	15.816666666666666	59
150	conventional	60	2	2	0.8552858681727656	2.0008321638122597	25.583333333333332	57
151	holistic	60	2	2	1.0040950404635571	2.7565074060746997	15.75	59
151	conventional	60	0	0	0.929803573728515	2.355114789433824	26.583333333333332	58
152	holistic	60	2	2	0.9448672569969236	2.4128810818360367	15.466666666666667	55
152	conventional	60	0	0	0.8703422798394657	2.0561453685530333	27.583333333333332	59
153	holistic	60	1	1	0.9706385634581702	2.655914646072634	16.433333333333334	56
153	conventional	60	1	1	0.7908728914537619	1.823156415180505	27.583333333333332	59
154	holistic	60	1	1	0.9617143058564314	2.743538560642274	17.366666666666667	57
154	conventional	60	1	1	0.7603313316940602	1.8641375494173975	27.583333333333332	59
155	holistic	60	2	2	0.9769956967397894	2.775266207035162	18.166666666666668	58
155	conventional	60	4	4	0.7522435660393827	1.6970916545374894	26.533333333333335	59
156	holistic	60	1	1	1.009487847705683	3.73422273858597	19.1	59
156	conventional	60	2	2	0.7249718005653275	1.5523891821183968	26.516666666666666	59
157	holistic	60	2	2	0.9710881845599103	2.736280671641152	19.033333333333335	58
157	conventional	60	5	5	0.727742396959439	1.5483207434711477	25.183333333333334	59
158	holistic	60	0	0	1.0318879702731965	3.063720648275511	20.033333333333335	59
158	conventional	60	1	1	0.810398028570296	3.437483565915597	25.183333333333334	59
159	holistic	60	2	2	0.9701226686322875	2.485121865656056	19.966666666666665	56
159	conventional	60	2	2	0.7915007371936533	1.9623940139729912	24.183333333333334	59
160	holistic	60	1	1	0.9644106453634458	2.5366504086600075	20.9	57
160	conventional	60	3	3	0.7785314104954407	1.6544937747792567	22.916666666666668	57
161	holistic	60	0	0	0.9891456049123286	2.4051999955026346	21.9	58
161	conventional	60	0	0	0.735214605014406	1.6334419635677042	23.916666666666668	58
162	holistic	60	0	0	1.0297748107911007	2.167500217285353	22.9	59
162	conventional	60	2	2	0.7634057878503355	1.404518751264124	24.583333333333332	59
163	holistic	60	1	1	0.9978425518423166	1.9897598494092459	22.9	58
163	conventional	60	2	2	0.7924743580276127	3.536798706770747	23.583333333333332	58
164	holistic	60	0	0	1.0369122183624868	2.984714742249231	23.9	59
164	conventional	60	1	1	0.8516732156481478	5.475895441855881	24.566666666666666	59
165	holistic	60	1	1	0.9881951544479716	2.0769020886338456	23.9	59
165	conventional	60	2	2	0.7593855059317071	2.483382910554997	24.416666666666668	59
166	holistic	60	1	1	0.9911728672104965	2.1942557709986494	23.9	46
166	conventional	60	1	1	0.7308796444151188	1.917175159004378	24.416666666666668	56
167	holistic	60	1	1	0.9852302691756456	2.3671180964168945	24.866666666666667	47
167	conventional	60	3	3	0.7164514821947506	1.6638777880391906	25.116666666666667	57
168	holistic	60	0	0	0.9770757935611082	2.4086633018148293	25.866666666666667	48
168	conventional	60	1	1	0.8313887618481719	4.570826718753935	25.683333333333334	58
169	holistic	60	0	0	0.9879128226202767	2.4418937088072488	26.866666666666667	49
169	conventional	60	1	1	0.891543744495252	3.5827575758421517	26.65	59
170	holistic	60	0	0	0.9848081423840119	2.287175744483885	27.866666666666667	50
170	conventional	60	1	1	0.8812943206499552	3.588969935603681	26.65	57
171	holistic	60	1	1	0.9591375579750268	2.076145942132644	28.8	51
171	conventional	60	1	1	0.8094029904268948	2.587093203459246	27.633333333333333	58
172	holistic	60	0	0	0.9631605805565193	1.9753558009559677	29.8	52
172	conventional	60	0	0	0.7919531721303379	2.163391017488771	28.633333333333333	59
173	holistic	60	0	0	0.9790997196355167	1.9576694969879527	30.8	53
173	conventional	60	1	1	0.7985133102705102	2.2363190306969014	28.633333333333333	59
174	holistic	60	0	0	0.9948716978750057	2.076585638375351	31.8	54
174	conventional	60	2	2	0.8134314408354402	2.42556585872882	28.616666666666667	58
175	holistic	60	2	2	0.9984974919333144	2.0559094014686288	32.46666666666667	55
175	conventional	60	1	1	0.8160558015507097	2.1826565261615762	29.55	59
176	holistic	60	0	0	0.9894366491229423	2.000883385458194	33.46666666666667	56
176	conventional	60	1	1	0.8531832358795852	2.5013262694060225	29.55	57
177	holistic	60	0	0	1.014309098094126	1.9906193178456348	34.46666666666667	57
177	conventional	60	0	0	0.8158181430295948	1.8714445809480535	30.55	58
178	holistic	60	0	0	1.0393550593569512	2.09089545060799	35.46666666666667	58
178	conventional	60	0	0	0.8392476100616352	2.083404640855246	31.55	59
179	holistic	60	0	0	1.0367574628337026	2.1126623380596468	36.46666666666667	59
179	conventional	60	1	1	0.8100340966950856	2.1894674739024573	31.55	57
180	holistic	60	2	2	1.0048446311333514	2.1648079816119106	35.46666666666667	56
180	conventional	60	0	0	0.7966449779511227	1.9942227016834766	32.55	58
181	holistic	60	0	0	1.0030852076629595	2.1482348412182697	36.46666666666667	57
181	conventional	60	2	2	0.7741973639725622	1.8916532472654652	33.35	59
182	holistic	60	0	0	1.012435486775934	2.0878117091680397	37.46666666666667	58
182	conventional	60	1	1	0.7834146712954373	2.112934119106674	33.35	59
183	holistic	60	0	0	1.0465368191714983	2.039975405578684	38.46666666666667	59
183	conventional	60	1	1	0.7905385843920674	2.1937108362583664	33.35	59
184	holistic	60	1	1	1.0027027078939041	1.974573419558341	38.46666666666667	57
184	conventional	60	1	1	0.7902126869364129	1.873072547140457	33.35	59
185	holistic	60	0	0	1.0118285100818027	1.9122746564997597	39.46666666666667	58
185	conventional	60	1	1	0.7964180519467791	1.7969479746890034	33.35	59
186	holistic	60	0	0	1.0124501831454515	2.0969931215546302	40.46666666666667	59
186	conventional	60	1	1	0.7987840919129805	2.3803721155375683	33.35	59
187	holistic	60	1	1	0.9979139327903037	2.0613775693809364	40.46666666666667	58
187	conventional	60	5	5	0.7272260088333528	2.385357164103381	29.35	59
188	holistic	60	1	1	1.007013366975765	2.0019992796457493	41.4	59
188	conventional	60	3	3	0.8532649006852899	5.184387306588366	27.35	59
189	holistic	60	1	1	1.002351930138863	2.070431987969326	41.4	59
189	conventional	60	1	1	0.8443621157812049	4.191930894297416	27.35	56
190	holistic	60	1	1	1.00770078502726	2.062331546430764	41.4	59
190	conventional	60	0	0	0.8526048874025896	3.1866610588317488	28.35	57
191	holistic	60	2	2	1.0090937453243594	2.1024807435626904	40.4	59
191	conventional	60	0	0	0.8202877818734536	2.1855105626182905	29.35	58
192	holistic	60	1	1	0.954457747075568	2.0705564984211193	40.4	59
192	conventional	60	2	2	0.7846033383500951	1.5884368554951842	30.1	59
193	holistic	60	1	1	0.9524054566196827	2.017380999907448	40.4	59
193	conventional	60	5	5	0.7895258135941039	2.4001119150156653	28.35	58
194	holistic	60	2	2	0.9392437648332276	2.011214822802792	40.31666666666667	59
194	conventional	60	1	1	0.9172364322670378	3.396430706487915	29.25	59
195	holistic	60	3	3	0.9580946637662052	2.847097432086237	38.31666666666667	59
195	conventional	60	3	3	0.7909030425021982	2.407270214017525	28.216666666666665	59
196	holistic	60	8	8	0.8842290750790825	2.841957976259307	31.316666666666666	59
196	conventional	60	3	3	0.7943893695827067	1.7379507118263824	27.166666666666668	59
197	holistic	60	3	3	0.9181526676669177	4.794300677921867	30.25	59
197	conventional	60	3	3	0.7596057724392334	2.1618361686532346	26.133333333333333	58
198	holistic	60	5	5	0.8649818790625339	3.286909336978187	29.016666666666666	58
198	conventional	60	4	4	0.76277862619783	2.0053562268775464	27.016666666666666	59
199	holistic	60	2	2	0.9922687272774213	6.743957593418418	29.9	59
199	conventional	60	2	2	0.7824727384942413	2.4166535419594632	26.983333333333334	56
200	holistic	60	3	3	0.9058584749618817	4.7423769532176845	28.833333333333332	59
200	conventional	60	1	1	0.8001521901542887	2.1370088916845713	27.95	57
201	holistic	60	9	9	0.8405712407741409	3.412710649084023	25.55	59
201	conventional	60	1	1	0.7857809038395371	1.6375244174281012	28.9	58
202	holistic	60	2	2	0.9824273666937692	4.792940703870159	25.483333333333334	59
202	conventional	60	1	1	0.7605536810575527	1.4564693764443595	29.116666666666667	59
203	holistic	60	7	7	0.9089478198110917	4.276383949680738	22.333333333333332	59
203	conventional	60	2	2	0.7540986883615856	2.2972347981314662	28.883333333333333	59
204	holistic	60	2	2	1.0306692735767091	3.7983310883756336	22.266666666666666	59
204	conventional	60	4	4	0.7273918702860013	3.469200520468035	26.85	59
205	holistic	60	5	5	1.079747586362078	3.316298561799105	21.066666666666666	59
205	conventional	60	4	4	0.7672488575448456	5.208103592814785	25.466666666666665	58
206	holistic	60	2	2	1.061769398675097	2.9955966165210004	21.016666666666666	59
206	conventional	60	4	4	0.7251131506502814	2.7129857015312977	25.966666666666665	59
207	holistic	60	4	4	1.107441339387486	4.251971204546859	18.95	59
207	conventional	60	5	5	0.6770045500073348	1.956305270530038	23.916666666666668	59
208	holistic	60	1	1	1.0738404847642609	2.751590103002157	18.95	59
208	conventional	60	3	3	0.7465289698658034	2.821276885522785	23.85	58
209	holistic	60	2	2	1.0579039846602316	2.470883238283902	17.95	59
209	conventional	60	5	5	0.8158130630562409	3.4493842417384553	23.65	59
210	holistic	60	2	2	1.0164208362407918	3.8096774191669263	16.95	58
210	conventional	60	5	5	0.8402178212095935	4.499663581452774	23.566666666666666	55
211	holistic	60	1	1	1.085331575709465	2.815472313561421	17.883333333333333	59
211	conventional	60	1	1	1.0013646678343398	5.411646303676483	24.516666666666666	56
212	holistic	60	1	1	1.10105203596787	4.730451184186223	17.883333333333333	58
212	conventional	60	2	2	0.8657817440548284	2.38508636271275	25.466666666666665	57
213	holistic	60	1	1	1.080593859229048	4.247232057446581	18.816666666666666	59
213	conventional	60	0	0	0.8772241234937982	1.9815184946054005	26.466666666666665	58
214	holistic	60	1	1	1.0515098627379558	3.057416484517412	18.816666666666666	59
214	conventional	60	0	0	0.8112298923228604	2.0775293248488174	27.466666666666665	59
215	holistic	60	1	1	1.005374059774119	2.6053988447412224	18.816666666666666	58
215	conventional	60	2	2	0.7812289237598846	1.647920656311224	27.416666666666668	58
216	holistic	60	3	3	1.0253697476940073	3.7626024360528723	19.6	59
216	conventional	60	1	1	0.8028425858240256	2.4672861809538515	28.133333333333333	59
217	holistic	60	2	2	1.0265375389939746	3.2692368125742206	18.6	58
217	conventional	60	5	5	0.7721359445124653	2.74344809466123	24.133333333333333	58
218	holistic	60	1	1	1.0300350074520481	2.4431708189955326	19.533333333333335	59
218	conventional	60	0	0	0.8230052792556736	4.443842358895108	25.133333333333333	59
219	holistic	60	1	1	0.9760876050338984	2.4103273442420154	19.533333333333335	59
219	conventional	60	5	5	0.7504322477982173	2.445215878243186	23.916666666666668	59
220	holistic	60	2	2	0.974403616174472	2.3795819869614188	19.466666666666665	57
220	conventional	60	2	2	0.7318692790881386	2.110505775610918	23.9	58
221	holistic	60	1	1	0.9574665483431909	2.442966138963672	20.4	58
221	conventional	60	3	3	0.7322898756467721	1.878712349901466	24.8	59
222	holistic	60	2	2	0.9447011094469971	2.2013879970794576	21.083333333333332	59
222	conventional	60	3	3	0.6651024104512008	1.6449034585266342	23.75	59
223	holistic	60	1	1	1.0234432245953342	4.857871082900968	21.083333333333332	57
223	conventional	60	4	4	0.747579812744393	2.278291529501019	22.7	59
224	holistic	60	1	1	0.9874348920719271	2.358434923384752	22.016666666666666	58
224	conventional	60	3	3	0.8069225519455713	3.240599521077919	22.516666666666666	59
225	holistic	60	0	0	0.9787930341348564	2.5363535363741647	23.016666666666666	59
225	conventional	60	2	2	0.8222552527216812	2.243434423390639	22.483333333333334	59
226	holistic	60	2	2	0.9418575513505744	2.5530264737280093	22.95	51
226	conventional	60	2	2	0.821465715586699	3.2556738898637745	22.45	59
227	holistic	60	1	1	1.012460386102062	2.7261988401027555	23.883333333333333	52
227	conventional	60	1	1	0.9101645235143573	4.3478934288155475	22.45	59
228	holistic	60	0	0	0.9990300448845842	2.580842604609927	24.883333333333333	53
228	conventional	60	1	1	0.8611147175893692	2.3515823370590256	22.45	59
229	holistic	60	0	0	0.992084435162201	2.539886571838726	25.883333333333333	54
229	conventional	60	1	1	0.8013927102608037	2.579883740033899	22.45	55
230	holistic	60	1	1	0.992149158018126	2.5029162624746997	26.816666666666666	55
230	conventional	60	0	0	0.8159077129575433	2.244611631357679	23.45	56
231	holistic	60	1	1	0.9891843538764458	2.4698356238850843	27.75	56
231	conventional	60	1	1	0.7846550959233531	1.8696013379435534	24.416666666666668	57
232	holistic	60	1	1	0.9856911916108344	2.394162209612976	28.616666666666667	57
232	conventional	60	0	0	0.7923118702173504	1.7994163091585615	25.416666666666668	58
233	holistic	60	0	0	1.0074763333777317	2.455751634536978	29.616666666666667	58
233	conventional	60	1	1	0.7729213232975691	1.8437883166033138	26.25	59
234	holistic	60	0	0	1.0232179608852592	2.4284359115646206	30.616666666666667	59
234	conventional	60	2	2	0.7991184692780434	1.7884191775347205	26.016666666666666	55
235	holistic	60	3	3	0.9803764801128733	2.4829612484331283	29.55	55
235	conventional	60	3	3	0.7968580134386758	1.6067803769101003	26.516666666666666	56
236	holistic	60	0	0	1.0197968948828278	2.456885714113027	30.55	56
236	conventional	60	0	0	0.8730120960051184	3.262750955977331	27.516666666666666	57
237	holistic	60	0	0	1.0494486612053238	2.395648002514819	31.55	57
237	conventional	60	0	0	0.8633514067802801	2.2490826332071174	28.516666666666666	58
238	holistic	60	0	0	1.0894957807985177	2.7551947539333543	32.55	58
238	conventional	60	0	0	0.8392555912354677	1.4993724657741108	29.516666666666666	59
239	holistic	60	0	0	1.0515858309757538	2.352878020807843	33.55	59
239	conventional	60	1	1	0.8109489166998138	1.554437690611703	29.516666666666666	58
240	holistic	60	2	2	1.016952812761962	2.290683789582143	32.55	53
240	conventional	60	1	1	0.8120379823832414	1.4807151081847114	30.4	59
241	holistic	60	0	0	1.026871380526118	2.285565857129244	33.55	54
241	conventional	60	1	1	0.7721316762126467	1.5354678368347672	30.4	58
242	holistic	60	0	0	1.027521707340779	2.2978057668444394	34.55	55
242	conventional	60	1	1	0.8229706184942938	1.5270707408063737	31.366666666666667	59
243	holistic	60	0	0	1.029423556135749	2.360764368759351	35.55	56
243	conventional	60	1	1	0.795246791033924	1.423692123215662	31.366666666666667	59
244	holistic	60	1	1	1.0164549972503927	2.3205723613844866	36.483333333333334	57
244	conventional	60	2	2	0.7876078987219564	1.6740404803607356	31.333333333333332	59
245	holistic	60	0	0	1.0143009554632652	2.428678409076761	37.483333333333334	58
245	conventional	60	1	1	0.7410321024098818	1.5418405605576013	31.333333333333332	58
246	holistic	60	0	0	1.0185241732189945	2.436116874231665	38.483333333333334	59
246	conventional	60	0	0	0.8086315103821193	1.4172460624699992	32.333333333333336	59
247	holistic	60	1	1	1.0075780192380557	2.513018994608689	38.483333333333334	59
247	conventional	60	4	4	0.7937490023211439	2.3169940693564968	30.283333333333335	59
248	holistic	60	2	2	0.9721480331534179	2.4501991090646307	38.416666666666664	57
248	conventional	60	2	2	0.7597049408835765	1.4016108068109085	29.283333333333335	56
249	holistic	60	0	0	1.0109371762402661	2.412703869937641	39.416666666666664	58
249	conventional	60	1	1	0.7842210312625302	1.4383101503619817	30.25	57
250	holistic	60	0	0	1.0145182887007238	2.4631950306773347	40.416666666666664	59
250	conventional	60	0	0	0.7951984392552514	2.4484278822332564	31.25	58
251	holistic	60	2	2	0.9962959349499918	2.4906634446263785	39.416666666666664	59
251	conventional	60	1	1	0.8013048503212236	2.1193034592189055	32.21666666666667	59
252	holistic	60	3	3	0.973641611194353	2.4543400087969287	39.15	58
252	conventional	60	1	1	0.8243750621708485	2.4346623529262277	32.21666666666667	59
253	holistic	60	0	0	0.995311831060793	2.4192250374217834	40.15	59
253	conventional	60	4	4	0.7764588617943188	1.9340990634438808	30.2	59
254	holistic	60	1	1	0.9961214890880239	2.3861239100146525	40.15	59
254	conventional	60	1	1	0.7885544436832876	1.9560940670926579	30.2	59
255	holistic	60	4	4	0.9689870192665595	2.412847161915587	39.03333333333333	59
255	conventional	60	2	2	0.737186721527297	1.8844211841583076	30.166666666666668	58
256	holistic	60	6	6	0.9126733541339968	2.380806852255154	34.96666666666667	59
256	conventional	60	1	1	0.7620929858401683	1.7054133049758056	30.75	59
257	holistic	60	1	1	0.9859840051436215	2.406553373631836	34.96666666666667	59
257	conventional	60	2	2	0.7600167697339822	1.7897728481511797	30.733333333333334	59
258	holistic	60	1	1	0.9637195871777333	2.3942012864552833	34.96666666666667	59
258	conventional	60	3	3	0.6981565376571666	1.5610897551125784	29.666666666666668	58
259	holistic	60	3	3	0.947278829163231	2.4006216481437495	34.833333333333336	59
259	conventional	60	1	1	0.7236305318154651	1.5266384778897453	30.633333333333333	59
260	holistic	60	1	1	0.9780533297235748	2.4069270027237484	34.833333333333336	59
260	conventional	60	1	1	0.701576710611004	1.495036324098907	30.633333333333333	59
261	holistic	60	7	7	0.8914813885153726	2.3600907684946484	30.683333333333334	59
261	conventional	60	3	3	0.7452600287218597	1.51776407599584	30.583333333333332	58
262	holistic	60	2	2	0.8965684945611749	2.314948592923477	29.683333333333334	59
262	conventional	60	0	0	0.795810092138508	2.4747890035353315	31.583333333333332	59
263	holistic	60	5	5	0.79288229783054	2.3052979839766565	25.683333333333334	59
263	conventional	60	3	3	0.744797231911026	1.9760427856425422	30.55	59
264	holistic	60	3	3	0.8643561851743008	3.748963900611052	24.55	59
264	conventional	60	1	1	0.7674252772179108	2.465019994861862	30.55	59
265	holistic	60	7	7	0.8058047798777319	3.6945963266067876	20.416666666666668	59
265	conventional	60	2	2	0.7942429075208285	2.459537158079439	29.55	59
266	holistic	60	4	4	0.9139465396967782	4.3630956211672265	19.3	59
266	conventional	60	3	3	0.7192967896536686	2.427928103924836	29.283333333333335	59
267	holistic	60	2	2	0.9810505843314848	3.8073307517176533	18.3	59
267	conventional	60	3	3	0.7410116659955749	2.593301443081879	27.283333333333335	59
268	holistic	60	3	3	0.9545167784380293	3.296579477540326	18.133333333333333	59
268	conventional	60	1	1	0.8378817587420834	3.3681808532093696	27.283333333333335	59
269	holistic	60	3	3	1.0223345092300251	3.755545105024323	18.0	59
269	conventional	60	2	2	0.7565204461541174	2.252946459382416	26.283333333333335	59
270	holistic	60	2	2	0.9831197727206925	5.247006917799908	17.933333333333334	59
270	conventional	60	4	4	0.765011025944301	2.3059841824198	25.2	58
271	holistic	60	2	2	1.0070060315993825	5.0749261069007465	17.866666666666667	56
271	conventional	60	1	1	0.7878952818542242	3.496530471100832	25.666666666666668	59
272	holistic	60	0	0	1.1021476688727863	4.239269849143727	18.866666666666667	57
272	conventional	60	2	2	0.7753061533631962	3.0034890218171695	25.633333333333333	57
273	holistic	60	2	2	1.0081064603849696	4.135603655357371	19.733333333333334	58
273	conventional	60	0	0	0.8381285782023178	2.402066887073593	26.633333333333333	58
274	holistic	60	3	3	1.006789367672979	3.5677049096958275	20.35	59
274	conventional	60	2	2	0.8209296544181449	2.8962550048438955	27.45	59
275	holistic	60	3	3	1.019231490290868	3.8118868685296388	19.983333333333334	59
275	conventional	60	3	3	0.8223401270099869	2.4173986739776683	26.4	58
276	holistic	60	3	3	1.0685078672968717	3.820433743958276	18.95	59
276	conventional	60	0	0	0.8381383154565337	1.9924252042730568	27.4	59
277	holistic	60	1	1	0.9804431425348583	2.625599290621051	18.95	58
277	conventional	60	4	4	0.7693428578793229	1.6604731399007975	26.333333333333332	57
278	holistic	60	0	0	1.0392817493959028	2.82618850608813	19.95	59
278	conventional	60	0	0	0.7707519351279235	1.5876913758903541	27.333333333333332	58
279	holistic	60	2	2	1.0110234670927438	3.1299559097373897	19.883333333333333	59
279	conventional	60	1	1	0.7777222316105568	1.6199439862966636	28.3	59
280	holistic	60	3	3	0.9649394766170637	3.0450216815893927	19.75	59
280	conventional	60	2	2	0.7149691798181828	1.463764262235851	28.25	59
281	holistic	60	2	2	1.0446594749329745	4.147700660107518	19.683333333333334	59
281	conventional	60	4	4	0.7151001283361239	1.5627984782618394	27.633333333333333	59
282	holistic	60	1	1	1.0302916732046152	3.5280745884682916	19.683333333333334	56
282	conventional	60	3	3	0.7684916048139941	4.455248301324255	25.633333333333333	59
283	holistic	60	0	0	1.0366250519872597	3.0635201689737896	20.683333333333334	57
283	conventional	60	3	3	0.7363742005417336	2.958970435886864	24.6	59
284	holistic	60	2	2	1.0319049510207627	3.1487097213519673	21.533333333333335	58
284	conventional	60	2	2	0.7614566069125767	3.115986039641541	24.55	59
285	holistic	60	0	0	1.1203902792771272	6.8164648103564875	22.533333333333335	59
285	conventional	60	3	3	0.7288702333861763	2.4632511033093936	23.5	59
286	holistic	60	3	3	1.0622126784231627	3.781350089997088	22.383333333333333	56
286	conventional	60	5	5	0.6907015439935216	2.0511876507624685	21.233333333333334	59
287	holistic	60	0	0	1.0534149957665409	2.7897693114875817	23.383333333333333	57
287	conventional	60	3	3	0.8525347203338579	4.184229601298105	21.116666666666667	59
288	holistic	60	0	0	1.0394509654637136	2.7396459605096704	24.383333333333333	58
288	conventional	60	3	3	0.8215611408353464	3.1848865667662283	21.016666666666666	54
289	holistic	60	0	0	1.0161081843204611	2.674725736610999	25.383333333333333	59
289	conventional	60	1	1	0.8033262004472956	2.1849739177407894	21.966666666666665	55
290	holistic	60	3	3	1.0218773838444823	2.75091132692592	24.733333333333334	58
290	conventional	60	3	3	0.8435058978690032	3.193295605601707	22.633333333333333	56
291	holistic	60	0	0	0.9966914085544353	2.567161511014089	25.733333333333334	59
291	conventional	60	2	2	0.9465230466845619	3.414496824287436	23.483333333333334	57
292	holistic	60	1	1	0.9659052680664413	2.5231138716525137	25.733333333333334	57
292	conventional	60	0	0	0.9624009551445151	5.457002043762875	24.483333333333334	58
293	holistic	60	1	1	0.9442473170635238	2.5400547680401395	26.683333333333334	58
293	conventional	60	2	2	0.9112594236959786	3.0413570222219803	25.283333333333335	59
294	holistic	60	0	0	0.9578517807464356	2.397075557064377	27.683333333333334	59
294	conventional	60	1	1	0.8881579993885228	2.799178592485602	25.283333333333335	59
295	holistic	60	3	3	0.9104189747320077	2.6677976620080717	25.683333333333334	48
295	conventional	60	3	3	0.8442089544640867	1.9645916170699038	23.283333333333335	54
296	holistic	60	0	0	0.9647938419566384	2.700450722086683	26.683333333333334	49
296	conventional	60	0	0	0.8522264376824619	1.7858682133549977	24.283333333333335	55
297	holistic	60	2	2	0.9721614819447287	2.636328679647432	27.5	50
297	conventional	60	1	1	0.8455271239815026	2.0950759182314256	25.25	56
298	holistic	60	0	0	1.0144110973035718	2.687334447458832	28.5	51
298	conventional	60	0	0	0.8757120715010064	2.0192519838610794	26.25	57
299	holistic	60	1	1	1.0426130581262165	2.92109754249077	29.433333333333334	52
299	conventional	60	0	0	0.8754972738980237	2.0309802256244027	27.25	58
300	holistic	60	0	0	1.039062136457399	2.6183054547349878	30.433333333333334	53
300	conventional	60	1	1	0.8475757559972062	2.113490633268652	28.166666666666668	59
301	holistic	60	1	1	1.0313455067784763	2.548810615973218	31.183333333333334	54
301	conventional	60	3	3	0.827162412241123	1.9176367785710675	27.65	58
302	holistic	60	0	0	1.0255866044534	2.484628195761163	32.18333333333333	55
302	conventional	60	0	0	0.7724753596704002	1.8719116752371516	28.65	59
303	holistic	60	0	0	1.0184611853913055	2.388935803145987	33.18333333333333	56
303	conventional	60	4	4	0.7923899909788623	1.7187517839926798	28.55	59
304	holistic	60	0	0	1.0053769369538428	2.408030209091078	34.18333333333333	57
304	conventional	60	1	1	0.824202333182939	1.6604050268460913	28.55	59
305	holistic	60	0	0	1.0140442379365484	2.657172161430111	35.18333333333333	58
305	conventional	60	2	2	0.8715149786314769	1.5543989483543665	28.466666666666665	58
306	holistic	60	0	0	0.9883591578550608	2.171896033470217	36.18333333333333	59
306	conventional	60	0	0	0.8186412070848378	1.722030961866413	29.466666666666665	59
307	holistic	60	1	1	0.9560811201898396	2.1920216909721733	36.18333333333333	59
307	conventional	60	2	2	0.8455784231926672	3.18839975198075	28.466666666666665	59
308	holistic	60	1	1	0.9516081681487143	2.181832064509169	36.18333333333333	57
308	conventional	60	1	1	0.8266362889378939	1.935885172532411	28.466666666666665	57
309	holistic	60	0	0	0.9707336904771178	2.258292394270066	37.18333333333333	58
309	conventional	60	1	1	0.8484573627169044	1.5248738744144856	29.383333333333333	58
310	holistic	60	0	0	0.9553458454099399	2.2454414220674463	38.18333333333333	59
310	conventional	60	1	1	0.8191053993118861	1.444764379856049	30.366666666666667	59
311	holistic	60	1	1	0.9542785089015609	2.178054299386831	38.18333333333333	59
311	conventional	60	1	1	0.8065502361892193	1.4889894933564118	30.366666666666667	58
312	holistic	60	1	1	0.9234261876304438	2.1410891465252906	38.18333333333333	58
312	conventional	60	0	0	0.8155853326568956	1.5175573165488072	31.366666666666667	59
313	holistic	60	0	0	0.9650277467402096	2.106350617267149	39.18333333333333	59
313	conventional	60	2	2	0.8236353067085235	1.5525188073765324	30.366666666666667	58
314	holistic	60	1	1	0.9568792234723228	2.1937171052136386	39.18333333333333	59
314	conventional	60	0	0	0.833471194886824	1.6876840698991005	31.366666666666667	59
315	holistic	60	1	1	0.9387174183526159	2.1237863681688234	39.18333333333333	59
315	conventional	60	3	3	0.8048011128066411	1.665339186450894	30.333333333333332	58
316	holistic	60	4	4	0.9001176969249485	2.0852128248173853	36.18333333333333	58
316	conventional	60	0	0	0.762630108744687	1.6457197619298705	31.333333333333332	59
317	holistic	60	0	0	1.0413803700694875	3.8438856985557024	37.18333333333333	59
317	conventional	60	4	4	0.7489187209803224	1.5169455346574148	31.233333333333334	59
318	holistic	60	1	1	0.9752802876318805	2.7600070916588937	37.18333333333333	59
318	conventional	60	3	3	0.9120575210790594	2.65436738741531	29.233333333333334	57
319	holistic	60	4	4	0.9044688207522101	1.9772195182950356	35.13333333333333	59
319	conventional	60	0	0	0.8304060515531457	1.7252314042737336	30.233333333333334	58
320	holistic	60	2	2	0.9155960316502973	2.265764822220672	35.1	59
320	conventional	60	1	1	0.8743851771841212	3.3947974924741224	30.783333333333335	59
321	holistic	60	5	5	0.8727920333838722	2.155977185364956	32.06666666666667	58
321	conventional	60	2	2	0.8166959584769332	2.391100781197354	29.783333333333335	58
322	holistic	60	0	0	0.8954990261113418	2.1213192530002623	33.06666666666667	59
322	conventional	60	0	0	0.8647265323224356	2.183124515382966	30.783333333333335	59
323	holistic	60	4	4	0.8401097577246172	2.1057713400996216	31.0	59
323	conventional	60	3	3	0.7938148858486015	1.9896791427245522	29.683333333333334	59
324	holistic	60	3	3	0.8746060217614053	3.7658817606366135	29.933333333333334	59
324	conventional	60	1	1	0.7953349511538509	1.7238184842055684	29.683333333333334	59
325	holistic	60	5	5	0.8272566842777103	2.263248785119049	26.866666666666667	59
325	conventional	60	1	1	0.8102835707789625	1.6407933123026346	29.683333333333334	59
326	holistic	60	3	3	0.901291515390231	2.522615551654983	24.866666666666667	59
326	conventional	60	4	4	0.7414350965080015	1.5880963083793014	27.6	59
327	holistic	60	1	1	0.8575984030978722	2.049079660584737	24.866666666666667	59
327	conventional	60	4	4	0.7360358462276214	1.497377496889106	27.533333333333335	58
328	holistic	60	3	3	0.8390542351299092	2.1195764025385717	23.816666666666666	59
328	conventional	60	0	0	0.7212744032264228	1.4879886474255715	28.533333333333335	59
329	holistic	60	3	3	0.9070153300717807	2.2720124583999404	23.666666666666668	59
329	conventional	60	4	4	0.7464597336944699	1.5680141596916637	28.35	59
330	holistic	60	2	2	0.974670850198483	2.7741373479486016	23.6	59
330	conventional	60	2	2	0.7166672035491487	1.98687366910752	27.35	59
331	holistic	60	2	2	0.9416370263927577	2.7716552994278	22.6	58
331	conventional	60	5	5	0.7424005324771531	1.8340099250066788	27.183333333333334	59
332	holistic	60	1	1	0.9461003701931735	2.7186451774416907	23.533333333333335	59
332	conventional	60	3	3	0.783037321057614	1.7270237869898473	27.033333333333335	58
333	holistic	60	3	3	0.9482992139082974	3.712872041739703	22.4	59
333	conventional	60	0	0	0.8802862843804391	4.567601705887332	28.033333333333335	59
334	holistic	60	3	3	0.8742181538892442	2.7053485533270485	21.333333333333332	59
334	conventional	60	1	1	0.7650366751646974	2.0819356724987155	28.033333333333335	57
335	holistic	60	4	4	0.9348064741379475	2.77532807450729	20.233333333333334	59
335	conventional	60	1	1	0.7985526402793653	3.1392248011807693	28.95	58
336	holistic	60	1	1	1.0454402423370446	3.8097664536823004	20.233333333333334	57
336	conventional	60	0	0	0.8451198049839026	3.152337500846862	29.95	59
337	holistic	60	0	0	1.0254396421642933	2.846069968820374	21.233333333333334	58
337	conventional	60	5	5	0.8141891392481821	3.1664986164425364	27.983333333333334	57
338	holistic	60	1	1	1.0008762084915357	2.7193985433209984	22.166666666666668	59
338	conventional	60	2	2	0.79635652953336	3.169162943061023	28.483333333333334	58
339	holistic	60	2	2	1.0600115992218861	2.5645936990207483	22.033333333333335	59
339	conventional	60	1	1	0.8282849886609566	2.574189505984612	29.45	59
340	holistic	60	3	3	1.009353350877657	2.3533839788809936	20.966666666666665	59
340	conventional	60	1	1	0.8034365548645768	2.009593648728725	29.45	59
341	holistic	60	2	2	1.1085090445622858	2.761423383693991	20.766666666666666	57
341	conventional	60	3	3	0.8506554883338359	1.8499628308762956	28.416666666666668	59
342	holistic	60	0	0	1.1083541195813396	2.470110678602185	21.766666666666666	58
342	conventional	60	3	3	0.8420614589103903	2.1464291303587264	28.15	59
343	holistic	60	0	0	1.063201010381127	2.2159861758080086	22.766666666666666	59
343	conventional	60	4	4	0.7958496787346311	1.844482545333788	26.75	59
344	holistic	60	2	2	1.001883008197047	2.1162140651196073	21.766666666666666	58
344	conventional	60	2	2	0.8396706759999714	1.7731983011631414	26.7	59
345	holistic	60	1	1	0.9984910515813272	2.15339581791923	22.7	59
345	conventional	60	3	3	0.8241321449640305	2.963313135181406	26.616666666666667	59
346	holistic	60	1	1	1.0132966165438462	2.010202646727672	22.7	56
346	conventional	60	3	3	0.7859570977327839	1.821978778762156	24.616666666666667	59
347	holistic	60	0	0	1.1229737071391361	5.866288315698376	23.7	57
347	conventional	60	2	2	0.7184072607517658	1.5634974691034207	23.616666666666667	59
348	holistic	60	0	0	1.0853868429312852	3.8628710897654877	24.7	58
348	conventional	60	6	6	0.7164447995126947	1.801966956257663	23.35	59
349	holistic	60	1	1	1.0759259597467283	2.860641406357086	25.616666666666667	59
349	conventional	60	2	2	0.8229301677923112	2.2711332531616444	23.316666666666666	59
350	holistic	60	1	1	1.0189888395965738	2.376797890189447	25.616666666666667	58
350	conventional	60	4	4	0.7226890712154433	1.5856431333641186	21.266666666666666	59
351	holistic	60	0	0	1.0228068626087334	2.078828109018633	26.616666666666667	59
351	conventional	60	1	1	0.7501796902194279	2.3638638949253035	21.266666666666666	58
352	holistic	60	2	2	1.0087265945276267	2.4434922752860286	26.433333333333334	57
352	conventional	60	1	1	0.7548764313418624	1.6843280799308324	22.2	59
353	holistic	60	1	1	0.9900522895095156	2.1042451751741567	27.366666666666667	58
353	conventional	60	3	3	0.7405141297620329	1.4728967778180952	22.083333333333332	59
354	holistic	60	1	1	1.056685153311357	3.8808103219670733	28.3	59
354	conventional	60	2	2	0.7453934715754721	1.5980663239321287	21.983333333333334	59
355	holistic	60	2	2	1.0492867615517947	3.3818511414275783	27.3	58
355	conventional	60	2	2	0.836415006871391	1.566713794648303	21.95	52
356	holistic	60	0	0	1.085446297007135	2.882770238147169	28.3	59
356	conventional	60	1	1	0.8257157057369845	1.4635874825947075	22.65	53
357	holistic	60	2	2	1.0150871995003508	2.728603400739632	27.3	58
357	conventional	60	2	2	0.8793417361180275	1.9495440260086732	23.483333333333334	54
358	holistic	60	1	1	1.0267414601957425	2.4977503966304933	28.233333333333334	59
358	conventional	60	1	1	0.9323731704606479	2.241024476727491	24.466666666666665	55
359	holistic	60	1	1	1.076667171751666	2.5850683441049718	28.233333333333334	58
359	conventional	60	0	0	0.921491560657726	2.2724227077560273	25.466666666666665	56
360	holistic	60	0	0	1.1094536864401652	2.394501570738616	29.233333333333334	59
360	conventional	60	2	2	1.0054860851431828	2.504101659027603	26.383333333333333	57
361	holistic	60	1	1	1.0805546412797542	2.3329195803723524	29.233333333333334	54
361	conventional	60	0	0	1.161345958598402	5.167678911195329	27.383333333333333	58
362	holistic	60	0	0	1.1083479593396293	2.4339952359771595	30.233333333333334	55
362	conventional	60	0	0	1.228891236984709	4.667021390070264	28.383333333333333	59
363	holistic	60	0	0	1.132995864986498	2.7066137568549835	31.233333333333334	56
363	conventional	60	3	3	1.1877856939834301	3.3530554414890923	26.383333333333333	58
364	holistic	60	1	1	1.1258780490054157	2.4979945319901944	32.03333333333333	57
364	conventional	60	0	0	1.2042095216723208	3.4376206601866706	27.383333333333333	59
365	holistic	60	1	1	1.1469067147814336	2.6774002818019356	32.93333333333333	58
365	conventional	60	4	4	1.178086757871457	3.0803232627805777	26.316666666666666	58
366	holistic	60	0	0	1.1782610350093514	2.7140836736016656	33.93333333333333	59
366	conventional	60	0	0	1.3737398243506154	5.383574559626327	27.316666666666666	59
367	holistic	60	1	1	1.1497316597461258	2.7159746511208405	33.93333333333333	59
367	conventional	60	2	2	1.2859535744853952	3.4321813972693853	26.316666666666666	59
368	holistic	60	1	1	1.1213160216290858	2.5530762965496447	33.93333333333333	57
368	conventional	60	2	2	1.2479001755645347	3.1727204010708907	26.3	58
369	holistic	60	1	1	1.0958460801506817	2.9211103205156146	34.7	58
369	conventional	60	1	1	1.262826904910545	3.5026202603297225	27.283333333333335	59
370	holistic	60	0	0	1.178633989901761	2.888420462944175	35.7	59
370	conventional	60	1	1	1.2196360851111148	3.503857666345703	27.283333333333335	57
371	holistic	60	1	1	1.216030388951767	3.3248663648012995	35.7	59
371	conventional	60	0	0	1.3272067043003477	5.458170374934758	28.283333333333335	58
372	holistic	60	1	1	1.208528442049798	2.970978656061497	35.7	58
372	conventional	60	0	0	1.3360469573692453	3.9591519974733638	29.283333333333335	59
373	holistic	60	0	0	1.2035352791604612	2.94320292031162	36.7	59
373	conventional	60	1	1	1.3482704578581717	4.790549851671475	29.283333333333335	56
374	holistic	60	1	1	1.1769328457947177	3.020081628202709	36.7	59
374	conventional	60	0	0	1.358022745539284	4.207204597880907	30.283333333333335	57
375	holistic	60	1	1	1.1659536638292785	2.810816020479864	36.7	59
375	conventional	60	0	0	1.3928197897780512	4.058926543975452	31.283333333333335	58
376	holistic	60	4	4	1.0940213453623848	2.5529622847988653	34.63333333333333	57
376	conventional	60	0	0	1.3786544788661443	3.957880505472529	32.28333333333333	59
377	holistic	60	0	0	1.2058204561778285	2.8233542361077575	35.63333333333333	58
377	conventional	60	3	3	1.3279688199581843	3.8905002214636384	30.283333333333335	59
378	holistic	60	0	0	1.2017180166288244	2.57656376344536	36.63333333333333	59
378	conventional	60	3	3	1.4314724841097037	4.4655542255430465	28.283333333333335	58
379	holistic	60	2	2	1.1757787149864678	3.8268918897343505	35.63333333333333	59
379	conventional	60	0	0	1.3725036212398734	4.2396143951358045	29.283333333333335	59
380	holistic	60	3	3	1.183958036820653	2.9525418903691367	35.31666666666667	59
380	conventional	60	1	1	1.443384110551226	4.262177706745801	29.283333333333335	57
381	holistic	60	4	4	1.1454521309327197	2.939393672373866	32.31666666666667	58
381	conventional	60	0	0	1.4723684450965124	4.462169609152729	30.283333333333335	58
382	holistic	60	1	1	1.2070665814985657	2.9163751501592445	33.28333333333333	59
382	conventional	60	0	0	1.4965813831118235	4.41682585122876	31.283333333333335	59
383	holistic	60	5	5	1.1039041228914173	2.7706649616402177	30.216666666666665	59
383	conventional	60	1	1	1.5127768429072006	4.616552996743563	31.283333333333335	59
384	holistic	60	2	2	1.0329692210269381	2.6682004474079726	29.216666666666665	59
384	conventional	60	1	1	1.5050772465933955	3.751766631547428	31.283333333333335	57
385	holistic	60	4	4	1.0888134663076205	3.5329957399133174	28.116666666666667	59
385	conventional	60	0	0	1.51983936629267	3.560599181076757	32.28333333333333	58
386	holistic	60	2	2	1.149098306551165	2.6732424583080525	27.116666666666667	59
386	conventional	60	0	0	1.5090346387206588	3.791432854283844	33.28333333333333	59
387	holistic	60	3	3	1.2286846943220409	3.6718377775321427	26.983333333333334	59
387	conventional	60	1	1	1.4829883992548119	3.529578548208467	33.28333333333333	57
388	holistic	60	2	2	1.2300233148988675	2.6743674086040508	25.983333333333334	59
388	conventional	60	0	0	1.478719611847212	3.220585131843021	34.28333333333333	58
389	holistic	60	3	3	1.1952655775854786	3.0063913913145304	24.916666666666668	59
389	conventional	60	1	1	1.4795058969646078	3.419474266981419	35.25	59
390	holistic	60	1	1	1.2279430272204535	3.863338833719126	24.916666666666668	58
390	conventional	60	1	1	1.50953871991623	3.476263111464505	35.25	59
391	holistic	60	2	2	1.1746935161069374	3.273976375866593	25.716666666666665	59
391	conventional	60	4	4	1.3942181403126495	3.342065837626184	32.25	59
392	holistic	60	2	2	1.1416929797283528	2.840323375937759	25.65	59
392	conventional	60	3	3	1.3918338735128202	3.0630168941700076	30.25	58
393	holistic	60	4	4	1.152684682415506	2.9085299375089266	24.466666666666665	59
393	conventional	60	0	0	1.5272464285703566	6.219273510540875	31.25	59
394	holistic	60	2	2	1.19105391035065	3.890198703826672	23.466666666666665	59
394	conventional	60	1	1	1.4712887317403476	4.224099566958921	31.25	57
395	holistic	60	5	5	1.2263901685712706	7.721075679504841	20.4	57
395	conventional	60	0	0	1.5313597053222952	3.224772737284203	32.25	58
396	holistic	60	0	0	1.1795235520331613	5.720979187011102	21.4	58
396	conventional	60	0	0	1.5443405374058201	3.605576287249715	33.25	59
397	holistic	60	2	2	1.1765112849747004	4.390906485093069	22.066666666666666	59
397	conventional	60	3	3	1.486406731763019	3.5718701817923333	31.25	59
398	holistic	60	2	2	1.1490687329526161	3.225183046858744	22.0	59
398	conventional	60	1	1	1.5170116982080368	3.975648098460156	31.25	58
399	holistic	60	3	3	1.1512403451209718	2.924174639943322	20.933333333333334	59
399	conventional	60	0	0	1.507299579420138	3.780373533635242	32.25	59
400	holistic	60	3	3	1.2347042380214508	3.640765791766248	18.933333333333334	56
400	conventional	60	2	2	1.4356062371148786	3.6276604855959906	32.21666666666667	59
401	holistic	60	1	1	1.2185498322328379	4.1528187863303145	19.866666666666667	57
401	conventional	60	1	1	1.54882771268306	9.581752647587244	32.21666666666667	59
402	holistic	60	0	0	1.262908546258442	3.6417166564182186	20.866666666666667	58
402	conventional	60	3	3	1.5200910499197258	5.067945369903971	31.183333333333334	59
403	holistic	60	0	0	1.2379500213931232	3.7265113125964584	21.866666666666667	59
403	conventional	60	2	2	1.5036967760626794	3.695165335188177	30.183333333333334	59
404	holistic	60	1	1	1.2004954284503373	3.626626544958615	21.866666666666667	59
404	conventional	60	2	2	1.4048554465081695	3.328387830440119	29.183333333333334	58
405	holistic	60	1	1	1.1888868243225432	3.4539697911135447	21.866666666666667	59
405	conventional	60	0	0	1.609376272440236	3.315319385641212	30.183333333333334	59
406	holistic	60	1	1	1.1393969011452372	3.6445783825038514	21.866666666666667	54
406	conventional	60	3	3	1.5143886736573993	3.1387020032519586	29.15	58
407	holistic	60	0	0	1.1932613818309137	3.5745552593097156	22.866666666666667	55
407	conventional	60	0	0	1.6491817408912073	4.516450889906392	30.15	59
408	holistic	60	2	2	1.1897681496058903	3.3710181492765954	23.65	56
408	conventional	60	4	4	1.581481271525584	3.5142784862004155	27.15	59
409	holistic	60	0	0	1.2585708089635714	3.194163556073831	24.65	57
409	conventional	60	1	1	1.6486752566825869	5.3163083834877645	27.15	59
410	holistic	60	0	0	1.238870240032707	3.1022495195219073	25.65	58
410	conventional	60	4	4	1.585531909630376	4.0172695646615155	25.116666666666667	58
411	holistic	60	0	0	1.2384664793316666	3.021688100551739	26.65	59
411	conventional	60	0	0	1.6012633285304616	3.1169519101204473	26.116666666666667	59
412	holistic	60	1	1	1.2240270796963915	2.949686870794984	26.65	59
412	conventional	60	1	1	1.6552998709135935	3.561590100844763	26.116666666666667	59
413	holistic	60	1	1	1.3036350789917417	6.877968818582506	26.65	58
413	conventional	60	2	2	1.6286850853623294	4.119943906757072	26.066666666666666	59
414	holistic	60	0	0	1.2914987940078577	3.880989866042553	27.65	59
414	conventional	60	2	2	1.526834848296297	3.990161615450743	25.066666666666666	59
415	holistic	60	2	2	1.2111047054633926	2.7742765815852573	27.15	58
415	conventional	60	2	2	1.5020164111143601	3.374173054132927	24.066666666666666	59
416	holistic	60	1	1	1.1937970207815203	2.681210002997052	27.966666666666665	59
416	conventional	60	1	1	1.5201933037731483	3.4125292301953944	24.066666666666666	56
417	holistic	60	2	2	1.1447119955333656	2.7698716749778733	26.966666666666665	59
417	conventional	60	0	0	1.5030634416691997	3.173901929887509	25.066666666666666	57
418	holistic	60	1	1	1.2613615817308037	4.641322056522345	26.966666666666665	57
418	conventional	60	0	0	1.5342988866743854	3.498482883253954	26.066666666666666	58
419	holistic	60	1	1	1.2861480844039437	2.8340843761106793	27.9	58
419	conventional	60	0	0	1.49695438571426	3.373950516245359	27.066666666666666	59
420	holistic	60	0	0	1.2832888443149837	2.8238376682855386	28.9	59
420	conventional	60	3	3	1.463270981230964	3.37412254382744	25.95	57
421	holistic	60	1	1	1.305759721774542	2.9484302243170815	28.9	57
421	conventional	60	0	0	1.589675990606245	3.2688607983649893	26.95	58
422	holistic	60	1	1	1.301099906124852	2.959796415195689	29.783333333333335	58
422	conventional	60	0	0	1.569081661521679	3.9311834391401095	27.95	59
423	holistic	60	1	1	1.2976786852193634	2.892036935027695	30.716666666666665	59
423	conventional	60	1	1	1.542876082067924	4.107326524053824	27.95	58
424	holistic	60	1	1	1.2490522749745174	2.7261823928718787	30.716666666666665	57
424	conventional	60	0	0	1.6256270305843858	6.356786236697596	28.95	59
425	holistic	60	1	1	1.295315889714678	2.72612979209425	31.65	58
425	conventional	60	4	4	1.4762763512696109	3.860292495092479	25.95	58
426	holistic	60	0	0	1.2800686342003744	2.6635833426970557	32.65	59
426	conventional	60	0	0	1.664013170375876	4.3784019946077075	26.95	59
427	holistic	60	1	1	1.2603073480051052	2.725936826892894	32.65	59
427	conventional	60	1	1	1.6458065584902033	4.128348841869377	26.95	59
428	holistic	60	2	2	1.2868599244853702	2.8729896509683264	32.56666666666667	59
428	conventional	60	1	1	1.611898626638136	4.628517242244274	26.95	59
429	holistic	60	2	2	1.2782939389542813	2.783095900563548	32.5	58
429	conventional	60	3	3	1.580151165645904	3.876740662299051	26.85	59
430	holistic	60	0	0	1.2555403017308544	2.6981416151545585	33.5	59
430	conventional	60	1	1	1.5868250384569023	5.399784692680062	26.85	57
431	holistic	60	2	2	1.233522871775547	2.730409982288058	33.45	57
431	conventional	60	1	1	1.627008970453581	3.400812309238625	27.816666666666666	58
432	holistic	60	1	1	1.2984657755123203	3.8184500397658323	34.38333333333333	58
432	conventional	60	0	0	1.6898152298808669	4.115066191010431	28.816666666666666	59
433	holistic	60	0	0	1.316265291706741	3.7977459989045688	35.38333333333333	59
433	conventional	60	1	1	1.6015665645580517	3.438039457087141	28.816666666666666	56
434	holistic	60	1	1	1.2687897083041257	2.828001230647251	35.38333333333333	59
434	conventional	60	0	0	1.5962936278663458	3.4047185610224875	29.816666666666666	57
435	holistic	60	1	1	1.262208473246792	2.652923685123604	35.38333333333333	59
435	conventional	60	0	0	1.580737099605859	3.4338315508902753	30.816666666666666	58
436	holistic	60	4	4	1.1633772362916412	2.654761670397638	33.31666666666667	57
436	conventional	60	1	1	1.549365718395297	3.3732912615164485	31.766666666666666	59
437	holistic	60	0	0	1.1794658881377875	2.6794220891284994	34.31666666666667	58
437	conventional	60	3	3	1.442741816225709	3.259079193455896	29.766666666666666	59
438	holistic	60	0	0	1.1867731498940362	2.6804879887001447	35.31666666666667	59
438	conventional	60	3	3	1.400068415233768	3.5376190688974574	27.766666666666666	58
439	holistic	60	2	2	1.1638428700973025	2.6370091878757287	35.25	59
439	conventional	60	0	0	1.4387628168515616	3.2921789806689876	28.766666666666666	59
440	holistic	60	3	3	1.112501050080044	2.6171432607119614	34.18333333333333	59
440	conventional	60	2	2	1.34800997075459	3.1893795789236647	28.733333333333334	57
441	holistic	60	2	2	1.2376009461325301	3.886860818049651	33.18333333333333	59
441	conventional	60	0	0	1.524763884014379	4.230588699838261	29.733333333333334	58
442	holistic	60	1	1	1.1921153619429234	2.53828879628167	33.18333333333333	59
442	conventional	60	1	1	1.461633992787679	3.423425492695565	30.666666666666668	59
443	holistic	60	1	1	1.2499997855299518	2.5533735326703035	33.18333333333333	59
443	conventional	60	1	1	1.4971847468104376	3.446544472909211	30.666666666666668	59
444	holistic	60	3	3	1.2205202517327516	2.6393294588951433	32.11666666666667	59
444	conventional	60	1	1	1.4514767120959045	3.3735411669832818	30.666666666666668	55
445	holistic	60	1	1	1.1548252739573528	2.471102460809543	32.11666666666667	59
445	conventional	60	1	1	1.3997154924920037	3.3036847013446953	31.633333333333333	56
446	holistic	60	2	2	1.203219737589449	2.4374383689515073	31.116666666666667	59
446	conventional	60	0	0	1.3905780423517926	3.2371139733306418	32.63333333333333	57
447	holistic	60	3	3	1.2164947583652956	2.4239493531147223	30.016666666666666	59
447	conventional	60	2	2	1.4385352098267092	3.3288083993466278	32.983333333333334	58
448	holistic	60	2	2	1.2405885262454595	2.829543862253999	29.95	59
448	conventional	60	0	0	1.4164366573964868	3.3080145058741803	33.983333333333334	59
449	holistic	60	3	3	1.2076011141782248	2.4712025961653517	27.95	58
449	conventional	60	2	2	1.3945083426932787	3.2455036446494296	33.95	59
450	holistic	60	1	1	1.2439565389461904	2.4400101575847954	28.883333333333333	59
450	conventional	60	1	1	1.3897348850668472	3.289654078057586	33.95	59
451	holistic	60	2	2	1.2665953571395503	2.9192216317977873	28.816666666666666	59
451	conventional	60	4	4	1.3401699087752692	3.2912861072565307	30.95	59
452	holistic	60	2	2	1.2135493594698084	2.4499893918758615	27.816666666666666	59
452	conventional	60	4	4	1.3533618937581784	3.252863716807026	28.916666666666668	58
453	holistic	60	4	4	1.193658523510018	2.4546409437381382	25.75	59
453	conventional	60	0	0	1.5403327810985192	3.5186876069266195	29.916666666666668	59
454	holistic	60	1	1	1.3199322560044693	3.5577508649403073	25.75	59
454	conventional	60	1	1	1.5299249037072735	3.461118872694476	29.916666666666668	57
455	holistic	60	4	4	1.2184814610200592	3.306597762605163	22.75	58
455	conventional	60	1	1	1.4851990174573781	3.5128291467843007	30.216666666666665	58
456	holistic	60	0	0	1.2985309484132244	2.614403990132198	23.75	59
456	conventional	60	0	0	1.5988614608139053	3.4751788294965382	31.216666666666665	59
457	holistic	60	2	2	1.2303953945930604	2.3916966675024987	23.7	59
457	conventional	60	3	3	1.5254197082642083	3.5075840580426454	29.216666666666665	57
458	holistic	60	2	2	1.2582763230728369	3.4056422503165793	22.7	59
458	conventional	60	0	0	1.5612129396633114	3.055482563232833	30.216666666666665	58
459	holistic	60	3	3	1.1719604497109084	3.3052234599195796	21.633333333333333	59
459	conventional	60	0	0	1.5371903309723445	3.0045268002166097	31.216666666666665	59
460	holistic	60	3	3	1.1298470450260836	2.845124166686712	19.633333333333333	59
460	conventional	60	1	1	1.4749988711196373	2.941862347724544	31.216666666666665	59
461	holistic	60	3	3	1.1518498480604293	3.671818003402959	19.366666666666667	55
461	conventional	60	2	2	1.448271435711329	2.8813869487345873	31.15	59
462	holistic	60	0	0	1.1372412055892305	2.780903399467201	20.366666666666667	56
462	conventional	60	3	3	1.3838030726911263	2.6114978261911403	29.15	59
463	holistic	60	3	3	1.2257730512774314	2.6572361460673433	21.183333333333334	57
463	conventional	60	3	3	1.4341814616428297	3.6154265282054503	28.05	59
464	holistic	60	0	0	1.2369771622385477	3.5342527671639097	22.183333333333334	58
464	conventional	60	2	2	1.4677771169867115	5.49077129836467	28.033333333333335	58
465	holistic	60	1	1	1.3093556119293774	3.035705058838085	23.116666666666667	59
465	conventional	60	0	0	1.5314827279751229	4.155946330838051	29.033333333333335	59
466	holistic	60	1	1	1.2802909445971586	3.1353391011595995	23.116666666666667	58
466	conventional	60	3	3	1.3801688536825767	2.72775435231104	27.033333333333335	58
467	holistic	60	0	0	1.3165202838216132	2.7005678467193253	24.116666666666667	59
467	conventional	60	0	0	1.4971996188840402	4.7569486226214215	28.033333333333335	59
468	holistic	60	2	2	1.3167257313451528	2.6756006497145273	23.116666666666667	56
468	conventional	60	3	3	1.3792839937965387	2.832636935574216	26.033333333333335	59
469	holistic	60	0	0	1.4045639700834747	5.718157973665836	24.116666666666667	57
469	conventional	60	1	1	1.3236765699085744	2.5285504907300362	26.033333333333335	59
470	holistic	60	0	0	1.355350343537761	2.717357815762263	25.116666666666667	58
470	conventional	60	4	4	1.302190825431314	2.5033992753912786	24.933333333333334	58
471	holistic	60	0	0	1.3224883509519103	2.3799796616929085	26.116666666666667	59
471	conventional	60	0	0	1.4686398517519534	5.426886098592126	25.933333333333334	59
472	holistic	60	1	1	1.2790300403708088	2.235226694162217	26.116666666666667	59
472	conventional	60	1	1	1.4233331766083128	2.9164120891854917	25.933333333333334	58
473	holistic	60	1	1	1.2385219144636805	2.1772842773348806	26.116666666666667	57
473	conventional	60	0	0	1.3894109726030746	2.654776855318568	26.933333333333334	59
474	holistic	60	0	0	1.2492570467049933	2.105411362769266	27.116666666666667	58
474	conventional	60	3	3	1.3247083619187796	2.589891614792682	25.65	59
475	holistic	60	1	1	1.2556318413199763	2.0965184933331913	27.666666666666668	59
475	conventional	60	3	3	1.2886470305637616	2.8457456609723133	24.6	59
476	holistic	60	1	1	1.3082928127781939	4.605600746653082	27.666666666666668	59
476	conventional	60	2	2	1.3694712180164563	2.975576269983132	24.433333333333334	56
477	holistic	60	2	2	1.2140188483253387	3.6076657816435995	26.666666666666668	59
477	conventional	60	1	1	1.344306879751962	2.620842018644435	25.383333333333333	57
478	holistic	60	1	1	1.1801536860480246	3.6046036453159545	26.666666666666668	56
478	conventional	60	0	0	1.3434964627212265	2.675378633462416	26.383333333333333	58
479	holistic	60	0	0	1.2090812448904251	4.108463047726649	27.666666666666668	57
479	conventional	60	0	0	1.4104287279987011	3.4611271187418464	27.383333333333333	59
480	holistic	60	1	1	1.1901217855279067	3.606018689072401	28.6	58
480	conventional	60	3	3	1.3989695133381017	3.4607185636006563	25.383333333333333	57
481	holistic	60	1	1	1.2278792002893164	3.6078874745935514	29.533333333333335	59
481	conventional	60	1	1	1.3581582188665835	2.8951559654788848	26.366666666666667	58
482	holistic	60	2	2	1.2177766966380652	3.035257697204918	29.466666666666665	58
482	conventional	60	0	0	1.350525161960015	2.6568954934945994	27.366666666666667	59
483	holistic	60	0	0	1.3144584142322884	4.765342056311313	30.466666666666665	59
483	conventional	60	2	2	1.3097356170589363	2.591456812158738	27.316666666666666	58
484	holistic	60	2	2	1.2676082594998448	3.283213416239752	30.433333333333334	57
484	conventional	60	0	0	1.4295474378284732	6.394485205965094	28.316666666666666	59
485	holistic	60	0	0	1.318594343522826	4.750326202091673	31.433333333333334	58
485	conventional	60	5	5	1.3134048524943092	2.900293349540575	26.166666666666668	57
486	holistic	60	0	0	1.3261688334464716	3.745407341754517	32.43333333333333	59
486	conventional	60	0	0	1.4540052927852505	3.4739631858724676	27.166666666666668	58
487	holistic	60	1	1	1.2688625320040634	2.950746099224652	32.43333333333333	58
487	conventional	60	0	0	1.3762597382121944	3.3286807791117017	28.166666666666668	59
488	holistic	60	0	0	1.342335474907406	3.7748575808524154	33.43333333333333	59
488	conventional	60	2	2	1.3846659974452462	3.9955825871886232	28.116666666666667	59
489	holistic	60	2	2	1.2713221387703508	2.6076714060340054	32.43333333333333	58
489	conventional	60	3	3	1.316863029527723	3.3347896398399657	26.766666666666666	59
490	holistic	60	0	0	1.2781915330374112	2.7783946097154044	33.43333333333333	59
490	conventional	60	3	3	1.3458885350667258	2.9420282297008042	26.716666666666665	59
491	holistic	60	2	2	1.188571147458979	2.4931045047874485	32.43333333333333	57
491	conventional	60	2	2	1.3706835687714891	2.840864910403454	26.7	55
492	holistic	60	0	0	1.191348867901063	2.4405229922866143	33.43333333333333	58
492	conventional	60	0	0	1.4084064033045864	2.39083888018675	27.7	56
493	holistic	60	2	2	1.2045622948580337	2.650594593326643	34.3	59
493	conventional	60	1	1	1.4141512235416605	4.523911810810963	28.666666666666668	57
494	holistic	60	1	1	1.2498260602497946	2.663120560177363	34.3	58
494	conventional	60	1	1	1.4176919838474185	4.265292707106552	29.583333333333332	58
495	holistic	60	1	1	1.237271517156681	2.671556107595082	35.233333333333334	59
495	conventional	60	0	0	1.4454884977382558	3.9239640368457827	30.583333333333332	59
496	holistic	60	4	4	1.1365628569932689	2.6746841653647664	33.2	57
496	conventional	60	1	1	1.4263003824603258	3.3628760335350605	30.583333333333332	59
497	holistic	60	0	0	1.209867801081091	2.9562825656937095	34.2	58
497	conventional	60	3	3	1.4395413207578551	3.097850463402011	28.583333333333332	59
498	holistic	60	0	0	1.2478532187588158	2.453992515153777	35.2	59
498	conventional	60	2	2	1.5232436579818598	3.3868160670523477	28.566666666666666	58
499	holistic	60	2	2	1.157056618395566	2.3336637585154243	34.2	59
499	conventional	60	0	0	1.5139466105117985	3.0651426772688053	29.566666666666666	59
500	holistic	60	4	4	1.1428976331820806	2.3444644016655123	33.06666666666667	59
500	conventional	60	2	2	1.5591588659543376	4.05800997255598	28.566666666666666	58
501	holistic	60	1	1	1.1105034329749466	2.4534220921849137	33.06666666666667	59
501	conventional	60	0	0	1.6200869518471326	4.724552268092925	29.566666666666666	59
502	holistic	60	1	1	1.1232741403654851	2.5007633105949196	33.06666666666667	59
502	conventional	60	2	2	1.5911782378390091	5.124809790751778	29.533333333333335	58
503	holistic	60	1	1	1.0757352482094698	2.4519110699208144	33.06666666666667	59
503	conventional	60	2	2	1.6029759603886433	4.891190837004984	30.433333333333334	59
504	holistic	60	2	2	1.0645415464905597	2.4047571234267515	32.06666666666667	59
504	conventional	60	1	1	1.6349710563197002	4.725711740851469	30.433333333333334	57
505	holistic	60	2	2	1.1700631612099026	2.816859435240329	32.0	59
505	conventional	60	0	0	1.7505233655624421	5.863158425390541	31.433333333333334	58
506	holistic	60	1	1	1.147574657437824	2.819257685855396	32.0	59
506	conventional	60	0	0	1.697651239761975	4.698031899307134	32.43333333333333	59
507	holistic	60	2	2	1.1043235970419845	2.7521141610915256	31.0	59
507	conventional	60	1	1	1.6240626925303863	4.125957603823668	32.43333333333333	58
508	holistic	60	1	1	1.0778052597114613	2.3354883336150287	31.0	59
508	conventional	60	0	0	1.6334714381053392	4.270739934984388	33.43333333333333	59
509	holistic	60	3	3	1.04307029562222	2.3113071598238824	30.866666666666667	59
509	conventional	60	2	2	1.5902925878268226	4.141622342285887	32.43333333333333	58
510	holistic	60	2	2	1.0209757929177283	2.1815626797282626	30.683333333333334	59
510	conventional	60	0	0	1.673693195612622	4.032708714079476	33.43333333333333	59
511	holistic	60	3	3	1.0549378033804098	2.6379410292840593	29.616666666666667	59
511	conventional	60	4	4	1.5416124526749442	4.653340844318151	30.433333333333334	59
512	holistic	60	5	5	0.9758126771396	2.1732535748434083	28.25	59
512	conventional	60	5	5	1.5341644633395135	4.591509937924177	27.35	58
513	holistic	60	4	4	1.0410235247484392	5.7505460487415245	25.25	58
513	conventional	60	0	0	1.8188967672398282	7.60756713859352	28.35	59
514	holistic	60	2	2	1.062841153462108	3.7505528514087088	26.15	59
514	conventional	60	1	1	1.7820682824450849	5.591032195105116	28.35	59
515	holistic	60	3	3	0.9790435982650042	3.084982434879888	24.15	58
515	conventional	60	1	1	1.799056822863872	4.92268157877424	28.35	55
516	holistic	60	0	0	1.157677516406862	4.650191841550126	25.15	59
516	conventional	60	0	0	1.815825195963949	4.863110362431674	29.35	56
517	holistic	60	3	3	1.0660524060371102	2.279734822069334	24.95	59
517	conventional	60	0	0	1.8466648059273985	5.024493761929811	30.35	57
518	holistic	60	3	3	1.066750305261066	2.933399654786559	23.883333333333333	59
518	conventional	60	0	0	1.7808231148924876	4.059681906817304	31.35	58
519	holistic	60	1	1	1.09881666388489	3.862000088742504	23.883333333333333	59
519	conventional	60	0	0	1.771791797400709	3.8635430403453865	32.35	59
520	holistic	60	6	6	0.9692550225569152	2.3237890392380547	22.55	59
520	conventional	60	1	1	1.766566971794627	3.814169711227131	32.35	59
521	holistic	60	3	3	0.991651917277633	2.2353665529103535	21.5	58
521	conventional	60	2	2	1.68144199435315	3.727564480017918	31.35	59
522	holistic	60	0	0	1.016583169295014	2.358602188896596	22.5	59
522	conventional	60	3	3	1.6998811538600271	3.9448419427658514	29.35	59
523	holistic	60	5	5	0.964148147936431	2.258808239911962	20.25	58
523	conventional	60	3	3	1.701620219191725	3.967430922669334	28.333333333333332	59
524	holistic	60	1	1	1.0754924808999846	3.625035962260414	21.183333333333334	59
524	conventional	60	2	2	1.7688448366921912	5.248028174867555	27.333333333333332	58
525	holistic	60	1	1	1.086797602206243	3.6694225461006424	21.183333333333334	59
525	conventional	60	0	0	1.9761158697562258	5.671971261260177	28.333333333333332	59
526	holistic	60	1	1	1.0464503398180347	2.328956918534326	21.183333333333334	58
526	conventional	60	1	1	1.9317009915374508	4.163451526019623	28.333333333333332	58
527	holistic	60	4	4	1.0434497227603572	2.4083272321680718	21.85	59
527	conventional	60	1	1	1.880790267769715	3.96133124207927	29.25	59
528	holistic	60	2	2	1.0556552214055834	2.3293283413726495	20.85	56
528	conventional	60	1	1	1.8583468736525321	4.097069328596779	29.25	59
529	holistic	60	0	0	1.0711127177581974	2.30310112832812	21.85	57
529	conventional	60	2	2	1.815470388024735	4.149099940809297	29.216666666666665	59
530	holistic	60	0	0	1.0850970320477709	2.3228338778404334	22.85	58
530	conventional	60	4	4	1.7759741549696426	4.082774039193788	26.216666666666665	56
531	holistic	60	2	2	1.0721846531711596	2.4241182730750412	23.733333333333334	59
531	conventional	60	0	0	1.8489310500404692	4.570150338304773	27.216666666666665	57
532	holistic	60	2	2	1.0595426332592237	2.3574091945571194	23.533333333333335	59
532	conventional	60	0	0	1.9018211834197631	4.570230983100981	28.216666666666665	58
533	holistic	60	2	2	1.0524238958298258	2.2576241001280097	23.333333333333332	58
533	conventional	60	1	1	1.8915209428672928	4.568206715633876	29.166666666666668	59
534	holistic	60	0	0	1.1489027224213697	2.600092805147369	24.333333333333332	59
534	conventional	60	2	2	1.8190605821325811	4.3224335249378205	28.166666666666668	59
535	holistic	60	1	1	1.2061061899137913	3.5564500080828796	24.333333333333332	58
535	conventional	60	3	3	1.8369986404576157	3.9384155125868228	26.166666666666668	59
536	holistic	60	2	2	1.222207078195591	2.6195314774369285	25.0	59
536	conventional	60	2	2	1.6830583242266812	3.799365314842202	25.166666666666668	59
537	holistic	60	1	1	1.2518564196600517	2.555231109822673	25.0	57
537	conventional	60	3	3	1.7534921463893356	4.387568988347137	25.1	54
538	holistic	60	0	0	1.199853633731525	2.1775167231877712	26.0	58
538	conventional	60	1	1	1.7814141986097298	3.8787143127839316	26.066666666666666	55
539	holistic	60	0	0	1.198993354539175	2.1955305452877565	27.0	59
539	conventional	60	1	1	1.7626039557748179	3.5720422420618823	27.033333333333335	56
540	holistic	60	2	2	1.1889438236821788	2.1519432827813247	26.95	59
540	conventional	60	0	0	1.8023908578363532	3.7934314951084183	28.033333333333335	57
541	holistic	60	1	1	1.199293044423373	3.7674862962974878	26.95	59
541	conventional	60	1	1	1.8016778420407877	4.216486720126954	29.0	58
542	holistic	60	1	1	1.1945891407817304	3.2711358967791155	26.95	58
542	conventional	60	0	0	1.8382624090340962	4.164552935550299	30.0	59
543	holistic	60	0	0	1.186303311135828	2.4396581207089976	27.95	59
543	conventional	60	2	2	1.7603059669248402	4.042628556081495	29.0	58
544	holistic	60	2	2	1.1209787538873226	2.0260498764866965	26.95	57
544	conventional	60	0	0	1.832490909795186	4.343207000815126	30.0	59
545	holistic	60	0	0	1.2117751833602288	2.9308410213300204	27.95	58
545	conventional	60	5	5	1.7145202420844237	4.047725795579158	26.933333333333334	57
546	holistic	60	0	0	1.1652911083062483	2.681570044332706	28.95	59
546	conventional	60	2	2	1.73970622627777	3.9560142677647874	27.616666666666667	58
547	holistic	60	2	2	1.1588403887693752	2.5141372201535632	28.683333333333334	56
547	conventional	60	0	0	1.7636477358936984	3.9934590625720516	28.616666666666667	59
548	holistic	60	0	0	1.1838250219933215	2.682169663880757	29.683333333333334	57
548	conventional	60	1	1	1.7128415009489915	3.9712595867438103	28.616666666666667	59
549	holistic	60	0	0	1.1969875869040514	2.430879123360559	30.683333333333334	58
549	conventional	60	2	2	1.774492775582626	4.213703010844756	28.566666666666666	59
550	holistic	60	0	0	1.193728555282523	2.346773649102096	31.683333333333334	59
550	conventional	60	3	3	1.7080537784659018	4.03246401768475	27.55	59
551	holistic	60	1	1	1.1795603954824148	2.4796128226440146	31.683333333333334	58
551	conventional	60	4	4	1.6332867143207972	3.8687291903082817	27.416666666666668	58
552	holistic	60	1	1	1.1685551559911922	2.680185280720303	32.55	59
552	conventional	60	0	0	1.73775905839049	6.3662449559334116	28.416666666666668	59
553	holistic	60	2	2	1.268676935916816	5.3798996912550505	31.55	58
553	conventional	60	2	2	1.7342404765297805	4.166982394273912	28.383333333333333	59
554	holistic	60	0	0	1.3475393479290814	5.811668929846566	32.55	59
554	conventional	60	2	2	1.808062464830291	4.826429382283862	28.233333333333334	58
555	holistic	60	1	1	1.2572214624297642	3.042234302944722	32.55	59
555	conventional	60	0	0	1.9466022061544237	6.340754081326509	29.233333333333334	59
556	holistic	60	2	2	1.24334131231316	3.811627611130202	31.55	57
556	conventional	60	2	2	1.8033518594555538	4.155031763563069	29.05	59
557	holistic	60	1	1	1.290898748417148	3.7602338289773165	32.483333333333334	58
557	conventional	60	2	2	1.7297911417970913	3.8515647216393933	28.05	59
558	holistic	60	0	0	1.2821156008055903	3.2607079664094005	33.483333333333334	59
558	conventional	60	2	2	1.7678564346253574	5.4954965650483745	28.016666666666666	58
559	holistic	60	1	1	1.243631367963386	3.093416424951183	33.483333333333334	59
559	conventional	60	1	1	1.8608039668806693	4.500602671771575	28.983333333333334	59
560	holistic	60	3	3	1.1887582323569885	2.88982860788617	31.483333333333334	58
560	conventional	60	1	1	1.8274035173344196	3.518929661585347	28.983333333333334	58
561	holistic	60	0	0	1.2452302121863152	3.159737234124168	32.483333333333334	59
561	conventional	60	0	0	1.8043820474297665	3.423768041220694	29.983333333333334	59
562	holistic	60	1	1	1.2159518642659195	2.9254369939950835	32.483333333333334	59
562	conventional	60	1	1	1.780485637823395	3.48574769826832	29.983333333333334	59
563	holistic	60	2	2	1.2404874463776325	2.7704108574613944	32.35	59
563	conventional	60	2	2	1.6830036174025838	3.5080119635669442	28.983333333333334	59
564	holistic	60	2	2	1.2160914111226768	2.882871879613647	31.35	57
564	conventional	60	1	1	1.7386181414431783	3.5043124578450255	28.983333333333334	55
565	holistic	60	0	0	1.3046126140266465	2.6458924737284537	32.35	58
565	conventional	60	1	1	1.7538286832857533	3.4077479012368457	29.666666666666668	56
566	holistic	60	1	1	1.2515083778478375	2.7565574208475634	33.25	59
566	conventional	60	0	0	1.8333354545415006	4.464242517914202	30.666666666666668	57
567	holistic	60	1	1	1.276562750086669	3.68428059987578	33.25	58
567	conventional	60	0	0	1.869263484282989	4.135488556871592	31.666666666666668	58
568	holistic	60	0	0	1.3167779622298978	4.700898434694398	34.25	59
568	conventional	60	0	0	1.8778726571566913	4.467208224112893	32.666666666666664	59
569	holistic	60	2	2	1.2786119442857145	3.5496345207878712	33.25	59
569	conventional	60	2	2	1.8546114017842386	3.667489988692715	31.666666666666668	58
570	holistic	60	1	1	1.325323518984093	2.8833918929438194	33.25	59
570	conventional	60	0	0	1.8709928996902319	3.51099034470932	32.666666666666664	59
571	holistic	60	2	2	1.2514294529687058	3.523182886343851	32.25	59
571	conventional	60	4	4	1.6427590780602352	3.4453237590983288	29.666666666666668	59
572	holistic	60	3	3	1.2714292655742876	3.755102536180484	30.25	59
572	conventional	60	5	5	1.5787009355159747	3.443597755247888	25.666666666666668	58
573	holistic	60	2	2	1.303997564473031	3.516407037003533	29.25	59
573	conventional	60	0	0	1.6791681153288613	4.253701132661906	26.666666666666668	59
574	holistic	60	2	2	1.2985559028111244	3.7536805670869446	29.183333333333334	59
574	conventional	60	1	1	1.6673360415091734	3.4809996315860916	26.666666666666668	59
575	holistic	60	4	4	1.3620287614007813	3.758818870960206	27.15	58
575	conventional	60	1	1	1.7178742076347326	3.4327886303210744	26.666666666666668	55
576	holistic	60	1	1	1.3757877264602734	4.771814716486898	28.083333333333332	59
576	conventional	60	0	0	1.8020151248290233	3.929942163009588	27.666666666666668	56
577	holistic	60	2	2	1.402716340882574	5.271995584835542	27.083333333333332	59
577	conventional	60	0	0	1.8603072772113847	4.430635947615292	28.666666666666668	57
578	holistic	60	1	1	1.4809264115331466	4.569681797501134	27.083333333333332	58
578	conventional	60	0	0	1.872534086523816	4.262789132805704	29.666666666666668	58
579	holistic	60	1	1	1.4479613151653836	4.103853067382185	28.016666666666666	59
579	conventional	60	0	0	1.8676354883284862	3.857855888523887	30.666666666666668	59
580	holistic	60	2	2	1.3796445524957122	4.195308474656288	27.016666666666666	59
580	conventional	60	1	1	1.8485137339722497	4.054674006830215	30.666666666666668	59
581	holistic	60	1	1	1.3747251438829087	4.145300862761167	27.016666666666666	58
581	conventional	60	2	2	1.819547613576375	3.763366765350886	29.666666666666668	59
582	holistic	60	1	1	1.372589690851843	3.770174594828926	27.95	59
582	conventional	60	1	1	1.8339354638144418	3.829258226940129	29.666666666666668	59
583	holistic	60	4	4	1.2949904879350163	3.5703928150942494	24.95	59
583	conventional	60	3	3	1.800838037695955	5.498100820923031	27.666666666666668	59
584	holistic	60	2	2	1.2868096859561151	3.3162031369698495	24.933333333333334	58
584	conventional	60	2	2	1.838670044232637	4.498066351719894	26.666666666666668	58
585	holistic	60	1	1	1.4457553448605767	5.9113698785275	25.866666666666667	59
585	conventional	60	0	0	1.8792216247217113	3.9676996507686595	27.666666666666668	59
586	holistic	60	1	1	1.396839423178055	3.002048119560665	25.866666666666667	59
586	conventional	60	1	1	1.8456444810867672	3.6942363041362056	27.666666666666668	57
587	holistic	60	4	4	1.4211910339893914	2.9855803183232514	23.8	59
587	conventional	60	0	0	1.8724072523050213	3.39100741019686	28.666666666666668	58
588	holistic	60	1	1	1.498637626812524	4.597193755160237	23.8	57
588	conventional	60	0	0	1.893518227865801	3.5280265216578814	29.666666666666668	59
589	holistic	60	0	0	1.486167187120864	3.0984511314358785	24.8	58
589	conventional	60	2	2	1.8101198373437033	3.5707164612801314	28.666666666666668	59
590	holistic	60	1	1	1.4686452264445322	3.5920506322787715	25.75	59
590	conventional	60	3	3	1.7747202841764511	5.2736999119572605	26.666666666666668	57
591	holistic	60	3	3	1.433799199077103	3.0879897405656176	25.566666666666666	59
591	conventional	60	0	0	1.9084121705641943	5.273541752938662	27.666666666666668	58
592	holistic	60	1	1	1.4342276807489795	2.7893582900790332	25.566666666666666	59
592	conventional	60	1	1	1.9854703170806391	5.607102356158436	28.566666666666666	59
593	holistic	60	2	2	1.3913755359695261	2.619742846543258	24.566666666666666	58
593	conventional	60	1	1	1.9290391468003387	5.273710931533019	28.566666666666666	59
594	holistic	60	0	0	1.3856047480913452	2.62393512705502	25.566666666666666	59
594	conventional	60	2	2	1.8738234706886379	4.073488715255289	27.566666666666666	59
595	holistic	60	2	2	1.3411567009968495	2.598956176716639	25.5	59
595	conventional	60	2	2	1.8634503137018001	3.6169104617120214	27.516666666666666	59
596	holistic	60	4	4	1.2776760721998641	2.683446187330795	24.3	56
596	conventional	60	1	1	2.035918703853411	8.393903287928003	27.516666666666666	59
597	holistic	60	1	1	1.3340814156247602	2.7290634129066014	25.183333333333334	57
597	conventional	60	2	2	1.9001114018289078	4.9099590717011345	26.516666666666666	59
598	holistic	60	0	0	1.3331926477001268	2.7706233772939317	26.183333333333334	58
598	conventional	60	1	1	1.90896410792276	4.411433251271013	26.516666666666666	55
599	holistic	60	1	1	1.353876203169383	2.694075697508448	27.116666666666667	59
599	conventional	60	0	0	1.9426289658936633	3.7417391139159926	27.516666666666666	56
