season	population	alive	births	deaths	mean_lifetime_score	best_lifetime_score
0	holistic	60	1	1	-0.010931006268674028	0.9319372327811843
0	conventional	60	0	0	0.3093857706601741	3.637478825412238
1	holistic	60	5	5	-0.008399792988206116	0.4478291818994614
1	conventional	60	0	0	0.2518333318485956	3.073857979694709
2	holistic	60	0	0	-0.0025787176726453313	0.2865748670903853
2	conventional	60	0	0	0.23080046139966906	2.9051570921756995
3	holistic	60	1	1	0.004299754447998024	0.42713518243081783
3	conventional	60	0	0	0.21851688727374655	2.320621926359678
4	holistic	60	0	0	-0.0005491845332629521	0.5185447076076409
4	conventional	60	1	1	0.19764022447570503	2.364181949114422
5	holistic	60	1	1	0.025082800348095916	0.7490702366667991
5	conventional	60	2	2	0.15365905004795272	2.0715452294356895
6	holistic	60	3	3	0.026181457753301177	0.7704445391504133
6	conventional	60	0	0	0.1851057731660486	1.8581220690073816
7	holistic	60	0	0	0.023892601189859763	1.0367427292888536
7	conventional	60	1	1	0.1931251014606699	1.8243171003749206
8	holistic	60	1	1	0.02250726220818935	1.020725307951479
8	conventional	60	0	0	0.1593586584554111	1.6844578872356006
9	holistic	60	3	3	0.02080953512670393	1.0149298337887673
9	conventional	60	2	2	0.14179004029868203	1.5690517331840832
10	holistic	60	0	0	0.02136845448706453	0.9194174201326643
10	conventional	60	0	0	0.09238989336067122	1.3844179840071247
11	holistic	60	1	1	0.023324418826407168	0.8354997870495873
11	conventional	60	0	0	0.09402726737005924	1.2323368645845838
12	holistic	60	0	0	0.029057979456783622	0.9417537893330359
12	conventional	60	0	0	0.08760194246069136	1.1798254129439152
13	holistic	60	0	0	0.029179693565193707	0.9338104359037592
13	conventional	60	3	3	0.0697878406942103	1.1347603792457799
14	holistic	60	1	1	0.030676247524064823	0.991866720328736
14	conventional	60	0	0	0.10547897028031608	2.5621772657537703
15	holistic	60	1	1	0.030519881939589953	0.9903063164740329
15	conventional	60	0	0	0.08373087721686383	1.0613130306117933
16	holistic	60	1	1	0.030943390598949946	0.9868900323134076
16	conventional	60	1	1	0.05903442674619967	1.0909353377271376
17	holistic	60	0	0	0.03833895079278844	1.2635834434054587
17	conventional	60	1	1	0.08876435817801957	1.1113830614485583
18	holistic	60	2	2	0.03804518705825684	1.187833659845299
18	conventional	60	1	1	0.10317252888425067	1.5699266052269274
19	holistic	60	1	1	0.03434790154116054	1.1252533424028826
19	conventional	60	1	1	0.10362987666664762	1.2976994710062189
20	holistic	60	2	2	0.031508108367951856	1.1147398868808287
20	conventional	60	2	2	0.13407666344249197	2.385064092177747
21	holistic	60	0	0	0.028880337767697717	1.060537371876082
21	conventional	60	0	0	0.1595035158168223	1.3087711177481876
22	holistic	60	1	1	0.02922305127189243	1.1398745841923712
22	conventional	60	1	1	0.1634120092212726	1.66667494336155
23	holistic	60	2	2	0.027716665457014542	1.1309673302559287
23	conventional	60	2	2	0.13367451212734202	1.5696550440644708
24	holistic	60	1	1	0.06130279824531802	1.912696582228368
24	conventional	60	0	0	0.2346234425044925	5.44440266833654
25	holistic	60	1	1	0.05267891396715873	1.4339787114628477
25	conventional	60	0	0	0.21706408797515245	2.9471640813335123
26	holistic	60	1	1	0.04399031628655602	1.2188721152567539
26	conventional	60	2	2	0.20525987273044097	2.455738484623136
27	holistic	60	1	1	0.04802194240983164	1.1729318158082171
27	conventional	60	1	1	0.18307390424806552	2.4553824607750085
28	holistic	60	2	2	0.04540141272952883	1.130635685056892
28	conventional	60	1	1	0.1907301918342826	2.4533115478415395
29	holistic	60	1	1	0.04111568940301092	1.0912161024354214
29	conventional	60	1	1	0.1711514160979098	2.1270850162670842
30	holistic	60	0	0	0.0388912918549921	1.0527967007507413
30	conventional	60	2	2	0.18092904946221589	2.028589455704686
31	holistic	60	1	1	0.03755060385997986	1.047747405394842
31	conventional	60	0	0	0.15014333400460417	1.9590171022865244
32	holistic	60	0	0	0.037314206213331744	1.0151298777200002
32	conventional	60	1	1	0.12411343594347887	1.9032028691358935
33	holistic	60	1	1	0.038158249387299184	1.0113537978635083
33	conventional	60	2	2	0.19801930475571272	2.2594726729977594
34	holistic	60	2	2	0.038697573630688556	1.010064944354647
34	conventional	60	3	3	0.19214645261739347	2.2738757401671994
35	holistic	60	1	1	0.03642959608328847	1.0070223967905914
35	conventional	60	1	1	0.21725104541027743	2.2053682491954203
36	holistic	60	0	0	0.036453332855108024	1.005638580108344
36	conventional	60	1	1	0.20307443992975696	1.9964353089381344
37	holistic	60	0	0	0.03693471693247496	1.0296693536520263
37	conventional	60	2	2	0.19133464018154786	1.8879183581293388
38	holistic	60	1	1	0.035803464760619866	1.0268086324100205
38	conventional	60	0	0	0.23625442966133173	1.8601426295325822
39	holistic	60	2	2	0.034348794272515935	0.9997936207912584
39	conventional	60	0	0	0.21642415623207406	2.2100804776257887
40	holistic	60	1	1	0.04002002099282843	0.9975968238329846
40	conventional	60	0	0	0.2988870289968582	2.1662973215735364
41	holistic	60	1	1	0.020821306449225484	0.7584896765543033
41	conventional	60	0	0	0.3144017563736707	2.013304693980914
42	holistic	60	1	1	0.018684669432963992	0.7932389106875455
42	conventional	60	1	1	0.29999521359276066	1.8803225298993955
43	holistic	60	0	0	0.01806424121926623	0.7973294888838394
43	conventional	60	1	1	0.30030783095579267	1.9588921538887731
44	holistic	60	0	0	0.01673940483666921	0.773248319879879
44	conventional	60	2	2	0.3569779246090993	2.371560467424552
45	holistic	60	0	0	0.015605001651673578	0.750832729265624
45	conventional	60	0	0	0.41095543069157653	3.4492502058211225
46	holistic	60	1	1	0.015677172586240077	0.755720708308426
46	conventional	60	1	1	0.3804845256439759	1.9532397579249476
47	holistic	60	1	1	0.01506040376823063	0.7347557765629255
47	conventional	60	2	2	0.3938459330770227	2.001120167590468
48	holistic	60	1	1	0.014112928570467174	0.7646785088196608
48	conventional	60	4	4	0.3295790044078869	1.740282629468814
49	holistic	60	2	2	0.014892650105790444	0.7443363743272823
49	conventional	60	3	3	0.2808343867098777	1.7295604411976078
50	holistic	60	3	3	0.01694281064208524	0.7254605463533876
50	conventional	60	1	1	0.26197754327736716	1.6840751229259452
51	holistic	60	2	2	0.010361572513434345	0.7076046354222374
51	conventional	60	2	2	0.3748196139594045	1.856622066734009
52	holistic	60	0	0	0.007369434094051872	0.6899117175993282
52	conventional	60	0	0	0.32925544310554344	1.8094945940590574
53	holistic	60	1	1	0.007237120779425342	0.6737221847268405
53	conventional	60	0	0	0.30168289591512454	1.831807226153751
54	holistic	60	1	1	0.037988560424343176	0.8544857454976561
54	conventional	60	2	2	0.2940741455725326	1.884897364117649
55	holistic	60	0	0	0.037722313815290336	0.8543301286292952
55	conventional	60	0	0	0.3330755372775635	1.8723619221375767
56	holistic	60	1	1	0.04285473052679316	1.2594588647830514
56	conventional	60	0	0	0.36360705268592375	1.9345163138695756
57	holistic	60	0	0	0.04110059849214405	1.1949484054306905
57	conventional	60	0	0	0.3636312298265503	1.9655870822223571
58	holistic	60	2	2	0.03451858171290856	1.0034134440109779
58	conventional	60	4	4	0.3440515092991465	1.8938150953413282
59	holistic	60	0	0	0.03347050845434014	1.10897327940221
59	conventional	60	2	2	0.41136413191601773	2.585052797541409
60	holistic	60	1	1	0.03410045409458413	1.08278966315459
60	conventional	60	0	0	0.3843598486791383	2.086708469229783
61	holistic	60	5	5	0.03684317242488968	1.0614366643286057
61	conventional	60	0	0	0.37552548184160894	1.9150684337250503
62	holistic	60	0	0	0.03454404172488021	1.3168555918065867
62	conventional	60	0	0	0.3634857737391584	1.7776942304182812
63	holistic	60	1	1	0.04852585891848888	1.192159848341982
63	conventional	60	0	0	0.3530136710110948	1.7682317447961295
64	holistic	60	0	0	0.04315413668255699	1.0896851820857003
64	conventional	60	1	1	0.346296098838488	1.7859945871939242
65	holistic	60	1	1	0.04246308618906512	1.2868773163712652
65	conventional	60	2	2	0.3089050244324837	1.7332816511591795
66	holistic	60	3	3	0.03978116322955219	1.2577352085239342
66	conventional	60	0	0	0.3561053899607609	2.260827198758368
67	holistic	60	0	0	0.03924245436188715	1.2951999355582198
67	conventional	60	1	1	0.36627880280183284	2.2896554986511806
68	holistic	60	1	1	0.02772345519075575	1.3286442276714163
68	conventional	60	0	0	0.38154307169678525	2.6088223426692267
69	holistic	60	3	3	0.03046239769046762	1.4136162470826596
69	conventional	60	2	2	0.38821600266188855	2.5184218479131832
70	holistic	60	0	0	0.07189037306899573	1.867112208186563
70	conventional	60	0	0	0.4545892923434577	2.401724371657317
71	holistic	60	1	1	0.07561624659812628	2.3564701291325054
71	conventional	60	0	0	0.41028455667139396	2.2637810611216556
72	holistic	60	0	0	0.07227302870132087	1.5239196076038677
72	conventional	60	0	0	0.3796578870192884	2.122040231849707
73	holistic	60	0	0	0.06417226950920678	1.6059616416606253
73	conventional	60	3	3	0.3706495241181714	2.012574286547088
74	holistic	60	1	1	0.06302877433179203	1.4558237526293536
74	conventional	60	0	0	0.41206698096676675	2.5101877668320274
75	holistic	60	1	1	0.05547712661315384	1.1932011575559807
75	conventional	60	0	0	0.36777118011556426	1.6642670683979983
76	holistic	60	1	1	0.054261852723508947	1.219650205134158
76	conventional	60	1	1	0.36601338108193304	1.7172770196312308
77	holistic	60	0	0	0.05738311041383745	1.167199888368811
77	conventional	60	1	1	0.35971811062388925	1.8449547409765834
78	holistic	60	2	2	0.05703776167951428	1.119560986948725
78	conventional	60	1	1	0.3720944216823456	1.87724051493043
79	holistic	60	1	1	0.07482690368932364	1.1822167124680105
79	conventional	60	1	1	0.35098252917161316	1.6898942969732822
80	holistic	60	2	2	0.06227030872827889	1.1367380809206624
80	conventional	60	2	2	0.30589686872481625	1.592949820178086
81	holistic	60	0	0	0.06025769910012269	1.1274757107502649
81	conventional	60	0	0	0.3475588108614097	1.510469313794382
82	holistic	60	1	1	0.06280706994913296	1.0875155437040909
82	conventional	60	1	1	0.40142114720442545	2.439220609762284
83	holistic	60	2	2	0.05745997430468777	1.112294892574511
83	conventional	60	2	2	0.36211740930248987	1.4422089292608948
84	holistic	60	1	1	0.05492587912214319	1.0743239412763808
84	conventional	60	0	0	0.4132409195578821	4.544904338686213
85	holistic	60	1	1	0.05269145632025848	1.0392835153817492
85	conventional	60	0	0	0.38934774887789736	2.514936437575625
86	holistic	60	1	1	0.053252553359444434	1.0911307547496436
86	conventional	60	2	2	0.39646460012262996	2.4757672825121553
87	holistic	60	1	1	0.05380552014759099	1.05727963705603
87	conventional	60	1	1	0.380562236101911	1.7266254184699918
88	holistic	60	2	2	0.05192705155276225	1.0237397506220909
88	conventional	60	1	1	0.3814690968284014	1.636613146660788
89	holistic	60	1	1	0.05051998521609096	1.0464808620049535
89	conventional	60	1	1	0.3421577080215441	1.3646843212588524
90	holistic	60	0	0	0.054967544315849604	1.0421030844894392
90	conventional	60	2	2	0.34923902528345285	1.3411150034529646
91	holistic	60	1	1	0.05509950220970336	1.0372652320683824
91	conventional	60	0	0	0.373797422365292	1.318852828012526
92	holistic	60	0	0	0.05365432429153419	1.0578349218690961
92	conventional	60	1	1	0.37253920129900986	1.3215526427165059
93	holistic	60	1	1	0.05430277769103463	1.0282038999048497
93	conventional	60	2	2	0.32381323917381355	1.277006243878169
94	holistic	60	2	2	0.04981535421573692	1.023616286338857
94	conventional	60	3	3	0.32698598131780543	1.2348405786507335
95	holistic	60	1	1	0.04826239067755986	0.9963424482919209
95	conventional	60	1	1	0.3401721517825657	1.3066832056215478
96	holistic	60	0	0	0.04920073345413136	1.037507495758004
96	conventional	60	1	1	0.3761723012903949	1.805256592616981
97	holistic	60	0	0	0.049471643128684045	1.0117289274277532
97	conventional	60	2	2	0.3779449073810569	1.6410515839256004
98	holistic	60	1	1	0.04981536322998689	0.9874837130613076
98	conventional	60	0	0	0.38035914345634475	1.3225741778678002
99	holistic	60	2	2	0.05348837857354268	0.9636810715772604
99	conventional	60	0	0	0.38987741371105356	1.7474860790908275
100	holistic	60	1	1	0.05242561467346744	0.9409078106291375
100	conventional	60	0	0	0.3785883150726295	1.4007638433293925
101	holistic	60	1	1	0.052659327002575966	0.9189742624878003
101	conventional	60	0	0	0.3844788819599151	1.5435341985893678
102	holistic	60	1	1	0.051656497640227284	0.9180472549259161
102	conventional	60	1	1	0.36001097835478135	1.7161546179943137
103	holistic	60	0	0	0.052803966010532374	0.8974175470455942
103	conventional	60	1	1	0.33978673865020653	1.6296070823153321
104	holistic	60	0	0	0.05206301541173572	0.8780686706243741
104	conventional	60	2	2	0.34115136731741724	1.590941692980172
105	holistic	60	0	0	0.05068472753022972	0.8779504760565539
105	conventional	60	0	0	0.3421824780637822	1.3333289440886915
106	holistic	60	1	1	0.051901809647127164	0.8592277894340662
106	conventional	60	1	1	0.3376193912111404	1.3312285287787042
107	holistic	60	1	1	0.055116934008129684	0.9126517078867653
107	conventional	60	2	2	0.3742164966418775	2.4341912901152605
108	holistic	60	1	1	0.054573538748835373	0.9291271330071869
108	conventional	60	4	4	0.39793538997184646	1.416836299657667
109	holistic	60	2	2	0.0538685715680721	0.9111541235931004
109	conventional	60	3	3	0.3839773150693981	2.616485862515082
110	holistic	60	3	3	0.054115206883485735	0.9269283848886034
110	conventional	60	1	1	0.3201299910467832	1.2796763634999602
111	holistic	60	2	2	0.039523173184268456	0.8341100825359581
111	conventional	60	2	2	0.3133117879668259	1.337425079497854
112	holistic	60	0	0	0.03985435731244928	0.8592447211643727
112	conventional	60	0	0	0.3436673100430739	1.3906981530692422
113	holistic	60	1	1	0.03396746483959256	0.9780980460770612
113	conventional	60	0	0	0.3236986150397965	1.3889732369314722
114	holistic	60	1	1	0.03418209233692935	0.9982719552867992
114	conventional	60	2	2	0.37053832227643524	1.319655943343242
115	holistic	60	0	0	0.047355074925615526	0.9947423118441691
115	conventional	60	0	0	0.3436419924375958	1.2564013880299023
116	holistic	60	1	1	0.04767828913682185	0.9917620867527701
116	conventional	60	0	0	0.3676666490352031	1.209770536904136
117	holistic	60	0	0	0.04992764186631481	1.054299340563815
117	conventional	60	0	0	0.37596524313849583	1.2676323812894457
118	holistic	60	2	2	0.05010418997926507	1.092825678108047
118	conventional	60	4	4	0.3564994515045708	1.9171364527431873
119	holistic	60	0	0	0.045812614909283934	1.0661080260278657
119	conventional	60	2	2	0.39502200321729214	2.549010872715388
120	holistic	60	1	1	0.0445066071733374	1.0411420277766779
120	conventional	60	0	0	0.36438601064175086	1.818645924912443
121	holistic	60	5	5	0.04117448480337768	1.0571935147592857
121	conventional	60	0	0	0.38102226290431795	1.7778792173403997
122	holistic	60	0	0	0.05784768208114672	1.0530629731441736
122	conventional	60	0	0	0.3843931093571137	1.8880680829222911
123	holistic	60	1	1	0.05588964129760101	1.0297328109790422
123	conventional	60	0	0	0.3848374637922088	1.850916140641966
124	holistic	60	0	0	0.04846893333731628	1.0076690646889046
124	conventional	60	1	1	0.3970738232804138	1.8807778291922221
125	holistic	60	1	1	0.049793814489198444	1.004779360897485
125	conventional	60	2	2	0.3539612365297159	1.7895084264314018
126	holistic	60	3	3	0.049748021964974486	1.0020344692572658
126	conventional	60	0	0	0.3822336043298652	1.651549007334575
127	holistic	60	0	0	0.04947336295752589	0.9815222607331885
127	conventional	60	1	1	0.4051101726275737	1.9167248925658278
128	holistic	60	1	1	0.04976351071495439	0.9791848998401115
128	conventional	60	0	0	0.3948024311056542	1.995795842493757
129	holistic	60	3	3	0.03938463386809384	0.9769453069244782
129	conventional	60	2	2	0.3791777242471289	1.6482820017962136
130	holistic	60	0	0	0.03681405891492416	0.9581438706134067
130	conventional	60	0	0	0.3828879333648364	1.4546643293725177
131	holistic	60	1	1	0.01998948120845116	0.5679277007728357
131	conventional	60	0	0	0.4047592495309133	1.8189455761423015
132	holistic	60	0	0	0.019280158550321294	0.5811234528079018
132	conventional	60	0	0	0.39661072474954717	1.890104818856476
133	holistic	60	0	0	0.019211793839351288	0.5406075790217015
133	conventional	60	3	3	0.3428143060027025	1.7781206446908635
134	holistic	60	1	1	0.01783493675158616	0.5036410087556049
134	conventional	60	0	0	0.3810267441284996	1.8156206353423026
135	holistic	60	1	1	0.019306761192616484	0.6130768881234628
135	conventional	60	0	0	0.3741496086094955	1.7262465339931732
136	holistic	60	1	1	0.019966793572669506	0.6222101796891439
136	conventional	60	1	1	0.38628856745862455	1.7029423494376574
137	holistic	60	0	0	0.021526605856842334	0.6730155885655137
137	conventional	60	1	1	0.3621984442237854	1.628097422766563
138	holistic	60	2	2	0.019934576739956224	0.6787667666618713
138	conventional	60	1	1	0.36750071881712754	1.505611034429353
139	holistic	60	1	1	0.0207916068179662	0.7637242456891886
139	conventional	60	1	1	0.39871995621636364	1.5212328437133693
140	holistic	60	2	2	0.021851482941582005	0.8032534597793765
140	conventional	60	2	2	0.40761449899094526	2.402970157438234
141	holistic	60	0	0	0.023207719495108237	0.9141669052628761
141	conventional	60	0	0	0.42668353664029557	1.9129198722289444
142	holistic	60	1	1	0.0254068099505521	0.9458637228806644
142	conventional	60	1	1	0.42179602360995017	1.374014918333015
143	holistic	60	2	2	0.023008207908173508	0.9410187850698912
143	conventional	60	2	2	0.4092337238388411	1.3318556193041338
144	holistic	60	1	1	0.025944278581153016	0.9695053385948603
144	conventional	60	0	0	0.42085660855522816	1.3221800595715751
145	holistic	60	1	1	0.025870832911925174	0.9963360716054644
145	conventional	60	0	0	0.4226657398603714	1.5024602785059118
146	holistic	60	1	1	0.025813400441746806	1.0214191108424393
146	conventional	60	2	2	0.37787919653992563	1.3777152699788997
147	holistic	60	1	1	0.024748648169626644	0.9840638624431015
147	conventional	60	1	1	0.3739395650496931	1.2394634653447232
148	holistic	60	2	2	0.02424083953054768	0.9785070107360303
148	conventional	60	1	1	0.39346257316525096	1.512329509911348
149	holistic	60	1	1	0.023309000497992463	0.945036944880715
149	conventional	60	1	1	0.41389737038164726	1.850645258805005
150	holistic	60	0	0	0.02404533022635067	0.9411643702527258
150	conventional	60	2	2	0.362435394449001	1.29461116433503
151	holistic	60	1	1	0.02371292464623855	0.9099881077584637
151	conventional	60	0	0	0.3537094056795745	1.1799673204286796
152	holistic	60	0	0	0.03996839558753036	1.0
152	conventional	60	1	1	0.41114853238168936	1.4842733000300712
153	holistic	60	1	1	0.03125588408698792	0.9048204260112578
153	conventional	60	2	2	0.4398215517373469	1.3570299869493585
154	holistic	60	2	2	0.02868835547989733	0.8786162414951484
154	conventional	60	3	3	0.375496999469678	1.3293670132339601
155	holistic	60	1	1	0.02791502880538431	0.8764325301045099
155	conventional	60	1	1	0.37106441820761754	1.168599087438085
156	holistic	60	0	0	0.027188099377836457	0.8746718288777862
156	conventional	60	1	1	0.355304446641816	1.1354817544548637
157	holistic	60	0	0	0.02634402626404224	0.8497836960058923
157	conventional	60	2	2	0.35793513645060376	1.3273614174835524
158	holistic	60	1	1	0.026356273958242603	0.89401915885227
158	conventional	60	0	0	0.3343028161104032	1.495789311593618
159	holistic	60	2	2	0.02534031713377714	0.8695713386831849
159	conventional	60	0	0	0.3622005963397328	1.191461146188517
160	holistic	60	1	1	0.02393791018180427	0.8682242904965858
160	conventional	60	0	0	0.37579679305726876	1.7100061426868074
161	holistic	60	1	1	0.02344384885821436	0.8665655288998283
161	conventional	60	0	0	0.3944299485166358	1.562031275456185
162	holistic	60	1	1	0.02376434064549623	0.8855260614980779
162	conventional	60	1	1	0.37833592014639805	1.4408898335341278
163	holistic	60	0	0	0.02373228786649496	0.8836608766722569
163	conventional	60	1	1	0.38157451308707313	1.519227038020349
164	holistic	60	0	0	0.024112429667415444	0.8818178894264832
164	conventional	60	2	2	0.38025604282129977	1.7069135530564414
165	holistic	60	0	0	0.023773015156990034	0.8605060880877607
165	conventional	60	0	0	0.4145933369430619	2.4451598690405274
166	holistic	60	1	1	0.023077924246401562	0.839587062450133
166	conventional	60	1	1	0.3611519260715656	1.432268528325182
167	holistic	60	1	1	0.023736946340116572	0.8767052130329119
167	conventional	60	2	2	0.3551658024740892	1.3565719874543414
168	holistic	60	1	1	0.023093913588066006	0.856770665151978
168	conventional	60	4	4	0.3887176895301694	2.4905315590711345
169	holistic	60	2	2	0.0238654935764918	0.8374385123157118
169	conventional	60	3	3	0.4142885751992535	2.6611733636781025
170	holistic	60	3	3	0.023473397257083597	0.8189283533029096
170	conventional	60	1	1	0.43424266000946365	3.6618947024748443
171	holistic	60	2	2	0.02337238696493605	0.8362630883124637
171	conventional	60	2	2	0.4322882724079638	2.634572112941057
172	holistic	60	0	0	0.017992011414969578	0.835806502155637
172	conventional	60	0	0	0.47091823612594796	2.443480959660058
173	holistic	60	1	1	0.025769248730336886	0.8182609116816678
173	conventional	60	0	0	0.4499254353649516	1.9469047171359208
174	holistic	60	1	1	0.01487318622074927	0.48886982704223675
174	conventional	60	2	2	0.4940032240820448	2.7768207773551072
175	holistic	60	0	0	0.015948550560913384	0.4766725599490153
175	conventional	60	0	0	0.5033876392302263	2.2150317776599064
176	holistic	60	1	1	0.01316335317155066	0.4648117889258848
176	conventional	60	0	0	0.4869921307747338	1.8600414524502404
177	holistic	60	0	0	0.013984846819095155	0.45350010362824655
177	conventional	60	0	0	0.45272802824625996	1.6256586749231967
178	holistic	60	2	2	0.014233454747977435	0.459925096150285
178	conventional	60	4	4	0.4336718905538732	1.652789606989284
179	holistic	60	0	0	0.01559294066314623	0.44894932570811397
179	conventional	60	2	2	0.34167954519500926	1.7160081104306228
180	holistic	60	1	1	0.01565136700739405	0.4384571157296041
180	conventional	60	0	0	0.40072039650120367	1.5490099861906117
181	holistic	60	5	5	0.008939392004938032	0.25
181	conventional	60	0	0	0.39345664262515573	1.6383213129618224
182	holistic	60	0	0	0.009272822624790615	0.3333333333333333
182	conventional	60	0	0	0.3772657974412495	1.7043515493274084
183	holistic	60	1	1	0.01621651861259136	0.494053345505674
183	conventional	60	0	0	0.3888131114083694	1.5993444590958592
184	holistic	60	0	0	0.013580433305669303	0.32748355366914744
184	conventional	60	1	1	0.3700511756983961	1.4291395551691453
185	holistic	60	1	1	0.011126840241374027	0.25
185	conventional	60	2	2	0.3376125125363887	1.3585281822603428
186	holistic	60	3	3	0.009374768743413609	0.23076923076923078
186	conventional	60	0	0	0.4310795233222181	3.1513891580056193
187	holistic	60	0	0	0.010405058840090773	0.35714285714285715
187	conventional	60	1	1	0.3970234904973765	1.657647541992778
188	holistic	60	1	1	0.010254514485307988	0.4
188	conventional	60	0	0	0.4148120244624819	1.8284804234981198
189	holistic	60	3	3	0.008076061325597775	0.375
189	conventional	60	2	2	0.42619762641190706	2.1631296205851203
190	holistic	60	0	0	0.009842912743427941	0.35294117647058826
190	conventional	60	0	0	0.4261867970692632	1.7628903178457562
191	holistic	60	1	1	0.02080194111084493	0.6191686827939815
191	conventional	60	0	0	0.4204694081297858	1.6635313522856279
192	holistic	60	0	0	0.027043581724211063	0.9524625908620195
192	conventional	60	0	0	0.4129869190601429	1.7335004553172446
193	holistic	60	0	0	0.027478877071804915	0.952429819640269
193	conventional	60	3	3	0.3645240225243674	1.4845962230623586
194	holistic	60	1	1	0.0277807164894936	0.9524784311686822
194	conventional	60	0	0	0.39669733633416954	2.55641353021771
195	holistic	60	1	1	0.026524400510135503	0.9524311146574455
195	conventional	60	0	0	0.3829058110986019	1.5200529251595256
196	holistic	60	1	1	0.10756408553486743	4.866168772190192
196	conventional	60	1	1	0.3825243640978087	1.5163591994985675
197	holistic	60	0	0	0.10866416578479816	4.864087033456818
197	conventional	60	1	1	0.4127754005715492	3.4453127875206007
198	holistic	60	2	2	0.10198723457780763	4.3648398855327075
198	conventional	60	1	1	0.39619358618961864	2.440684454006053
199	holistic	60	1	1	0.09139913976825567	3.8647272578629575
199	conventional	60	1	1	0.3603691266817263	1.4315892549964475
200	holistic	60	2	2	0.08564718425527758	3.197650763814032
200	conventional	60	2	2	0.30441055333978007	1.3360613814716458
201	holistic	60	0	0	0.08322047779620642	3.149802675306551
201	conventional	60	0	0	0.3458346761591614	1.3549949622888608
202	holistic	60	1	1	0.07856794901897582	2.9897283069536287
202	conventional	60	1	1	0.33730956757404446	1.3763272846142867
203	holistic	60	2	2	0.08183095837443251	2.960927284795423
203	conventional	60	2	2	0.28534199238365426	1.3162612729365857
204	holistic	60	1	1	0.08476348168114956	2.951438639788868
204	conventional	60	0	0	0.34227387937469245	1.262400986565708
205	holistic	60	1	1	0.08291634144776036	2.8526018355887324
205	conventional	60	0	0	0.3238813656141663	1.2380574009429104
206	holistic	60	1	1	0.07797388581288364	2.6029008754766445
206	conventional	60	2	2	0.30251108988497194	1.2181740825966814
207	holistic	60	1	1	0.08325034671178795	2.545778458533611
207	conventional	60	1	1	0.2592249198379799	1.1886841839092066
208	holistic	60	2	2	0.08465081398788685	2.640050625408928
208	conventional	60	1	1	0.2775630103666071	1.1353797537970403
209	holistic	60	1	1	0.08017101401716777	2.4549278409144906
209	conventional	60	1	1	0.25791709936703805	1.077929214638113
210	holistic	60	0	0	0.08306335433259662	2.6055430303304012
210	conventional	60	2	2	0.26728207727838516	1.0585084331821544
211	holistic	60	1	1	0.08492773317598054	2.6795797865196738
211	conventional	60	0	0	0.31663512498420227	1.4163556813271658
212	holistic	60	0	0	0.0837453355695268	2.689896348322564
212	conventional	60	1	1	0.28828922802420837	1.7517807150494307
213	holistic	60	1	1	-0.5875641483245464	1.192395216042629
213	conventional	60	2	2	0.3012823133527497	1.9179165921237242
214	holistic	60	2	2	-0.5543501614131447	1.1831776921462285
214	conventional	60	3	3	0.3205094147664757	1.618878726132591
215	holistic	60	1	1	-0.5260619011757657	1.1376115012815158
215	conventional	60	1	1	0.31839614961584395	1.4183165884589606
216	holistic	60	0	0	-0.49974624411288543	1.2024172573286294
216	conventional	60	1	1	0.4124502523006587	2.932110694240967
217	holistic	60	0	0	-0.474053565211601	1.1592928681270611
217	conventional	60	2	2	0.35279548788454024	1.756466484285684
218	holistic	60	1	1	-0.45304324616644975	1.1190667534708472
218	conventional	60	0	0	0.3719337536144398	1.5594284511958567
219	holistic	60	2	2	-0.43209750200883346	1.1459621911507998
219	conventional	60	0	0	0.3631221768580559	1.636518950977835
220	holistic	60	1	1	-0.414267669753971	1.1711653879068866
220	conventional	60	0	0	0.34579465604266885	1.514220638639849
221	holistic	60	1	1	-0.3954766974466688	1.1948366379726003
221	conventional	60	0	0	0.3515227410102347	1.4407609886407673
222	holistic	60	1	1	-0.37734304718370476	1.246526000488268
222	conventional	60	1	1	0.3541627820859616	1.4967248430737268
223	holistic	60	0	0	-0.36029432009090445	1.2095615587375315
223	conventional	60	1	1	0.3598567091685625	1.4837305344820901
224	holistic	60	0	0	-0.3451719952861637	1.202408252474801
224	conventional	60	2	2	0.35652260257718743	1.4721259359620886
225	holistic	60	0	0	-0.3318006141665889	1.1686048576802495
225	conventional	60	0	0	0.35393379952103016	1.5161489430575468
226	holistic	60	1	1	-0.31787874751877393	1.1892380174249548
226	conventional	60	1	1	0.37838612595991633	2.377618128111977
227	holistic	60	1	1	-0.30458541220691304	1.2088153567813766
227	conventional	60	2	2	0.3551456525770591	1.9735992186652198
228	holistic	60	1	1	-0.29334034054491365	1.202400457269789
228	conventional	60	4	4	0.41127479492605956	4.312757243282137
229	holistic	60	2	2	-0.28066591860519624	1.2206750207113057
229	conventional	60	3	3	0.3303765478176339	2.300024826751435
230	holistic	60	3	3	-0.2705312078562646	1.214279225799481
230	conventional	60	1	1	0.34623775106733984	2.447836069101058
231	holistic	60	2	2	-0.22737880214888453	1.983821302376519
231	conventional	60	2	2	0.3621635912627451	1.8101135553324827
232	holistic	60	0	0	-0.2104507168956261	2.483862011655309
232	conventional	60	0	0	0.3748230705038039	1.6646715422103309
233	holistic	60	1	1	-0.2313622069705497	1.650520518108559
233	conventional	60	0	0	0.3437325409331525	1.6354210919849026
234	holistic	60	1	1	-0.218190238617721	1.983846740629809
234	conventional	60	2	2	0.3503094191777043	1.611581228952789
235	holistic	60	0	0	-0.200486897564028	2.5838653322139575
235	conventional	60	0	0	0.3535503889965454	1.599493129278121
236	holistic	60	1	1	-0.18613766308269816	2.9838492910521057
236	conventional	60	0	0	0.3820128952107556	1.5808188192359993
237	holistic	60	0	0	-0.16864965421294173	2.698153664540193
237	conventional	60	0	0	0.3487812710866925	1.4976606030820065
238	holistic	60	2	2	-0.1565421119009155	2.483865450419009
238	conventional	60	4	4	0.3627091541431284	1.8578725358112085
239	holistic	60	0	0	-0.16344499084625094	2.206073653528163
239	conventional	60	2	2	0.3615817406752884	2.2826415225862386
240	holistic	60	1	1	-0.15898219211570183	2.083839435681573
240	conventional	60	0	0	0.45552903425863156	3.28332168827367
241	holistic	60	5	5	-0.15623235179292747	1.9838327774883637
241	conventional	60	0	0	0.4678935021106358	2.6211336898617454
242	holistic	60	0	0	-0.14969578085237387	2.0671756772690135
242	conventional	60	0	0	0.4711854638157551	2.535678732984988
243	holistic	60	1	1	-0.14226449041391573	1.9838405394564682
243	conventional	60	0	0	0.44319025963411746	2.4854680452157774
244	holistic	60	0	0	-0.1393607148692288	1.9124120190041027
244	conventional	60	1	1	0.4247189364478137	2.466334332758776
245	holistic	60	1	1	-0.1365997404466547	1.783845523737363
245	conventional	60	2	2	0.38512805415523593	2.0118901974593366
246	holistic	60	3	3	-0.1372697944073515	1.6713438599432069
246	conventional	60	0	0	0.429330676638992	2.458337742328425
247	holistic	60	0	0	-0.13411110831258624	1.5720858111292324
247	conventional	60	1	1	0.47721948203394443	3.444903718462246
248	holistic	60	1	1	-0.1516131900783465	1.4838509467780978
248	conventional	60	0	0	0.4761333696618554	2.0550473192335432
249	holistic	60	3	3	-0.14496671164804814	1.510171056971613
249	conventional	60	2	2	0.4597531804252276	1.8372836519725086
250	holistic	60	0	0	-0.14196921479384014	1.4338630494489117
250	conventional	60	0	0	0.4722869419138619	1.8078009463758224
251	holistic	60	1	1	-0.13756154345911126	1.3648088075968459
251	conventional	60	0	0	0.44826264388889475	1.730458696626627
252	holistic	60	0	0	-0.13563526762566094	1.3020298723990917
252	conventional	60	0	0	0.4636667780075144	2.163485799421939
253	holistic	60	0	0	-0.13226764688078246	1.244719910201773
253	conventional	60	3	3	0.4354943781003511	1.9973148762850963
254	holistic	60	1	1	0.04266447263199982	1.2755198831460957
254	conventional	60	0	0	0.45116040112398165	1.6952781534565804
255	holistic	60	1	1	0.04459200320118466	1.3038518893587536
255	conventional	60	0	0	0.4340383010383721	1.5307380658017877
256	holistic	60	1	1	0.04559625266913583	1.3166188766186457
256	conventional	60	1	1	0.4203962657958195	1.482011451369072
257	holistic	60	0	0	0.04640885369789323	1.3474910729366676
257	conventional	60	1	1	0.4660073865428625	1.5476704247648647
258	holistic	60	2	2	0.04478627637175749	1.2847039868166505
258	conventional	60	1	1	0.43358895489066357	1.482196703067774
259	holistic	60	1	1	0.04772420815337493	1.227360500900962
259	conventional	60	1	1	0.44148468991769074	1.5310836020728242
260	holistic	60	2	2	0.04659668302601216	1.2582567746194777
260	conventional	60	2	2	0.4198529894042254	1.50061315315657
261	holistic	60	0	0	0.04683335971418294	1.2865319704946565
261	conventional	60	0	0	0.48750628101029386	3.2519022635585477
262	holistic	60	1	1	0.04805357354434018	1.427912265359157
262	conventional	60	1	1	0.4526934576637339	1.7488508848313977
263	holistic	60	2	2	0.04583250484585037	1.3738480755623996
263	conventional	60	2	2	0.4450277286546	1.5377802559141518
264	holistic	60	1	1	0.06077813253090888	1.3236385722671742
264	conventional	60	0	0	0.4665496745299366	1.7884515168323478
265	holistic	60	1	1	0.052869721013608005	1.311405116061859
265	conventional	60	0	0	0.4523967772891284	1.3452228680211804
266	holistic	60	1	1	0.048569918521901165	1.2998979783101907
266	conventional	60	2	2	0.4268507261514626	1.4507248907919417
267	holistic	60	1	1	0.05077195072902152	1.2892564149663546
267	conventional	60	1	1	0.4454938332144191	1.4162141674053765
268	holistic	60	2	2	0.046877787673990506	1.2479029732225224
268	conventional	60	1	1	0.4747842471837011	1.8183384348929046
269	holistic	60	1	1	0.0451645632630008	1.2391950126601798
269	conventional	60	1	1	0.42709956944215627	1.3598159510132521
270	holistic	60	0	0	0.04627580982958297	1.2016654044273967
270	conventional	60	2	2	0.43689298585728953	1.4019778667774287
271	holistic	60	1	1	0.046083271923760494	1.223378170781704
271	conventional	60	0	0	0.4467630124538829	1.3599133778925632
272	holistic	60	0	0	0.04617312477880464	1.299452640610686
272	conventional	60	1	1	0.4786124691047382	1.7975845905723244
273	holistic	60	1	1	0.04459850497597606	1.2635126809104635
273	conventional	60	2	2	0.4279434355435357	1.4663136044684137
274	holistic	60	2	2	0.044908361233611034	1.334717135846319
274	conventional	60	3	3	0.4357510614849033	2.4657418124529054
275	holistic	60	1	1	0.04466277515274856	1.3253020448806159
275	conventional	60	1	1	0.4150488886933173	2.474794082571978
276	holistic	60	0	0	0.04483233657820791	1.291250812797574
276	conventional	60	1	1	0.41071874490423704	1.7950836811934021
277	holistic	60	0	0	0.0443765401254371	1.3076639436916198
277	conventional	60	2	2	0.36508260208545457	1.2117443612023673
278	holistic	60	1	1	0.04317455275212883	1.2756988740429906
278	conventional	60	0	0	0.45759515614825136	1.3091951760251779
279	holistic	60	2	2	0.04241165705397183	1.2685609676062137
279	conventional	60	0	0	0.44252235117975763	1.449276223647189
280	holistic	60	1	1	0.04138985644372005	1.2616730576907704
280	conventional	60	0	0	0.44648787500490694	1.2913030795064366
281	holistic	60	1	1	0.041172964884077	1.2551501716676428
281	conventional	60	0	0	0.44180823382824735	1.2682276440904967
282	holistic	60	1	1	0.04121745964714613	1.270653537297666
282	conventional	60	1	1	0.43139198806977586	1.2443735532251925
283	holistic	60	0	0	0.04187896298431108	1.3066020779256247
283	conventional	60	1	1	0.43262919743147915	1.2479296172948133
284	holistic	60	0	0	0.0428085018943727	1.3410683984642695
284	conventional	60	2	2	0.402118102392476	1.251002801136141
285	holistic	60	0	0	0.0424801486501719	1.3537566516956017
285	conventional	60	0	0	0.42078786543154945	1.202493050293187
286	holistic	60	1	1	0.046933185990702904	1.3860593288095573
286	conventional	60	1	1	0.4356853310619465	1.281402762076622
287	holistic	60	1	1	0.04638679491331251	1.3778808502615216
287	conventional	60	2	2	0.4528060063353762	1.9902660222387798
288	holistic	60	1	1	0.046168905613929126	1.3891940756554144
288	conventional	60	4	4	0.46728823150407556	3.2899347496407754
289	holistic	60	2	2	0.04492282135733368	1.3623935858341052
289	conventional	60	3	3	0.46452501748279	4.29173211965608
290	holistic	60	3	3	0.03353375004350288	1.4290815400535282
290	conventional	60	1	1	0.4858060394842156	3.6234230702086982
291	holistic	60	2	2	0.03445702465668367	1.4206913382488768
291	conventional	60	2	2	0.5427671019601542	3.3461974398305423
292	holistic	60	0	0	0.034234217638020634	1.4125215817964403
292	conventional	60	0	0	0.5212790260202447	2.8893183363267583
293	holistic	60	1	1	0.03573501175404304	1.4396838368166955
293	conventional	60	0	0	0.4895158842190375	2.305694239866446
294	holistic	60	1	1	0.03565203757014845	1.4488199744691816
294	conventional	60	2	2	0.49655675774890257	1.8715156438767964
295	holistic	60	0	0	0.03505446195629294	1.423671134188705
295	conventional	60	0	0	0.4771561233125913	1.6720941712914654
296	holistic	60	1	1	0.011313236724801508	0.19994368880794786
296	conventional	60	0	0	0.4342700987930352	1.4757954082373907
297	holistic	60	0	0	0.011848489936100378	0.24994167967850484
297	conventional	60	0	0	0.4298677349362123	1.4749240306947675
298	holistic	60	2	2	0.011311231186579071	0.23523767817466815
298	conventional	60	4	4	0.3887264265912338	1.477309782914399
299	holistic	60	0	0	0.013949240706569959	0.2777197363565477
299	conventional	60	2	2	0.4288082323513576	1.5390298613902211
300	holistic	60	1	1	0.013360517917247941	0.2631021063026191
300	conventional	60	0	0	0.42398771031419435	1.4886305415468326
301	holistic	60	5	5	0.013281889727307998	0.24994554373428488
301	conventional	60	0	0	0.48833933996779794	2.0287815907578297
302	holistic	60	0	0	0.012782459153496522	0.23804045769264034
302	conventional	60	0	0	0.5043475396387777	1.5249109737842776
303	holistic	60	1	1	0.011465919410939104	0.22721672991268338
303	conventional	60	0	0	0.4971291337238434	1.425784318313053
304	holistic	60	0	0	0.01135309491569596	0.2173357639985203
304	conventional	60	1	1	0.47424942284302307	1.3788012243275458
305	holistic	60	1	1	0.011366209485659268	0.2082788792897304
305	conventional	60	2	2	0.45377978414109044	1.2937074013959928
306	holistic	60	3	3	0.010977271621374152	0.1999440959416112
306	conventional	60	0	0	0.4052215920113698	1.2136592557051873
307	holistic	60	0	0	0.009440173680993086	0.2307091372250896
307	conventional	60	1	1	0.3827443165371797	1.1449600203283943
308	holistic	60	1	1	0.009625630056401439	0.22216382574191085
308	conventional	60	0	0	0.4167962107751167	1.3430434353755856
309	holistic	60	3	3	0.009167563919554828	0.21422880039655823
309	conventional	60	2	2	0.38196912731302324	1.0623575095457587
310	holistic	60	0	0	0.017173587679678578	0.35046783946651155
310	conventional	60	0	0	0.3843111953060526	1.3852250126832573
311	holistic	60	1	1	0.015693751203710693	0.25013879298616387
311	conventional	60	0	0	0.3981862622213087	1.1300977785149937
312	holistic	60	0	0	0.013016316653540647	0.19349259837195287
312	conventional	60	0	0	0.4101559333535419	1.1641834492336205
313	holistic	60	0	0	0.015097244612262608	0.27931542400330633
313	conventional	60	3	3	0.4039113912606424	1.206648218341587
314	holistic	60	1	1	0.014355901388343102	0.22534520456623874
314	conventional	60	0	0	0.3873774439911027	1.2473493999804985
315	holistic	60	1	1	0.011948803554102364	0.20582554863412453
315	conventional	60	0	0	0.39238782945476175	1.222264398740698
316	holistic	60	1	1	0.012531432612687972	0.22851020773140485
316	conventional	60	1	1	0.4031148288622525	1.230473714602076
317	holistic	60	0	0	0.011802333223441819	0.2221615743574512
317	conventional	60	1	1	0.44913458919495575	3.392244355968321
318	holistic	60	2	2	0.013303584015913627	0.26536066279613263
318	conventional	60	1	1	0.4811978694132505	2.9115046598505776
319	holistic	60	1	1	0.013788266772734025	0.30995505947790003
319	conventional	60	1	1	0.43397535800675974	2.112023935004839
320	holistic	60	2	2	0.02012905674250035	0.3478491262284957
320	conventional	60	2	2	0.40447280762855825	1.6963835939806526
321	holistic	60	0	0	0.018295796918853066	0.31415519776901285
321	conventional	60	0	0	0.4128475807356281	1.6526997619727268
322	holistic	60	1	1	0.01820561037538224	0.34728133090734237
322	conventional	60	1	1	0.42573432927884325	1.7935104779808253
323	holistic	60	2	2	0.030366728919181584	0.7556400370804417
323	conventional	60	2	2	0.4107998971659088	2.0199328829427756
324	holistic	60	1	1	0.03273887015400223	0.7505949115064463
324	conventional	60	0	0	0.4442844474118216	1.7119683721087124
325	holistic	60	1	1	0.05856048858853189	1.423712029169839
325	conventional	60	0	0	0.4487325312108293	1.7903643249503436
326	holistic	60	1	1	0.043937581700766205	1.0076661379065144
326	conventional	60	2	2	0.43083441079005436	1.7496949205636347
327	holistic	60	1	1	0.04706093738506118	1.3572745644245534
327	conventional	60	1	1	0.4350918820342026	1.8099218305551077
328	holistic	60	2	2	0.040242990293859034	1.091676761231066
328	conventional	60	1	1	0.4029371401880502	1.6225166250246008
329	holistic	60	1	1	0.036438740987718925	1.0437945963240418
329	conventional	60	1	1	0.4284696421010282	1.6834294544072355
330	holistic	60	0	0	0.036245516382374734	1.007578408448197
330	conventional	60	2	2	0.4011788587691301	1.5970878157566344
331	holistic	60	1	1	0.03891320780843773	1.2026673621843782
331	conventional	60	0	0	0.48407785858399677	2.2447384774842836
332	holistic	60	0	0	0.03912007986965777	1.156386186976409
332	conventional	60	1	1	0.4939632598792275	2.2463273181091683
333	holistic	60	1	1	0.03565972806090494	1.028677398641805
333	conventional	60	2	2	0.4305171670787458	1.5693811354779623
334	holistic	60	2	2	0.03800371701469864	1.172263170540523
334	conventional	60	3	3	0.5192309563353006	4.418915165829225
335	holistic	60	1	1	0.03642469610314918	1.2168503876475805
335	conventional	60	1	1	0.47993756371117097	1.8936936139144225
336	holistic	60	0	0	0.03422948141137499	1.1123466896570187
336	conventional	60	1	1	0.41080327965412183	1.7379530034529669
337	holistic	60	0	0	0.0322741446371543	1.0221244129117275
337	conventional	60	2	2	0.4129343138734134	2.4051671953582603
338	holistic	60	1	1	0.045133932336915907	1.0050690026373035
338	conventional	60	0	0	0.43324278311242065	2.0105721613254808
339	holistic	60	2	2	0.0422490102000803	1.0498679730551919
339	conventional	60	0	0	0.40705647851698146	1.7406572033406862
340	holistic	60	1	1	0.03781377539965089	0.9771290178763111
340	conventional	60	0	0	0.3925048047628914	1.4055687021387213
341	holistic	60	1	1	0.032962883029759034	0.9643846280476231
341	conventional	60	0	0	0.3950846719499188	1.2857900714236121
342	holistic	60	1	1	0.031494693834670615	0.9035314303963486
342	conventional	60	1	1	0.38083570875123063	1.2884593501348967
343	holistic	60	0	0	0.032153445931676364	0.8485683432541228
343	conventional	60	1	1	0.36838270613190927	1.0096372313421722
344	holistic	60	0	0	0.032324159533255195	0.7979216450347341
344	conventional	60	2	2	0.3596564658240808	0.9895251530850995
345	holistic	60	0	0	0.030325606195731058	0.7525491667649006
345	conventional	60	0	0	0.4775712882486817	3.3282083851048787
346	holistic	60	1	1	0.028868641642679896	0.7130982784796801
346	conventional	60	1	1	0.47807457903175765	3.3111485288720015
347	holistic	60	1	1	0.027472734441215414	0.6736965368375967
347	conventional	60	2	2	0.44182264802716387	2.632306397731464
348	holistic	60	1	1	0.02660302271283727	0.6766831556277249
348	conventional	60	4	4	0.398904791396932	2.050412380791943
349	holistic	60	2	2	0.0261162227589886	0.6794849383373214
349	conventional	60	3	3	0.3733143377442808	2.3004840906470903
350	holistic	60	3	3	0.033320001274487074	0.6455500207280386
350	conventional	60	1	1	0.3248825988629206	1.968875061620018
351	holistic	60	2	2	0.0298649795534977	0.64944703365801
351	conventional	60	2	2	0.3325840576428058	1.8755230062143708
352	holistic	60	0	0	0.06109464211472947	1.945467719959509
352	conventional	60	0	0	0.30014218880335736	1.9294244913572254
353	holistic	60	1	1	0.04257248298620393	0.9464283542203413
353	conventional	60	0	0	0.3047883042430957	1.748535481555309
354	holistic	60	1	1	0.04737894017952405	0.9461012673917861
354	conventional	60	2	2	0.3443678888319736	2.0055391655680324
355	holistic	60	0	0	0.049180190741398185	0.9460395848614677
355	conventional	60	0	0	0.40819259830309934	3.2704387465886446
356	holistic	60	1	1	0.04609280361200009	0.7460692842911925
356	conventional	60	0	0	0.3831147538286289	1.890320599018244
357	holistic	60	0	0	0.04429237186749009	0.6662484632673445
357	conventional	60	0	0	0.3706878554192415	1.7646797799813616
358	holistic	60	2	2	0.04459772501881083	0.6784256178154561
358	conventional	60	4	4	0.322179474704915	1.730785775000816
359	holistic	60	0	0	0.04226891502577445	0.6984153216611628
359	conventional	60	2	2	0.3390657234959393	1.8354996940709047
360	holistic	60	1	1	0.04331916109217507	0.6995751823839469
360	conventional	60	0	0	0.3575983075064464	2.335118210003675
361	holistic	60	5	5	0.042629557871804995	0.7522904391287032
361	conventional	60	0	0	0.3626752730347651	2.0099688056671874
362	holistic	60	0	0	0.04447603053208575	0.7522226927366525
362	conventional	60	0	0	0.35154525235414064	2.026627582107103
363	holistic	60	1	1	0.04391397811792478	0.8269381462427449
363	conventional	60	0	0	0.34375106779683934	1.882401272564025
364	holistic	60	0	0	0.04370551418421762	0.8489883181630712
364	conventional	60	1	1	0.3350509943880936	1.9031736848272083
365	holistic	60	1	1	0.04449435699348439	0.8467616509248164
365	conventional	60	2	2	0.3004387700789012	1.9210681353977566
366	holistic	60	3	3	0.037123113490364706	0.8451903074756912
366	conventional	60	0	0	0.32469771744624987	1.9841293332903447
367	holistic	60	0	0	0.03594072401458484	0.865288629968473
367	conventional	60	1	1	0.3134634704706985	2.0423821387585126
368	holistic	60	1	1	0.03446294054394532	0.841192927198035
368	conventional	60	0	0	0.3311094467170017	2.053044513477906
369	holistic	60	3	3	0.0343205060615819	0.8392979427257059
369	conventional	60	2	2	0.3321696211289885	1.9833084381995616
370	holistic	60	0	0	0.03334920117075297	0.8373639282998265
370	conventional	60	0	0	0.29584384827700927	1.8801081015125456
371	holistic	60	1	1	0.029728503424399918	0.8163783197320545
371	conventional	60	0	0	0.33549050440541006	1.896492399196808
372	holistic	60	0	0	0.02940780194704351	0.8152403579403065
372	conventional	60	0	0	0.3452884776874418	1.8755229676366694
373	holistic	60	0	0	0.02868256657801378	0.8139164997393041
373	conventional	60	3	3	0.3567083185712914	1.8568501613894532
374	holistic	60	1	1	0.028456954753258858	0.8132511354063969
374	conventional	60	0	0	0.34817591359583117	1.772195281611812
375	holistic	60	1	1	0.027512959568961267	0.7935312232752363
375	conventional	60	0	0	0.33966718063227636	1.8221303956648212
376	holistic	60	1	1	0.025944602811939752	0.793073223387501
376	conventional	60	1	1	0.34910674288738586	1.9313233080314107
377	holistic	60	0	0	0.02537971982734997	0.7922494502655352
377	conventional	60	1	1	0.3191750698692145	1.8825662608940275
378	holistic	60	2	2	0.025773259721113155	0.7915181006178331
378	conventional	60	1	1	0.3509703220366125	1.8361710413928147
379	holistic	60	1	1	0.025547363080142767	0.7733391752670916
379	conventional	60	1	1	0.3801004562268183	1.7950574346712516
380	holistic	60	2	2	0.025773016132873958	0.7730377434050869
380	conventional	60	2	2	0.3342761709306455	1.722314968394986
381	holistic	60	0	0	0.03315535650591846	0.7555927333134032
381	conventional	60	0	0	0.37862564427339473	1.7391749447840643
382	holistic	60	1	1	0.019140973438952543	0.36255826994930584
382	conventional	60	1	1	0.37139077962783434	1.8703781062441824
383	holistic	60	2	2	0.020380934830755367	0.35146429127375667
383	conventional	60	2	2	0.3712764183895957	2.0356753811197676
384	holistic	60	1	1	0.018612780463314042	0.36875257657955796
384	conventional	60	0	0	0.3716046296245479	1.757219078418267
385	holistic	60	1	1	0.02162500109618849	0.38512481783581537
385	conventional	60	0	0	0.40405217570578034	1.7948691531371601
386	holistic	60	1	1	0.025195356316934772	0.3742515132981915
386	conventional	60	2	2	0.3794025357965813	1.7353492437235951
387	holistic	60	1	1	0.0262521661898791	0.3640506985543339
387	conventional	60	1	1	0.3550074198955801	1.7020015815129157
388	holistic	60	2	2	0.023243778737983927	0.3794018839295955
388	conventional	60	1	1	0.3118386213257941	1.647512717045949
389	holistic	60	1	1	0.021091418920817413	0.36994984758764077
389	conventional	60	1	1	0.30829513917720636	1.7069530280517833
390	holistic	60	0	0	0.019617026479516818	0.3605412525389575
390	conventional	60	2	2	0.3047502661584579	1.6761620460211262
391	holistic	60	1	1	0.022582815395819134	0.374808170279748
391	conventional	60	0	0	0.2989489696186459	1.7326211888378937
392	holistic	60	0	0	0.02245632938567576	0.36609516829639416
392	conventional	60	1	1	0.320327314622174	1.78662235489202
393	holistic	60	1	1	0.023142295327588533	0.35764570053338085
393	conventional	60	2	2	0.3867644815356133	2.551234372111909
394	holistic	60	2	2	0.023073584120651445	0.37275666239006877
394	conventional	60	3	3	0.38082452737089856	3.0776714698149146
395	holistic	60	1	1	0.022056654458449287	0.3627583724974076
395	conventional	60	1	1	0.34061234630927617	2.9205665908977125
396	holistic	60	0	0	0.02217484676320877	0.3757728229019443
396	conventional	60	1	1	0.3085851534048199	2.0629860113224154
397	holistic	60	0	0	0.020998366190074187	0.3677661585795509
397	conventional	60	2	2	0.34633613807896896	2.164996080075779
398	holistic	60	1	1	0.019879004266149327	0.3601452673886802
398	conventional	60	0	0	0.3500866874937234	2.22802561603338
399	holistic	60	2	2	0.019318707799856664	0.37227034854862145
399	conventional	60	0	0	0.3643852937592453	1.8529737641556818
400	holistic	60	1	1	0.019601193478529823	0.3840420867593422
400	conventional	60	0	0	0.3587485935107013	1.8212334514409738
401	holistic	60	1	1	0.019049744740775608	0.39517314638972123
401	conventional	60	0	0	0.3618880191281344	1.90894745315157
402	holistic	60	1	1	0.018345499561448	0.38732982243394987
402	conventional	60	1	1	0.3658953127294158	1.7717589510126068
403	holistic	60	0	0	0.017646978042714034	0.3801333099578409
403	conventional	60	1	1	0.36140609861309514	1.6814011053399343
404	holistic	60	0	0	0.01756661256807507	0.3906811610137356
404	conventional	60	2	2	0.30843246924978046	1.5805073405645889
405	holistic	60	0	0	0.01757450432710918	0.38344914986023776
405	conventional	60	0	0	0.3005908382037268	1.422631109582319
406	holistic	60	1	1	0.019497684570140717	0.3937163173569543
406	conventional	60	1	1	0.306857221478744	1.481573533796995
407	holistic	60	1	1	0.019132997612031244	0.40363821511329534
407	conventional	60	2	2	0.3470741873873796	1.505550198977835
408	holistic	60	1	1	0.01233391290099685	0.2644606466266857
408	conventional	60	4	4	0.32518395486415663	1.5079591904147944
409	holistic	60	2	2	0.011910565883430325	0.25583553761515293
409	conventional	60	3	3	0.3083257513988965	1.422271467472181
410	holistic	60	3	3	0.010994550277440139	0.24774416140720992
410	conventional	60	1	1	0.2720701280075967	1.4017777437509207
411	holistic	60	2	2	0.0016507284096442993	0.24014164843491692
411	conventional	60	2	2	0.2936735862368813	1.328813158909186
412	holistic	60	0	0	0.0021559912816448245	0.23301070620208228
412	conventional	60	0	0	0.30427033412699284	1.4334504221915099
413	holistic	60	1	1	0.0018570055725572992	0.22629173426302077
413	conventional	60	0	0	0.30812604641528096	1.3394096646563707
414	holistic	60	1	1	0.0018430740607585296	0.2199906588649131
414	conventional	60	2	2	0.3809673624063974	1.7003935011010434
415	holistic	60	0	0	0.0014763085312807503	0.21398874036171475
415	conventional	60	0	0	0.33283427531725673	1.696604832096602
416	holistic	60	1	1	0.001098091447177283	0.20833686450096758
416	conventional	60	0	0	0.3381090945066976	1.76543272140519
417	holistic	60	0	0	0.0012060741001782926	0.20292752280104337
417	conventional	60	0	0	0.3453615464633694	1.702828566822312
418	holistic	60	2	2	0.0010002651879682577	0.19783013449127582
418	conventional	60	4	4	0.32821020791588135	1.7644669309384213
419	holistic	60	0	0	0.0006460160930721452	0.19298673216159043
419	conventional	60	2	2	0.309818580286855	1.8137665011729962
420	holistic	60	1	1	0.00035893682582608375	0.18834174735173775
420	conventional	60	0	0	0.3463025110228756	1.581405320828229
421	holistic	60	5	5	0.00041341198855059704	0.1839455268449945
421	conventional	60	0	0	0.3377160646742606	1.548096458353765
422	holistic	60	0	0	5.1136978849793124e-05	0.17975225744663792
422	conventional	60	0	0	0.3615121578094023	1.6742599014402104
423	holistic	60	1	1	0.000379948460477178	0.17568838051600907
423	conventional	60	0	0	0.3907429892894553	1.7167587582648272
424	holistic	60	0	0	0.00011308238972841921	0.17185593153368542
424	conventional	60	1	1	0.39205639911352047	1.6136375617768515
425	holistic	60	1	1	0.0037750138105258906	0.2206511960074409
425	conventional	60	2	2	0.3622330978437891	1.5858498269608827
426	holistic	60	3	3	0.0006522104122226285	0.17021660945169131
426	conventional	60	0	0	0.3946855598650708	3.3603760321505476
427	holistic	60	0	0	-6.230184743245502e-05	0.16116789256146377
427	conventional	60	1	1	0.42829052137500356	2.867263787839635
428	holistic	60	1	1	-0.0006650506958639335	0.15789094264740616
428	conventional	60	0	0	0.4916716858297017	2.7133047847091722
429	holistic	60	3	3	-0.001215636112584702	0.1939994141593472
429	conventional	60	2	2	0.4675903649787672	2.358965734561742
430	holistic	60	0	0	0.0013299919784229832	0.19221506055353543
430	conventional	60	0	0	0.5217763658043257	3.26828606213551
431	holistic	60	1	1	0.0007538855555535294	0.18662302021527857
431	conventional	60	0	0	0.5016643711705068	1.858630226698655
432	holistic	60	0	0	0.0002432001574105242	0.1831562162828517
432	conventional	60	0	0	0.510152361240192	1.8254405354027623
433	holistic	60	0	0	0.00014801484073601162	0.17977144780795876
433	conventional	60	3	3	0.48474145403210406	1.80130481481814
434	holistic	60	1	1	0.0003597865430393486	0.19436355828833027
434	conventional	60	0	0	0.5188514178635609	1.7759002092493303
435	holistic	60	1	1	0.0017122512179006033	0.19094218083929834
435	conventional	60	0	0	0.5450647200342015	2.0445194153138404
436	holistic	60	1	1	0.0015696608339224513	0.2048508908452065
436	conventional	60	1	1	0.5437510984079063	1.7260109357925135
437	holistic	60	0	0	0.0012129426412413916	0.20132688580339467
437	conventional	60	1	1	0.5017893667909851	1.5716838370987627
438	holistic	60	2	2	-0.0015924920190743986	0.08905266223880211
438	conventional	60	1	1	0.5105616390299758	1.5581710224814733
439	holistic	60	1	1	-0.0018651749356435987	0.08293905885391774
439	conventional	60	1	1	0.509591296909717	1.617773001029548
440	holistic	60	2	2	-0.00403767341745579	0.07711780096381815
440	conventional	60	2	2	0.4762487464973724	1.5657245707326104
441	holistic	60	0	0	-0.004276017339782623	0.07215419516408769
441	conventional	60	0	0	0.4529352703149243	1.5550566664070677
442	holistic	60	1	1	-0.0036810990113942624	0.11524836113777588
442	conventional	60	1	1	0.46713297673543264	1.54615994500395
443	holistic	60	2	2	-0.003591445533747759	0.10909347287834041
443	conventional	60	2	2	0.4800333916044784	1.536448863404436
444	holistic	60	1	1	-0.0038457552737323096	0.10283244960147227
444	conventional	60	0	0	0.4960393491347644	1.471603064502195
445	holistic	60	1	1	-0.002384391504548026	0.09702224929579539
445	conventional	60	0	0	0.4986437253398537	1.4635901905086142
446	holistic	60	1	1	-0.002667719143753185	0.09191846336974235
446	conventional	60	2	2	0.48513845851599185	1.4552711753469916
447	holistic	60	1	1	-0.002872123861587039	0.08683830567903436
447	conventional	60	1	1	0.5210580539676873	1.397716600704463
448	holistic	60	2	2	-0.00218515147640604	0.0830912622901037
448	conventional	60	1	1	0.5720619217450954	2.3841986746075206
449	holistic	60	1	1	-0.0015269637723708282	0.1148596015871098
449	conventional	60	1	1	0.5606925836663655	3.8807907626354785
450	holistic	60	0	0	-0.0017666543567043842	0.1101060576242359
450	conventional	60	2	2	0.5813886505118131	2.713508966206239
451	holistic	60	1	1	-0.0019802704242152295	0.10547174389950406
451	conventional	60	0	0	0.5487955977322455	2.2647569641845373
452	holistic	60	0	0	-0.002227371916943214	0.10137270791065624
452	conventional	60	1	1	0.49852973787213095	1.4182381597418172
453	holistic	60	1	1	-0.0010726434976843769	0.09732676694251925
453	conventional	60	2	2	0.4578319848900047	1.4484619848693203
454	holistic	60	2	2	-0.0007364573160844725	0.1013843048589967
454	conventional	60	3	3	0.4853064816322839	1.3589715356805174
455	holistic	60	1	1	-0.0010120546430992252	0.09609284576007113
455	conventional	60	1	1	0.4228572742762945	1.287936457518609
456	holistic	60	0	0	-0.000819969080071709	0.09132608790437985
456	conventional	60	1	1	0.4679112750236278	1.4126204008244523
457	holistic	60	0	0	-0.0010590315758023494	0.08702256326145326
457	conventional	60	2	2	0.5082143168128297	3.2160653203664307
458	holistic	60	1	1	-0.001329028274926808	0.08306656569500306
458	conventional	60	0	0	0.5238904466821892	2.5235702961788435
459	holistic	60	2	2	-0.0015138626830875318	0.0794387974261536
459	conventional	60	0	0	0.4657713620554721	1.5485206917196301
460	holistic	60	1	1	-0.0013131290960194581	0.07610079076940938
460	conventional	60	0	0	0.48056933829090326	1.5261412495411066
461	holistic	60	1	1	-0.0015035071964785986	0.07301278968357687
461	conventional	60	0	0	0.44270266317632095	1.397133354437059
462	holistic	60	1	1	-0.001381087148395481	0.09454701176342145
462	conventional	60	1	1	0.45711578542275977	1.329593268481169
463	holistic	60	0	0	-0.0015563427180773067	0.0917605197740173
463	conventional	60	1	1	0.4369705463392599	1.3656035272939786
464	holistic	60	0	0	-0.0017292946730456055	0.08907494177984762
464	conventional	60	2	2	0.40811952059430495	1.3344993539939007
465	holistic	60	0	0	-0.00152501433873358	0.1092829331138911
465	conventional	60	0	0	0.523190985901831	2.3365348570828472
466	holistic	60	1	1	-0.0016281594771925467	0.10640473722889059
466	conventional	60	1	1	0.5111270321517669	2.2578933970791204
467	holistic	60	1	1	0.0015330111193635426	0.16102273530543032
467	conventional	60	2	2	0.5970748539303996	5.3279683245521765
468	holistic	60	1	1	0.0009978676040506217	0.13719455246209958
468	conventional	60	4	4	0.48646693344896863	2.833405212827168
469	holistic	60	2	2	0.0009470269604242252	0.11934767682438914
469	conventional	60	3	3	0.41316833150187643	2.0029357399356416
470	holistic	60	3	3	0.006146997085979332	0.216480968757376
470	conventional	60	1	1	0.4139968936348526	1.58694620937037
471	holistic	60	2	2	0.023940554982966676	0.998271085550181
471	conventional	60	2	2	0.4475911668591291	2.5158382824987062
472	holistic	60	0	0	0.020589988057368898	0.49826774560178905
472	conventional	60	0	0	0.49294343365607424	2.4404982876979906
473	holistic	60	1	1	0.015955596330665	0.3315970187607818
473	conventional	60	0	0	0.46894567447599117	2.7287142203204806
474	holistic	60	1	1	0.013219095883464416	0.24825992651122392
474	conventional	60	2	2	0.4617250706391826	2.6288549419225005
475	holistic	60	0	0	0.012657400761103603	0.2799802757360374
475	conventional	60	0	0	0.5288134569764364	2.907076150275975
476	holistic	60	1	1	0.019636241350037453	0.3315738090977154
476	conventional	60	0	0	0.4948735933501026	2.5232243360174307
477	holistic	60	0	0	0.024394727615694892	0.4954606063556112
477	conventional	60	0	0	0.47457959127765914	2.363068197502706
478	holistic	60	2	2	0.025060149660465943	0.4982481536831517
478	conventional	60	4	4	0.46224793257305397	2.0201926348918717
479	holistic	60	0	0	0.014657169508347893	0.44268945393642234
479	conventional	60	2	2	0.4933354784832347	2.202014925765992
480	holistic	60	1	1	0.03814729858213483	1.0499211625080525
480	conventional	60	0	0	0.5249727287770825	2.0598607954134636
481	holistic	60	5	5	0.05027040549996583	1.883184438751403
481	conventional	60	0	0	0.5286859494012988	1.9925638513217583
482	holistic	60	0	0	0.03873574925820126	1.2994850048480304
482	conventional	60	0	0	0.4950836336965015	1.7804844167305556
483	holistic	60	1	1	0.05964549804226104	1.349434526104683
483	conventional	60	0	0	0.5018711563072324	1.6694999803259196
484	holistic	60	0	0	0.05104522679524408	1.215940924809537
484	conventional	60	1	1	0.5330971761502309	1.7065797771399227
485	holistic	60	1	1	0.050128718418227455	1.4062014993259948
485	conventional	60	2	2	0.5105205825005772	1.558927712778673
486	holistic	60	3	3	0.05719850892240993	1.7992473232529593
486	conventional	60	0	0	0.4965905646834078	1.5403307401205468
487	holistic	60	0	0	0.07038703979971488	1.660486387197387
487	conventional	60	1	1	0.477620689111544	1.516006568127386
488	holistic	60	1	1	0.06913977956930825	1.7493834926944594
488	conventional	60	0	0	0.4609327570934817	1.5370555119411533
489	holistic	60	3	3	0.06653654765692776	1.9128727696673484
489	conventional	60	2	2	0.4472086401485204	1.5746769945157642
490	holistic	60	0	0	0.05988245347607388	1.8821413495520665
490	conventional	60	0	0	0.436049740337699	1.911410683722175
491	holistic	60	1	1	0.060475227920854975	1.7799695508794602
491	conventional	60	0	0	0.42058836434407365	1.6923414573864306
492	holistic	60	0	0	0.06335468823031984	1.9064238649885945
492	conventional	60	0	0	0.4413708227615541	1.5044833229812542
493	holistic	60	0	0	0.060563684255293154	1.8158334124287758
493	conventional	60	3	3	0.43629431507304467	1.7039349859681183
494	holistic	60	1	1	0.0653967481324184	1.7991176315562378
494	conventional	60	0	0	0.43538977739207235	1.5438341165990603
495	holistic	60	1	1	0.06376578010776432	1.9611318480290667
495	conventional	60	0	0	0.47230521769721306	2.2201244504914084
496	holistic	60	1	1	0.06674210636631116	1.993715182690324
496	conventional	60	1	1	0.4683693920500568	2.8939195953959085
497	holistic	60	0	0	0.06626035688729816	1.970225353932294
497	conventional	60	1	1	0.46834328314293117	2.7310192985892066
498	holistic	60	2	2	0.0734137595228456	1.8493123316690412
498	conventional	60	1	1	0.4842962191837084	2.2423621707359542
499	holistic	60	1	1	0.0709777296322571	1.8826917048582348
499	conventional	60	1	1	0.47258959762251324	2.2427371227365236
500	holistic	60	2	2	0.06692689218066357	1.8221152691521552
500	conventional	60	2	2	0.4890716878465178	1.956601124420762
501	holistic	60	0	0	0.06249426852263864	1.7667149542811778
501	conventional	60	0	0	0.5425541123790564	1.8675488753792422
502	holistic	60	1	1	0.0605340415452478	1.757649522072585
502	conventional	60	1	1	0.507381286249358	1.5746082659975187
503	holistic	60	2	2	0.06979616417140401	1.78937086477214
503	conventional	60	2	2	0.5368262910293384	2.34278748087312
504	holistic	60	1	1	0.06560368728101844	1.7032507494609648
504	conventional	60	0	0	0.5174499998267186	1.6956648243106478
505	holistic	60	1	1	0.07412292585318538	2.03099272400149
505	conventional	60	0	0	0.5249522719686541	1.657896960245136
506	holistic	60	1	1	0.06971984490565902	1.9423093696525393
506	conventional	60	2	2	0.5191786574501965	1.7027395175532443
507	holistic	60	1	1	0.06964447505159838	1.8598280006484151
507	conventional	60	1	1	0.49057033489891316	1.5268100005868264
508	holistic	60	2	2	0.0679714984394859	1.816171753543018
508	conventional	60	1	1	0.4991362487284906	1.5078965341821444
509	holistic	60	1	1	0.06886659875593987	1.775228039599185
509	conventional	60	1	1	0.48514536428008764	1.4292027824355817
510	holistic	60	0	0	0.06973024886303941	1.8307805476612908
510	conventional	60	2	2	0.5112211384510545	1.3593624007029455
511	holistic	60	1	1	0.06664647822559003	1.7617685730721853
511	conventional	60	0	0	0.5127057771915847	1.3529354135038614
512	holistic	60	0	0	0.06648358087834215	1.7849735458300546
512	conventional	60	1	1	0.5063008962379113	1.3642281524743074
513	holistic	60	1	1	0.06646598680786359	1.8067760822792132
513	conventional	60	2	2	0.4904789468974456	1.3846850246458096
514	holistic	60	2	2	0.07114946131933492	1.8274853767185961
514	conventional	60	3	3	0.4767518720466453	1.3591164815855736
515	holistic	60	1	1	0.06896863786768931	1.7658402746719515
515	conventional	60	1	1	0.4194158512218398	1.3127398224425035
516	holistic	60	0	0	0.06795413229278187	1.7075056446120713
516	conventional	60	1	1	0.4528660689308743	1.5817071739283004
517	holistic	60	0	0	0.06603769219440483	1.6522707582913392
517	conventional	60	2	2	0.4076476815825989	1.2472235616732132
518	holistic	60	1	1	0.06536359159866974	1.699704121703339
518	conventional	60	0	0	0.3892772001685286	1.2671844017528058
519	holistic	60	2	2	0.06672785273126967	1.7448335240723127
519	conventional	60	0	0	0.41542285978862803	1.2862653385501284
520	holistic	60	1	1	0.06730037593692394	1.8591902517839078
520	conventional	60	0	0	0.4152309611157395	1.2852537842079876
521	holistic	60	1	1	0.06406291576561178	1.8520412949605307
521	conventional	60	0	0	0.41418877777345553	1.2665224667486281
522	holistic	60	1	1	0.07085037773697894	1.799698770072942
522	conventional	60	1	1	0.41150315548410116	1.2848214107362217
523	holistic	60	0	0	0.07471291069104694	1.8830293733014312
523	conventional	60	1	1	0.41749895692998973	1.2838904514824916
524	holistic	60	0	0	0.07707615744697591	1.962751800613932
524	conventional	60	2	2	0.4321105169678432	1.3388439711218663
525	holistic	60	0	0	0.07670730039374903	1.911395850808632
525	conventional	60	0	0	0.46939491953433266	1.301397446029468
526	holistic	60	1	1	0.07519498615430217	1.9038726669271588
526	conventional	60	1	1	0.46921461449799146	1.3581647688365588
527	holistic	60	1	1	0.07402637858684315	1.89665064391778
527	conventional	60	2	2	0.4868372311318009	1.9592331364138453
528	holistic	60	1	1	0.07108643429192245	1.849745121433368
528	conventional	60	4	4	0.5101645609776918	1.5271530802200004
529	holistic	60	2	2	0.07163382474574055	1.9026499827449543
529	conventional	60	3	3	0.40803795720520175	1.743519790420794
530	holistic	60	3	3	0.06951456956206813	1.9728021222666483
530	conventional	60	1	1	0.3977179559222473	1.4455783557212432
531	holistic	60	2	2	0.06772487962845813	1.9271477968440975
531	conventional	60	2	2	0.34902518714144015	1.177941443948196
532	holistic	60	0	0	0.06499267742432742	1.9386961029234333
532	conventional	60	0	0	0.34088955370674334	1.1560803046125772
533	holistic	60	1	1	0.0677666241888099	1.895235797644464
533	conventional	60	0	0	0.386840359990588	1.3726885351992768
534	holistic	60	1	1	0.0766856979696028	1.8890750603420654
534	conventional	60	2	2	0.38966518047754917	1.3624972230820713
535	holistic	60	0	0	0.07320053305372148	1.8655655873864414
535	conventional	60	0	0	0.40736838437656453	1.2930985747031658
536	holistic	60	1	1	0.07799173372602335	1.8256018600211659
536	conventional	60	0	0	0.39129066825773007	1.2914407539310988
537	holistic	60	0	0	0.08195195624675011	1.8548732900404301
537	conventional	60	0	0	0.41180926413715907	1.2962414870552423
538	holistic	60	2	2	0.052278400548642044	1.0128691791077147
538	conventional	60	4	4	0.38721663910238535	1.608420880975026
539	holistic	60	0	0	0.050762927982074525	0.9787007830965676
539	conventional	60	2	2	0.40580453633460795	1.7864993799224937
540	holistic	60	1	1	0.05632876127203872	1.2883917139332395
540	conventional	60	0	0	0.44408558900940576	4.347716812757255
541	holistic	60	5	5	0.050651030314012954	1.6366871030374248
541	conventional	60	0	0	0.40737669308708796	3.348248169518099
542	holistic	60	0	0	0.0493689859784805	1.5722353682076309
542	conventional	60	0	0	0.4035467562171391	2.59814635238351
543	holistic	60	1	1	0.0498029115965174	1.587139530929842
543	conventional	60	0	0	0.4084491847851438	2.031512046312855
544	holistic	60	0	0	0.04912862998220359	1.5383893241990718
544	conventional	60	1	1	0.4345125013452976	2.0554363968464875
545	holistic	60	1	1	0.04816027863830839	1.489744348894211
545	conventional	60	2	2	0.44407144966735	2.3369860146769734
546	holistic	60	3	3	0.06152843617296592	1.5070906303481508
546	conventional	60	0	0	0.4851776609699716	2.2471280729071808
547	holistic	60	0	0	0.05135193782167948	1.4049036046811687
547	conventional	60	1	1	0.43128155527951806	1.8063554566465194
548	holistic	60	1	1	0.04666448268320444	1.4273747867252753
548	conventional	60	0	0	0.3927136913888429	1.7506221758998806
549	holistic	60	3	3	0.05143418143219622	1.5578227853568996
549	conventional	60	2	2	0.3964278064573416	1.7966157312685587
550	holistic	60	0	0	0.04848580555090393	1.470600611630394
550	conventional	60	0	0	0.4079037220568641	1.834664309507195
551	holistic	60	1	1	0.05091156819602188	1.4880042734195242
551	conventional	60	0	0	0.39069271931029914	1.7122875151743822
552	holistic	60	0	0	0.06496004705141706	1.4064034019061538
552	conventional	60	0	0	0.39984017208816547	1.535922256287146
553	holistic	60	0	0	0.06174018164999488	1.5163702757839366
553	conventional	60	3	3	0.3729166314325691	1.5837958604269553
554	holistic	60	1	1	0.055656479403587415	1.4463940228573549
554	conventional	60	0	0	0.3522674830675308	1.562789860760777
555	holistic	60	1	1	0.05276162460644548	1.382132225986071
555	conventional	60	0	0	0.34278395518840604	1.427230528528403
556	holistic	60	1	1	0.04889603771741224	1.3232116341867035
556	conventional	60	1	1	0.36491418311902374	1.361789191547137
557	holistic	60	0	0	0.04857492473848683	1.3469385334954136
557	conventional	60	1	1	0.38026081961491465	1.3039565176564154
558	holistic	60	2	2	0.044533718683174475	1.3303583429789134
558	conventional	60	1	1	0.37186780165749067	1.3009370390731232
559	holistic	60	1	1	0.0425252851656075	1.2738837494621975
559	conventional	60	1	1	0.33034055324540823	1.2513945162896911
560	holistic	60	2	2	0.03441899956051367	1.2258673311379473
560	conventional	60	2	2	0.309794442796847	1.2515720709014226
561	holistic	60	0	0	0.04277717978878573	1.213080097016547
561	conventional	60	0	0	0.34650561071148694	3.2733182689020404
562	holistic	60	1	1	0.03906816101825863	1.1731547099053758
562	conventional	60	1	1	0.3281232841021232	1.3156531014940929
563	holistic	60	2	2	0.03685517409895607	1.1594763639626673
563	conventional	60	2	2	0.3115126907114631	1.4113408174493924
564	holistic	60	1	1	0.03565355190783828	1.1786846827969568
564	conventional	60	0	0	0.2736563205953832	1.365924002305206
565	holistic	60	1	1	0.037611581733683744	1.1702544684336367
565	conventional	60	0	0	0.2978898488983385	1.2876183209805259
566	holistic	60	1	1	0.03755605709612399	1.220705254638796
566	conventional	60	2	2	0.29524452416728375	1.2505300036882383
567	holistic	60	1	1	0.03587255295878588	1.181951228799051
567	conventional	60	1	1	0.2677706807819966	1.216060831858918
568	holistic	60	2	2	0.03789712897615783	1.335081512764571
568	conventional	60	1	1	0.364868926559063	2.416104010526343
569	holistic	60	1	1	0.03853756031817367	1.2986537246207983
569	conventional	60	1	1	0.3468551004573407	1.2170606311983234
570	holistic	60	0	0	0.03750756366506833	1.2863452390260317
570	conventional	60	2	2	0.344184917731077	1.1695963815482895
571	holistic	60	1	1	0.03740053090665378	1.3235180103581463
571	conventional	60	0	0	0.31514724434218877	1.174826090051503
572	holistic	60	0	0	0.036648756304215414	1.3136805162178737
572	conventional	60	1	1	0.3104831786164606	1.3380570493222368
573	holistic	60	1	1	0.03623483253830331	1.323812517073915
573	conventional	60	2	2	0.3094558242534124	1.1844856223476257
574	holistic	60	2	2	0.05266594348310001	1.3148255940931832
574	conventional	60	3	3	0.2908787426076636	1.188959235789482
575	holistic	60	1	1	0.04401228182067193	1.3247214123838946
575	conventional	60	1	1	0.3008900040569994	1.149844139598298
576	holistic	60	0	0	0.04095458791121276	1.3348597051573765
576	conventional	60	1	1	0.3149160858006785	1.3994437735227172
577	holistic	60	0	0	0.04401305139858327	1.3223988001355098
577	conventional	60	2	2	0.35015440275160387	1.430071255340912
578	holistic	60	1	1	0.04197536342475889	1.2931328604746752
578	conventional	60	0	0	0.3344741405560351	1.3075933344475548
579	holistic	60	2	2	0.04579536243917328	1.282171332835505
579	conventional	60	0	0	0.3867644181888061	1.3999640565577098
580	holistic	60	1	1	0.038451809940044365	1.2513859822609108
580	conventional	60	0	0	0.425701679427617	1.864911709763622
581	holistic	60	1	1	0.03730411189210722	1.2426075360023152
581	conventional	60	0	0	0.3921111568192149	1.4003577072571638
582	holistic	60	1	1	0.035573876405246695	1.2157373985851125
582	conventional	60	1	1	0.36006592785756675	1.1959699965438262
583	holistic	60	0	0	0.03633861527679452	1.2260041654436729
583	conventional	60	1	1	0.3493820316404548	1.150141188048221
584	holistic	60	0	0	0.0363937698642939	1.201836789720223
584	conventional	60	2	2	0.3201812348276235	1.4001284536349696
585	holistic	60	0	0	0.03613379055034786	1.1775707847532548
585	conventional	60	0	0	0.35212303742003903	1.2515977143276067
586	holistic	60	1	1	0.035064036103799226	1.1724360363449198
586	conventional	60	1	1	0.41544714561160595	2.412782223549479
587	holistic	60	1	1	0.03617315619934112	1.291763884293129
587	conventional	60	2	2	0.3706267195431541	1.415278393518322
588	holistic	60	1	1	0.03517656574016063	1.2680206974856751
588	conventional	60	4	4	0.40101343313765686	1.3895118436200307
589	holistic	60	2	2	0.03569192607163325	1.261590859576299
589	conventional	60	3	3	0.4070288061181949	1.2340354944902128
590	holistic	60	3	3	0.03244409058175129	1.2385764323350257
590	conventional	60	1	1	0.3423768391709248	1.7360885683328222
591	holistic	60	2	2	0.01175513410226906	0.3223291621963009
591	conventional	60	2	2	0.4172110950303686	2.149961565527981
592	holistic	60	0	0	0.017057278154604203	0.3049182698078739
592	conventional	60	0	0	0.3972647500980776	1.3317358393813645
593	holistic	60	1	1	0.015119064986342532	0.2890778819706909
593	conventional	60	0	0	0.4211323449602154	1.1393221638232374
594	holistic	60	1	1	0.013533380294989824	0.27471235568504887
594	conventional	60	2	2	0.40904065821233965	1.236278749485779
595	holistic	60	0	0	0.012917189598361188	0.2616970996283763
595	conventional	60	0	0	0.42844866760682787	1.2262032874734574
596	holistic	60	1	1	0.01204791899710044	0.24988911163239744
596	conventional	60	0	0	0.44915818232119537	2.187279797213674
597	holistic	60	0	0	0.01198246227397309	0.23894104138494668
597	conventional	60	0	0	0.4683155759172894	2.876984246707688
598	holistic	60	2	2	0.013100840520572485	0.22907922225305583
598	conventional	60	4	4	0.4222847819306826	2.199055712009691
599	holistic	60	0	0	0.012814415934289424	0.21984229230758245
599	conventional	60	2	2	0.3894225442327587	1.8144360552039067
