season	population	alive	births	deaths	mean_lifetime_score	best_lifetime_score
0	holistic	60	2	2	0.03278683877234127	1.9475238239681991
0	conventional	60	2	2	-0.00959962264788059	3.571497195833836
1	holistic	60	0	0	0.045570095920322684	1.4470322029516438
1	conventional	60	3	3	0.07919352091943367	3.398010834018987
2	holistic	60	1	1	0.056562536547513954	1.6137829073506342
2	conventional	60	2	2	0.01366613930114798	2.568592569603337
3	holistic	60	0	0	0.08720040253315466	2.947217190830181
3	conventional	60	1	1	0.09683592140827041	3.097016317150823
4	holistic	60	1	1	0.0755607709966377	2.747232835294642
4	conventional	60	2	2	0.10378654280047123	2.8061370314602136
5	holistic	60	1	1	0.061731926975774905	2.2806382631817725
5	conventional	60	0	0	0.1569158724067685	2.4899745762608623
6	holistic	60	0	0	0.06408050657338134	2.090220858246819
6	conventional	60	1	1	0.06791670515756637	2.0222684309585697
7	holistic	60	0	0	0.07013242834852249	2.3223020128947436
7	conventional	60	0	0	0.056848683347099964	1.8111215094045063
8	holistic	60	1	1	0.07656618132900041	2.169485421011211
8	conventional	60	0	0	0.06412058915332967	1.8292696284052363
9	holistic	60	1	1	0.06772376897992498	1.9473010887022544
9	conventional	60	0	0	0.04691211017716005	1.8067762629170414
10	holistic	60	0	0	0.07167480556306285	2.129132325382643
10	conventional	60	0	0	0.0738711053440304	1.616533625150509
11	holistic	60	0	0	0.06663228635910345	1.9473375118516714
11	conventional	60	2	2	0.08885516136213739	1.6797548907590873
12	holistic	60	0	0	0.0739147946851633	2.1781214808147245
12	conventional	60	0	0	0.06243060668101031	1.7505322284907092
13	holistic	60	4	4	0.06708551233685865	2.018806519447703
13	conventional	60	1	1	0.03334424444833693	1.5853635402601416
14	holistic	60	0	0	0.07430559114637006	1.9473632060530928
14	conventional	60	0	0	0.023970614930996243	1.3537344987938043
15	holistic	60	1	1	0.07275137942041164	1.8848858649088112
15	conventional	60	2	2	0.025644594877565274	1.2546766933506817
16	holistic	60	2	2	0.0703394904015831	1.7709393538153062
16	conventional	60	0	0	0.029420288180730104	1.3421614256624312
17	holistic	60	2	2	0.10143309956127214	1.8363008568458372
17	conventional	60	0	0	0.038679694932141476	1.4129261471807932
18	holistic	60	1	1	0.09755298872459993	1.7894951583889025
18	conventional	60	0	0	0.050795542270692474	1.4017439054405774
19	holistic	60	2	2	0.11043688080974196	1.747394968381118
19	conventional	60	3	3	0.04594127893978762	1.2573102705853278
20	holistic	60	4	4	0.1091676918335717	1.9810763240921339
20	conventional	60	2	2	0.12266658478430989	1.5959420317891397
21	holistic	60	1	1	0.09653900036544545	1.6292346991129856
21	conventional	60	0	0	0.11356195485052431	1.5024133315542907
22	holistic	60	0	0	0.08693087805950367	1.5995897538848978
22	conventional	60	0	0	0.09409225335860932	1.3644824747059747
23	holistic	60	1	1	0.08034203596411958	1.530743476855969
23	conventional	60	2	2	0.0878362972062423	1.3107219918946307
24	holistic	60	4	4	0.04975633497347354	1.0722520915395777
24	conventional	60	1	1	0.0888161953357022	1.2570180843784695
25	holistic	60	0	0	0.056631584612460664	1.3143390999137183
25	conventional	60	3	3	0.13456815920040086	1.5654634923744473
26	holistic	60	1	1	0.07623455511359621	1.5524263030076402
26	conventional	60	0	0	0.1152980227779447	1.4843439455765024
27	holistic	60	1	1	0.07006530289078998	1.481007845489351
27	conventional	60	1	1	0.11792593794370515	1.431726512776784
28	holistic	60	1	1	0.07058604769097522	1.4254597814108458
28	conventional	60	1	1	0.11915118276048929	1.4679735593228775
29	holistic	60	2	2	0.07347988543687653	1.4810099721220695
29	conventional	60	2	2	0.13814097162074881	1.4208616180825602
30	holistic	60	0	0	0.11806106536708219	1.9433250352239118
30	conventional	60	2	2	0.14071131196587836	1.412639567169123
31	holistic	60	1	1	0.0977267109618471	1.4810015426933543
31	conventional	60	0	0	0.11959537343934885	1.3700584009117578
32	holistic	60	0	0	0.09667002856675139	1.4472101537110658
32	conventional	60	0	0	0.13597897740972606	1.438789782393607
33	holistic	60	0	0	0.10857760986104957	1.7028879456876478
33	conventional	60	1	1	0.15998274732248802	1.365529841890024
34	holistic	60	3	3	0.10083802402836574	1.558348697951835
34	conventional	60	1	1	0.15964319345618877	1.2934510774795105
35	holistic	60	2	2	0.10331241081585735	1.5262015424831084
35	conventional	60	0	0	0.17905657443878284	2.5595899981963375
36	holistic	60	0	0	0.10524830701460967	1.5972294593182996
36	conventional	60	2	2	0.12776843829087708	1.2004414945202382
37	holistic	60	1	1	0.09798830008425957	1.5662969954807848
37	conventional	60	2	2	0.08460531099294046	1.1441964626186196
38	holistic	60	1	1	0.09616111806955407	1.58359912824632
38	conventional	60	1	1	0.10081865039947659	1.176502722448012
39	holistic	60	0	0	0.09511048937156277	1.5124249489656538
39	conventional	60	0	0	0.16656657645568893	2.261859155435446
40	holistic	60	2	2	0.09169552780542503	1.4888551282440323
40	conventional	60	0	0	0.15933056314740635	2.0265531323330106
41	holistic	60	2	2	0.09271287437991217	1.4671735842713685
41	conventional	60	2	2	0.16101835138299112	2.1122742632165084
42	holistic	60	1	1	0.09165132147103595	1.4471683761158178
42	conventional	60	2	2	0.20079246501429965	3.066281365369357
43	holistic	60	0	0	0.10445958359128653	1.5027083569617485
43	conventional	60	0	0	0.2123282155105108	4.576359595433249
44	holistic	60	1	1	0.10918601051979322	1.5185971695861051
44	conventional	60	2	2	0.18440179839196644	3.080657335857547
45	holistic	60	1	1	0.11198437508146429	1.4988956940930152
45	conventional	60	0	0	0.2589274123548197	5.379248987380355
46	holistic	60	0	0	0.11070689144577178	1.4804917495224383
46	conventional	60	0	0	0.2025661116224269	2.8822495503295777
47	holistic	60	1	1	0.11575161345828318	1.4310437989098828
47	conventional	60	0	0	0.2023385215505338	2.050607085113642
48	holistic	60	1	1	0.11076086901831173	1.3846882414265338
48	conventional	60	1	1	0.20821437053824382	2.1337388779551523
49	holistic	60	3	3	0.10737060751028524	1.3714129617195334
49	conventional	60	0	0	0.23088386662174604	2.4962949427270558
50	holistic	60	0	0	0.09991291428815349	1.329526945887395
50	conventional	60	1	1	0.21477957434200418	2.547112889907199
51	holistic	60	0	0	0.10071753056771388	1.4328900650445417
51	conventional	60	1	1	0.2083923449719663	2.521725842157356
52	holistic	60	0	0	0.10251913899758945	1.3916342992581816
52	conventional	60	1	1	0.23313063136576656	2.2180686417460618
53	holistic	60	1	1	0.09966817331661243	1.3796226355378758
53	conventional	60	1	1	0.26331426159329546	2.0615827660073687
54	holistic	60	0	0	0.09597569515192611	1.3419390842559393
54	conventional	60	2	2	0.2604598190302162	1.9057090030549724
55	holistic	60	2	2	0.09628348039479452	1.383108497787172
55	conventional	60	1	1	0.32043577202686957	1.7354468980034012
56	holistic	60	0	0	0.09447940479847663	1.3472018566582142
56	conventional	60	0	0	0.2818800911931733	1.6969379637165338
57	holistic	60	1	1	0.07560051488724565	1.3862361226527917
57	conventional	60	2	2	0.29525808129578934	1.5945604174559964
58	holistic	60	1	1	0.07381180964327357	1.3995877728045432
58	conventional	60	3	3	0.24197674312175915	1.3915631656983332
59	holistic	60	1	1	0.07539011249145626	1.3890779942497518
59	conventional	60	1	1	0.23807622183551866	1.5229735440654049
60	holistic	60	2	2	0.12588921138542475	2.7553584306770214
60	conventional	60	2	2	0.2287337751071094	1.3888159131401931
61	holistic	60	0	0	0.11836403033304081	2.2560749288655515
61	conventional	60	3	3	0.24538870905799792	1.447088833160907
62	holistic	60	1	1	0.10373230569778677	1.5124289577903998
62	conventional	60	2	2	0.16422244868630156	1.3879809602652045
63	holistic	60	0	0	0.09913998404490985	1.5216776524748252
63	conventional	60	1	1	0.2020228944980561	1.2825281252219256
64	holistic	60	1	1	0.09488330407460284	1.593030818966767
64	conventional	60	2	2	0.19055332030915076	1.40688139725474
65	holistic	60	1	1	0.09903329808778548	1.559435438033435
65	conventional	60	0	0	0.18495645757365706	1.6206059904369987
66	holistic	60	0	0	0.0956372653899467	1.5472007149588962
66	conventional	60	1	1	0.1723722691938585	1.7643283648595454
67	holistic	60	0	0	0.09512004306178255	1.5746541973032049
67	conventional	60	0	0	0.17179888737674187	1.7322951807083542
68	holistic	60	1	1	0.09355687939338712	1.5818158964714082
68	conventional	60	0	0	0.1965236714370995	1.7063366287807917
69	holistic	60	1	1	0.09360305530661914	1.6264384051325236
69	conventional	60	0	0	0.21415570577599702	1.5490338415136635
70	holistic	60	0	0	0.09525621000023685	1.613857814454519
70	conventional	60	0	0	0.2021011137890593	1.536090094678464
71	holistic	60	0	0	0.09211918452100071	1.5835631232662115
71	conventional	60	2	2	0.24029900668140536	1.5243607450620797
72	holistic	60	0	0	0.09260566037785717	1.6079037198417716
72	conventional	60	0	0	0.25969744470169875	1.514724767685557
73	holistic	60	4	4	0.09122588851295967	1.5787747878117004
73	conventional	60	1	1	0.2892956347112968	1.9327663243271669
74	holistic	60	0	0	0.08973588192036443	1.5851283856642173
74	conventional	60	0	0	0.2561177880758388	1.6491329758310993
75	holistic	60	1	1	0.08986307926076331	1.6590557514838236
75	conventional	60	2	2	0.26137202036574947	1.5396896854045594
76	holistic	60	2	2	0.04971674305212472	0.9349226982954646
76	conventional	60	0	0	0.2368462167034847	1.4860218079211136
77	holistic	60	2	2	0.0483491610768689	0.9253464401579813
77	conventional	60	0	0	0.25167922925934333	1.4803508367106024
78	holistic	60	1	1	0.049047302420289735	1.0224272662070737
78	conventional	60	0	0	0.2758137690025771	1.4753198261814233
79	holistic	60	2	2	0.037176179466280865	1.1587825179200981
79	conventional	60	3	3	0.27395164207980477	1.3902394499235404
80	holistic	60	4	4	0.045138968082896226	1.2831429936921401
80	conventional	60	2	2	0.2533640834334188	1.3895104860360425
81	holistic	60	1	1	0.045975134821101646	1.2139803135906488
81	conventional	60	0	0	0.25130809649584723	1.425555870310546
82	holistic	60	0	0	0.044370998344422326	1.1939442710179176
82	conventional	60	0	0	0.26374699740996976	1.4588822449672558
83	holistic	60	1	1	0.04831828539238086	1.4263213341476983
83	conventional	60	2	2	0.23361395427411544	1.4555958533864968
84	holistic	60	4	4	0.06392452956536271	1.3595670342698625
84	conventional	60	1	1	0.2834285315373282	2.4615046349636773
85	holistic	60	0	0	0.05392269591102229	1.335980060001931
85	conventional	60	3	3	0.240789077712853	1.456956416550359
86	holistic	60	1	1	0.052265471637427625	1.4258903825009912
86	conventional	60	0	0	0.25696556636321105	1.383542016053216
87	holistic	60	1	1	0.04888720676174407	1.3664151464526302
87	conventional	60	1	1	0.2770239987191442	2.2961414385247094
88	holistic	60	1	1	0.05066485616934493	1.4482771027937305
88	conventional	60	1	1	0.24031101756468143	1.6245342476976772
89	holistic	60	2	2	0.04373169239075236	1.4586857344252169
89	conventional	60	2	2	0.2117242554847324	1.5359252141460074
90	holistic	60	0	0	0.041199965494641534	1.404163357090725
90	conventional	60	2	2	0.2076197441027267	1.463667385482284
91	holistic	60	1	1	0.04002992845675031	1.3838532569469908
91	conventional	60	0	0	0.2845729238386354	1.684195407608995
92	holistic	60	0	0	0.03965107390092003	1.3650252495545478
92	conventional	60	0	0	0.2821735584520556	1.8183323786782621
93	holistic	60	0	0	0.04113395456924554	1.4942096002610747
93	conventional	60	1	1	0.29460378086146904	1.7385293122167962
94	holistic	60	3	3	0.040805673940425925	1.5303485881245207
94	conventional	60	1	1	0.33985585376159777	2.3316338138388066
95	holistic	60	2	2	0.03944442358340513	1.4810690858701663
95	conventional	60	0	0	0.32422780500340964	2.8353982106992985
96	holistic	60	0	0	0.04153564181553397	1.542523148475717
96	conventional	60	2	2	0.36965790424414313	2.3372364856590058
97	holistic	60	1	1	0.03999044557249175	1.495573639234846
97	conventional	60	2	2	0.32148489381501283	2.575624500358236
98	holistic	60	1	1	0.04061595681624609	1.5282334477493669
98	conventional	60	1	1	0.3505595535909191	2.7292135679992517
99	holistic	60	0	0	0.040445342928868554	1.5592528765028806
99	conventional	60	0	0	0.30480199554343346	2.4982347852359226
100	holistic	60	2	2	0.04322651503943244	1.6375040019370675
100	conventional	60	0	0	0.3006933581896593	2.045912708906655
101	holistic	60	2	2	0.032190050261524855	1.6165803484977532
101	conventional	60	2	2	0.27767879886917435	1.9166976830658229
102	holistic	60	1	1	0.03256272608560033	1.6430114148213808
102	conventional	60	2	2	0.3310086377133615	3.3122878888598053
103	holistic	60	0	0	0.03220757769190045	1.6458146290558553
103	conventional	60	0	0	0.34525858726483527	2.308071201748334
104	holistic	60	1	1	0.032625841643392495	1.626340934870751
104	conventional	60	2	2	0.2916978020454294	1.870570813665058
105	holistic	60	1	1	0.030446456210527932	1.5857565572925125
105	conventional	60	0	0	0.32706285235807786	2.4016704104729025
106	holistic	60	0	0	0.034280814040040644	1.6108338803839553
106	conventional	60	0	0	0.2704991366489448	1.8137298109964801
107	holistic	60	1	1	0.03643730055671305	1.613508951541541
107	conventional	60	0	0	0.24636740640009705	1.7460860294382108
108	holistic	60	1	1	0.03969834666215418	1.595957966553769
108	conventional	60	1	1	0.23893420515708372	1.7704143715002596
109	holistic	60	3	3	0.03639390573779476	1.5593397904829933
109	conventional	60	0	0	0.22613984029506146	1.6671297063200738
110	holistic	60	0	0	0.0363223306399378	1.5830354598357494
110	conventional	60	1	1	0.22621645592201034	1.6524480525410632
111	holistic	60	0	0	0.03618787007852666	1.547795355703998
111	conventional	60	1	1	0.2502374574613567	1.6763586694536292
112	holistic	60	0	0	0.03602028797138595	1.5519935022558853
112	conventional	60	1	1	0.23898319980092106	1.6994463876326495
113	holistic	60	1	1	0.03707708184525401	1.6115410694717314
113	conventional	60	1	1	0.24113329432138822	1.683655391258252
114	holistic	60	0	0	0.03929803491310667	1.6507603705678584
114	conventional	60	2	2	0.24039852897761807	1.7045317591219808
115	holistic	60	2	2	0.03807321425688779	1.6167182597498453
115	conventional	60	1	1	0.19113009156142155	1.655232461979432
116	holistic	60	0	0	0.037377193128948695	1.5842723463282489
116	conventional	60	0	0	0.21833018731652484	1.6757073362779018
117	holistic	60	1	1	0.03631814720002627	1.5527536235131918
117	conventional	60	2	2	0.21247228279915822	1.8826734652128376
118	holistic	60	1	1	0.035612211120098554	1.5394306569910652
118	conventional	60	3	3	0.20978130151435043	1.8651524154670127
119	holistic	60	1	1	0.009511758466936525	0.25214442194569103
119	conventional	60	1	1	0.3173432010679672	3.3841633986525608
120	holistic	60	2	2	0.009491390210598314	0.26819937267468646
120	conventional	60	2	2	0.35656776700282766	3.3744005107651764
121	holistic	60	0	0	0.009105404446802438	0.2607945602159096
121	conventional	60	3	3	0.2684215456967682	2.317042329588783
122	holistic	60	1	1	0.009673335707692859	0.25371846944483195
122	conventional	60	2	2	0.3239143202557409	2.3282103108141827
123	holistic	60	0	0	0.009290562680575811	0.24694415461430874
123	conventional	60	1	1	0.3571418046608282	2.3341193490822403
124	holistic	60	1	1	0.008933361172857283	0.24047935167420134
124	conventional	60	2	2	0.3187110950914885	1.6603291177386448
125	holistic	60	1	1	0.0085998459994384	0.23429068833090191
125	conventional	60	0	0	0.3137101161402142	1.7601160494246546
126	holistic	60	0	0	0.008736711705926315	0.22833752188819706
126	conventional	60	1	1	0.354380804567435	1.7109230078994335
127	holistic	60	0	0	0.00843064747868471	0.22261919651487236
127	conventional	60	0	0	0.3274992251023993	1.7705494725033177
128	holistic	60	1	1	0.008512422931326187	0.2171157070395122
128	conventional	60	0	0	0.3070714705637843	1.6279784157789234
129	holistic	60	1	1	0.008558504253500123	0.23106003773621037
129	conventional	60	0	0	0.31908995131247736	1.5640672043895234
130	holistic	60	0	0	0.00826383780682599	0.22561583959557535
130	conventional	60	0	0	0.3119926794744771	1.5580984737032044
131	holistic	60	0	0	0.008005145496916947	0.22039295244991347
131	conventional	60	2	2	0.30377059875412393	1.508606455315754
132	holistic	60	0	0	0.008063931042061457	0.23352197720261217
132	conventional	60	0	0	0.31651901197874216	1.5680348004681892
133	holistic	60	4	4	0.007825909218302632	0.22832026272056366
133	conventional	60	1	1	0.30265175310292736	1.6039326846440236
134	holistic	60	0	0	0.00757075779271972	0.2233098440619132
134	conventional	60	0	0	0.333641363770764	1.6588516655428245
135	holistic	60	1	1	0.007356578758376345	0.2184666930050717
135	conventional	60	2	2	0.29381685868580854	1.6514506748371998
136	holistic	60	2	2	0.007147030479991496	0.21378245702292334
136	conventional	60	0	0	0.3153230891038655	1.6445445924559505
137	holistic	60	2	2	0.004304836654914887	0.14525976978328145
137	conventional	60	0	0	0.3318453591215364	1.6567687410169545
138	holistic	60	1	1	0.0027570294647546382	0.18310167260180943
138	conventional	60	0	0	0.34024563537261204	1.612320449527829
139	holistic	60	2	2	0.0026102814623479706	0.17943100016766383
139	conventional	60	3	3	0.31067519556211814	1.5879568270452646
140	holistic	60	4	4	0.019138317707893426	1.0
140	conventional	60	2	2	0.2930591604542058	1.5827205689075006
141	holistic	60	1	1	0.010671299628768015	0.5
141	conventional	60	0	0	0.2725317248803775	1.6131125912312256
142	holistic	60	0	0	0.007693241270180882	0.3333333333333333
142	conventional	60	0	0	0.29198201693147807	1.6073675063218904
143	holistic	60	1	1	0.005367018316828867	0.25
143	conventional	60	2	2	0.32215131526715557	1.61937267390849
144	holistic	60	4	4	0.009989411918190411	0.3289017828296403
144	conventional	60	1	1	0.31491603197970913	1.6478636096796482
145	holistic	60	0	0	0.009334895424887836	0.24569831302789977
145	conventional	60	3	3	0.29747477082096707	1.4580930758878794
146	holistic	60	1	1	0.007903831479043173	0.19575323473723666
146	conventional	60	0	0	0.30122319780132994	1.3454940656706957
147	holistic	60	1	1	0.02352482875378201	0.9994994774489722
147	conventional	60	1	1	0.3144151722650845	1.0498058321799715
148	holistic	60	1	1	0.013826304834721794	0.49853856639981436
148	conventional	60	1	1	0.31835574321164123	1.004982943552829
149	holistic	60	2	2	0.007775704293972453	0.33222380553957126
149	conventional	60	2	2	0.3198922248273244	1.8409393335913342
150	holistic	60	0	0	0.005913765014124101	0.24914660700214777
150	conventional	60	2	2	0.33802175798431244	1.7540858683853766
151	holistic	60	1	1	0.004686814087546617	0.19929655220637685
151	conventional	60	0	0	0.3710994483589237	1.5178164414361053
152	holistic	60	0	0	0.0041419905685967035	0.16604463181327286
152	conventional	60	0	0	0.3753742512291416	1.82600336699816
153	holistic	60	0	0	0.004838659861787997	0.16257715287005095
153	conventional	60	1	1	0.33638937648878176	1.2036657816516796
154	holistic	60	3	3	0.004176643413567839	0.14969494959814908
154	conventional	60	1	1	0.3106670350111477	1.2643642362022751
155	holistic	60	2	2	0.004814133744709103	0.21015674107915444
155	conventional	60	0	0	0.3656251388998418	1.4830721404287872
156	holistic	60	0	0	0.004264275876479279	0.1958057838636691
156	conventional	60	2	2	0.3513610166595037	1.3749478066594956
157	holistic	60	1	1	0.004485761292038158	0.18335332582519062
157	conventional	60	2	2	0.3101371654150606	1.3195977462559132
158	holistic	60	1	1	0.007668688648439733	0.29000524179959314
158	conventional	60	1	1	0.272237474550689	1.2686529266317321
159	holistic	60	0	0	0.007004619969809184	0.27368443810211973
159	conventional	60	0	0	0.2989625941229453	1.268801021005048
160	holistic	60	2	2	0.006432100783074166	0.2591159596346099
160	conventional	60	0	0	0.3070771983593919	1.8288111802525233
161	holistic	60	2	2	0.0067537590554203756	0.29590154954011494
161	conventional	60	2	2	0.27633175439531105	1.320103520676131
162	holistic	60	1	1	0.008021762493915176	0.28160380915111805
162	conventional	60	2	2	0.27251419081646283	1.3197385666917087
163	holistic	60	0	0	0.008507068546563074	0.31410982412035376
163	conventional	60	0	0	0.2965270502508232	1.3352768686267849
164	holistic	60	1	1	0.00796802846627366	0.30025535926574337
164	conventional	60	2	2	0.27177297231805325	1.2532079816461748
165	holistic	60	1	1	0.007510365048476416	0.2875803526387089
165	conventional	60	0	0	0.25961403176382614	1.2115001037004798
166	holistic	60	0	0	0.007598086062971149	0.27590219434476065
166	conventional	60	0	0	0.2666920592801037	1.1709306889054056
167	holistic	60	1	1	0.008481947228548203	0.34205077373644016
167	conventional	60	0	0	0.26511151204784994	1.134845780901012
168	holistic	60	1	1	0.008544650330989391	0.3292079316540448
168	conventional	60	1	1	0.24888383910050926	1.1398183468342575
169	holistic	60	3	3	0.008150973098233292	0.3173149636265436
169	conventional	60	0	0	0.2988046953055582	2.2520856309529806
170	holistic	60	0	0	0.007782950695010861	0.3062580183560923
170	conventional	60	1	1	0.2647272369944977	1.0895378145110188
171	holistic	60	0	0	0.007880344762953014	0.2959280042197836
171	conventional	60	1	1	0.25737674032838026	1.131881268177365
172	holistic	60	0	0	0.008728504387044832	0.3184677074740293
172	conventional	60	1	1	0.24155426439426622	1.097514683383115
173	holistic	60	1	1	0.008994122029758297	0.3083954155384734
173	conventional	60	1	1	0.3245992913718412	4.483726891080018
174	holistic	60	0	0	0.009051003648035275	0.29893503716843645
174	conventional	60	2	2	0.27625067990500274	2.462221871236875
175	holistic	60	2	2	0.008712264032434264	0.290024164231684
175	conventional	60	1	1	0.2945635272884343	1.4458560658062016
176	holistic	60	0	0	0.00877740222821071	0.28160437330942373
176	conventional	60	0	0	0.3359565413105499	1.9494647143293118
177	holistic	60	1	1	0.0088466396364617	0.27364085045877823
177	conventional	60	2	2	0.3247771056050183	1.7468801556226525
178	holistic	60	1	1	0.009064964338012035	0.26614611718494674
178	conventional	60	3	3	0.2737457741124512	1.305050634378652
179	holistic	60	1	1	0.010004617516560402	0.3116730631490443
179	conventional	60	1	1	0.2930786450985285	1.3626913417352209
180	holistic	60	2	2	0.009690240163693048	0.3035824315764124
180	conventional	60	2	2	0.3423545699724421	1.5796017316202164
181	holistic	60	0	0	0.009390798295027153	0.2959001164780903
181	conventional	60	3	3	0.29524753272807663	1.6084865380574844
182	holistic	60	1	1	0.009444792105326495	0.2885845346350253
182	conventional	60	2	2	0.32952671355458474	2.391135048738367
183	holistic	60	0	0	0.009398787523836995	0.28162108849254147
183	conventional	60	1	1	0.2679685240909219	1.8906586164868346
184	holistic	60	1	1	0.009129176634787075	0.2749717347637595
184	conventional	60	2	2	0.342607773937842	1.5236953775973199
185	holistic	60	1	1	0.008868127524706549	0.2686100027591791
185	conventional	60	0	0	0.3676496455230546	1.6372634609853556
186	holistic	60	0	0	0.008614498560235755	0.2625371299432778
186	conventional	60	1	1	0.370982703159069	1.7591166491303434
187	holistic	60	0	0	0.019116623826734843	0.5929288684439455
187	conventional	60	0	0	0.34779549239155383	1.6943734290065267
188	holistic	60	1	1	0.02273344379834287	0.8245482084221195
188	conventional	60	0	0	0.3600150075425023	2.0502497810020417
189	holistic	60	1	1	0.03712389249628294	0.9947228456728838
189	conventional	60	0	0	0.35809058690423917	1.809033908042041
190	holistic	60	0	0	0.027481176575727698	0.616854839063792
190	conventional	60	0	0	0.34538626455691496	1.7817938844622272
191	holistic	60	0	0	0.023322215647653414	0.5474264156669758
191	conventional	60	2	2	0.35575042952116864	1.643333296539573
192	holistic	60	0	0	0.020795510806961293	0.4920432074927935
192	conventional	60	0	0	0.3785901842809576	1.5517171292386487
193	holistic	60	4	4	0.015691889537489134	0.446780223639324
193	conventional	60	1	1	0.3877133204292407	1.7142274939208753
194	holistic	60	0	0	0.014347251022067471	0.4080709185213402
194	conventional	60	0	0	0.3770854544330759	1.6990977171958284
195	holistic	60	1	1	0.01326565496854057	0.37530672427531225
195	conventional	60	2	2	0.38523480934637083	1.65949144528619
196	holistic	60	2	2	0.01286640479334498	0.34806798375247855
196	conventional	60	0	0	0.40956211149667526	1.6016473219939926
197	holistic	60	2	2	0.014194099479437904	0.32446297068546953
197	conventional	60	0	0	0.4037662738175079	1.6601085771664181
198	holistic	60	1	1	0.013550261497224686	0.30380836099037273
198	conventional	60	0	0	0.3907963067769979	1.5903752635284627
199	holistic	60	2	2	0.012564604853484434	0.28559065675566064
199	conventional	60	3	3	0.39765000850712556	1.726851607144502
200	holistic	60	4	4	0.009227733184544944	0.2693758348054435
200	conventional	60	2	2	0.34769999789902767	1.5824719994594183
201	holistic	60	1	1	0.004672426331737383	0.2548768737810893
201	conventional	60	0	0	0.3548373100590871	1.5766535995064883
202	holistic	60	0	0	0.008399882510466045	0.24325153716891695
202	conventional	60	0	0	0.35775774989216574	1.5236194035931823
203	holistic	60	1	1	0.007272923540218331	0.23000894607771655
203	conventional	60	2	2	0.32140388121553026	1.5236284882681335
204	holistic	60	4	4	0.005419409465768766	0.2192772016938023
204	conventional	60	1	1	0.33061694695778626	2.5355122105174273
205	holistic	60	0	0	0.003671499936017875	0.20947185389423062
205	conventional	60	3	3	0.35169806125268865	3.043138315816365
206	holistic	60	1	1	0.010394877190917055	0.4403079926302631
206	conventional	60	0	0	0.4438438475573739	3.2694980424093565
207	holistic	60	1	1	0.007172648335240959	0.2725053891374573
207	conventional	60	1	1	0.39310862104178584	1.9850081238836008
208	holistic	60	1	1	0.010757972831527239	0.43849894121793154
208	conventional	60	1	1	0.38967613968618686	1.5330061584119707
209	holistic	60	2	2	0.008578935610987428	0.3387577801972109
209	conventional	60	2	2	0.39306663256806434	1.5313891808546818
210	holistic	60	0	0	0.007624372384212307	0.27170948500746084
210	conventional	60	2	2	0.39252540914896006	1.8675250218834318
211	holistic	60	1	1	0.010344773831611228	0.2680704166584077
211	conventional	60	0	0	0.3819176528708061	1.5307446049787117
212	holistic	60	0	0	0.010144302324541684	0.2589428829928631
212	conventional	60	0	0	0.3428788571019711	1.5502320730792252
213	holistic	60	0	0	0.012147616318418968	0.2749514796089006
213	conventional	60	1	1	0.3599455111658214	1.4828526730420655
214	holistic	60	3	3	0.011000290215653349	0.2423659067130837
214	conventional	60	1	1	0.3673927952122702	1.4836496588265802
215	holistic	60	2	2	0.010017320942799753	0.23482972988331569
215	conventional	60	0	0	0.359261359399965	1.453704387138111
216	holistic	60	0	0	0.011400159307483535	0.27401812262518005
216	conventional	60	2	2	0.4188645792145215	1.4845414060407416
217	holistic	60	1	1	0.019812023625492937	0.4954369730052576
217	conventional	60	2	2	0.4458077998959009	1.5918164959838936
218	holistic	60	1	1	0.016074140704297763	0.3288016721593699
218	conventional	60	1	1	0.45113039162118784	1.6009661134511373
219	holistic	60	0	0	0.014976270383216299	0.2736194618841402
219	conventional	60	0	0	0.44098769834300816	1.5257503439029594
220	holistic	60	2	2	0.013388906024204896	0.2526191142578877
220	conventional	60	0	0	0.4367691497097873	2.530013064425842
221	holistic	60	2	2	0.012159436241116315	0.23417534667346637
221	conventional	60	2	2	0.4072849286206848	1.869850396758486
222	holistic	60	1	1	0.011122698384936451	0.2176356024549838
222	conventional	60	2	2	0.38936766025656144	2.5339591684425216
223	holistic	60	0	0	0.012324733878329585	0.24545380689070154
223	conventional	60	0	0	0.376568076483043	1.9357403683272456
224	holistic	60	1	1	0.013716248031946566	0.2176775015806472
224	conventional	60	2	2	0.36770710553800584	1.7045537202169039
225	holistic	60	1	1	0.013180598413244945	0.19516614410129943
225	conventional	60	0	0	0.47410548206094827	3.3215399606478115
226	holistic	60	0	0	0.01296309249412308	0.21333282817612653
226	conventional	60	0	0	0.4453428978878346	3.8244637761447953
227	holistic	60	1	1	0.012792873565579264	0.2449558669514063
227	conventional	60	0	0	0.49571388040977615	4.654390632996843
228	holistic	60	1	1	0.011961260254678634	0.2321055527567448
228	conventional	60	1	1	0.4768061692782093	3.3196206608382486
229	holistic	60	3	3	0.011727611284009145	0.22187158942724217
229	conventional	60	0	0	0.4731420177907325	2.9305599623172958
230	holistic	60	0	0	0.012057553601762753	0.21098680535191844
230	conventional	60	1	1	0.45828374250159654	2.995507668346621
231	holistic	60	0	0	0.01252648153521524	0.2378990292186063
231	conventional	60	1	1	0.46776098603939265	2.4839816461509243
232	holistic	60	0	0	0.011891182873569694	0.22724314294813402
232	conventional	60	1	1	0.42378573106351514	2.0936245563735616
233	holistic	60	1	1	0.012341098960335107	0.2171789779355701
233	conventional	60	1	1	0.4311704794367059	2.010070383145628
234	holistic	60	0	0	0.01174230372603195	0.2078170770688084
234	conventional	60	2	2	0.4288372796945252	2.0432022021815017
235	holistic	60	2	2	0.013026727976440725	0.21286572025169193
235	conventional	60	1	1	0.44804009296221176	1.9763463229847944
236	holistic	60	0	0	0.01330904964950949	0.2009469750901906
236	conventional	60	0	0	0.4408655934130535	2.1973770121800453
237	holistic	60	1	1	0.01321481305055588	0.21349087352799417
237	conventional	60	2	2	0.42246609543694613	1.9523926635835653
238	holistic	60	1	1	0.013126665738450016	0.23476254569085372
238	conventional	60	3	3	0.41417874004793437	1.836340894956166
239	holistic	60	1	1	0.013840834295780167	0.2840122405041547
239	conventional	60	1	1	0.45172496903405956	3.438807510545658
240	holistic	60	2	2	0.013287184618628788	0.27445574974562664
240	conventional	60	2	2	0.43978919885808093	2.4981122587656652
241	holistic	60	0	0	0.018616714356341168	0.33331601550497497
241	conventional	60	3	3	0.38956323552559213	1.6936296981891363
242	holistic	60	1	1	0.014808009274675524	0.31007731525091015
242	conventional	60	2	2	0.38744167268275176	1.623399413630993
243	holistic	60	0	0	0.013881389088674399	0.30059724644698316
243	conventional	60	1	1	0.422916435033088	1.9560313140564765
244	holistic	60	1	1	0.013264607325202765	0.29146768369202214
244	conventional	60	2	2	0.3973396031769918	2.125415670744114
245	holistic	60	1	1	0.012872247987441783	0.3072819891764658
245	conventional	60	0	0	0.4401216859559201	2.2024716477675343
246	holistic	60	0	0	0.01426550195846637	0.2984624981403461
246	conventional	60	1	1	0.41842843478535013	2.04991614039238
247	holistic	60	0	0	0.014160152889729428	0.31329793719139265
247	conventional	60	0	0	0.3980053044253275	1.613762361729658
248	holistic	60	1	1	0.013605662523651908	0.3274861524048037
248	conventional	60	0	0	0.3842104416078111	1.591567180396114
249	holistic	60	1	1	0.013466412753555023	0.3188235382999434
249	conventional	60	0	0	0.37965250560898045	1.3248752690838919
250	holistic	60	0	0	0.01497788603542577	0.35442099309082264
250	conventional	60	0	0	0.3845704234882628	1.240906679747541
251	holistic	60	0	0	0.015815931008576166	0.34562241906089725
251	conventional	60	2	2	0.37181497154010545	1.307578747865383
252	holistic	60	0	0	0.01507588127841661	0.3370904830852384
252	conventional	60	0	0	0.3841329355668901	1.4079370951252128
253	holistic	60	4	4	0.014403185643416305	0.3289873387234117
253	conventional	60	1	1	0.3546509869581219	1.578395614893922
254	holistic	60	0	0	0.01499082962448912	0.3211700307097222
254	conventional	60	0	0	0.3493776781395165	1.5474705360042103
255	holistic	60	1	1	0.013848117147653471	0.3136770977264587
255	conventional	60	2	2	0.31244311877804354	1.4484657636038898
256	holistic	60	2	2	0.014956091158958858	0.30648977259451593
256	conventional	60	0	0	0.3111920512977401	1.3664420719214831
257	holistic	60	2	2	0.014391625898210485	0.2996673845414926
257	conventional	60	0	0	0.286411476880342	1.3624008824529856
258	holistic	60	1	1	0.012030954556758788	0.29309117301791543
258	conventional	60	0	0	0.29366507742251213	1.233798160563342
259	holistic	60	2	2	0.013815316839870475	0.2866613696329935
259	conventional	60	3	3	0.28722615252718253	1.2340861926292352
260	holistic	60	4	4	0.013760582195903703	0.2804563940725366
260	conventional	60	2	2	0.26450054252674726	1.3474831145789858
261	holistic	60	1	1	0.014104045465929783	0.27442198541590984
261	conventional	60	0	0	0.2460322291766772	1.292516887534486
262	holistic	60	0	0	0.019203020762039377	0.3333333333333333
262	conventional	60	0	0	0.23620373556512503	1.24195913734194
263	holistic	60	1	1	0.017859943700913934	0.26365118824570205
263	conventional	60	2	2	0.2544672020858544	1.2438705699161954
264	holistic	60	4	4	0.012440249771532415	0.20413172763117746
264	conventional	60	1	1	0.3053870971103463	1.441794832465337
265	holistic	60	0	0	0.012262976190635544	0.19974896221427996
265	conventional	60	3	3	0.2414254563055353	1.451719156578318
266	holistic	60	1	1	0.01190852102585744	0.2158536970526515
266	conventional	60	0	0	0.30663081669496156	3.440113931592824
267	holistic	60	1	1	0.011901372885240756	0.21140634667249839
267	conventional	60	1	1	0.25950965809119947	1.4297677657681898
268	holistic	60	1	1	0.011381306027828239	0.20700582548515925
268	conventional	60	1	1	0.2796672637109077	1.4576237848043798
269	holistic	60	2	2	0.01092238126198602	0.2029009043600989
269	conventional	60	2	2	0.2705147869623853	1.6863867092765612
270	holistic	60	0	0	0.010515135858544718	0.1988617155316324
270	conventional	60	2	2	0.2995006193836366	2.022303542874267
271	holistic	60	1	1	0.010684186159515434	0.19495419761998334
271	conventional	60	0	0	0.29053355224224064	1.5881080767362745
272	holistic	60	0	0	0.011141890248753046	0.22754313258110942
272	conventional	60	0	0	0.31732917978241787	1.4198918790619108
273	holistic	60	0	0	0.01108970066078054	0.22336290729496083
273	conventional	60	1	1	0.30105722655401074	1.167889065082553
274	holistic	60	3	3	0.011900685813489574	0.21928448516594867
274	conventional	60	1	1	0.28962126356065393	1.197701781292666
275	holistic	60	2	2	0.012488539765570154	0.21539487993976747
275	conventional	60	0	0	0.3290054378446002	1.3225097191786028
276	holistic	60	0	0	0.011842822515548303	0.2116341441782534
276	conventional	60	2	2	0.3071808366072483	1.2777175581507008
277	holistic	60	1	1	0.007944574575212885	0.1538200774531169
277	conventional	60	2	2	0.2681379822658366	1.2524968901631754
278	holistic	60	1	1	0.007475558673331737	0.14997438787364753
278	conventional	60	1	1	0.23448353417248718	1.2157145030246104
279	holistic	60	0	0	0.007387063356294681	0.17070467810817777
279	conventional	60	0	0	0.2893556903175067	1.5627804095646005
280	holistic	60	2	2	0.007056053530564147	0.16663975735240752
280	conventional	60	0	0	0.29022395582772337	1.5378996010261805
281	holistic	60	2	2	0.007219066225983451	0.16276350994620362
281	conventional	60	2	2	0.30530463709014827	1.2397370144801803
282	holistic	60	1	1	0.006969760551845875	0.15906419817895598
282	conventional	60	2	2	0.2847243182127109	1.1415982584358673
283	holistic	60	0	0	0.008852068182498377	0.15552928983449762
283	conventional	60	0	0	0.3464059320010637	2.426149995366747
284	holistic	60	1	1	0.008742880716698018	0.17388719428733737
284	conventional	60	2	2	0.29492472374354517	1.1122884146139866
285	holistic	60	1	1	0.008352639829299012	0.17018731533517067
285	conventional	60	0	0	0.36105631726963155	1.4726752241132532
286	holistic	60	0	0	0.008007030849699875	0.16664159545366386
286	conventional	60	0	0	0.3187502621153743	1.225644419950603
287	holistic	60	1	1	0.007695581473041078	0.16324061093226458
287	conventional	60	0	0	0.3197209605774232	1.2255773777445353
288	holistic	60	1	1	0.00809564461894089	0.15997537946511803
288	conventional	60	1	1	0.3050950277610807	1.2048067971649736
289	holistic	60	3	3	0.0078056035523497306	0.1568382123802146
289	conventional	60	0	0	0.30874841627510047	1.2911985244213218
290	holistic	60	0	0	0.008400583079400503	0.15382195584491784
290	conventional	60	1	1	0.3026374249224539	1.2685859322486117
291	holistic	60	0	0	0.008138490062399658	0.1509195238317004
291	conventional	60	1	1	0.2953791937893347	1.2793532475635738
292	holistic	60	0	0	0.007869511948553334	0.14812458581354504
292	conventional	60	1	1	0.30394631875706585	1.227638408371031
293	holistic	60	1	1	0.007644782570467138	0.14543128892660653
293	conventional	60	1	1	0.28168898720679947	1.2099173571192718
294	holistic	60	0	0	0.007423748059279053	0.14283390861077347
294	conventional	60	2	2	0.2665129981214883	1.2215717385862754
295	holistic	60	2	2	0.007211022171008963	0.14032792267549218
295	conventional	60	1	1	0.2477000448440219	1.1749122629181303
296	holistic	60	0	0	0.007011834762745476	0.13790812257123883
296	conventional	60	0	0	0.27680168939219557	1.1332099143283858
297	holistic	60	1	1	0.006831466500123519	0.1355705827677018
297	conventional	60	2	2	0.2540100651564033	1.0926306336190752
298	holistic	60	1	1	0.005054273963435851	0.12784132172792562
298	conventional	60	3	3	0.26251489220650687	1.07634062616735
299	holistic	60	1	1	0.0049181987725700855	0.1254999258376105
299	conventional	60	1	1	0.2503097487629561	1.0457675445007348
300	holistic	60	2	2	0.003390198753128416	0.07317073170731707
300	conventional	60	2	2	0.22697019104784474	1.4902758296161567
301	holistic	60	0	0	0.00391356585616136	0.10411600100378626
301	conventional	60	3	3	0.3791849014407836	4.454166027623241
302	holistic	60	1	1	0.003770560068588437	0.09984355458444896
302	conventional	60	2	2	0.32504447818089566	3.2791017963377613
303	holistic	60	0	0	0.00362014227154059	0.09567551568917002
303	conventional	60	1	1	0.3155058729975363	2.2831918482301723
304	holistic	60	1	1	0.003496420472944426	0.09200010178608914
304	conventional	60	2	2	0.4010622480478919	4.483154040173495
305	holistic	60	1	1	0.0033866382039767816	0.08857104038493059
305	conventional	60	0	0	0.405256053690621	2.9947705355702063
306	holistic	60	0	0	0.00743863891381338	0.24978681076160023
306	conventional	60	1	1	0.38802423434463607	3.492909187550873
307	holistic	60	0	0	0.006499612267441118	0.19978737569645594
307	conventional	60	0	0	0.4265755755464023	2.7351149473313114
308	holistic	60	1	1	0.005850001793219095	0.16645440865692998
308	conventional	60	0	0	0.3900003905134676	2.0827938995265294
309	holistic	60	1	1	0.0053600619708238945	0.14264540569721634
309	conventional	60	0	0	0.3533578709286671	1.6539586238757817
310	holistic	60	0	0	0.004960024748456946	0.12478852693876898
310	conventional	60	0	0	0.3680127920289276	1.7226058291994726
311	holistic	60	0	0	0.004640897560383795	0.11089829877895896
311	conventional	60	2	2	0.33479138745720943	1.7806807314260629
312	holistic	60	0	0	0.004803003335435058	0.09978705327235872
312	conventional	60	0	0	0.36460030441345365	1.6884282730982652
313	holistic	60	4	4	0.006083458715281873	0.18160491064352768
313	conventional	60	1	1	0.3860501461644681	1.6067340409138566
314	holistic	60	0	0	0.006180013213867521	0.16645328427745962
314	conventional	60	0	0	0.3725269963990517	1.4746907641627423
315	holistic	60	1	1	0.005867157073279084	0.1536330967527484
315	conventional	60	2	2	0.40292646857455844	1.7703967035764043
316	holistic	60	2	2	0.005595801307603668	0.1426438812009919
316	conventional	60	0	0	0.4185040359743764	1.809466528257354
317	holistic	60	2	2	0.0386916922970012	2.0
317	conventional	60	0	0	0.4274649833923847	1.8443880051446468
318	holistic	60	1	1	0.022199139252007997	1.0
318	conventional	60	0	0	0.42723456980123586	1.7755446950634048
319	holistic	60	2	2	0.014391409363862512	0.6666666666666666
319	conventional	60	3	3	0.41187155985649754	1.8567752861867663
320	holistic	60	4	4	0.011442847405692503	0.5
320	conventional	60	2	2	0.3916692582973836	1.790752890577677
321	holistic	60	1	1	0.012951788474014984	0.6
321	conventional	60	0	0	0.3790345294823873	1.911340562318595
322	holistic	60	0	0	0.011133944858433584	0.5
322	conventional	60	0	0	0.40525996453457364	1.8439462878597284
323	holistic	60	1	1	0.00981789269453734	0.42857142857142855
323	conventional	60	2	2	0.37887558264038	1.8369229144255492
324	holistic	60	4	4	0.008223383988312096	0.375
324	conventional	60	1	1	0.3565884731158656	1.7457326130082924
325	holistic	60	0	0	0.011073301844582467	0.5555555555555556
325	conventional	60	3	3	0.36742401293636034	2.533458367925899
326	holistic	60	1	1	0.013364824253528664	0.7
326	conventional	60	0	0	0.38099759354284685	1.620316815110741
327	holistic	60	1	1	0.014901869224482733	0.7272727272727273
327	conventional	60	1	1	0.37316713833718146	1.8548372394243138
328	holistic	60	1	1	0.01376255540975264	0.6666666666666666
328	conventional	60	1	1	0.35139803101921624	1.614037622727986
329	holistic	60	2	2	0.014188914646939917	0.6153846153846154
329	conventional	60	2	2	0.3821858977029763	1.7197634407773095
330	holistic	60	0	0	0.013284076780552974	0.5714285714285714
330	conventional	60	2	2	0.34101417082969543	1.8540485056254166
331	holistic	60	1	1	0.014802555376866543	0.5333333333333333
331	conventional	60	0	0	0.32521750496146595	1.6595416512202668
332	holistic	60	0	0	-2.066255194372018	0.5
332	conventional	60	0	0	0.34291363931827956	1.4658930749275354
333	holistic	60	0	0	-1.834004604227106	0.5294117647058824
333	conventional	60	1	1	0.33900756853847575	1.3007262508076223
334	holistic	60	3	3	-1.649932437505717	0.5
334	conventional	60	1	1	0.35187752702229785	1.358228587792773
335	holistic	60	2	2	-1.5015875289047795	0.47368421052631576
335	conventional	60	0	0	0.31685442728667124	1.3700425703990218
336	holistic	60	0	0	-1.3754869180058191	0.45
336	conventional	60	2	2	0.3081234461548223	1.3466693299483243
337	holistic	60	1	1	-1.2676067764245	0.5238095238095238
337	conventional	60	2	2	0.3364810945454075	1.3502401014144023
338	holistic	60	1	1	-1.1760892411840733	0.5
338	conventional	60	1	1	0.31161713522849677	1.378362832382429
339	holistic	60	0	0	-1.0974501515647725	0.4782608695652174
339	conventional	60	0	0	0.33310697821279694	1.35553428962761
340	holistic	60	2	2	-1.0281395516655023	0.4583333333333333
340	conventional	60	0	0	0.31141919415904606	1.3107940295475942
341	holistic	60	2	2	-0.9674682093945864	0.44
341	conventional	60	2	2	0.30957167979357875	1.2915791780566215
342	holistic	60	1	1	-0.9135611850239597	0.4230769230769231
342	conventional	60	2	2	0.27544030205807585	1.2726627487795523
343	holistic	60	0	0	-0.8642184973013569	0.4444444444444444
343	conventional	60	0	0	0.3237534127413809	2.507597684710655
344	holistic	60	1	1	-0.8203038035214879	0.4642857142857143
344	conventional	60	2	2	0.3150152185768738	1.3970486388921999
345	holistic	60	1	1	-0.7805436974931036	0.4827586206896552
345	conventional	60	0	0	0.3712233308410433	2.430339244135608
346	holistic	60	0	0	-0.7451180057525926	0.4666666666666667
346	conventional	60	0	0	0.3511746823120408	2.2186175330374405
347	holistic	60	1	1	-0.7126075275177989	0.45161290322580644
347	conventional	60	0	0	0.35701364748886777	2.8794538381478247
348	holistic	60	1	1	-0.6822524996667149	0.4375
348	conventional	60	1	1	0.3408184311718942	2.2124137421849817
349	holistic	60	3	3	-0.6548831258977356	0.42424242424242425
349	conventional	60	0	0	0.31991705399636555	1.8024583729046757
350	holistic	60	0	0	-0.6297343950363302	0.4117647058823529
350	conventional	60	1	1	0.31571991906123215	1.7009436625840522
351	holistic	60	0	0	-0.6063789643213159	0.4
351	conventional	60	1	1	0.29798377878620025	1.9209444877705824
352	holistic	60	0	0	-0.5842151336409561	0.4166666666666667
352	conventional	60	1	1	0.2950005505735295	1.585299369920633
353	holistic	60	1	1	-0.5635967231011583	0.43243243243243246
353	conventional	60	1	1	0.2655077487834563	1.3244628932241183
354	holistic	60	0	0	-0.541984784319629	0.42105263157894735
354	conventional	60	2	2	0.2750106437359869	1.4104671242693463
355	holistic	60	2	2	-0.523100920678501	0.41025641025641024
355	conventional	60	1	1	0.3780899163345899	5.355370921640568
356	holistic	60	0	0	-0.48969610659738105	0.9115056753611502
356	conventional	60	0	0	0.3308769760895466	2.7916211871502976
357	holistic	60	1	1	-0.4827688954103431	0.41101506894870965
357	conventional	60	2	2	0.3394521404913387	2.7470721041297894
358	holistic	60	1	1	-0.460270282381205	0.9128056370358069
358	conventional	60	3	3	0.2721774352419775	2.4656884077382855
359	holistic	60	1	1	-0.44418768842150924	0.9086352177781372
359	conventional	60	1	1	0.33544272372533535	2.235465790473792
360	holistic	60	2	2	-0.42169483698247473	1.5083302394988407
360	conventional	60	2	2	0.31255625971837325	1.9613669603681942
361	holistic	60	0	0	-0.40428328214897535	1.742106978599133
361	conventional	60	3	3	0.3334381259374813	2.463383371756393
362	holistic	60	1	1	-0.39375881167953364	1.764978839304447
362	conventional	60	2	2	0.3164983427052735	2.3819665807534105
363	holistic	60	0	0	-0.3825023291228303	1.78139371183271
363	conventional	60	1	1	0.3223099044490854	2.2303332856544236
364	holistic	60	1	1	-0.36587124880083316	2.128318765556033
364	conventional	60	2	2	0.34784056201415675	2.035340500547311
365	holistic	60	1	1	-0.35824597010644876	2.0075970948651687
365	conventional	60	0	0	0.41169038605025443	2.064999860413562
366	holistic	60	0	0	-0.35000140430590704	1.9107021128959445
366	conventional	60	1	1	0.3792690681952014	2.216531583856367
367	holistic	60	0	0	-0.34261157687397037	1.8281060422328812
367	conventional	60	0	0	0.38193249063009727	2.2310831881402926
368	holistic	60	1	1	-0.33176722676943887	1.910467539370668
368	conventional	60	0	0	0.3982149211875655	2.191765682563467
369	holistic	60	1	1	-0.327290258930173	1.7669963747129052
369	conventional	60	0	0	0.42214666661963657	2.2054797456631086
370	holistic	60	0	0	-0.3194690514361297	1.7777495405042383
370	conventional	60	0	0	0.41762427050287637	2.1211856757039578
371	holistic	60	0	0	-0.3088887675914985	1.9731858667622104
371	conventional	60	2	2	0.4022921310653075	1.9944779677462654
372	holistic	60	0	0	-0.3038894883772204	1.8517470456576566
372	conventional	60	0	0	0.3744972447598898	1.8807233299097492
373	holistic	60	4	4	-0.2977360480093821	1.7993571334481944
373	conventional	60	1	1	0.3719964287545131	1.8633410412667835
374	holistic	60	0	0	-0.2895928572383506	1.8056356871994996
374	conventional	60	0	0	0.41386224305603936	2.25698095377853
375	holistic	60	1	1	-0.28053212269144673	1.9610150364994543
375	conventional	60	2	2	0.3808269945408846	1.832572412776715
376	holistic	60	2	2	-0.2831634757106958	1.863710940574139
376	conventional	60	0	0	0.3411774188010925	1.7422560261925886
377	holistic	60	2	2	-0.2788122516013777	1.774860926469007
377	conventional	60	0	0	0.3850670193020816	1.7319634468466598
378	holistic	60	1	1	-0.27192254367800167	1.7804348432169916
378	conventional	60	0	0	0.37840503761211874	1.901169819277848
379	holistic	60	2	2	-0.268770323917363	1.7445030540246282
379	conventional	60	3	3	0.3863246317826459	1.852151280947254
380	holistic	60	4	4	-0.26300521003650884	1.791009222593005
380	conventional	60	2	2	0.3571791502919383	1.906305741957069
381	holistic	60	1	1	-0.25877845465474036	1.7566593266409025
381	conventional	60	0	0	0.4151672011684909	2.3868827040334635
382	holistic	60	0	0	-0.2543894291734162	1.7254236873284963
382	conventional	60	0	0	0.39030890825858716	1.8792499295955585
383	holistic	60	1	1	-0.24893659241047048	1.7677415938486096
383	conventional	60	2	2	0.36612914912982686	1.9575583663061222
384	holistic	60	4	4	0.049970097782211245	1.8068136825425731
384	conventional	60	1	1	0.34855820838007406	1.9445116877572104
385	holistic	60	0	0	0.040909971708597524	1.7768037404298365
385	conventional	60	3	3	0.3340326682426371	1.8738004326281716
386	holistic	60	1	1	0.037812721254954045	1.748858191320596
386	conventional	60	0	0	0.3388324979168721	2.389341815092757
387	holistic	60	1	1	0.04625263604481388	1.8476930276149375
387	conventional	60	1	1	0.3671380870135075	1.876832279455961
388	holistic	60	1	1	0.05643544724363602	1.819354283928228
388	conventional	60	1	1	0.32311748629187725	1.8128804889712362
389	holistic	60	2	2	0.05395018353595436	1.910559113608754
389	conventional	60	2	2	0.33472403936670664	1.7762489403081805
390	holistic	60	0	0	0.05819831653244429	1.9105833575358706
390	conventional	60	2	2	0.38894076723457444	2.5057010371354127
391	holistic	60	1	1	0.061472338051437286	1.8829246005407632
391	conventional	60	0	0	0.42947782810429086	2.469171166084307
392	holistic	60	0	0	0.06668619120399753	1.938257240298291
392	conventional	60	0	0	0.4443737470025186	1.7283122370981063
393	holistic	60	0	0	0.0663235439383524	1.9114273833624438
393	conventional	60	1	1	0.41386430631320603	1.6763153448799555
394	holistic	60	3	3	0.06536287310231562	1.912258160137965
394	conventional	60	1	1	0.4271200187733875	1.647806470231894
395	holistic	60	2	2	0.06362082874533231	1.8877370979245023
395	conventional	60	0	0	0.40645743389149197	1.5995692650763058
396	holistic	60	0	0	0.06418157599115994	1.9126855437637837
396	conventional	60	2	2	0.4104668057410611	1.6903193964330394
397	holistic	60	1	1	0.06365148951414841	1.8892017169103343
397	conventional	60	2	2	0.37186396477704253	1.6736902848118531
398	holistic	60	1	1	0.06536049508236692	1.8661278613287922
398	conventional	60	1	1	0.43552810188761665	3.3758467474248564
399	holistic	60	0	0	0.06374179088543429	1.8670029198314786
399	conventional	60	0	0	0.497533556548676	4.4792846259435555
400	holistic	60	2	2	0.06151125957504095	1.867794180354588
400	conventional	60	0	0	0.4684895740029418	2.414410478299306
401	holistic	60	2	2	0.059826657129618134	1.8254152634165324
401	conventional	60	2	2	0.4333255351120538	1.706285943231603
402	holistic	60	1	1	0.058341099137705243	1.7848846568600294
402	conventional	60	2	2	0.3804702934952177	1.7424402941001127
403	holistic	60	0	0	0.057893145453215625	1.8500860737436968
403	conventional	60	0	0	0.38675347265677373	1.6854096622278874
404	holistic	60	1	1	0.05972650363107077	1.8516814488048385
404	conventional	60	2	2	0.41779934402796165	2.7911265358801063
405	holistic	60	1	1	0.057876160279416826	1.8126966540757146
405	conventional	60	0	0	0.37363479096399366	1.6224444864808127
406	holistic	60	0	0	0.058253528506396784	1.8731367916602228
406	conventional	60	0	0	0.40529483490468377	1.7980578658527482
407	holistic	60	1	1	0.05773923617203656	1.9119736688326618
407	conventional	60	0	0	0.3911528686043815	1.6115522383852827
408	holistic	60	1	1	0.05739839100503956	1.968627424762587
408	conventional	60	1	1	0.38309754713181465	1.534543549084194
409	holistic	60	3	3	0.05678734723318527	1.9861157652442958
409	conventional	60	0	0	0.3970683818471532	1.4954036763135912
410	holistic	60	0	0	0.05626782838653905	1.948408181406086
410	conventional	60	1	1	0.35076532032015245	1.4267281169289685
411	holistic	60	0	0	0.05562643630795142	1.929927993621718
411	conventional	60	1	1	0.31481573220117215	1.48808052543717
412	holistic	60	0	0	0.05790931336740813	1.9472234498919192
412	conventional	60	1	1	0.33972508077631025	1.575921538730126
413	holistic	60	1	1	0.05863817086076451	1.9121265484312802
413	conventional	60	1	1	0.4513689331983198	6.3389727171284225
414	holistic	60	0	0	0.05930275445266321	1.878173520404939
414	conventional	60	2	2	0.3978748819216617	3.3462607684020496
415	holistic	60	2	2	0.028900725865349204	1.5364784629464796
415	conventional	60	1	1	0.3875267185289769	2.364207856258153
416	holistic	60	0	0	0.02947680697586829	1.5790391572008284
416	conventional	60	0	0	0.4671556099192801	4.460778810947607
417	holistic	60	1	1	0.02953662993192892	1.5899805610152045
417	conventional	60	2	2	0.44644936591224843	2.451177406292702
418	holistic	60	1	1	0.030540343250790556	1.6569884385403966
418	conventional	60	3	3	0.41040349849522334	3.101901820533909
419	holistic	60	1	1	0.030100792909096265	1.6368963737142892
419	conventional	60	1	1	0.44635497614130204	2.6960303823310556
420	holistic	60	2	2	0.03015569464964698	1.6453182125609684
420	conventional	60	2	2	0.43039760565867863	2.458047907783845
421	holistic	60	0	0	0.03019446382070401	1.6530793038714509
421	conventional	60	3	3	0.4132268601135518	2.125279281423529
422	holistic	60	1	1	0.03082556317210088	1.6603067064212194
422	conventional	60	2	2	0.41708916189395817	2.086668571981065
423	holistic	60	0	0	0.0300063461187146	1.6171367777472931
423	conventional	60	1	1	0.42346460720932083	4.24148776715557
424	holistic	60	1	1	0.03237709513657976	1.698322810139272
424	conventional	60	2	2	0.39776832495617465	2.7502505451462977
425	holistic	60	1	1	0.03194971238410537	1.6800977075532268
425	conventional	60	0	0	0.412678788107484	2.5728135442480196
426	holistic	60	0	0	0.047838118838128454	1.6403756292525438
426	conventional	60	1	1	0.3910540914323827	2.2453415460031714
427	holistic	60	0	0	0.038751580652937094	1.6017517441356228
427	conventional	60	0	0	0.3919936630465009	1.8439281971701422
428	holistic	60	1	1	0.035256868627110825	1.564933597258321
428	conventional	60	0	0	0.37969423665705854	1.8087845321781888
429	holistic	60	1	1	0.03474688525010836	1.5949547988714428
429	conventional	60	0	0	0.37866829436869437	2.0168001450861754
430	holistic	60	0	0	0.03321872526822945	1.5596051005233589
430	conventional	60	0	0	0.37110041758578477	1.9250858401055027
431	holistic	60	0	0	0.03304570002701542	1.5885663189563382
431	conventional	60	2	2	0.3607615345985031	1.893606106195157
432	holistic	60	0	0	0.03311060534121649	1.5956587902866473
432	conventional	60	0	0	0.39384958016278687	2.290200352844784
433	holistic	60	4	4	0.03249270933618433	1.5825391440933039
433	conventional	60	1	1	0.3601230755920794	1.8904220980843975
434	holistic	60	0	0	0.03162940016806229	1.5504311514510523
434	conventional	60	0	0	0.3485546618805339	1.8200680402429699
435	holistic	60	1	1	0.03156361118119326	1.5387320391184593
435	conventional	60	2	2	0.3522653384069484	1.8399525534958123
436	holistic	60	2	2	0.03143810058389808	1.5461454091487226
436	conventional	60	0	0	0.34731755004263193	1.8605503884155687
437	holistic	60	2	2	0.030690532959413437	1.5164039001680767
437	conventional	60	0	0	0.35183381469234937	1.8022726650629317
438	holistic	60	1	1	0.03334792805877283	1.4876335839294248
438	conventional	60	0	0	0.40133451030749584	1.860244596255202
439	holistic	60	2	2	0.03249161943830952	1.5135378531798183
439	conventional	60	3	3	0.39126446126034187	2.037362186899801
440	holistic	60	4	4	0.032069237872284696	1.521117569972929
440	conventional	60	2	2	0.4086782056354922	1.7552804090563914
441	holistic	60	1	1	0.031190962255038826	1.4945935609452619
441	conventional	60	0	0	0.3676370005380302	1.878055215111085
442	holistic	60	0	0	0.030674393609772647	1.4851528113018215
442	conventional	60	0	0	0.39836118106945145	1.8616409890631138
443	holistic	60	1	1	0.005958753302414063	0.1836734693877551
443	conventional	60	2	2	0.359196085602639	1.7801408503311267
444	holistic	60	4	4	0.006567902428744431	0.18
444	conventional	60	1	1	0.3829585160873074	1.7357910818917706
445	holistic	60	0	0	0.006288554645759807	0.17647058823529413
445	conventional	60	3	3	0.3528533735255641	1.7542917144612509
446	holistic	60	1	1	0.006039582947970052	0.17307692307692307
446	conventional	60	0	0	0.31775691363141245	1.7417320152538296
447	holistic	60	1	1	0.005815510402940749	0.16981132075471697
447	conventional	60	1	1	0.31854983126941805	1.703157136767363
448	holistic	60	1	1	0.005612079022487789	0.16666666666666666
448	conventional	60	1	1	0.28400597823421186	1.6375106818383003
449	holistic	60	2	2	0.005426163212717319	0.16363636363636364
449	conventional	60	2	2	0.2768383619638298	1.7103022427094468
450	holistic	60	0	0	0.005255246538515538	0.16071428571428573
450	conventional	60	2	2	0.3108647934137344	1.7267097144573251
451	holistic	60	1	1	0.005097376566942045	0.15789473684210525
451	conventional	60	0	0	0.36302043722706706	2.5400940519679036
452	holistic	60	0	0	0.004950665419496773	0.15517241379310345
452	conventional	60	0	0	0.3844169242699228	2.0469782026880847
453	holistic	60	0	0	0.0056473012395930255	0.15254237288135594
453	conventional	60	1	1	0.36658972254144856	1.556013559267693
454	holistic	60	3	3	0.003276701661790485	0.10344827586206896
454	conventional	60	1	1	0.4218591312050291	3.2190856298972914
455	holistic	60	2	2	0.0037026639006231005	0.13333333333333333
455	conventional	60	0	0	0.42112331600638647	2.2158094024978676
456	holistic	60	0	0	0.0035651646933847975	0.12903225806451613
456	conventional	60	2	2	0.411568759172808	1.881251265264521
457	holistic	60	1	1	0.0034375139552276835	0.125
457	conventional	60	2	2	0.42053068229887614	2.2135503639342726
458	holistic	60	1	1	0.003318779077535217	0.12121212121212122
458	conventional	60	1	1	0.3994262327663821	2.2126133778927706
459	holistic	60	0	0	0.0032080391662192955	0.11764705882352941
459	conventional	60	0	0	0.39064304145090084	1.879668540969366
460	holistic	60	2	2	0.003104484925394363	0.11428571428571428
460	conventional	60	0	0	0.3818295208487576	1.772342327457923
461	holistic	60	2	2	0.003005376169988464	0.1111111111111111
461	conventional	60	2	2	0.37196335503456807	1.6434083005925033
462	holistic	60	1	1	0.0029142396037333948	0.10810810810810811
462	conventional	60	2	2	0.3315821092571385	1.5293300939272332
463	holistic	60	0	0	0.0028284870055645395	0.10526315789473684
463	conventional	60	0	0	0.32233086800840266	1.5946005255850295
464	holistic	60	1	1	0.0027477307640773347	0.10256410256410256
464	conventional	60	2	2	0.344153894407318	1.4953072262044522
465	holistic	60	1	1	0.0026714721978586967	0.1
465	conventional	60	0	0	0.3583271109206167	1.6558585776446253
466	holistic	60	0	0	0.00537698633710561	0.16639307602129824
466	conventional	60	0	0	0.36795559513085074	1.5630541979818346
467	holistic	60	1	1	0.004911709392648285	0.14258412384160307
467	conventional	60	0	0	0.3767423541123548	1.6464613171546703
468	holistic	60	1	1	0.004549221389852388	0.12472804601265423
468	conventional	60	1	1	0.3871175538199462	1.6203044413082708
469	holistic	60	3	3	0.004256070289916245	0.1108399275712482
469	conventional	60	0	0	0.39806895757264044	1.8540730707336066
470	holistic	60	0	0	0.0043825294211206345	0.1111111111111111
470	conventional	60	1	1	0.3887198607975193	1.69028407324331
471	holistic	60	0	0	0.0041670524490195265	0.10869565217391304
471	conventional	60	1	1	0.36594140821865306	1.5905838442961209
472	holistic	60	0	0	0.0039797477376179065	0.10638297872340426
472	conventional	60	1	1	0.39123952190607036	3.295518567421188
473	holistic	60	1	1	0.003814588329525579	0.10416666666666667
473	conventional	60	1	1	0.3575189136310908	1.519992509098335
474	holistic	60	0	0	0.003667283766021545	0.10204081632653061
474	conventional	60	2	2	0.30829337494322157	1.505370980605332
475	holistic	60	2	2	0.0039314107929362685	0.1
475	conventional	60	1	1	0.3247844428148499	1.8120599332736782
476	holistic	60	0	0	0.004128384949683447	0.11764705882352941
476	conventional	60	0	0	0.3041023757327593	2.107578442636096
477	holistic	60	1	1	0.004002963880920448	0.11538461538461539
477	conventional	60	2	2	0.31558074836683736	1.9793671961107888
478	holistic	60	1	1	0.0038869596425561725	0.11320754716981132
478	conventional	60	3	3	0.3428756614709413	3.1927745262166796
479	holistic	60	1	1	0.0037791211561103186	0.1111111111111111
479	conventional	60	1	1	0.3340041037617822	2.0625657805952398
480	holistic	60	2	2	0.00367846265666734	0.10909090909090909
480	conventional	60	2	2	0.3041446140402174	1.7600124084240694
481	holistic	60	0	0	0.0035841218736347444	0.10714285714285714
481	conventional	60	3	3	0.27626088131833076	1.5202748562577606
482	holistic	60	1	1	0.0034954931434455936	0.10526315789473684
482	conventional	60	2	2	0.31937815043787054	1.596211010403551
483	holistic	60	0	0	0.02036581299583212	0.9999933400328183
483	conventional	60	1	1	0.3507342986982111	2.1484890838672763
484	holistic	60	1	1	0.011948621918279119	0.4999953509439075
484	conventional	60	2	2	0.32995559063429986	1.549321665964644
485	holistic	60	1	1	0.007146829169510433	0.33332928667903067
485	conventional	60	0	0	0.3610568619992388	1.4625595095036783
486	holistic	60	0	0	0.005714119139859641	0.24999523062468212
486	conventional	60	1	1	0.3323034933755852	1.451661935469644
487	holistic	60	0	0	0.0048395911724738875	0.19999598135331345
487	conventional	60	0	0	0.3186268000282649	1.4190972909546993
488	holistic	60	1	1	0.004245140437639378	0.16666297539682823
488	conventional	60	0	0	0.3181533261362819	1.4136635816432508
489	holistic	60	1	1	0.003811535136041643	0.1428530903162622
489	conventional	60	0	0	0.3474807060043768	1.4138361690450636
490	holistic	60	0	0	0.003479099826642057	0.12499567489031545
490	conventional	60	0	0	0.3575866085009471	1.4087306701738478
491	holistic	60	0	0	0.0032145714240814508	0.1111066106608356
491	conventional	60	2	2	0.34900630415913303	1.429942882327811
492	holistic	60	0	0	0.00299798530344566	0.09999526742858669
492	conventional	60	0	0	0.3702933290122795	1.3988383895014174
493	holistic	60	4	4	0.00198320746908627	0.09090422849017656
493	conventional	60	1	1	0.3756841462083873	1.3709570941312805
494	holistic	60	0	0	0.00184208810296667	0.08332859970647079
494	conventional	60	0	0	0.3759711571417059	1.3779337265515144
495	holistic	60	1	1	0.0017212498378844805	0.07691821008524503
495	conventional	60	2	2	0.351052383304194	1.344533958912788
496	holistic	60	2	2	0.001648889181375053	0.07142363440179157
496	conventional	60	0	0	0.3492096332320557	1.4135219021643763
497	holistic	60	2	2	-0.0027899032022071493	0.06666163178084716
497	conventional	60	0	0	0.33185127405082776	1.3008984397274708
498	holistic	60	1	1	0.005446190802085459	0.23822887487295014
498	conventional	60	0	0	0.33132142361336986	1.270830307873355
499	holistic	60	2	2	0.0025913782803243727	0.07129147673808948
499	conventional	60	3	3	0.31160843755187984	1.2788650830729964
500	holistic	60	4	4	0.0011328475758337051	0.05555054862054
500	conventional	60	2	2	0.32954117150151724	1.5092298697005728
501	holistic	60	1	1	0.0035739930419885746	0.13769116342521787
501	conventional	60	0	0	0.3556427822551323	1.363055979456089
502	holistic	60	0	0	0.007964836072297959	0.4043541019240829
502	conventional	60	0	0	0.37062731991446857	2.028532277172637
503	holistic	60	1	1	0.008708705212957185	0.45192103237171366
503	conventional	60	2	2	0.37787640121754307	1.6123018501046569
504	holistic	60	4	4	0.007175860770641573	0.36264334236160545
504	conventional	60	1	1	0.360258428864063	1.362207338907286
505	holistic	60	0	0	0.02264498415762536	1.0
505	conventional	60	3	3	0.3829431683011106	1.700759516682632
506	holistic	60	1	1	0.018584791774749386	0.6666666666666666
506	conventional	60	0	0	0.4111478691722948	3.3186502058303344
507	holistic	60	1	1	0.02038144530269903	0.5
507	conventional	60	1	1	0.36641846024900404	1.3722498805630274
508	holistic	60	1	1	0.019835175277815406	0.6
508	conventional	60	1	1	0.3343079355188538	2.650832737811939
509	holistic	60	2	2	0.016632603117691477	0.5
509	conventional	60	2	2	0.41286889014595923	4.553598937913576
510	holistic	60	0	0	0.014280590384529798	0.42857142857142855
510	conventional	60	2	2	0.3503911378515952	1.9869335640805343
511	holistic	60	1	1	0.012462434589643101	0.375
511	conventional	60	0	0	0.3569329739770689	1.4787792553433612
512	holistic	60	0	0	0.011005050623544439	0.3333333333333333
512	conventional	60	0	0	0.34294659919861065	1.1722772907870946
513	holistic	60	0	0	0.010784349891204782	0.3
513	conventional	60	1	1	0.3215856283435729	1.13407045897489
514	holistic	60	3	3	0.012331274803208163	0.2727272727272727
514	conventional	60	1	1	0.3470252302123877	1.1211362394708604
515	holistic	60	2	2	0.011281606781389581	0.25
515	conventional	60	0	0	0.3423547781604628	1.0896761338154297
516	holistic	60	0	0	0.011067020559037357	0.23076923076923078
516	conventional	60	2	2	0.34134876691688515	1.3469627396026564
517	holistic	60	1	1	0.010997909508143442	0.21428571428571427
517	conventional	60	2	2	0.3676782310716396	1.1018615212118525
518	holistic	60	1	1	0.01020184054430087	0.2
518	conventional	60	1	1	0.37633746272141266	1.0708428478341567
519	holistic	60	0	0	0.009477866689911773	0.1875
519	conventional	60	0	0	0.4000260329653482	1.500220235348797
520	holistic	60	2	2	0.009347130837176861	0.17647058823529413
520	conventional	60	0	0	0.4237274889437455	1.4843589182043886
521	holistic	60	2	2	0.008726823251346124	0.16666666666666666
521	conventional	60	2	2	0.42018802892139173	1.9740583684635258
522	holistic	60	1	1	0.008161788305741066	0.15789473684210525
522	conventional	60	2	2	0.475744661569828	3.45065232215027
523	holistic	60	0	0	0.00915840999015848	0.2
523	conventional	60	0	0	0.4302613644151473	1.948232246702633
524	holistic	60	1	1	0.010598458649257788	0.23809523809523808
524	conventional	60	2	2	0.4047487984074269	1.6289038293521647
525	holistic	60	1	1	0.01059342446560464	0.22727272727272727
525	conventional	60	0	0	0.4342434535496268	1.4836262171807841
526	holistic	60	0	0	0.01059364599343302	0.21739130434782608
526	conventional	60	0	0	0.4210757864229486	1.3712181246194861
527	holistic	60	1	1	0.010060046320348858	0.20833333333333334
527	conventional	60	0	0	0.40742592194157473	1.30902556506509
528	holistic	60	1	1	0.010084314434356667	0.2
528	conventional	60	1	1	0.41685273524404015	1.2665643971074507
529	holistic	60	3	3	0.010271184795931766	0.19230769230769232
529	conventional	60	0	0	0.4024380581569627	1.1613046455546925
530	holistic	60	0	0	0.009797680179390906	0.18518518518518517
530	conventional	60	1	1	0.3768507228218995	1.079030156569727
531	holistic	60	0	0	0.009353310755791423	0.17857142857142858
531	conventional	60	1	1	0.3594753274358042	0.9919031857325645
532	holistic	60	0	0	0.011594094626940532	0.20689655172413793
532	conventional	60	1	1	0.3462981149322971	0.9703120185148326
533	holistic	60	1	1	0.010951147126229072	0.2
533	conventional	60	1	1	0.3680704053377774	1.0371319450558019
534	holistic	60	0	0	0.012044071209956663	0.2
534	conventional	60	2	2	0.42070972115877103	3.1922070326261616
535	holistic	60	2	2	0.011802255151710662	0.1875
535	conventional	60	1	1	0.39271513234948674	1.2097037860912834
536	holistic	60	0	0	0.010052948898109173	0.18181818181818182
536	conventional	60	0	0	0.3742591328322226	1.0408161472226571
537	holistic	60	1	1	0.012068189360915443	0.23076923076923078
537	conventional	60	2	2	0.3583799285590196	1.0575582516032909
538	holistic	60	1	1	0.011461529551036128	0.21428571428571427
538	conventional	60	3	3	0.3147398115313598	1.0748672740761018
539	holistic	60	1	1	0.011315628748658936	0.2
539	conventional	60	1	1	0.3371126196772007	1.1047484705190087
540	holistic	60	2	2	0.027894767521472356	1.0
540	conventional	60	2	2	0.3173122153189806	1.10380743455178
541	holistic	60	0	0	0.02183716357352465	0.5
541	conventional	60	3	3	0.359164853904001	3.360083407910043
542	holistic	60	1	1	0.01962627222403304	0.3333333333333333
542	conventional	60	2	2	0.3088738600510303	1.378320609290255
543	holistic	60	0	0	0.017434300406404927	0.25
543	conventional	60	1	1	0.44214540374471384	2.4829240913283455
544	holistic	60	1	1	0.01711444712223721	0.25
544	conventional	60	2	2	0.37332328137297605	2.343791960321134
545	holistic	60	1	1	0.015322993980931279	0.23809523809523808
545	conventional	60	0	0	0.3884353806227037	2.410168985265919
546	holistic	60	0	0	0.03098774251276278	1.0
546	conventional	60	1	1	0.3828518199547017	1.6369225524858377
547	holistic	60	0	0	0.030146084402739796	1.0
547	conventional	60	0	0	0.4447459378251994	3.3418100532854087
548	holistic	60	1	1	0.02941154000329225	1.0
548	conventional	60	0	0	0.4273892963534813	1.3856675629056667
549	holistic	60	1	1	0.023930196880121515	0.8
549	conventional	60	0	0	0.41343421462898683	1.7875269943632812
550	holistic	60	0	0	0.021820108568409793	0.6666666666666666
550	conventional	60	0	0	0.4077116670083189	1.3975903825924743
551	holistic	60	0	0	0.021002810169693135	0.5714285714285714
551	conventional	60	2	2	0.4040979211382324	1.2348103865810116
552	holistic	60	0	0	0.02461090827410084	0.5
552	conventional	60	0	0	0.3864396272039021	1.170969539544808
553	holistic	60	4	4	0.02260400965393952	0.4444444444444444
553	conventional	60	1	1	0.35868144732999757	1.1895560806249583
554	holistic	60	0	0	0.039386654625689174	0.9982938424523691
554	conventional	60	0	0	0.35243121496904756	1.1905743270349705
555	holistic	60	1	1	0.0405683099656287	0.4982813937152941
555	conventional	60	2	2	0.3525584047217058	1.0990647495679196
556	holistic	60	2	2	0.03018268205093801	0.40915180544174695
556	conventional	60	0	0	0.3918630548384577	2.4982614957782356
557	holistic	60	2	2	0.03297557492269724	0.46153846153846156
557	conventional	60	0	0	0.43077325797376786	2.4948795848730443
558	holistic	60	1	1	0.03606687895243388	0.5
558	conventional	60	0	0	0.4229214698000788	1.831723493794421
559	holistic	60	2	2	0.030502938966456342	0.4666666666666667
559	conventional	60	3	3	0.3945248835846736	1.6200106144416706
560	holistic	60	4	4	0.036677624772318104	0.5
560	conventional	60	2	2	0.4021895010388724	1.4966102631161824
561	holistic	60	1	1	0.0330309756527084	0.47058823529411764
561	conventional	60	0	0	0.4149551468866947	1.4988609438606335
562	holistic	60	0	0	0.039672907968540186	0.75
562	conventional	60	0	0	0.4340762894540892	1.357095668536473
563	holistic	60	1	1	0.031330306271653396	0.6
563	conventional	60	2	2	0.4085515649555091	1.6258288141911912
564	holistic	60	4	4	0.031057223201550525	0.6666666666666666
564	conventional	60	1	1	0.40437656914819065	1.7131240363436087
565	holistic	60	0	0	0.031155717919794577	0.5714285714285714
565	conventional	60	3	3	0.42654001430780847	2.706543533034167
566	holistic	60	1	1	0.031324072825163855	0.625
566	conventional	60	0	0	0.505576564807765	2.369530226151479
567	holistic	60	1	1	0.030593116235544483	0.5555555555555556
567	conventional	60	1	1	0.4976472136929863	4.790532732423346
568	holistic	60	1	1	0.02947076778606323	0.5416666666666666
568	conventional	60	1	1	0.4951461595740993	3.288091595825263
569	holistic	60	2	2	0.027258778520022533	0.52
569	conventional	60	2	2	0.44555750470987887	3.298706077613076
570	holistic	60	0	0	0.025408955205015953	0.5
570	conventional	60	2	2	0.3984968691547107	2.4851224661701328
571	holistic	60	1	1	0.02382616452499756	0.48148148148148145
571	conventional	60	0	0	0.481962148141063	2.2838662516318586
572	holistic	60	0	0	0.024254989201130946	0.4642857142857143
572	conventional	60	0	0	0.45652979853764886	1.9983592602643854
573	holistic	60	0	0	0.02441574169184046	0.4827586206896552
573	conventional	60	1	1	0.43926478891516124	2.0462060000052835
574	holistic	60	3	3	0.027326851047483034	0.4666666666666667
574	conventional	60	1	1	0.46543381760659946	1.847029122277804
575	holistic	60	2	2	0.02873473146739475	0.45161290322580644
575	conventional	60	0	0	0.4670912803514823	1.7925119996083343
576	holistic	60	0	0	0.02986009186491292	0.4375
576	conventional	60	2	2	0.46087253895077496	1.658802404739106
577	holistic	60	1	1	0.029790672163475227	0.42424242424242425
577	conventional	60	2	2	0.47436095143549356	1.8894109543299316
578	holistic	60	1	1	0.028823048049764564	0.4411764705882353
578	conventional	60	1	1	0.4614102178975942	1.7926311233059136
579	holistic	60	0	0	0.02840184653622706	0.45714285714285713
579	conventional	60	0	0	0.4614656903827163	1.7421607815765683
580	holistic	60	2	2	0.028842903324350567	0.4444444444444444
580	conventional	60	0	0	0.47487675751333935	1.8003762719293297
581	holistic	60	2	2	0.025807603692779013	0.4594594594594595
581	conventional	60	2	2	0.4518892852576561	1.5960328489891122
582	holistic	60	1	1	0.025251982716497968	0.4473684210526316
582	conventional	60	2	2	0.43208990670026654	1.6546127840032647
583	holistic	60	0	0	0.024210214527920337	0.4358974358974359
583	conventional	60	0	0	0.42559305667002667	1.703217703492611
584	holistic	60	1	1	0.020199962206966515	0.425
584	conventional	60	2	2	0.4510604731609485	2.3317464249267963
585	holistic	60	1	1	0.019601663265629954	0.4146341463414634
585	conventional	60	0	0	0.4732264740976197	1.9939599293929728
586	holistic	60	0	0	0.01874014414817279	0.40476190476190477
586	conventional	60	0	0	0.4624480915020218	1.5214236047757732
587	holistic	60	1	1	0.017952002422273818	0.3953488372093023
587	conventional	60	0	0	0.4541148957046613	1.4565750265316073
588	holistic	60	1	1	0.0186572332901453	0.38636363636363635
588	conventional	60	1	1	0.4636541952923732	1.45418918818106
589	holistic	60	3	3	0.017895450054907152	0.37777777777777777
589	conventional	60	0	0	0.4478333661235677	1.3633390912959886
590	holistic	60	0	0	0.017492222094509523	0.3695652173913043
590	conventional	60	1	1	0.46166839119801156	1.2854214666557007
591	holistic	60	0	0	0.017540341768774368	0.3617021276595745
591	conventional	60	1	1	0.45893126131659445	1.2524557246643346
592	holistic	60	0	0	0.016882050352434615	0.3541666666666667
592	conventional	60	1	1	0.436666227333724	1.2878546294177098
593	holistic	60	1	1	0.01624671167954829	0.3469387755102041
593	conventional	60	1	1	0.40118050509474223	1.251610667219205
594	holistic	60	0	0	0.016016735557126228	0.34
594	conventional	60	2	2	0.3943595222975778	1.3564697328991981
595	holistic	60	2	2	0.014629141152744848	0.3333333333333333
595	conventional	60	1	1	0.3879677065537715	1.3222989068467998
596	holistic	60	0	0	0.014834984637610451	0.3269230769230769
596	conventional	60	0	0	0.41101522309777333	3.1976111393065287
597	holistic	60	1	1	0.015009089504281559	0.33962264150943394
597	conventional	60	2	2	0.3852541877384526	1.2297641925239395
598	holistic	60	1	1	0.014808192104043215	0.35185185185185186
598	conventional	60	3	3	0.46070230088018044	2.504512842345949
599	holistic	60	1	1	0.01237352326995504	0.36363636363636365
599	conventional	60	1	1	0.4523040169543943	2.4663113132775285
