season	population	alive	births	deaths	mean_lifetime_score	best_lifetime_score	mean_age	max_age
0	holistic	60	0	0	-0.001683186839727777	0.9984111582634212	34.1	59
0	conventional	60	2	2	-0.07916723342735049	3.5453574478971843	27.416666666666668	59
1	holistic	60	1	1	0.006639487763802376	0.49861128945603744	34.1	59
1	conventional	60	1	1	0.07046905170089214	2.5123651829921725	27.416666666666668	58
2	holistic	60	2	2	0.007100992500233525	0.6202386452186888	33.1	59
2	conventional	60	7	7	0.11400349039399019	2.8531158279249382	24.183333333333334	59
3	holistic	60	3	3	0.05411944624449115	0.9987735523779576	31.1	59
3	conventional	60	9	9	0.3077442816742618	4.4715508380785085	21.266666666666666	59
4	holistic	60	1	1	0.058997248241844255	0.8941839536904487	31.1	58
4	conventional	60	8	8	0.32254169125822363	2.9732855973119188	18.133333333333333	56
5	holistic	60	0	0	0.048292873282865245	0.8258959137475919	32.1	59
5	conventional	60	7	7	0.4416247301729244	2.6160814680634896	16.766666666666666	57
6	holistic	60	2	2	0.048758554670955044	0.6678536172857987	32.03333333333333	59
6	conventional	60	7	7	0.5566044388183694	2.500168621001512	16.366666666666667	58
7	holistic	56	1	5	0.05667766460263974	1.0214244709647027	32.19642857142857	58
7	conventional	60	3	3	0.5425637532479417	4.402725814568335	17.016666666666666	59
8	holistic	56	2	2	0.055300684575649815	0.9922928181565502	31.339285714285715	59
8	conventional	60	5	5	0.5864934868055613	3.471038852141834	16.9	58
9	holistic	53	1	4	0.04305486926972136	0.8391951010514692	30.11320754716981	57
9	conventional	60	3	3	0.45420065473739046	2.030929855544273	17.466666666666665	59
10	holistic	46	0	7	0.06132168418663322	0.7315729516309015	31.782608695652176	57
10	conventional	60	6	6	0.4559184561248488	1.5758541444182137	16.216666666666665	57
11	holistic	16	2	32	0.2553640448929825	0.8505972867293533	22.0625	54
11	conventional	60	6	6	0.4786753251381519	1.7121819491096226	15.933333333333334	58
12	holistic	20	4	0	0.36933258272533487	2.990357707878943	18.45	55
12	conventional	60	5	5	0.5353108741718862	1.9933864346946737	15.75	59
13	holistic	21	2	1	0.2872881316048475	1.4904674390839598	15.857142857142858	56
13	conventional	60	6	6	0.5073097954871464	1.8254404299513391	15.416666666666666	55
14	holistic	22	2	1	0.23316966834038758	0.9906350553952682	15.772727272727273	57
14	conventional	60	1	1	0.6238359267165777	2.507239351437003	15.533333333333333	56
15	holistic	18	0	4	0.2805839281484431	0.7408050541752111	14.333333333333334	58
15	conventional	60	4	4	0.5395448768587875	1.6971470958342276	16.2	57
16	holistic	17	3	4	0.30089022003216537	0.7880134582906125	12.941176470588236	59
16	conventional	60	1	1	0.6826991388627364	2.506374277301766	17.116666666666667	58
17	holistic	16	2	3	0.2806186038284101	0.7304055937545532	10.5625	58
17	conventional	60	0	0	0.6150938321306082	2.5193516083208576	18.116666666666667	59
18	holistic	16	2	2	0.3394083123680547	0.8200476189260373	11.0625	59
18	conventional	60	5	5	0.5442057046226692	1.5247982127716637	17.166666666666668	53
19	holistic	18	3	1	0.43435442253353107	2.3235230678303336	7.388888888888889	31
19	conventional	60	2	2	0.6258450075637151	1.5319045385376375	17.433333333333334	54
20	holistic	21	3	0	0.5569455031371553	2.9210705123941803	7.190476190476191	32
20	conventional	60	3	3	0.5740110910512902	1.4002122446678684	18.05	55
21	holistic	25	5	1	0.4667168708678392	2.8924323880416867	6.72	33
21	conventional	60	4	4	0.5935195482002328	1.8712665465170932	18.116666666666667	56
22	holistic	26	2	1	0.5081873800983622	2.56752033885389	7.269230769230769	34
22	conventional	60	5	5	0.587760705281049	1.5372122380809679	17.516666666666666	57
23	holistic	26	2	2	0.6256898424908337	3.9744319226534395	8.0	35
23	conventional	60	2	2	0.6069380062835134	2.45624368132729	18.083333333333332	58
24	holistic	28	3	1	0.43227328026449746	2.641655168729994	8.214285714285714	36
24	conventional	60	6	6	0.5938968719553651	1.6533706549233609	17.716666666666665	59
25	holistic	27	2	3	0.5430806831145286	2.384803481835267	9.185185185185185	37
25	conventional	60	3	3	0.5594206494204353	2.163003483777394	17.65	58
26	holistic	33	6	0	0.44266015584270174	2.174876419386826	8.333333333333334	38
26	conventional	60	5	5	0.6023305917369552	1.8016117776267493	18.05	59
27	holistic	39	8	2	0.37467109804266463	2.017372994411046	7.615384615384615	39
27	conventional	60	5	5	0.5807022480409977	1.7795443832731594	17.833333333333332	53
28	holistic	42	4	1	0.36408800169208666	1.7923341500017425	7.476190476190476	40
28	conventional	60	3	3	0.5786012375558747	1.6820412752519458	18.65	54
29	holistic	43	5	4	0.39908075805654025	1.8253799627059897	7.837209302325581	41
29	conventional	60	3	3	0.6939977696085676	5.525510717717657	19.533333333333335	55
30	holistic	47	11	7	0.6230921239095045	4.743846131932018	7.468085106382978	42
30	conventional	60	2	2	0.7592037956109934	3.503667467946477	20.05	56
31	holistic	56	11	2	0.5620085174368679	5.358243585524271	6.910714285714286	43
31	conventional	60	3	3	0.8440574522634765	4.998255299649006	20.116666666666667	57
32	holistic	60	7	3	0.4603237050798316	4.1893097705128595	7.233333333333333	44
32	conventional	60	1	1	0.806019795372002	3.1638597609417167	20.783333333333335	58
33	holistic	60	1	1	0.4229477629602022	3.371361541833853	8.183333333333334	45
33	conventional	60	1	1	0.7286078289664673	2.248609907031645	21.683333333333334	59
34	holistic	60	10	10	0.4086525983688657	2.6808361034679953	8.483333333333333	46
34	conventional	60	5	5	0.7311384860133259	1.8978317554518103	21.166666666666668	58
35	holistic	60	6	6	0.3752219782156991	2.220438404783434	9.083333333333334	47
35	conventional	60	0	0	0.7590887685740105	2.33105191413131	22.166666666666668	59
36	holistic	60	6	6	0.4698071006802105	3.404034712894686	9.683333333333334	48
36	conventional	60	4	4	0.6895228738625618	2.0691607918731276	21.1	58
37	holistic	60	3	3	0.6028885689467826	3.2334001356022823	10.433333333333334	49
37	conventional	60	1	1	0.7406001635192568	2.4056452590566777	22.083333333333332	59
38	holistic	60	8	8	0.6146858669461363	2.8821786653136936	10.866666666666667	50
38	conventional	60	3	3	0.7138637468738396	1.6964140089364332	21.983333333333334	59
39	holistic	60	4	4	0.7084729015642576	4.910216734849172	11.55	51
39	conventional	60	2	2	0.6900126436174534	2.615821506344769	20.983333333333334	53
40	holistic	60	2	2	0.6620090433524752	2.922685591004882	12.233333333333333	52
40	conventional	60	3	3	0.7155610531257532	2.3628246651654443	21.4	54
41	holistic	60	1	1	0.6584636612497067	2.9266742090306117	13.166666666666666	53
41	conventional	60	1	1	0.6955416430994387	2.0070139998035534	22.283333333333335	55
42	holistic	60	8	8	0.6866243732038204	2.8049474676661657	13.166666666666666	54
42	conventional	60	1	1	0.7208821080800989	2.219856037057328	22.983333333333334	56
43	holistic	60	3	3	0.7730261356950674	2.9344768418495435	13.766666666666667	55
43	conventional	60	1	1	0.7476526166819598	2.526433407817166	23.866666666666667	57
44	holistic	60	3	3	0.7553492782886572	2.783901059958253	14.5	56
44	conventional	60	1	1	0.7258450937105785	1.5916661086366508	24.816666666666666	58
45	holistic	60	0	0	0.7655740879164915	2.770145212424694	15.5	57
45	conventional	60	1	1	0.7177405829007412	1.589773417622063	25.666666666666668	59
46	holistic	60	6	6	0.7583161227563977	2.4130319411906256	16.133333333333333	58
46	conventional	60	2	2	0.7046614211880289	1.5234524613799165	25.616666666666667	59
47	holistic	60	2	2	0.768269397363991	2.27109289518738	17.0	59
47	conventional	60	4	4	0.7002916734356364	1.4925641117241566	25.35	57
48	holistic	60	2	2	0.7060081760069162	2.3056591020554746	16.966666666666665	47
48	conventional	60	1	1	0.6869689593488221	2.304638046599857	26.316666666666666	58
49	holistic	60	1	1	0.7298670495736984	2.351932718376014	17.8	48
49	conventional	60	3	3	0.6877221481338783	1.4644673742210639	26.766666666666666	59
50	holistic	60	4	4	0.7485939664040943	2.306983364224199	18.55	49
50	conventional	60	2	2	0.6764775056250707	1.4883207416287172	26.716666666666665	58
51	holistic	60	1	1	0.761138706854313	2.354947315439012	19.483333333333334	50
51	conventional	60	4	4	0.6695979416366522	1.3854768853736936	27.233333333333334	59
52	holistic	60	0	0	0.7868215941546004	2.439879994434674	20.483333333333334	51
52	conventional	60	1	1	0.7824581691785167	1.6253780444601058	27.233333333333334	52
53	holistic	60	1	1	0.7454187841207951	2.515546860692162	21.416666666666668	52
53	conventional	60	1	1	0.7461765874278138	2.49465357581807	27.666666666666668	53
54	holistic	60	3	3	0.7375699941963277	2.383747157556942	21.566666666666666	53
54	conventional	60	0	0	0.7124222246441764	1.4863734718174708	28.666666666666668	54
55	holistic	60	1	1	0.7341684023462743	2.4086711542440393	22.5	54
55	conventional	60	6	6	0.7065566028277463	1.9378177762409168	28.25	55
56	holistic	60	1	1	0.7773199223519521	2.2936763857195213	23.3	55
56	conventional	60	2	2	0.7849374383777242	2.3976805786917694	29.216666666666665	56
57	holistic	60	1	1	0.8566199704381288	4.72492283525227	24.233333333333334	56
57	conventional	60	2	2	0.7863130728880096	1.8919154344031148	30.166666666666668	57
58	holistic	60	3	3	0.8019727508780815	2.30067768249152	24.966666666666665	57
58	conventional	60	1	1	0.7345267882410756	1.394327331264845	31.066666666666666	58
59	holistic	60	1	1	0.7956179453285154	2.203790206926793	25.9	58
59	conventional	60	1	1	0.7529858024727741	1.484797691754486	32.03333333333333	59
60	holistic	60	0	0	0.8034501149545864	2.1325085430697914	26.9	59
60	conventional	60	3	3	0.7623078831523356	1.4004956006639941	31.966666666666665	58
61	holistic	60	2	2	0.7900101754683484	2.106426905997907	26.833333333333332	58
61	conventional	60	2	2	0.7524462190604105	1.520872103008626	32.78333333333333	59
62	holistic	60	1	1	0.8118818604962542	2.169651487225891	27.766666666666666	59
62	conventional	60	4	4	0.7129633672129605	1.5199679242841588	31.733333333333334	59
63	holistic	60	2	2	0.8178552001312603	2.1953353500540844	27.683333333333334	59
63	conventional	60	3	3	0.7650394712796511	2.394657681798857	30.7	59
64	holistic	60	1	1	0.8475803564071938	2.707037266124165	27.683333333333334	55
64	conventional	60	1	1	0.7446590245634337	1.5602711580323607	30.7	59
65	holistic	60	1	1	0.894416191850542	4.291797896021439	28.616666666666667	56
65	conventional	60	4	4	0.6979663182346353	1.8091822067441061	28.666666666666668	59
66	holistic	60	0	0	0.8866285541465017	4.7646081130517635	29.616666666666667	57
66	conventional	60	4	4	0.6336333217130391	1.414405919325557	27.15	59
67	holistic	60	0	0	0.8653560749853253	3.768533764401807	30.616666666666667	58
67	conventional	60	5	5	0.6676461722887097	1.3663982195271633	26.866666666666667	59
68	holistic	60	0	0	0.8605349151554514	3.5524813731669456	31.616666666666667	59
68	conventional	60	2	2	0.8566925848861985	5.351318805167491	26.65	58
69	holistic	60	2	2	0.8459938393481276	3.255117844084621	31.55	57
69	conventional	60	4	4	0.8099481798761711	4.395497655835939	27.483333333333334	59
70	holistic	60	0	0	0.8629405438864155	2.7444603685341313	32.55	58
70	conventional	60	7	7	0.7257884065752175	2.89081863790975	26.033333333333335	59
71	holistic	60	1	1	0.8409080884912032	2.495297326149841	33.35	59
71	conventional	60	6	6	0.6839259492538888	2.056891357866432	23.95	59
72	holistic	60	2	2	0.8158721634637163	2.3019805472383563	33.21666666666667	56
72	conventional	60	6	6	0.7078894323493098	1.9103302610016542	23.8	59
73	holistic	60	1	1	0.882351496935251	4.842212113953593	34.15	57
73	conventional	60	5	5	0.6982766769324513	1.9947631676728943	22.666666666666668	58
74	holistic	60	1	1	0.8713318807955784	3.3428915215272488	35.1	58
74	conventional	60	2	2	0.7528470093421042	2.0625276224057463	23.6	59
75	holistic	60	0	0	0.8908819897606541	4.842581186014924	36.1	59
75	conventional	60	3	3	0.7807114312742887	1.9029617879900123	23.466666666666665	57
76	holistic	60	4	4	0.8596707564045142	3.843277315061408	34.03333333333333	59
76	conventional	60	4	4	0.7589081084297398	1.8706402582323818	24.283333333333335	58
77	holistic	60	2	2	0.876996724720372	3.042567646989139	34.016666666666666	59
77	conventional	60	4	4	0.8059109679819573	1.7423803425439075	25.083333333333332	59
78	holistic	60	2	2	0.8582827739515337	3.842599383694818	33.95	59
78	conventional	60	3	3	0.7649749919061176	1.7191349132817653	24.066666666666666	58
79	holistic	60	2	2	0.826928810976447	3.27134948959362	32.95	58
79	conventional	60	2	2	0.7230538955324605	1.9984566185823835	24.983333333333334	59
80	holistic	60	1	1	0.8476458979769671	2.8426424991765695	33.88333333333333	59
80	conventional	60	3	3	0.7185626319403176	1.5815442946025682	24.816666666666666	59
81	holistic	60	4	4	0.8069231149686227	2.5093803417214287	32.68333333333333	57
81	conventional	60	3	3	0.7682240964872065	2.405839092483715	24.75	59
82	holistic	60	0	0	0.7923765793831326	2.5429015417041896	33.68333333333333	58
82	conventional	60	1	1	0.7248449677130449	1.4958294668415553	24.75	59
83	holistic	60	0	0	0.7936407621888687	2.413287621100845	34.68333333333333	59
83	conventional	60	3	3	0.6904691946105516	1.475641995359693	23.716666666666665	57
84	holistic	60	2	2	0.7754292647959429	2.4425983232022914	34.61666666666667	57
84	conventional	60	1	1	0.7148456446414035	1.6454438437121195	24.683333333333334	58
85	holistic	60	3	3	0.7795057872392249	2.471446845479343	35.416666666666664	58
85	conventional	60	3	3	0.701063828641659	1.5976423752099584	25.366666666666667	59
86	holistic	60	0	0	0.7605995286869537	2.517680752561086	36.416666666666664	59
86	conventional	60	4	4	0.6503339934787105	1.4411887875880423	24.05	59
87	holistic	60	4	4	0.714966589058585	2.5056428476477595	34.28333333333333	59
87	conventional	60	6	6	0.7129646335313405	2.621309439403749	22.633333333333333	59
88	holistic	60	4	4	0.692056444389276	2.4940414828272277	33.15	59
88	conventional	60	2	2	0.7295330868913772	4.331625989758055	22.283333333333335	59
89	holistic	60	6	6	0.6702897823869324	2.50102033713753	30.016666666666666	59
89	conventional	60	5	5	0.7603055130492476	3.1178870646855565	22.033333333333335	58
90	holistic	60	3	3	0.6629326433587146	2.4720443885265966	29.933333333333334	59
90	conventional	60	2	2	0.736195200714086	2.45477709377728	22.933333333333334	59
91	holistic	60	2	2	0.6438773170206274	2.4616068369488056	28.933333333333334	59
91	conventional	60	5	5	0.7313517093978377	2.051938059406679	21.85	58
92	holistic	60	3	3	0.6508186278845369	2.486012345397323	28.8	58
92	conventional	60	0	0	0.7674716116775323	2.0865903534030186	22.85	59
93	holistic	60	4	4	0.6907868494281517	2.509947582904382	29.416666666666668	59
93	conventional	60	1	1	0.7284950051244673	1.8762758140727054	22.85	55
94	holistic	60	7	7	0.6726108927000056	2.808524753268652	26.166666666666668	59
94	conventional	60	2	2	0.8297077551120343	3.1896267197576913	23.716666666666665	56
95	holistic	60	5	5	0.5817809503828125	2.189732559605332	23.966666666666665	59
95	conventional	60	0	0	0.7698454618178967	2.639170458032587	24.716666666666665	57
96	holistic	60	4	4	0.5597241202858427	2.8824187469055946	21.666666666666668	59
96	conventional	60	5	5	0.7269880685651781	2.10720177961929	25.266666666666666	58
97	holistic	60	7	7	0.6632507640090353	3.8766901731922263	21.316666666666666	59
97	conventional	60	1	1	0.8242165895133339	3.47552452227428	26.05	59
98	holistic	60	4	4	0.589250358007743	2.2701879468784583	20.133333333333333	59
98	conventional	60	1	1	0.8161625858069005	2.538868100452596	26.05	59
99	holistic	60	7	7	0.5935901448546402	2.291510621548387	19.683333333333334	58
99	conventional	60	4	4	0.7834402800631686	2.5284508295062085	24.8	59
100	holistic	60	3	3	0.7483503838858171	4.757261408301748	20.516666666666666	59
100	conventional	60	6	6	0.730884964027084	2.036834551929425	22.383333333333333	58
101	holistic	60	5	5	0.6473210359655673	2.5365885879335077	20.3	59
101	conventional	60	1	1	0.6980395646340269	2.131905824599373	23.3	59
102	holistic	60	6	6	0.6807447619655226	2.606823547924968	18.166666666666668	59
102	conventional	60	3	3	0.7375374836848523	2.5607645318971684	23.233333333333334	58
103	holistic	60	3	3	0.786783230809536	2.7327268427730234	18.066666666666666	59
103	conventional	60	2	2	0.7193175940085059	1.744917818669744	24.116666666666667	59
104	holistic	60	2	2	0.8107232891523154	2.7229782123197626	18.016666666666666	58
104	conventional	60	3	3	0.7403921549293134	2.520177518379141	23.933333333333334	57
105	holistic	60	0	0	0.7370608673470572	2.8061395491898224	19.016666666666666	59
105	conventional	60	3	3	0.7103748879723241	2.1957538365298324	24.833333333333332	58
106	holistic	60	4	4	0.6866570082066078	2.663518239588243	17.883333333333333	58
106	conventional	60	1	1	0.7122054229997405	2.2264129789600764	25.8	59
107	holistic	60	1	1	0.7169750276216903	2.539989028154525	18.75	59
107	conventional	60	3	3	0.6780801202344316	1.972406130655282	25.6	58
108	holistic	60	4	4	0.7197243879375782	2.9728719877535243	17.55	58
108	conventional	60	2	2	0.7051821502284225	1.7587478900755453	26.516666666666666	59
109	holistic	60	0	0	0.6968491684281923	2.7476414977153696	18.55	59
109	conventional	60	2	2	0.6388558956411586	1.5822780296485315	26.483333333333334	59
110	holistic	60	2	2	0.6886795962691524	2.8064797268737522	18.483333333333334	56
110	conventional	60	4	4	0.6745894536819004	2.374206716108015	25.4	59
111	holistic	60	2	2	0.686081026591973	2.6486246189709477	19.35	57
111	conventional	60	4	4	0.6745996228818315	2.8784269077543687	25.333333333333332	56
112	holistic	60	1	1	0.7242979144237431	2.5064516947165942	20.283333333333335	58
112	conventional	60	1	1	0.8151802313271902	4.46812947859828	26.3	57
113	holistic	60	0	0	0.7231376550065661	2.535005014600899	21.283333333333335	59
113	conventional	60	0	0	0.7458354839739976	2.457509791574929	27.3	58
114	holistic	60	3	3	0.6849475024394078	2.470844757682098	20.9	58
114	conventional	60	2	2	0.6873161914110217	2.127579774284516	27.316666666666666	59
115	holistic	60	0	0	0.6767866161724199	2.456097316288046	21.9	59
115	conventional	60	1	1	0.6859051164068642	2.9543254836974784	27.316666666666666	59
116	holistic	60	3	3	0.668727333560237	2.510400936920659	21.5	58
116	conventional	60	4	4	0.6828952618285558	2.0684441670217986	27.083333333333332	56
117	holistic	60	0	0	0.6655934903546844	2.451164209541803	22.5	59
117	conventional	60	0	0	0.6817816820479516	1.7982735622513648	28.083333333333332	57
118	holistic	60	5	5	0.683012113704459	2.4379438898816255	22.3	57
118	conventional	60	1	1	0.6951905523003689	2.0352527371187916	28.816666666666666	58
119	holistic	60	0	0	0.8223213597492265	3.6482951832176185	23.3	58
119	conventional	60	0	0	0.695931817550345	1.9661254609897756	29.816666666666666	59
120	holistic	60	0	0	0.7625603763451486	2.6463078576192136	24.3	59
120	conventional	60	2	2	0.6688859761012164	1.7963533234599547	29.783333333333335	58
121	holistic	60	1	1	0.7325626684229224	2.646961245786471	24.3	59
121	conventional	60	1	1	0.6719643132447221	1.7624703075281005	30.766666666666666	59
122	holistic	60	3	3	0.7514981844538375	2.410194420543583	24.166666666666668	59
122	conventional	60	6	6	0.5771462045065868	1.8268931869745793	27.566666666666666	59
123	holistic	60	2	2	0.6802981072082452	2.418614212133655	23.166666666666668	54
123	conventional	60	2	2	0.6100716766722301	2.4594617721714385	27.116666666666667	57
124	holistic	60	1	1	0.6774171541157135	2.4075307069856535	24.133333333333333	55
124	conventional	60	4	4	0.6362412054821367	1.6976764776219504	27.783333333333335	58
125	holistic	60	1	1	0.6831646155468388	2.415705318213365	25.1	56
125	conventional	60	4	4	0.604014945369603	1.6819143464870954	28.25	59
126	holistic	60	1	1	0.7118520705291628	2.423670228736029	26.033333333333335	57
126	conventional	60	4	4	0.6296764678269064	1.6010926497941185	27.166666666666668	59
127	holistic	60	2	2	0.6838638678466283	2.4257085283781348	26.566666666666666	58
127	conventional	60	2	2	0.7045553690890428	4.351390249227322	26.166666666666668	59
128	holistic	60	2	2	0.668232461932719	2.4028971507627395	27.466666666666665	59
128	conventional	60	4	4	0.6208688431423288	1.8738831147450978	26.0	57
129	holistic	60	1	1	0.6687009127475425	2.393016006013292	27.466666666666665	57
129	conventional	60	3	3	0.5960604101524992	1.5823752571373373	26.783333333333335	58
130	holistic	60	0	0	0.7222737265220066	2.349030792860329	28.466666666666665	58
130	conventional	60	0	0	0.6829525181563607	2.465176317257906	27.783333333333335	59
131	holistic	60	0	0	0.7087791537957767	2.374350645793021	29.466666666666665	59
131	conventional	60	3	3	0.66675549546087	2.936142282293736	26.733333333333334	59
132	holistic	60	2	2	0.6752254078859523	2.256279915691286	29.4	56
132	conventional	60	2	2	0.7056845823005827	3.289268035141564	26.716666666666665	59
133	holistic	60	1	1	0.6773029001048319	2.3184864512987517	29.483333333333334	57
133	conventional	60	2	2	0.6285710653270022	1.8740077760197076	26.583333333333332	59
134	holistic	60	0	0	0.6898796383253457	2.282576463064628	30.483333333333334	58
134	conventional	60	4	4	0.6632918021646259	1.992550492239984	26.283333333333335	58
135	holistic	60	0	0	0.7194640383450817	2.2250178358477686	31.483333333333334	59
135	conventional	60	1	1	0.7685994191653875	3.424475343566753	27.266666666666666	59
136	holistic	60	3	3	0.6902025808535976	2.2155406954182317	30.416666666666668	59
136	conventional	60	4	4	0.6789212140480162	1.9856635939446357	25.133333333333333	59
137	holistic	60	2	2	0.7266642907221711	2.2509202002453796	30.35	58
137	conventional	60	2	2	0.6581654881031423	1.964774041134365	25.05	59
138	holistic	60	0	0	0.7882182051525176	2.901408540055271	31.35	59
138	conventional	60	2	2	0.6818320331799878	1.9103687059811962	25.016666666666666	58
139	holistic	60	2	2	0.7364518930677073	2.2744939858758664	30.866666666666667	54
139	conventional	60	2	2	0.6590777264617159	1.9312193327627178	25.933333333333334	59
140	holistic	60	1	1	0.7310772675036876	2.285884334589453	31.8	55
140	conventional	60	4	4	0.6692170565001899	1.9852334460610184	24.75	59
141	holistic	60	1	1	0.7496257194332815	2.235262182400514	32.733333333333334	56
141	conventional	60	1	1	0.680727563890355	1.9356178272986677	24.75	56
142	holistic	60	1	1	0.7347444153116136	2.206637612922899	33.56666666666667	57
142	conventional	60	3	3	0.6527733455894996	1.85568287283185	25.483333333333334	57
143	holistic	60	0	0	0.8249817990316065	3.6743175177375456	34.56666666666667	58
143	conventional	60	1	1	0.7654286229479496	3.260929283096986	26.45	58
144	holistic	60	0	0	0.7790255404730121	2.1147505509954607	35.56666666666667	59
144	conventional	60	2	2	0.6981431868952045	1.771875192729965	26.216666666666665	59
145	holistic	60	1	1	0.7614606278673934	2.071169429667005	35.56666666666667	58
145	conventional	60	2	2	0.6639892563383352	1.7629763912208571	26.133333333333333	59
146	holistic	60	0	0	0.8043652585600632	2.7747730335480756	36.56666666666667	59
146	conventional	60	5	5	0.6689537422767292	2.0094890078002097	23.033333333333335	59
147	holistic	60	2	2	0.7641561444673067	2.0435234616143987	35.56666666666667	58
147	conventional	60	3	3	0.7014852914950901	1.8565609571172579	22.883333333333333	59
148	holistic	60	0	0	0.7551478793841506	2.039291170774147	36.56666666666667	59
148	conventional	60	2	2	0.7430469194974421	3.511341928481474	22.85	58
149	holistic	60	2	2	0.7360353120722831	2.0176547335618653	35.56666666666667	58
149	conventional	60	2	2	0.7453044420325359	2.5097368661528456	23.65	59
150	holistic	60	0	0	0.7520460144192939	2.0140560724714014	36.56666666666667	59
150	conventional	60	3	3	0.7248133657371999	2.3769024367250093	23.516666666666666	59
151	holistic	60	1	1	0.7451195412899703	2.027501192780805	36.56666666666667	59
151	conventional	60	3	3	0.7154913591250229	2.1940969901726715	23.3	58
152	holistic	60	3	3	0.699242569785605	1.7006047947641154	34.56666666666667	59
152	conventional	60	3	3	0.828400680834962	3.6921623630816827	24.15	59
153	holistic	60	2	2	0.7383820706303676	3.750700473615178	34.333333333333336	59
153	conventional	60	1	1	0.9098045388585377	3.191384522017874	24.15	57
154	holistic	60	2	2	0.6817932905619581	1.7586836078064485	33.333333333333336	59
154	conventional	60	0	0	0.8567634128779189	2.1913624265514113	25.15	58
155	holistic	60	2	2	0.729190215612203	3.7598795787622183	32.333333333333336	59
155	conventional	60	1	1	0.8208511200095364	2.391307020750152	26.05	59
156	holistic	60	4	4	0.6537604925704249	1.761003597538196	31.183333333333334	59
156	conventional	60	3	3	0.7886184757740217	2.35809986483364	25.0	57
157	holistic	60	4	4	0.7008506147530139	1.7848717175174205	29.116666666666667	59
157	conventional	60	0	0	0.8140349164018595	2.049032632876061	26.0	58
158	holistic	60	2	2	0.7298429300126401	2.9669559648640345	28.116666666666667	59
158	conventional	60	1	1	0.7979430653644112	1.816757796065702	26.95	59
159	holistic	60	3	3	0.6887870472149813	1.9113606851868985	27.05	59
159	conventional	60	2	2	0.7904553303908695	1.7151874348871088	26.9	59
160	holistic	60	2	2	0.7738526803666027	1.8067960650630042	26.983333333333334	59
160	conventional	60	2	2	0.7584263370498531	1.668446154983804	25.9	59
161	holistic	60	3	3	0.7341281482177953	2.0892456838053963	25.833333333333332	59
161	conventional	60	3	3	0.769143075389599	2.4243822646863293	25.85	57
162	holistic	60	4	4	0.7331892502352099	2.054548855799337	22.833333333333332	59
162	conventional	60	0	0	0.8566232567008293	3.9328931780919643	26.85	58
163	holistic	60	3	3	0.7416267773336815	1.9788703504876024	21.733333333333334	59
163	conventional	60	1	1	0.8275788575634354	3.104095899893709	27.816666666666666	59
164	holistic	60	1	1	0.7536883439234902	1.9232342313943207	21.733333333333334	58
164	conventional	60	1	1	0.7765023690523603	2.346633443808487	27.816666666666666	59
165	holistic	60	1	1	0.7680002194887753	1.9846934286007794	22.666666666666668	59
165	conventional	60	2	2	0.7868511986080987	1.9365770639924842	27.783333333333335	58
166	holistic	60	4	4	0.7428377267841396	2.182377248981792	21.533333333333335	58
166	conventional	60	0	0	0.7981806100119273	1.661992312869516	28.783333333333335	59
167	holistic	60	1	1	0.8811017035128703	2.7749371185578884	22.466666666666665	59
167	conventional	60	1	1	0.8096518460657631	1.8537326619862053	28.783333333333335	59
168	holistic	60	3	3	0.8131402092499553	2.0796518155247314	21.4	58
168	conventional	60	1	1	0.7778850991686912	1.971895985352568	28.783333333333335	59
169	holistic	60	0	0	0.8709122882018796	2.071227319341125	22.4	59
169	conventional	60	1	1	0.7813332248974677	1.6884302460024658	28.783333333333335	59
170	holistic	60	3	3	0.8219697682109312	2.119695491367882	22.216666666666665	59
170	conventional	60	2	2	0.8015358399201549	1.6836396295324931	28.75	59
171	holistic	60	2	2	0.7699053678795248	2.129656001497262	22.116666666666667	59
171	conventional	60	5	5	0.7450875485355569	1.8553723228719154	25.733333333333334	57
172	holistic	60	1	1	0.7692543067657175	2.1207421110199163	22.116666666666667	58
172	conventional	60	0	0	0.791674297258156	1.6349703237437554	26.733333333333334	58
173	holistic	60	1	1	0.8265894907666991	3.794243820421044	23.066666666666666	59
173	conventional	60	1	1	0.7776317098115262	1.5969916617036592	27.7	59
174	holistic	60	1	1	0.7867554549724015	3.7927037922686155	23.066666666666666	58
174	conventional	60	3	3	0.7127490088246369	1.5286147548648432	27.633333333333333	53
175	holistic	60	1	1	0.7570574401736472	2.7936099646761594	24.0	59
175	conventional	60	0	0	0.696711648421016	1.4670055872067036	28.633333333333333	54
176	holistic	60	2	2	0.8103336996099293	3.0446832589883965	23.95	58
176	conventional	60	1	1	0.7624488176466444	1.4212540829071787	29.6	55
177	holistic	60	0	0	0.8314417745510642	2.7924195047000286	24.95	59
177	conventional	60	2	2	0.7269845525457349	1.3630971945642179	30.45	56
178	holistic	60	3	3	0.7816999795183818	2.460103796464938	22.95	57
178	conventional	60	0	0	0.7505188484941313	1.446875807064258	31.45	57
179	holistic	60	1	1	0.8006629093410403	2.2219243667402395	23.8	58
179	conventional	60	1	1	0.7645426497339253	1.4045628762249693	32.416666666666664	58
180	holistic	60	1	1	0.828787785370141	2.0435343552041756	24.733333333333334	59
180	conventional	60	0	0	0.7723975531011769	1.4065287083917088	33.416666666666664	59
181	holistic	60	1	1	0.8266594065227053	2.015415184287162	24.733333333333334	59
181	conventional	60	2	2	0.7810519871845114	1.3840233506949198	33.15	59
182	holistic	60	2	2	0.7990684119591921	1.9930885618764278	24.683333333333334	57
182	conventional	60	3	3	0.745652210735018	1.4454650040197794	31.85	59
183	holistic	60	0	0	0.9312969819885571	4.757921460422028	25.683333333333334	58
183	conventional	60	2	2	0.8095838981633184	2.4199435196881023	31.816666666666666	58
184	holistic	60	1	1	0.9029238199362383	2.803214617450079	26.416666666666668	59
184	conventional	60	1	1	0.8022970059594264	1.9265452934831395	32.8	59
185	holistic	60	1	1	0.9600751648012806	5.63639595370105	26.416666666666668	58
185	conventional	60	4	4	0.8053655956320758	3.0852544442397445	30.733333333333334	59
186	holistic	60	0	0	0.9378432821170117	3.1467402520556482	27.416666666666668	59
186	conventional	60	3	3	0.8118525545496902	3.67638552099957	29.533333333333335	58
187	holistic	60	2	2	0.8894973832582527	2.3721995650993106	26.416666666666668	59
187	conventional	60	2	2	0.8840627386604891	2.6789681810324515	30.433333333333334	59
188	holistic	60	1	1	0.9128753710625762	2.768756903511173	26.416666666666668	59
188	conventional	60	1	1	0.8957470249768974	1.9216227992566373	30.433333333333334	59
189	holistic	60	2	2	0.8730002010420078	2.7671104459507836	26.35	53
189	conventional	60	5	5	0.8499968954717461	2.2688542455197953	28.333333333333332	58
190	holistic	60	1	1	0.9433960753843124	2.8775790540892503	26.95	54
190	conventional	60	1	1	0.9015900064245322	2.606066579663906	29.316666666666666	59
191	holistic	60	0	0	0.9488850513967839	2.939874913359909	27.95	55
191	conventional	60	3	3	0.8204923108372658	1.773389891772484	29.266666666666666	58
192	holistic	60	1	1	0.922741581894881	2.5612567421873957	28.883333333333333	56
192	conventional	60	0	0	0.826128283213818	2.5610285693251957	30.266666666666666	59
193	holistic	60	0	0	0.9381062468263532	2.588603820042029	29.883333333333333	57
193	conventional	60	3	3	0.820283652206412	2.0729060110035604	29.083333333333332	59
194	holistic	60	0	0	0.9155813225842186	2.8611098667795942	30.883333333333333	58
194	conventional	60	2	2	0.9684763383341954	8.448104247410539	28.083333333333332	58
195	holistic	60	0	0	0.8886906861777436	2.783761785213041	31.883333333333333	59
195	conventional	60	2	2	0.8280339205141432	4.436239764754328	28.966666666666665	59
196	holistic	60	3	3	0.8455393021054932	2.717130451155217	30.816666666666666	59
196	conventional	60	3	3	0.821008206194899	4.4372685681471	27.933333333333334	59
197	holistic	60	1	1	0.8234583119064329	2.52690828068613	30.816666666666666	58
197	conventional	60	2	2	0.8735858865624518	3.459874377143416	27.9	59
198	holistic	60	1	1	0.8784497343892558	3.4060486982619556	31.633333333333333	59
198	conventional	60	4	4	0.8276565001958164	2.6698819703021703	26.666666666666668	59
199	holistic	60	2	2	0.8609854823174501	2.566219698190104	31.466666666666665	59
199	conventional	60	1	1	0.8371160941965279	2.143035105458132	26.666666666666668	57
200	holistic	60	1	1	0.8233738033460597	2.526777953326379	31.466666666666665	59
200	conventional	60	2	2	0.7897178713040078	2.0402152477849387	27.433333333333334	58
201	holistic	60	1	1	0.8034428395520299	2.3864217360489284	31.466666666666665	59
201	conventional	60	1	1	0.7691182745946107	1.9004759571551946	28.416666666666668	59
202	holistic	60	2	2	0.8139820017638464	2.510166990035342	31.4	57
202	conventional	60	4	4	0.7904555067313715	1.7077660874143012	27.25	58
203	holistic	60	2	2	0.842700614413055	3.2926734761609495	32.266666666666666	58
203	conventional	60	1	1	0.7779857340256914	2.021206933433603	28.166666666666668	59
204	holistic	60	2	2	0.8624033406980307	2.455724004029958	33.06666666666667	59
204	conventional	60	4	4	0.7825290580753067	1.9276964098028395	28.0	58
205	holistic	60	1	1	0.8408926452030709	2.2943511490156934	33.06666666666667	58
205	conventional	60	2	2	0.7703782525083736	2.219321188206108	28.783333333333335	59
206	holistic	60	1	1	0.8423874951252718	2.4013834834269687	34.0	59
206	conventional	60	2	2	0.7553037694618353	2.1631703330184235	27.783333333333335	59
207	holistic	60	3	3	0.8454423258416538	2.380488589708599	32.95	58
207	conventional	60	4	4	0.7200638188225167	2.0393169383904266	26.7	59
208	holistic	60	1	1	0.9328291631681254	3.870179634885165	33.75	59
208	conventional	60	5	5	0.7216735303389449	1.8720349495716293	25.566666666666666	59
209	holistic	60	2	2	0.8854341283838438	2.415699036873422	32.75	57
209	conventional	60	2	2	0.8504130744751817	3.323710663904475	25.533333333333335	59
210	holistic	60	0	0	0.9172192872899441	2.874347903317195	33.75	58
210	conventional	60	2	2	0.8316790838712301	1.9283693406311269	24.533333333333335	59
211	holistic	60	1	1	0.9132513020679344	2.412054614363518	34.63333333333333	59
211	conventional	60	2	2	0.7726079168971114	1.6435803628039867	23.533333333333335	59
212	holistic	60	1	1	0.8954823691032165	2.6790713767562386	34.63333333333333	59
212	conventional	60	3	3	0.7470758070075159	1.5681093874734326	21.533333333333335	56
213	holistic	60	2	2	0.8485377809154317	2.3116216613938234	34.56666666666667	59
213	conventional	60	3	3	0.7841568274519958	2.774080558264627	22.366666666666667	57
214	holistic	60	3	3	0.8560282634682942	2.8147404925825663	33.53333333333333	59
214	conventional	60	1	1	0.7450104747369315	2.613640896022328	23.216666666666665	58
215	holistic	60	1	1	0.9572466258019177	6.872351213424084	33.53333333333333	59
215	conventional	60	5	5	0.8387076293876634	3.4076446459288356	23.9	59
216	holistic	60	3	3	0.8911839469250832	3.8789971180704446	31.533333333333335	59
216	conventional	60	3	3	1.021257581632397	5.202360071237721	22.766666666666666	58
217	holistic	60	4	4	0.8221027814793916	3.541239236987957	29.466666666666665	59
217	conventional	60	0	0	0.9252103110387206	3.7373011155354585	23.766666666666666	59
218	holistic	60	2	2	0.8538796877681758	3.734828608292674	28.466666666666665	59
218	conventional	60	3	3	0.8555471362288602	2.6545933463561373	23.35	59
219	holistic	60	3	3	0.842147039004203	2.6801745349596517	26.466666666666665	59
219	conventional	60	3	3	0.8332758391338253	2.696064584572235	23.316666666666666	59
220	holistic	60	4	4	0.8609677737607868	2.923334844590995	25.35	59
220	conventional	60	2	2	0.8653945749121905	2.3462678690219225	23.25	59
221	holistic	60	2	2	0.909791045115523	2.6977917863974303	24.35	59
221	conventional	60	4	4	0.8626045137212799	2.442999915817484	22.116666666666667	56
222	holistic	60	2	2	0.8563908868551265	2.3785357635605004	23.35	59
222	conventional	60	1	1	0.8313382651836714	1.6546428527080685	23.0	57
223	holistic	60	3	3	0.875896520081102	2.3237187182371244	23.25	57
223	conventional	60	3	3	0.8670667097375937	3.360782586206739	23.866666666666667	58
224	holistic	60	0	0	0.8679740520389994	2.679693642375784	24.25	58
224	conventional	60	1	1	0.8031370092881178	1.6430529684388908	24.666666666666668	59
225	holistic	60	3	3	0.8386787777105632	2.6972603562507746	24.266666666666666	59
225	conventional	60	3	3	0.7676756893699511	1.5366959542234386	24.6	58
226	holistic	60	3	3	0.8263685948839573	2.628741340721077	23.216666666666665	59
226	conventional	60	3	3	0.8112522697671154	1.5445041334327727	24.7	59
227	holistic	60	2	2	0.8450425807581842	2.8784051542138376	23.15	59
227	conventional	60	2	2	0.7873979324430324	1.7207583706514413	24.683333333333334	57
228	holistic	60	3	3	0.858266702479453	2.663875453355842	22.116666666666667	58
228	conventional	60	2	2	0.8705759702133581	2.4636256037670696	25.616666666666667	58
229	holistic	60	1	1	0.9158764087211864	2.8747972013967487	23.05	59
229	conventional	60	1	1	0.9218955511409196	2.3637915116548855	26.55	59
230	holistic	60	4	4	0.8789582660464983	2.317047420662036	22.6	59
230	conventional	60	2	2	0.9589583222651661	1.9317956260722369	26.516666666666666	59
231	holistic	60	1	1	0.8636298773264439	2.2910312836533775	22.6	59
231	conventional	60	3	3	0.892086065158331	1.8862314629702484	24.516666666666666	57
232	holistic	60	4	4	0.8839332308760779	2.3788177369033376	22.266666666666666	58
232	conventional	60	1	1	0.9623079513898664	3.5293804959264437	25.483333333333334	58
233	holistic	60	0	0	0.8951380580116558	2.458155492111839	23.266666666666666	59
233	conventional	60	1	1	0.9567753459958602	2.020830451906028	26.45	59
234	holistic	60	2	2	0.8707600296293629	2.380300366622313	23.2	59
234	conventional	60	1	1	0.9372938238375195	2.096648206379935	26.45	55
235	holistic	60	3	3	0.8150777772303035	2.260615608828733	22.766666666666666	59
235	conventional	60	0	0	0.9339111812412606	2.8627662037040222	27.45	56
236	holistic	60	2	2	0.8243698649059444	2.197611560101061	22.7	58
236	conventional	60	2	2	0.9351993516989576	2.700609362696616	28.35	57
237	holistic	60	2	2	0.8536367778833142	2.227234567914223	23.616666666666667	59
237	conventional	60	0	0	0.9707499919367819	4.310373836549079	29.35	58
238	holistic	60	2	2	0.8573228801160099	2.1712681908357676	22.616666666666667	58
238	conventional	60	1	1	0.9826248991528442	4.325941475382661	30.316666666666666	59
239	holistic	60	2	2	0.9580548748633132	2.829641631174613	23.416666666666668	59
239	conventional	60	1	1	0.9947999021053857	3.9946677960449084	30.316666666666666	57
240	holistic	60	1	1	1.001634907173579	2.745760035668535	23.416666666666668	59
240	conventional	60	1	1	0.9340133815476269	3.0824636674542174	31.3	58
241	holistic	60	1	1	0.9709997712900255	2.2477507418426312	23.416666666666668	59
241	conventional	60	0	0	0.8862403371738118	2.7338855642829563	32.3	59
242	holistic	60	3	3	0.8614084507887064	2.0934197518664575	22.316666666666666	58
242	conventional	60	3	3	0.8601230009601487	2.5017804128829937	31.266666666666666	57
243	holistic	60	0	0	0.8981929519097579	2.8779031497845335	23.316666666666666	59
243	conventional	60	2	2	0.8731680656644933	2.6412940547520045	31.65	58
244	holistic	60	3	3	0.9015877282772057	2.0790327625655936	22.95	57
244	conventional	60	0	0	0.9161489207993679	1.955956329930134	32.65	59
245	holistic	60	1	1	1.0229802711099683	4.867549327389223	23.883333333333333	58
245	conventional	60	5	5	0.8538636624966337	1.6776413847750777	30.566666666666666	59
246	holistic	60	0	0	0.9807572988296247	2.8499482066943544	24.883333333333333	59
246	conventional	60	2	2	0.8963151304648161	2.5289526519873093	29.566666666666666	59
247	holistic	60	1	1	0.9425089462166284	2.187912306656234	24.883333333333333	58
247	conventional	60	1	1	0.9003744469844015	2.1027387869276586	29.566666666666666	58
248	holistic	60	1	1	0.9203403908644128	2.172338363105227	25.833333333333332	59
248	conventional	60	1	1	0.8813749051022343	1.8484426998965775	30.1	59
249	holistic	60	2	2	0.928350296772223	2.1728791535599705	25.383333333333333	59
249	conventional	60	2	2	0.8401585303396446	2.3864939780600527	29.1	58
250	holistic	60	1	1	1.0418933350393762	5.844614886044949	25.383333333333333	54
250	conventional	60	3	3	0.8802053009113088	2.39783652942219	29.916666666666668	59
251	holistic	60	1	1	1.0311836471605365	3.4182106968333112	26.316666666666666	55
251	conventional	60	3	3	0.843120109351529	2.263911894364947	27.916666666666668	58
252	holistic	60	0	0	0.9486322003678799	2.226871282798367	27.316666666666666	56
252	conventional	60	0	0	0.8250682446297332	2.3192657634716247	28.916666666666668	59
253	holistic	60	0	0	0.9102635591732989	2.139776200697772	28.316666666666666	57
253	conventional	60	5	5	0.8229867908264598	2.3528754405658847	27.633333333333333	58
254	holistic	60	1	1	0.9047683229434399	2.1279995741321693	28.916666666666668	58
254	conventional	60	0	0	0.797050719517787	3.0279454586808456	28.633333333333333	59
255	holistic	60	0	0	0.9061172350234737	2.2274535962820905	29.916666666666668	59
255	conventional	60	4	4	0.7579220022686599	2.110415192295379	28.533333333333335	59
256	holistic	60	2	2	0.8780284213076864	2.068332124373826	29.833333333333332	59
256	conventional	60	3	3	0.7735484833358035	1.9578279494671087	28.433333333333334	59
257	holistic	60	2	2	0.8891861314994727	2.131934872576122	29.716666666666665	56
257	conventional	60	3	3	0.7775161854938648	1.8597533055107294	27.4	57
258	holistic	60	0	0	0.8884120613956333	2.1050032557025387	30.716666666666665	57
258	conventional	60	2	2	0.7895468110525244	1.6980325251870367	28.316666666666666	58
259	holistic	60	0	0	0.8811142779834551	2.07771499974864	31.716666666666665	58
259	conventional	60	0	0	0.7272326668170487	1.6384208799830668	29.316666666666666	59
260	holistic	60	0	0	0.9036982868427784	2.0732745097584258	32.71666666666667	59
260	conventional	60	4	4	0.746310471987496	2.065495597491907	29.016666666666666	59
261	holistic	60	1	1	0.8792247478538092	2.047734466266581	32.71666666666667	59
261	conventional	60	1	1	0.6448985508259847	1.6147809817362135	29.016666666666666	59
262	holistic	60	1	1	0.8953958813039637	2.0441478721172226	32.71666666666667	59
262	conventional	60	4	4	0.6354735957946808	1.60376808360711	27.9	59
263	holistic	60	2	2	0.8655483527934268	2.0610053227819436	31.716666666666665	58
263	conventional	60	2	2	0.6938018625362439	1.6227585393509636	27.866666666666667	59
264	holistic	60	0	0	0.8797212155926263	2.09721210213726	32.71666666666667	59
264	conventional	60	4	4	0.6811512597575236	3.300764471839519	27.35	57
265	holistic	60	2	2	0.8634599808143706	2.0731329335188846	32.583333333333336	59
265	conventional	60	1	1	0.8631465813770496	4.46288664813588	28.316666666666666	58
266	holistic	60	1	1	0.8836689390688324	2.107926205231484	32.583333333333336	59
266	conventional	60	2	2	0.8360751176399187	2.959639142829456	29.1	59
267	holistic	60	3	3	0.9305425499392039	5.57712960000288	30.583333333333332	58
267	conventional	60	4	4	0.8495761531545013	2.4586006940444785	26.833333333333332	59
268	holistic	60	0	0	0.9184721513695853	3.5721229474716965	31.583333333333332	59
268	conventional	60	4	4	0.8027828205499534	2.461561065485486	24.816666666666666	58
269	holistic	60	2	2	0.8746645764428408	2.2390925494880842	31.516666666666666	58
269	conventional	60	3	3	0.8512263536596506	1.8609275913317291	25.15	59
270	holistic	60	1	1	0.9571367972089287	2.6970055611166943	32.43333333333333	59
270	conventional	60	3	3	0.8809339647468396	2.35122422084471	25.1	59
271	holistic	60	3	3	0.9088587333546843	2.0878565981049877	32.3	58
271	conventional	60	2	2	0.9040641503493051	2.267621170029754	25.066666666666666	59
272	holistic	60	0	0	1.02495930004314	3.7482598232657187	33.3	59
272	conventional	60	1	1	0.9161636470579012	2.295559987287976	25.066666666666666	58
273	holistic	60	1	1	0.9448975728749648	2.1315499938391964	33.3	59
273	conventional	60	1	1	0.8584236477067042	1.940379696281088	25.966666666666665	59
274	holistic	60	2	2	0.9660417004210026	2.412766813284308	32.3	59
274	conventional	60	1	1	0.9457326129190844	2.6418253103761256	25.966666666666665	59
275	holistic	60	2	2	0.9550397817969244	2.246982443705223	32.233333333333334	59
275	conventional	60	5	5	0.8746239529553212	2.3604633359835345	22.9	59
276	holistic	60	2	2	0.928982949216431	1.968272132999329	31.233333333333334	59
276	conventional	60	1	1	1.002649003060183	6.421600112052955	22.9	57
277	holistic	60	2	2	0.9654810709135909	3.7449628960228685	30.233333333333334	59
277	conventional	60	0	0	0.9816900481587757	4.880987650532306	23.9	58
278	holistic	60	2	2	0.9439590248127494	1.8147661439767597	30.166666666666668	59
278	conventional	60	1	1	0.932845479356344	3.0431861407824474	24.866666666666667	59
279	holistic	60	3	3	0.8975805187809637	1.8207426510436044	29.1	59
279	conventional	60	1	1	0.8832041707543539	2.1256586634952446	24.866666666666667	59
280	holistic	60	4	4	0.9401149931807538	2.712447415441682	26.1	58
280	conventional	60	1	1	0.8912336996838227	1.983088818657201	24.866666666666667	59
281	holistic	60	0	0	1.0007463717659355	2.788039549796739	27.1	59
281	conventional	60	2	2	0.8823804031102104	2.4329125433349565	23.866666666666667	59
282	holistic	60	3	3	1.001833734937818	2.709398182710293	26.966666666666665	59
282	conventional	60	3	3	0.8996459798071397	1.9120899868461683	23.8	57
283	holistic	60	1	1	1.022800729916993	3.665091980339822	26.966666666666665	58
283	conventional	60	0	0	0.9169474924747707	2.2394460908164975	24.8	58
284	holistic	60	1	1	1.0611591429329439	3.1643711835072823	27.9	59
284	conventional	60	1	1	0.9207812967900776	2.7318993146366575	25.766666666666666	59
285	holistic	60	2	2	1.0059419175421536	2.458845263045683	26.9	59
285	conventional	60	2	2	0.9256100075015342	2.3385382805118407	24.766666666666666	58
286	holistic	60	1	1	0.9687368909469174	2.1534541447810955	26.9	59
286	conventional	60	1	1	0.8833248670177462	1.789983955173395	25.75	59
287	holistic	60	1	1	0.9634057339971756	2.0600569375856024	26.9	59
287	conventional	60	2	2	0.8735235101610309	1.8516871132190886	24.75	59
288	holistic	60	3	3	0.9436982831880454	2.6595554696691535	26.3	59
288	conventional	60	2	2	0.8333673963639883	1.87233349083322	24.7	59
289	holistic	60	2	2	0.9489640754841854	2.516195662137942	26.233333333333334	57
289	conventional	60	5	5	0.8539631930069564	2.011598675847857	24.516666666666666	58
290	holistic	60	0	0	0.9130477341564645	2.2845734280775325	27.233333333333334	58
290	conventional	60	1	1	0.8820073453916326	2.4562295838241055	25.183333333333334	59
291	holistic	60	0	0	0.9289572662079454	2.1035481489421723	28.233333333333334	59
291	conventional	60	2	2	0.8782070878442579	2.366786911055953	25.15	58
292	holistic	60	5	5	0.8923892266649212	2.0590274582743193	26.1	58
292	conventional	60	1	1	0.9301331312681722	2.206680806529947	26.116666666666667	59
293	holistic	60	0	0	0.9153325754318955	2.022702882070099	27.1	59
293	conventional	60	2	2	0.9148531175528652	2.1514406636073007	26.083333333333332	57
294	holistic	60	1	1	0.9071371486483077	1.992648587678121	27.1	59
294	conventional	60	0	0	0.920284081343594	2.53068350569173	27.083333333333332	58
295	holistic	60	1	1	0.8977829827937568	2.0437238514383145	27.1	59
295	conventional	60	1	1	0.9030010536959369	2.4585342687028695	27.983333333333334	59
296	holistic	60	3	3	0.8889976822536934	1.9454491368680917	26.966666666666665	59
296	conventional	60	1	1	0.8996404430461445	2.271179626591638	27.983333333333334	58
297	holistic	60	2	2	0.9264895019653998	2.6122375138631697	25.966666666666665	59
297	conventional	60	0	0	0.9015987663717534	2.1548863328406926	28.983333333333334	59
298	holistic	60	3	3	0.8585385052819307	1.7223464171806246	24.9	59
298	conventional	60	1	1	0.8595452636074935	2.0044256537317326	28.983333333333334	56
299	holistic	60	2	2	0.8139048413735348	1.6597392139394926	23.9	57
299	conventional	60	0	0	0.8614533979556852	1.8699256178137598	29.983333333333334	57
300	holistic	60	3	3	0.8366164308132068	1.6546977108403134	24.683333333333334	58
300	conventional	60	4	4	0.807091693434972	1.7482332942563221	29.933333333333334	58
301	holistic	60	1	1	1.0070030967222425	6.898071122975695	25.616666666666667	59
301	conventional	60	1	1	0.8497936790338841	2.390414193667287	30.683333333333334	59
302	holistic	60	4	4	0.8976517613402082	3.3975368777173087	23.55	58
302	conventional	60	2	2	0.8700682587454736	4.293990133353949	30.65	57
303	holistic	60	3	3	1.0529720699268752	3.616952535670291	24.266666666666666	59
303	conventional	60	0	0	1.0273462102767394	5.434089077989172	31.65	58
304	holistic	60	4	4	0.9792404178254074	2.6205606164965207	22.2	56
304	conventional	60	1	1	0.963989200481572	2.93764109782478	32.583333333333336	59
305	holistic	60	0	0	0.9871494299309319	2.6923076737000717	23.2	57
305	conventional	60	4	4	0.8908728116514877	2.4327520954184427	29.583333333333332	59
306	holistic	60	2	2	0.9929094222964139	2.5601746069096785	23.75	58
306	conventional	60	2	2	0.994984321594769	3.4207493010095833	29.55	59
307	holistic	60	2	2	0.9715618333256446	2.179532130443339	24.633333333333333	59
307	conventional	60	2	2	0.9835315713724965	2.231390692016626	29.316666666666666	58
308	holistic	60	1	1	0.9987246943469117	3.741108027523556	24.633333333333333	59
308	conventional	60	0	0	0.956068638965006	2.2664888809749	30.316666666666666	59
309	holistic	60	3	3	0.912420021600978	2.242311956918751	23.583333333333332	55
309	conventional	60	1	1	0.950119585576193	2.150911315951889	30.316666666666666	59
310	holistic	60	0	0	0.9228793616766701	1.7936695790426547	24.583333333333332	56
310	conventional	60	2	2	0.9047772817266855	1.814285006905684	29.316666666666666	59
311	holistic	60	1	1	0.916697723085626	1.8019317007878894	25.533333333333335	57
311	conventional	60	2	2	0.8827688291740007	1.7736644186222505	29.233333333333334	55
312	holistic	60	1	1	0.9589316583429139	2.66161510177633	26.483333333333334	58
312	conventional	60	2	2	0.8968301888769697	1.688034592154504	30.133333333333333	56
313	holistic	60	1	1	0.9441431131678998	1.684436273213426	27.416666666666668	59
313	conventional	60	0	0	0.8820488844539794	1.867433665912185	31.133333333333333	57
314	holistic	60	1	1	0.9153352749901585	1.8199047384716212	27.416666666666668	58
314	conventional	60	2	2	0.9134328694823183	1.9371895586788164	32.05	58
315	holistic	60	0	0	0.8919794937875933	1.693593899325285	28.416666666666668	59
315	conventional	60	1	1	0.8842339223222281	1.8221160530683325	32.95	59
316	holistic	60	2	2	0.8635043189020656	1.7687881393586726	28.366666666666667	59
316	conventional	60	3	3	0.9105272876045802	2.342302550610377	31.916666666666668	59
317	holistic	60	1	1	0.8291846151412813	1.893426774401627	28.366666666666667	56
317	conventional	60	2	2	0.8517309362245541	2.3430127776741343	31.866666666666667	59
318	holistic	60	1	1	0.8281963330150489	1.7822901747103599	29.3	57
318	conventional	60	3	3	0.9596712654385724	5.309195491569733	31.8	58
319	holistic	60	0	0	0.8516247241728078	1.735531901189932	30.3	58
319	conventional	60	0	0	0.9276591921125547	3.531532550706918	32.8	59
320	holistic	60	2	2	0.8442119104440682	1.7929052963525476	31.183333333333334	59
320	conventional	60	4	4	0.8811256333011969	2.0298018450143296	31.716666666666665	58
321	holistic	60	1	1	0.92380386959109	3.6734033002795115	31.183333333333334	59
321	conventional	60	1	1	0.9603057495179976	2.4672967316278807	32.61666666666667	59
322	holistic	60	2	2	0.8693149718848724	1.8012649170894193	30.316666666666666	59
322	conventional	60	4	4	0.911016331234503	2.109792437893081	29.616666666666667	59
323	holistic	60	2	2	0.8381543282226043	2.4053350155093676	29.316666666666666	57
323	conventional	60	2	2	0.9256688641092108	2.3494036652982855	29.566666666666666	59
324	holistic	60	1	1	0.8439740122381331	1.9896942373120248	30.283333333333335	58
324	conventional	60	3	3	0.9809412385464338	4.583280782822877	27.566666666666666	59
325	holistic	60	1	1	0.8343155170640427	1.8924875383735047	31.166666666666668	59
325	conventional	60	2	2	0.943590513468074	2.170640540924888	27.533333333333335	59
326	holistic	60	2	2	0.8103030916531826	1.8926357416435546	30.666666666666668	59
326	conventional	60	2	2	0.8344908097392914	1.8187739207360827	27.516666666666666	59
327	holistic	60	2	2	0.7949823818560774	2.702275568776766	30.6	58
327	conventional	60	5	5	0.7651220880198425	1.6338022717553502	26.35	59
328	holistic	60	1	1	0.7802965854677631	1.8927023052988647	31.566666666666666	59
328	conventional	60	2	2	0.7631174070296984	1.6168799165688057	26.333333333333332	59
329	holistic	60	3	3	0.821606666891371	1.9837267964976235	30.5	58
329	conventional	60	2	2	0.8997404390654864	2.416497640968201	26.3	59
330	holistic	60	1	1	0.8384758106243436	1.9924926248350774	31.45	59
330	conventional	60	2	2	0.9041847249827037	1.8288725674916944	25.3	59
331	holistic	60	3	3	0.826860017977557	2.085752280284181	30.416666666666668	58
331	conventional	60	3	3	0.9027705234617851	1.8235028148523789	25.2	59
332	holistic	60	0	0	0.8783570018293868	2.1134575575918775	31.416666666666668	59
332	conventional	60	1	1	0.9360204429436779	2.5090220916578265	25.2	59
333	holistic	60	2	2	0.8197669892531183	2.0513291015130313	31.35	59
333	conventional	60	2	2	0.8930867298687561	2.1665754052536386	25.15	59
334	holistic	60	1	1	0.8288531808561839	2.619355227819076	31.35	59
334	conventional	60	3	3	0.9293213618042498	2.0757876841578264	25.066666666666666	59
335	holistic	60	2	2	0.8309702902554397	2.6217802439380966	31.283333333333335	59
335	conventional	60	6	6	0.9083945554214101	2.665635397693113	20.983333333333334	57
336	holistic	60	2	2	0.8096807936005107	2.032119174464797	30.283333333333335	59
336	conventional	60	0	0	0.9583513440222121	2.116486804491058	21.983333333333334	58
337	holistic	60	2	2	0.7888837688777207	2.039537434536252	29.283333333333335	58
337	conventional	60	1	1	0.9566499412441387	1.9521438433076572	22.933333333333334	59
338	holistic	60	0	0	0.8101434934064223	2.0511281906251018	30.283333333333335	59
338	conventional	60	2	2	0.9637498879158617	2.5799400156919905	22.883333333333333	58
339	holistic	60	3	3	0.8027854090804886	2.010157786489507	28.283333333333335	59
339	conventional	60	2	2	0.9314136432329616	2.756280487343195	23.766666666666666	59
340	holistic	60	5	5	0.7795477380618365	1.9936996985241175	26.05	58
340	conventional	60	2	2	0.965012949510028	2.3571355664231453	23.733333333333334	59
341	holistic	60	1	1	0.781274814810354	1.9665986228175898	26.933333333333334	59
341	conventional	60	1	1	0.9114770494362726	2.3134032371807356	23.733333333333334	59
342	holistic	60	4	4	0.7445551782858073	1.9411078970898092	24.9	57
342	conventional	60	3	3	0.9424190816047369	2.6509379915054407	23.65	58
343	holistic	60	0	0	0.7534795485769015	1.9401579262479955	25.9	58
343	conventional	60	1	1	0.8833365242712465	2.383973775859059	24.45	59
344	holistic	60	2	2	0.7579992237928199	1.9163487429480577	26.783333333333335	59
344	conventional	60	1	1	0.907456021164864	2.135289613457646	24.45	57
345	holistic	60	2	2	0.794386386891699	1.982159394068943	26.7	59
345	conventional	60	2	2	0.9105583110305682	2.0985003527936503	24.983333333333334	58
346	holistic	60	3	3	0.8205589756375766	2.6051880861730385	26.516666666666666	59
346	conventional	60	2	2	0.9149193291154532	1.976506495084584	25.883333333333333	59
347	holistic	60	1	1	0.7895523779830038	2.0847263394411333	26.516666666666666	59
347	conventional	60	3	3	0.8953531669824991	1.8824553487648503	25.45	58
348	holistic	60	1	1	0.7321288669151266	2.059947984811196	26.516666666666666	59
348	conventional	60	0	0	0.9404799485023934	2.4977263396082185	26.45	59
349	holistic	60	3	3	0.7288789823430548	2.0156720588792574	25.366666666666667	57
349	conventional	60	1	1	0.8914247116941538	1.6597986080919644	26.45	58
350	holistic	60	2	2	0.7804718499287141	2.0331412448266577	26.233333333333334	58
350	conventional	60	1	1	0.9352891593747468	1.8374174040049522	27.35	59
351	holistic	60	1	1	0.8239426752490945	2.6559812413255934	27.166666666666668	59
351	conventional	60	1	1	0.9419157341277634	2.2527962372953803	27.35	59
352	holistic	60	2	2	0.8003129791107051	2.294707877500948	27.133333333333333	57
352	conventional	60	2	2	0.9925021995501714	3.3179893179685624	27.316666666666666	57
353	holistic	60	1	1	0.8072725520058235	2.8992940003081555	28.0	58
353	conventional	60	0	0	0.9665894789404988	2.110065466386439	28.316666666666666	58
354	holistic	60	1	1	0.8199785632154744	3.098017630248068	28.8	59
354	conventional	60	1	1	0.9433173464317405	2.127488882134444	29.283333333333335	59
355	holistic	60	3	3	0.7968938872200603	2.7317546214206523	28.633333333333333	59
355	conventional	60	1	1	0.9386704737305228	2.105810038389089	29.283333333333335	59
356	holistic	60	3	3	0.8827297458781328	3.797990045481307	27.566666666666666	58
356	conventional	60	2	2	0.9698210121904188	2.2933478210400344	28.8	58
357	holistic	60	0	0	1.0006766849674262	7.610699805910492	28.566666666666666	59
357	conventional	60	0	0	0.9439451544672185	2.014801102963802	29.8	59
358	holistic	60	3	3	0.8953244103201432	4.106822062587098	28.366666666666667	59
358	conventional	60	2	2	0.9908167486240943	2.7807289664575574	29.766666666666666	58
359	holistic	60	2	2	0.8256209329658009	2.605560142391784	28.3	59
359	conventional	60	0	0	1.0232367924443613	2.611625374867598	30.766666666666666	59
360	holistic	60	3	3	0.7674000946396113	2.354476488451292	27.266666666666666	58
360	conventional	60	2	2	0.9695552874834138	2.033926332899193	29.766666666666666	59
361	holistic	60	12	12	0.7139620180623758	3.587276723648252	22.15	59
361	conventional	60	16	16	0.7292464851895596	1.8004991598167106	24.2	59
362	holistic	60	3	3	0.6916957471002044	2.103763123291475	20.15	59
362	conventional	60	1	1	0.8971523324286704	4.211648595072878	24.2	57
363	holistic	60	2	2	0.7227151071937263	1.8883929306079923	20.083333333333332	59
363	conventional	60	3	3	1.0629118434267315	5.365429537625191	25.1	58
364	holistic	60	2	2	0.6595176862291212	1.853670967989422	19.083333333333332	57
364	conventional	60	0	0	1.0455059517943839	3.3809296872705743	26.1	59
365	holistic	60	7	7	0.7498231089535621	2.6337355740914252	19.583333333333332	58
365	conventional	60	5	5	1.0064995846960945	2.6654397882870065	23.033333333333335	59
366	holistic	60	1	1	0.7665584281539359	1.8132346082887574	20.516666666666666	59
366	conventional	60	2	2	0.9957444439912397	4.3431769054309814	22.95	59
367	holistic	60	3	3	0.7964566956834616	2.7830001878079376	19.45	58
367	conventional	60	2	2	0.9640788482003223	3.3413427802733464	22.916666666666668	57
368	holistic	60	0	0	0.8414704970955889	2.9002277997664256	20.45	59
368	conventional	60	1	1	1.0672313224050793	2.6851048981105365	23.883333333333333	58
369	holistic	60	5	5	0.7692654368606777	1.9092227048163204	20.15	58
369	conventional	60	0	0	1.1527019504548937	6.40711596949216	24.883333333333333	59
370	holistic	60	0	0	0.7956362956259871	1.914333381840023	21.15	59
370	conventional	60	3	3	1.0369182952410374	3.339596622672109	23.733333333333334	58
371	holistic	60	3	3	0.746165029275801	1.6597900783346855	21.083333333333332	59
371	conventional	60	1	1	1.051586533605256	2.450844351454674	24.716666666666665	59
372	holistic	60	2	2	0.7575782871088906	1.7256257196087723	21.0	56
372	conventional	60	1	1	1.0975215918518988	3.4107291633527947	24.716666666666665	56
373	holistic	60	0	0	0.7758303192225895	1.9123718710089879	22.0	57
373	conventional	60	0	0	1.0690185255450892	2.5501772748587186	25.716666666666665	57
374	holistic	60	0	0	0.7989873087611983	2.05328259178243	23.0	58
374	conventional	60	0	0	1.0991079302166509	2.7922647869235977	26.716666666666665	58
375	holistic	60	1	1	0.7814320322249658	2.032829533582362	23.933333333333334	59
375	conventional	60	0	0	1.061450416404613	2.4470722000327854	27.716666666666665	59
376	holistic	60	3	3	0.7902610895797253	1.7951720641763333	23.8	56
376	conventional	60	1	1	1.0355307083235654	2.438375439822305	27.716666666666665	58
377	holistic	60	0	0	0.7604293925784805	1.7215839873229726	24.8	57
377	conventional	60	0	0	1.0842195240919472	2.4253584774881607	28.716666666666665	59
378	holistic	60	1	1	0.7903839301768126	1.9951477087375649	25.766666666666666	58
378	conventional	60	2	2	1.003728283588407	2.4200167361289187	27.716666666666665	58
379	holistic	60	1	1	0.8116758772513396	2.3618822581992456	26.716666666666665	59
379	conventional	60	2	2	1.0981766828194468	2.7794722488056363	27.883333333333333	59
380	holistic	60	3	3	0.7976820003141819	1.8619374223267893	25.65	59
380	conventional	60	2	2	1.075315970320415	2.7475060414578487	26.883333333333333	59
381	holistic	60	1	1	0.781587164556314	1.975133489777806	25.65	59
381	conventional	60	1	1	1.103485548410738	2.448963880943144	26.883333333333333	59
382	holistic	60	1	1	0.8238836801284527	2.6658938654240742	25.65	59
382	conventional	60	2	2	1.044594323861172	2.6975295419907606	25.883333333333333	59
383	holistic	60	2	2	0.8110301673711219	2.1620050769102814	25.6	57
383	conventional	60	1	1	0.9995486793157646	2.602689070812698	25.883333333333333	59
384	holistic	60	2	2	0.8061951519490347	1.9961958826054946	26.0	58
384	conventional	60	2	2	0.9430076420318617	2.5921472587442125	24.883333333333333	58
385	holistic	60	1	1	0.8445239302389009	2.071463912200071	26.966666666666665	59
385	conventional	60	0	0	1.0243821640734354	5.288629722177087	25.883333333333333	59
386	holistic	60	2	2	0.8293503211623129	2.1160443976579555	26.9	59
386	conventional	60	2	2	0.9528184439983519	3.7734519146798498	25.85	59
387	holistic	60	1	1	0.8265497855367056	2.005522347501746	26.9	59
387	conventional	60	3	3	0.9674072529337985	2.96017177620361	25.7	59
388	holistic	60	2	2	0.8188168201182562	2.0480089136793347	26.833333333333332	59
388	conventional	60	2	2	0.9009009282776573	2.289818252992581	24.7	59
389	holistic	60	1	1	0.8232466777567635	2.1773154311447023	26.833333333333332	56
389	conventional	60	4	4	0.8491342751291963	2.077943843928253	24.583333333333332	58
390	holistic	60	2	2	0.851342715626029	2.121594312815566	27.733333333333334	57
390	conventional	60	1	1	1.0334213034358573	5.348950419943197	25.55	59
391	holistic	60	0	0	0.920070618239432	2.5534828928741344	28.733333333333334	58
391	conventional	60	1	1	0.9472027188419582	3.8473225237741966	25.55	58
392	holistic	60	1	1	0.8603622396707108	2.183436447847713	29.666666666666668	59
392	conventional	60	1	1	0.9207439499503446	2.342658013989887	26.516666666666666	59
393	holistic	60	1	1	0.8329539289010429	2.133898252942974	29.666666666666668	58
393	conventional	60	4	4	0.8918466389181933	2.4417841287969226	25.2	58
394	holistic	60	1	1	0.8511855815806306	2.1623845258744527	30.633333333333333	59
394	conventional	60	1	1	0.8390022540709833	2.069746896087565	26.15	59
395	holistic	60	2	2	0.8496468598764015	2.706225319665313	29.633333333333333	59
395	conventional	60	3	3	0.8209424586882142	2.124864084403268	24.15	53
396	holistic	60	1	1	0.8194251322631587	2.1799408843690635	29.633333333333333	59
396	conventional	60	1	1	0.8432171774534428	3.323951734143374	25.1	54
397	holistic	60	2	2	0.7955521276987348	2.2021971536277483	28.633333333333333	58
397	conventional	60	0	0	0.8588364178969117	2.308691418767534	26.1	55
398	holistic	60	2	2	0.7839535306147449	2.1306789645791913	29.533333333333335	59
398	conventional	60	2	2	0.8600394553672215	2.3216512253414323	26.966666666666665	56
399	holistic	60	4	4	0.8133434416170482	2.5304730855673587	29.366666666666667	59
399	conventional	60	1	1	0.9621280652596699	2.3811416716716947	27.916666666666668	57
400	holistic	60	2	2	0.789159910861616	2.1470626434844196	29.333333333333332	58
400	conventional	60	1	1	1.0283621399343845	5.442715660057051	28.833333333333332	58
401	holistic	60	1	1	0.8293409839408228	2.199256744932761	30.3	59
401	conventional	60	0	0	1.0287793918166908	4.928550051795389	29.833333333333332	59
402	holistic	60	2	2	0.8347661183876316	2.190915142625096	30.233333333333334	58
402	conventional	60	1	1	0.9883795954404125	3.0922588304317453	29.833333333333332	59
403	holistic	60	1	1	0.8952869024441424	2.7826464107829234	31.166666666666668	59
403	conventional	60	1	1	0.9937211308169881	2.6800690822343274	29.833333333333332	58
404	holistic	60	3	3	0.8577472507991144	2.780421682602428	30.1	59
404	conventional	60	0	0	0.9669211863630323	2.4327202841193802	30.833333333333332	59
405	holistic	60	2	2	0.8543905767201488	2.7779248766559776	30.066666666666666	56
405	conventional	60	1	1	0.9762348105030714	2.801835646905538	30.833333333333332	59
406	holistic	60	0	0	0.8989712757950715	2.182790098644527	31.066666666666666	57
406	conventional	60	2	2	0.9295597826187139	2.623988155182202	29.833333333333332	55
407	holistic	60	0	0	0.9095725379541761	2.282001203651395	32.06666666666667	58
407	conventional	60	0	0	0.9685016676970457	2.4717765353943695	30.833333333333332	56
408	holistic	60	2	2	0.9169729990386402	2.494806179477045	32.93333333333333	59
408	conventional	60	0	0	0.9641497282313024	2.2740632159195444	31.833333333333332	57
409	holistic	60	2	2	0.9505543075270205	4.7802893623173315	31.933333333333334	56
409	conventional	60	0	0	0.9587276681292738	2.3266470050651074	32.833333333333336	58
410	holistic	60	0	0	0.9519800565548493	3.279594253982774	32.93333333333333	57
410	conventional	60	0	0	0.9646328145465031	2.2441428973778317	33.833333333333336	59
411	holistic	60	0	0	0.9486132449815254	2.441828665949229	33.93333333333333	58
411	conventional	60	1	1	0.9287540388374254	2.0112397778146307	33.833333333333336	59
412	holistic	60	0	0	0.9159833452633751	2.272138309526315	34.93333333333333	59
412	conventional	60	1	1	0.9283694809676248	2.1221656149599593	33.833333333333336	58
413	holistic	60	2	2	0.8915525595223536	2.125966781155124	34.86666666666667	58
413	conventional	60	1	1	0.9605061198853774	2.144441842705684	34.8	59
414	holistic	60	0	0	0.8870475836915119	2.0998181444328785	35.86666666666667	59
414	conventional	60	1	1	1.0041707377045832	3.332548042940069	34.8	59
415	holistic	60	2	2	0.8486873998115981	2.0540103308897644	34.86666666666667	59
415	conventional	60	1	1	1.0107475665881938	2.3056698292117432	34.8	59
416	holistic	60	3	3	0.8063459521060665	2.0514302766412755	32.86666666666667	58
416	conventional	60	1	1	0.9973750862152517	2.3132193387014337	34.8	56
417	holistic	60	0	0	0.8411350982740088	2.1087524220147413	33.86666666666667	59
417	conventional	60	0	0	1.0579785654966078	2.4798860771321434	35.8	57
418	holistic	60	1	1	0.8699479101587594	2.0669823579663906	33.86666666666667	58
418	conventional	60	0	0	1.0945614428078316	3.150849133031192	36.8	58
419	holistic	60	1	1	0.8546299046355038	2.0447430385363248	34.8	59
419	conventional	60	0	0	1.0620643521851705	2.729884636764604	37.8	59
420	holistic	60	3	3	0.8334723053204939	2.2928184537996255	32.8	59
420	conventional	60	1	1	1.044066696375018	2.4564690191158345	37.8	59
421	holistic	60	5	5	0.8279662456884421	2.192588414054326	28.8	59
421	conventional	60	9	9	0.8971652161491723	2.2540114464676284	29.8	59
422	holistic	60	3	3	0.8178455475287478	2.7623023594254708	27.733333333333334	59
422	conventional	60	1	1	1.0010690629886496	2.4857670544765673	29.8	59
423	holistic	60	1	1	0.8909147567754405	4.65951906761858	27.733333333333334	59
423	conventional	60	4	4	1.1728637131925823	9.341526869143292	27.766666666666666	58
424	holistic	60	4	4	0.7974338026122005	2.542724270139719	26.516666666666666	59
424	conventional	60	1	1	1.055951077398618	4.842546782204121	28.716666666666665	59
425	holistic	60	6	6	0.7761741089171352	2.5995483050281645	22.45	59
425	conventional	60	5	5	0.9172103681939151	3.008497009045484	25.683333333333334	59
426	holistic	60	3	3	0.7944936390416459	2.711163910739167	22.316666666666666	59
426	conventional	60	3	3	1.0495084808015176	7.306490197193803	25.633333333333333	59
427	holistic	60	2	2	0.8523883074671529	4.637434570032349	22.283333333333335	58
427	conventional	60	2	2	1.0849917528833173	4.813938276736333	24.633333333333333	59
428	holistic	60	1	1	0.7780131603700388	2.6446499067956077	22.816666666666666	59
428	conventional	60	1	1	1.0532834620593978	4.310866580562225	24.633333333333333	58
429	holistic	60	6	6	0.8062543760021427	2.645515202792797	20.616666666666667	58
429	conventional	60	2	2	0.9605604866138023	2.8156434846352836	25.533333333333335	59
430	holistic	60	1	1	0.8391581590286633	2.8290613957622277	21.55	59
430	conventional	60	2	2	0.9318182429538852	2.318298511158792	24.533333333333335	59
431	holistic	60	3	3	0.909809722758288	2.494591181106463	20.483333333333334	56
431	conventional	60	1	1	0.9285320140859051	2.153201512720379	24.533333333333335	59
432	holistic	60	0	0	0.8865624848019401	2.441226621761143	21.483333333333334	57
432	conventional	60	5	5	0.9190382875215785	2.0363120810706508	24.283333333333335	56
433	holistic	60	2	2	0.887962179079964	2.494980990721478	22.35	58
433	conventional	60	1	1	0.8847950735919347	1.8768033501631827	25.266666666666666	57
434	holistic	60	0	0	0.8875941884601622	2.4677082320727477	23.35	59
434	conventional	60	0	0	0.9052369917680625	1.835444861481564	26.266666666666666	58
435	holistic	60	1	1	0.8835141592565373	2.4059398028225947	23.35	57
435	conventional	60	0	0	0.8894253023169617	2.117625206145731	27.266666666666666	59
436	holistic	60	0	0	0.914386480215137	2.3470787205446406	24.35	58
436	conventional	60	1	1	0.8911308315278095	1.9601254125454055	27.266666666666666	58
437	holistic	60	0	0	0.9230212491509525	2.465187568623069	25.35	59
437	conventional	60	1	1	0.9232162659204821	1.9071722497773331	28.066666666666666	59
438	holistic	60	3	3	0.9259307908349999	2.4756204204047707	25.133333333333333	59
438	conventional	60	1	1	0.9159166588994105	1.9879724405226502	28.066666666666666	59
439	holistic	60	1	1	0.9257840025285531	2.3881225549926293	25.133333333333333	59
439	conventional	60	3	3	0.851052276646658	2.06866249520083	27.033333333333335	59
440	holistic	60	1	1	0.9016641961258123	2.3067012167881775	25.133333333333333	59
440	conventional	60	3	3	0.8521218476493463	2.1957193329293063	25.066666666666666	59
441	holistic	60	1	1	0.8729009302590449	2.229840263503801	25.133333333333333	58
441	conventional	60	1	1	0.7855543040149898	2.045949786785195	25.066666666666666	57
442	holistic	60	1	1	0.8622641258389565	2.245670021408575	26.066666666666666	59
442	conventional	60	2	2	0.8549016115295629	1.9105108519109784	26.0	58
443	holistic	60	2	2	0.8658715360499823	2.2607746838555594	25.983333333333334	59
443	conventional	60	0	0	0.9657968184006906	5.603392087200648	27.0	59
444	holistic	60	2	2	0.8468823356160013	2.2472009146507546	25.916666666666668	59
444	conventional	60	1	1	0.9011907924313525	2.5760222904067422	27.0	58
445	holistic	60	2	2	0.8416787788626608	2.2613863618442016	25.85	59
445	conventional	60	0	0	0.9172444099666083	2.915236023329081	28.0	59
446	holistic	60	3	3	0.8474317112157685	2.301401968740839	25.35	59
446	conventional	60	1	1	0.8773278398581439	2.5833557221035632	28.0	59
447	holistic	60	2	2	0.828834799956976	2.2365377849294243	25.283333333333335	58
447	conventional	60	3	3	0.869109756260472	1.9851390361051984	27.75	59
448	holistic	60	2	2	0.9340137123129926	4.8540023679237345	26.183333333333334	59
448	conventional	60	1	1	0.9482774922890925	2.251804960944403	27.75	59
449	holistic	60	4	4	0.9316994326679467	3.3513698036570103	26.016666666666666	59
449	conventional	60	3	3	0.9165875396325694	4.323335080600374	25.75	57
450	holistic	60	2	2	0.8947341343008749	2.203126939664906	25.016666666666666	57
450	conventional	60	1	1	0.9133549060542392	2.1812713912972597	26.683333333333334	58
451	holistic	60	1	1	0.8983973961856933	2.1699289723869075	25.95	58
451	conventional	60	0	0	0.9281152945206329	2.1527488051396197	27.683333333333334	59
452	holistic	60	1	1	0.9601095946888994	2.2062761889617746	26.883333333333333	59
452	conventional	60	1	1	0.9107520729125633	2.0928077662779283	27.683333333333334	59
453	holistic	60	2	2	0.9136897817851776	2.152018006475158	26.816666666666666	56
453	conventional	60	2	2	0.8891823613878054	2.0361176656666746	26.683333333333334	59
454	holistic	60	1	1	0.8815159452155016	2.100304453203752	27.75	57
454	conventional	60	2	2	0.9162235045228884	4.244774831826127	26.65	59
455	holistic	60	0	0	0.9568146422774022	2.0508344982401985	28.75	58
455	conventional	60	1	1	0.8923111598537533	3.2480834010394135	26.65	57
456	holistic	60	0	0	0.9266087707722447	2.024161488410562	29.75	59
456	conventional	60	0	0	0.8813845784149723	2.5812502786726608	27.65	58
457	holistic	60	1	1	0.9150458046943776	1.9988410293491572	29.75	58
457	conventional	60	0	0	0.925238606173447	2.9983183938430704	28.65	59
458	holistic	60	0	0	0.9148088189327203	2.054430874092491	30.75	59
458	conventional	60	2	2	0.8453861963704472	2.2486436435566888	27.65	59
459	holistic	60	2	2	0.8816783149766645	2.0489674206602424	29.75	58
459	conventional	60	2	2	0.8097399027935164	2.2486298965720306	27.583333333333332	59
460	holistic	60	0	0	0.9267983922110532	2.0821423275066295	30.75	59
460	conventional	60	2	2	0.8724219160299905	3.2743702303936275	27.483333333333334	58
461	holistic	60	2	2	0.8874777699412155	2.095295753740229	30.683333333333334	59
461	conventional	60	0	0	0.9593849260897402	3.3647909035991637	28.483333333333334	59
462	holistic	60	3	3	0.8435518274854709	2.089234034470044	29.55	58
462	conventional	60	2	2	0.9053439088527468	2.1374361711442003	28.416666666666668	59
463	holistic	60	0	0	0.9238314026765282	2.8718977295860877	30.55	59
463	conventional	60	1	1	0.9368726701918612	2.049555355304548	28.416666666666668	58
464	holistic	60	2	2	0.9517308294149451	5.366905212087674	30.283333333333335	59
464	conventional	60	0	0	0.960043686419389	2.0458727365775666	29.416666666666668	59
465	holistic	60	3	3	0.9307197984587569	3.5332341498836417	29.216666666666665	57
465	conventional	60	1	1	0.9095958173941477	2.081253024418245	29.416666666666668	59
466	holistic	60	0	0	0.9169350478595727	2.614711509799383	30.216666666666665	58
466	conventional	60	3	3	0.8547898933820548	2.0941938099420585	28.35	54
467	holistic	60	1	1	0.8875015209973127	2.063712424560116	31.183333333333334	59
467	conventional	60	1	1	0.9159437388349119	3.3338703173781816	29.316666666666666	55
468	holistic	60	2	2	0.838453722749874	2.029768846495435	30.183333333333334	59
468	conventional	60	1	1	0.9066956242806018	2.117702452153345	30.283333333333335	56
469	holistic	60	1	1	0.8551516267323375	2.434775502822305	30.183333333333334	56
469	conventional	60	0	0	0.8996574148839332	2.3386629794719673	31.283333333333335	57
470	holistic	60	0	0	0.8524052215478567	2.362994240610953	31.183333333333334	57
470	conventional	60	0	0	0.9465029050708892	2.000009630811613	32.28333333333333	58
471	holistic	60	1	1	0.8386209734011175	2.085245608565866	32.11666666666667	58
471	conventional	60	0	0	0.958708295842413	2.540243677463811	33.28333333333333	59
472	holistic	60	1	1	0.8230686163612014	1.8626843944241895	33.05	59
472	conventional	60	1	1	0.9523079372230681	2.747011966718652	33.28333333333333	59
473	holistic	60	5	5	0.7785297286106141	1.7716212650371894	31.516666666666666	58
473	conventional	60	1	1	0.9185932879039853	2.1013881926717533	33.28333333333333	59
474	holistic	60	0	0	0.9069537905079178	3.7000136906943735	32.516666666666666	59
474	conventional	60	2	2	0.8923518236207879	2.0050907236250417	33.25	59
475	holistic	60	2	2	0.8641401480954293	2.233886369391816	32.45	59
475	conventional	60	1	1	0.9435009100468983	2.447462055376882	33.25	59
476	holistic	60	2	2	0.878332132465751	1.7340534882828988	31.45	56
476	conventional	60	1	1	0.9239341372010788	2.375609840451622	33.25	56
477	holistic	60	2	2	0.8904673663601822	2.7251117362691275	32.31666666666667	57
477	conventional	60	1	1	0.9318848849181977	2.972886968315233	34.21666666666667	57
478	holistic	60	0	0	0.8691128041694578	2.058008290636763	33.31666666666667	58
478	conventional	60	0	0	0.9150335191245362	2.8058848155300793	35.21666666666667	58
479	holistic	60	2	2	0.8646057658562091	2.475130366613517	33.38333333333333	59
479	conventional	60	0	0	0.9873947347123414	4.304250733259683	36.21666666666667	59
480	holistic	60	2	2	0.8959296889007704	4.63837546052	32.38333333333333	59
480	conventional	60	2	2	0.9827508360200335	3.6372533458425553	36.1	59
481	holistic	60	6	6	0.8347089733554951	3.9445427376192908	29.0	59
481	conventional	60	7	7	0.9029026467293001	3.733875694052291	30.1	59
482	holistic	60	2	2	0.763964190163501	1.9421773508378424	28.95	59
482	conventional	60	1	1	0.9452186522848592	3.6790156523357567	30.1	59
483	holistic	60	1	1	0.7753399257862882	1.7264909489283502	28.95	59
483	conventional	60	5	5	0.8867371897962044	3.1908010295193865	28.033333333333335	58
484	holistic	60	5	5	0.773396158340798	1.6155625269404594	25.9	59
484	conventional	60	2	2	0.9968260597620124	4.443560919889948	29.0	59
485	holistic	60	4	4	0.7577597283909642	1.6570927389328163	24.766666666666666	59
485	conventional	60	3	3	0.9261063288709385	2.757499371159728	27.0	58
486	holistic	60	3	3	0.7317187349263015	1.5451157201544954	23.583333333333332	59
486	conventional	60	0	0	0.8367014322869101	2.4694244639091183	28.0	59
487	holistic	60	2	2	0.7723383674607937	1.548016410426487	23.516666666666666	59
487	conventional	60	4	4	0.835248598697805	2.456697852708969	26.9	58
488	holistic	60	2	2	0.8079010491277823	2.6496299803720924	23.45	59
488	conventional	60	0	0	0.8836140021257134	2.517410667763933	27.9	59
489	holistic	60	5	5	0.734478228772174	2.1482726060837187	20.4	58
489	conventional	60	3	3	0.8700384300903171	2.3031532363895364	27.8	59
490	holistic	60	0	0	0.7493699433007553	1.4687566816124267	21.4	59
490	conventional	60	1	1	0.9155980389151873	3.415506581458744	27.8	59
491	holistic	60	4	4	0.7115808609057844	1.4277373348155653	19.333333333333332	58
491	conventional	60	2	2	0.9179399968722112	2.9079349653856315	27.633333333333333	59
492	holistic	60	1	1	0.8164906828063422	3.8022580096979923	20.266666666666666	59
492	conventional	60	4	4	0.9228251349588558	3.4576189590364503	24.633333333333333	59
493	holistic	60	4	4	0.8021043523491118	2.4770169799088393	20.066666666666666	58
493	conventional	60	1	1	0.9040363927143856	2.2302639604474908	24.633333333333333	57
494	holistic	60	0	0	0.7923185688435619	2.310326664771135	21.066666666666666	59
494	conventional	60	2	2	0.9116813529353907	2.1081492694135133	25.566666666666666	58
495	holistic	60	3	3	0.7875337737068515	1.7309917726656838	20.966666666666665	57
495	conventional	60	0	0	0.9206603435942022	2.060842665480822	26.566666666666666	59
496	holistic	60	1	1	0.8408991886482996	1.9072498015129515	21.9	58
496	conventional	60	1	1	0.9235945661820488	2.390581175979637	26.566666666666666	57
497	holistic	60	1	1	0.8811008018388282	2.708904569184964	22.833333333333332	59
497	conventional	60	0	0	0.9098238566814042	2.403212956358335	27.566666666666666	58
498	holistic	60	1	1	0.8664732965113269	1.978009403487005	22.833333333333332	59
498	conventional	60	1	1	0.9101375359878361	2.3097705645817133	28.533333333333335	59
499	holistic	60	2	2	0.8647250606237553	2.033966840283817	22.766666666666666	56
499	conventional	60	3	3	0.8540306549975315	2.232267410578575	26.533333333333335	59
500	holistic	60	0	0	0.8786048662925975	2.37312718368522	23.766666666666666	57
500	conventional	60	2	2	0.879363743737822	2.243335006895037	26.35	58
501	holistic	60	1	1	0.8850671691726876	2.80616679351277	24.733333333333334	58
501	conventional	60	0	0	0.9350095763391589	4.179872539893893	27.35	59
502	holistic	60	0	0	0.8851301282374691	2.401476389811015	25.733333333333334	59
502	conventional	60	3	3	0.9175160250663459	3.187304857074308	26.15	58
503	holistic	60	2	2	0.8805931938211642	2.4114524373301927	25.666666666666668	59
503	conventional	60	2	2	0.9132595472808667	2.5617096602022706	27.083333333333332	59
504	holistic	60	1	1	0.9489375172959015	3.611221505666727	25.666666666666668	59
504	conventional	60	2	2	0.978018425429915	2.6950736575686194	26.8	57
505	holistic	60	1	1	1.0032702857902889	5.940239784883217	25.666666666666668	58
505	conventional	60	0	0	0.9825534990312277	2.5955906030343123	27.8	58
506	holistic	60	0	0	0.9783635578447057	2.958802707299814	26.666666666666668	59
506	conventional	60	0	0	0.9909665236130587	3.02952226251159	28.8	59
507	holistic	60	1	1	0.8971592570760131	2.29346435540547	26.666666666666668	58
507	conventional	60	4	4	0.9106110736765982	2.482080207164984	26.75	59
508	holistic	60	0	0	0.8637863465352733	2.0463469663545393	27.666666666666668	59
508	conventional	60	2	2	0.9467708843749197	2.1946589260527904	26.3	59
509	holistic	60	2	2	0.8528257756342555	1.968708830442308	26.666666666666668	59
509	conventional	60	3	3	0.9689978412730255	3.3662681038159494	24.3	59
510	holistic	60	2	2	0.8093001108884478	1.9030002953280254	26.466666666666665	59
510	conventional	60	2	2	0.845258784080481	1.7763917377140448	24.25	57
511	holistic	60	1	1	0.9729962196499005	6.644286378631006	26.466666666666665	59
511	conventional	60	0	0	0.9976273087577038	4.416923090482716	25.25	58
512	holistic	60	1	1	0.8904003705807526	3.1414509405779327	26.466666666666665	53
512	conventional	60	1	1	1.0013379522757986	3.422760580129551	26.216666666666665	59
513	holistic	60	2	2	0.9116610783328977	1.9788092213285673	27.3	54
513	conventional	60	2	2	0.999368726226699	2.5299085671763324	25.216666666666665	59
514	holistic	60	0	0	0.9078867826980981	1.9295218032155137	28.3	55
514	conventional	60	1	1	0.914598768433893	2.331625332624223	25.216666666666665	56
515	holistic	60	0	0	0.8695504020234491	1.867775907758564	29.3	56
515	conventional	60	1	1	0.923674350541326	2.4264629423491395	26.183333333333334	57
516	holistic	60	1	1	0.8615798287057285	2.112380156829251	30.083333333333332	57
516	conventional	60	1	1	0.8804011539323604	1.763073150679391	27.133333333333333	58
517	holistic	60	0	0	0.8616908937962064	2.096353438017044	31.083333333333332	58
517	conventional	60	1	1	0.8955848319326767	1.9215278403781748	27.9	59
518	holistic	60	0	0	0.8841439466096406	2.960453898841153	32.083333333333336	59
518	conventional	60	1	1	0.8786810647488553	1.6388322104962587	27.9	59
519	holistic	60	2	2	0.8529309781902032	2.63319792102083	31.083333333333332	58
519	conventional	60	3	3	0.8305184309161909	1.6377407979716065	26.2	59
520	holistic	60	0	0	0.8819037362002357	2.2114770060737086	32.083333333333336	59
520	conventional	60	2	2	0.7906467859534587	1.9186257180523107	25.2	58
521	holistic	60	1	1	0.8768112077781446	2.1642332724341076	32.083333333333336	59
521	conventional	60	3	3	0.7636969787478244	1.7197066988813066	25.983333333333334	59
522	holistic	60	2	2	0.8608000209854482	1.966513609242145	31.083333333333332	58
522	conventional	60	6	6	0.7768587548815107	2.552059056125749	25.7	59
523	holistic	60	0	0	0.8338993692965588	1.9629321883817796	32.083333333333336	59
523	conventional	60	3	3	0.7207423312594776	1.5378738230545488	25.566666666666666	57
524	holistic	60	3	3	0.7965922622788784	1.7249013720338964	31.05	59
524	conventional	60	1	1	0.8373850264246777	1.9214963436601902	26.533333333333335	58
525	holistic	60	2	2	0.7631451501619717	1.7996297179626097	30.85	57
525	conventional	60	0	0	0.8171489066398647	1.5574010449942512	27.533333333333335	59
526	holistic	60	1	1	0.7613551678524808	1.7402951493058942	31.783333333333335	58
526	conventional	60	3	3	0.7383281723210049	1.609822561655646	26.483333333333334	59
527	holistic	60	0	0	0.7576094574655211	1.7161152684281769	32.78333333333333	59
527	conventional	60	1	1	0.7776972180203402	2.248035057997295	26.483333333333334	59
528	holistic	60	3	3	0.7413816464292794	1.7532199977071308	32.65	56
528	conventional	60	4	4	0.8417331685410673	6.283512466430145	26.333333333333332	54
529	holistic	60	0	0	0.7649846647420316	1.788388621311352	33.65	57
529	conventional	60	0	0	0.7822761333175716	2.7544818375067917	27.333333333333332	55
530	holistic	60	2	2	0.7475956389065939	1.7367880069871213	33.88333333333333	58
530	conventional	60	4	4	0.7595072593485362	1.9214183468165962	27.616666666666667	56
531	holistic	60	0	0	0.7773367899278806	1.7775110320497074	34.88333333333333	59
531	conventional	60	0	0	0.8538987495629359	3.4003033399128793	28.616666666666667	57
532	holistic	60	2	2	0.7490680454668268	1.8029542936792975	34.81666666666667	59
532	conventional	60	1	1	0.8373421468918978	1.9021320553061742	28.966666666666665	58
533	holistic	60	4	4	0.7624964904436465	2.622324865870417	31.933333333333334	58
533	conventional	60	2	2	0.8211860614061578	1.582354135603256	29.733333333333334	59
534	holistic	60	1	1	0.8850435344235499	3.797530980058628	32.86666666666667	59
534	conventional	60	3	3	0.9035709617459583	5.45993334700837	28.666666666666668	58
535	holistic	60	1	1	0.8021992929236395	2.033287505908355	32.86666666666667	59
535	conventional	60	0	0	0.8783710543132748	2.452949270298941	29.666666666666668	59
536	holistic	60	4	4	0.8373921303162978	3.7435101594541513	31.616666666666667	59
536	conventional	60	1	1	0.9351171520649256	2.310073480660793	29.666666666666668	56
537	holistic	60	2	2	0.8576995624273622	3.747096763043062	31.55	58
537	conventional	60	0	0	0.9794940690275722	3.3060146158878787	30.666666666666668	57
538	holistic	60	0	0	0.8397645939978299	3.0797193856781284	32.55	59
538	conventional	60	0	0	0.9856049520707568	3.555869120821117	31.666666666666668	58
539	holistic	60	2	2	0.826683730353479	2.497321167745642	32.31666666666667	59
539	conventional	60	0	0	1.0161954254034118	2.7077866502347065	32.666666666666664	59
540	holistic	60	2	2	0.8778603598332905	2.9918699723345394	32.25	59
540	conventional	60	2	2	0.9594627949761012	2.9734768741164803	31.666666666666668	59
541	holistic	60	4	4	0.7923833211938172	1.9138542030699943	30.183333333333334	59
541	conventional	60	3	3	0.897523076052293	2.4579112050860537	29.666666666666668	59
542	holistic	60	2	2	0.8056406312613881	1.7949438302584517	29.183333333333334	58
542	conventional	60	2	2	0.8271096409345511	2.314763232451689	29.633333333333333	59
543	holistic	60	0	0	0.821683147846078	1.8195160781695607	30.183333333333334	59
543	conventional	60	3	3	0.8474140723125777	2.0921703914902587	28.6	59
544	holistic	60	7	7	0.7668071221462467	3.269551246709003	26.95	59
544	conventional	60	3	3	0.8095904749364025	2.314975649140044	27.566666666666666	59
545	holistic	60	5	5	0.7524854871239001	2.1071574209638855	23.883333333333333	59
545	conventional	60	1	1	0.8646141723367592	2.1375686384826227	27.566666666666666	58
546	holistic	60	2	2	0.8465019800248347	2.604136273737024	23.683333333333334	59
546	conventional	60	0	0	1.0049266290670993	4.291871305298964	28.566666666666666	59
547	holistic	60	1	1	0.8658979507505581	2.947936753321638	23.683333333333334	59
547	conventional	60	2	2	0.9940272020540374	3.5195206414792026	27.566666666666666	58
548	holistic	60	3	3	0.8643649622840716	1.9651777918939073	23.55	59
548	conventional	60	0	0	0.9929101504895563	2.8293691572267536	28.566666666666666	59
549	holistic	60	3	3	0.8654107909435855	2.2818022865314282	22.416666666666668	58
549	conventional	60	3	3	0.9246644090345042	2.3802422065411326	27.466666666666665	58
550	holistic	60	3	3	0.8617111136028421	2.7072466892970417	23.016666666666666	59
550	conventional	60	0	0	0.9327094517713895	2.473762028687386	28.466666666666665	59
551	holistic	60	4	4	0.8434076679293162	1.9487574277331583	20.95	58
551	conventional	60	2	2	0.9055815391577476	1.8983637362440307	27.466666666666665	59
552	holistic	60	0	0	0.8694181581529699	2.5311500909268685	21.95	59
552	conventional	60	3	3	0.9461764529546896	3.375306411019272	26.283333333333335	58
553	holistic	60	3	3	0.8471777806208269	2.532017963868423	20.883333333333333	58
553	conventional	60	0	0	0.9150336583474208	2.2121547063651708	27.283333333333335	59
554	holistic	60	1	1	0.8375194447127697	2.1984720464833276	21.816666666666666	59
554	conventional	60	3	3	0.8720266478902816	2.0930211814001516	26.25	56
555	holistic	60	4	4	0.766727857159624	1.9486095682199813	20.516666666666666	59
555	conventional	60	3	3	0.8178173300946364	1.974491968626585	27.133333333333333	57
556	holistic	60	2	2	0.7541253407378533	1.8497136524997768	20.333333333333332	59
556	conventional	60	1	1	0.88553552563623	2.441305155241684	28.1	58
557	holistic	60	5	5	0.7557598397152222	1.8289335546308405	20.0	56
557	conventional	60	1	1	0.8375709261310587	1.9101749738668148	29.066666666666666	59
558	holistic	60	1	1	0.7485018057351654	1.845544185264982	20.933333333333334	57
558	conventional	60	4	4	0.782628613424061	1.8161586925813265	28.733333333333334	59
559	holistic	60	0	0	0.8248584660415137	1.7729076426858155	21.933333333333334	58
559	conventional	60	3	3	0.8257434514097022	1.7385365466691427	27.7	59
560	holistic	60	1	1	0.8319679676936836	1.8222769457924293	22.883333333333333	59
560	conventional	60	2	2	0.9217580408825622	3.2835688333072808	27.683333333333334	58
561	holistic	60	2	2	0.8348369890413154	1.9870731401578319	22.8	58
561	conventional	60	1	1	0.9273819449297577	2.931595683996637	28.65	59
562	holistic	60	1	1	0.8720486054124248	2.018884289489869	23.766666666666666	59
562	conventional	60	4	4	0.8418578387504394	2.267049167916241	27.583333333333332	59
563	holistic	60	1	1	0.8690168932286786	1.971283792324915	23.766666666666666	59
563	conventional	60	2	2	0.8721822221041526	2.4695882791797006	27.55	59
564	holistic	60	1	1	0.8824549977323817	2.0010950975027404	23.766666666666666	59
564	conventional	60	1	1	0.8203826237853112	2.09880428432384	27.55	57
565	holistic	60	2	2	0.8156363830312084	1.9217517695911792	23.7	56
565	conventional	60	1	1	0.7742176909781506	1.9796676928391714	28.25	58
566	holistic	60	0	0	0.8058732266883624	1.9859699942610225	24.7	57
566	conventional	60	1	1	0.8308276128312759	2.014742511747734	28.833333333333332	59
567	holistic	60	0	0	0.7963886927221021	1.9452313754078239	25.7	58
567	conventional	60	4	4	0.8436066537916661	2.071093984844267	26.783333333333335	59
568	holistic	60	1	1	0.8133683063764434	1.875430593425056	26.633333333333333	59
568	conventional	60	4	4	0.8565867423577485	2.1060759683441828	25.583333333333332	59
569	holistic	60	2	2	0.8309302071170084	1.8632423943246652	26.566666666666666	59
569	conventional	60	3	3	0.9793980635956108	3.45590034211496	23.583333333333332	59
570	holistic	60	2	2	0.8088072621397976	1.8626045261645285	25.566666666666666	59
570	conventional	60	2	2	1.0622144200034094	2.4919027703804306	23.566666666666666	56
571	holistic	60	1	1	0.8499894759498671	2.5277837353045194	25.566666666666666	59
571	conventional	60	0	0	1.1471278528680549	6.283468218220062	24.566666666666666	57
572	holistic	60	2	2	0.8432229936065482	1.8619036207837538	25.45	59
572	conventional	60	1	1	1.074694662267553	3.2607052390504188	25.516666666666666	58
573	holistic	60	3	3	0.8356902218790155	1.8374784057811027	25.316666666666666	57
573	conventional	60	0	0	1.06317614722843	3.248064268373524	26.516666666666666	59
574	holistic	60	1	1	0.8750952279707273	2.0608582684709384	26.016666666666666	58
574	conventional	60	2	2	1.0555764072403442	4.255432176488141	25.95	59
575	holistic	60	0	0	0.8660808759978388	1.831290157447548	27.016666666666666	59
575	conventional	60	3	3	0.9928646364077074	3.65356275279465	25.883333333333333	54
576	holistic	60	2	2	0.8240469710546691	1.8555141905216386	26.95	57
576	conventional	60	1	1	0.9970952352425326	4.249112537837114	26.866666666666667	55
577	holistic	60	1	1	0.8475162694369172	1.9517208368902195	27.883333333333333	58
577	conventional	60	1	1	1.032216582500008	3.5398417772128075	27.833333333333332	56
578	holistic	60	1	1	0.8706964599706399	1.7785302080615284	28.85	59
578	conventional	60	0	0	1.1093186857519093	3.747225953117619	28.833333333333332	57
579	holistic	60	2	2	0.8290266710996482	1.731105927466921	27.85	58
579	conventional	60	0	0	1.0899822351002906	3.3603784450944296	29.833333333333332	58
580	holistic	60	0	0	0.9031688809116277	2.887485628065652	28.85	59
580	conventional	60	0	0	1.0743386428535104	2.945253672211976	30.833333333333332	59
581	holistic	60	1	1	0.8626373692104692	1.8470390544573616	28.85	57
581	conventional	60	2	2	1.0181369076881586	2.6123289991527967	29.833333333333332	59
582	holistic	60	1	1	0.8893869843838994	1.8934722089870273	29.783333333333335	58
582	conventional	60	4	4	0.9916041616495669	2.5137097697930897	26.833333333333332	59
583	holistic	60	1	1	0.8578314740202407	1.8593015042076184	30.583333333333332	59
583	conventional	60	3	3	0.9835586176065072	2.2162585361890494	26.65	57
584	holistic	60	1	1	0.8460856391101466	2.2780736050862536	30.583333333333332	58
584	conventional	60	1	1	0.9641111879390233	3.2088500513615976	27.366666666666667	58
585	holistic	60	1	1	0.8472599922715641	2.110325003137528	31.533333333333335	59
585	conventional	60	0	0	0.9758464289976103	2.542583575549005	28.366666666666667	59
586	holistic	60	1	1	0.8249313129910146	1.805754878606471	31.533333333333335	58
586	conventional	60	2	2	0.9803819618100447	2.2098629490155743	28.316666666666666	59
587	holistic	60	2	2	0.8129091364660536	1.798630964851743	32.333333333333336	59
587	conventional	60	1	1	1.0299028598182816	2.1954473298212394	28.316666666666666	59
588	holistic	60	2	2	0.8162121976593074	1.7812405160248943	32.3	56
588	conventional	60	1	1	1.0613048175231816	3.4628823301161558	28.316666666666666	58
589	holistic	60	1	1	0.8539830955985327	1.8549048976538731	33.266666666666666	57
589	conventional	60	0	0	1.0145224056736342	2.1072675189698633	29.316666666666666	59
590	holistic	60	0	0	0.8432789393916932	1.8342418468635828	34.266666666666666	58
590	conventional	60	3	3	0.9659176244841771	2.214652203488771	27.316666666666666	58
591	holistic	60	1	1	0.8563917927444099	1.9385038028435895	35.2	59
591	conventional	60	1	1	1.002994128582938	2.121302076525422	28.25	59
592	holistic	60	1	1	0.8581651407309976	1.8697821060317514	35.2	59
592	conventional	60	1	1	0.9992189276932399	2.3251909915882334	28.25	59
593	holistic	60	4	4	0.8328272773924449	2.260548175834268	33.06666666666667	58
593	conventional	60	3	3	0.9278895771243584	1.9963696778094029	27.1	59
594	holistic	60	1	1	0.8048568895798848	1.9685494042112128	33.96666666666667	59
594	conventional	60	4	4	0.9453207377521771	3.280087156339592	25.033333333333335	58
595	holistic	60	2	2	0.8133719495272099	1.8305685755265304	33.93333333333333	59
595	conventional	60	0	0	0.9560322921294959	1.9898364037865333	26.033333333333335	59
596	holistic	60	2	2	0.8345794340484542	1.9670097846622567	32.93333333333333	59
596	conventional	60	2	2	0.9401891351971268	1.9262900225330715	25.983333333333334	54
597	holistic	60	2	2	0.8343456082891376	1.9685726764129128	32.86666666666667	58
597	conventional	60	0	0	0.9548024242986354	2.397651655384664	26.983333333333334	55
598	holistic	60	0	0	0.8520775957780631	1.7747240772493922	33.86666666666667	59
598	conventional	60	1	1	0.9555979762250305	2.1473824716500314	27.866666666666667	56
599	holistic	60	3	3	0.8882532249133159	1.92113856720779	32.8	59
599	conventional	60	3	3	0.9465176550067186	1.8266251726027651	28.7	57
