# RBT-102 structural carriage -- runs/RBT-112/HZ-804

seed 804; state.json season 600 of 600; fauna: conventional (fixed_body 'pioneer'); window seasons 300-599
genomes saved at birth: 1285; living names without a genome: 0

## Positive control (before any number)

  20 window genomes (seed 102); installs ((1.0, 1.0), (8.0, -1.0)) (w, sign)
  installed motif detected 40 of 40; install invalid 0; bare genomes carrying 7 of 20
  positive control: PASSED

## Carriage per season (living conventional fauna)

| season | alive | carriers | fraction | mean depth |
|---|---|---|---|---|
| 0 | 60 | 30 | 0.5000 | 0.0 |
| 1 | 60 | 30 | 0.5000 | 0.0 |
| 2 | 60 | 30 | 0.5000 | 0.1 |
| 3 | 60 | 31 | 0.5167 | 0.3 |
| 4 | 60 | 31 | 0.5167 | 0.4 |
| 5 | 60 | 37 | 0.6167 | 0.5 |
| 6 | 60 | 38 | 0.6333 | 0.6 |
| 7 | 60 | 36 | 0.6000 | 0.7 |
| 8 | 60 | 38 | 0.6333 | 0.9 |
| 9 | 60 | 38 | 0.6333 | 1.1 |
| 10 | 60 | 42 | 0.7000 | 1.1 |
| 11 | 60 | 41 | 0.6833 | 1.1 |
| 12 | 60 | 40 | 0.6667 | 1.1 |
| 13 | 60 | 41 | 0.6833 | 1.1 |
| 14 | 60 | 41 | 0.6833 | 1.2 |
| 15 | 60 | 38 | 0.6333 | 1.2 |
| 16 | 60 | 38 | 0.6333 | 1.1 |
| 17 | 60 | 39 | 0.6500 | 1.1 |
| 18 | 60 | 41 | 0.6833 | 1.2 |
| 19 | 60 | 42 | 0.7000 | 1.2 |
| 20 | 60 | 43 | 0.7167 | 1.3 |
| 21 | 60 | 43 | 0.7167 | 1.3 |
| 22 | 60 | 42 | 0.7000 | 1.3 |
| 23 | 60 | 43 | 0.7167 | 1.3 |
| 24 | 60 | 43 | 0.7167 | 1.4 |
| 25 | 60 | 42 | 0.7000 | 1.3 |
| 26 | 60 | 42 | 0.7000 | 1.3 |
| 27 | 60 | 43 | 0.7167 | 1.3 |
| 28 | 60 | 43 | 0.7167 | 1.3 |
| 29 | 60 | 44 | 0.7333 | 1.3 |
| 30 | 60 | 44 | 0.7333 | 1.3 |
| 31 | 60 | 45 | 0.7500 | 1.4 |
| 32 | 60 | 45 | 0.7500 | 1.4 |
| 33 | 60 | 45 | 0.7500 | 1.4 |
| 34 | 60 | 45 | 0.7500 | 1.4 |
| 35 | 60 | 45 | 0.7500 | 1.4 |
| 36 | 60 | 46 | 0.7667 | 1.5 |
| 37 | 60 | 46 | 0.7667 | 1.5 |
| 38 | 60 | 46 | 0.7667 | 1.6 |
| 39 | 60 | 46 | 0.7667 | 1.6 |
| 40 | 60 | 47 | 0.7833 | 1.6 |
| 41 | 60 | 47 | 0.7833 | 1.6 |
| 42 | 60 | 47 | 0.7833 | 1.6 |
| 43 | 60 | 47 | 0.7833 | 1.6 |
| 44 | 60 | 47 | 0.7833 | 1.6 |
| 45 | 60 | 46 | 0.7667 | 1.6 |
| 46 | 60 | 46 | 0.7667 | 1.6 |
| 47 | 60 | 46 | 0.7667 | 1.6 |
| 48 | 60 | 46 | 0.7667 | 1.6 |
| 49 | 60 | 47 | 0.7833 | 1.6 |
| 50 | 60 | 47 | 0.7833 | 1.6 |
| 51 | 60 | 47 | 0.7833 | 1.6 |
| 52 | 60 | 47 | 0.7833 | 1.6 |
| 53 | 60 | 47 | 0.7833 | 1.7 |
| 54 | 60 | 47 | 0.7833 | 1.7 |
| 55 | 60 | 47 | 0.7833 | 1.7 |
| 56 | 60 | 47 | 0.7833 | 1.8 |
| 57 | 60 | 47 | 0.7833 | 1.8 |
| 58 | 60 | 47 | 0.7833 | 1.8 |
| 59 | 60 | 47 | 0.7833 | 1.8 |
| 60 | 60 | 47 | 0.7833 | 1.8 |
| 61 | 60 | 47 | 0.7833 | 1.9 |
| 62 | 60 | 46 | 0.7667 | 1.9 |
| 63 | 60 | 44 | 0.7333 | 2.0 |
| 64 | 60 | 45 | 0.7500 | 2.0 |
| 65 | 60 | 45 | 0.7500 | 2.1 |
| 66 | 60 | 44 | 0.7333 | 2.3 |
| 67 | 60 | 42 | 0.7000 | 2.7 |
| 68 | 60 | 43 | 0.7167 | 2.8 |
| 69 | 60 | 40 | 0.6667 | 2.9 |
| 70 | 60 | 41 | 0.6833 | 3.1 |
| 71 | 60 | 42 | 0.7000 | 2.9 |
| 72 | 60 | 43 | 0.7167 | 3.1 |
| 73 | 60 | 43 | 0.7167 | 3.1 |
| 74 | 60 | 43 | 0.7167 | 3.2 |
| 75 | 60 | 42 | 0.7000 | 3.4 |
| 76 | 60 | 43 | 0.7167 | 3.4 |
| 77 | 60 | 42 | 0.7000 | 3.5 |
| 78 | 60 | 43 | 0.7167 | 3.5 |
| 79 | 60 | 42 | 0.7000 | 3.7 |
| 80 | 60 | 42 | 0.7000 | 3.7 |
| 81 | 60 | 42 | 0.7000 | 3.8 |
| 82 | 60 | 41 | 0.6833 | 3.8 |
| 83 | 60 | 42 | 0.7000 | 3.8 |
| 84 | 60 | 41 | 0.6833 | 3.8 |
| 85 | 60 | 39 | 0.6500 | 3.9 |
| 86 | 60 | 38 | 0.6333 | 3.9 |
| 87 | 60 | 39 | 0.6500 | 3.9 |
| 88 | 60 | 39 | 0.6500 | 3.9 |
| 89 | 60 | 38 | 0.6333 | 4.0 |
| 90 | 60 | 38 | 0.6333 | 4.0 |
| 91 | 60 | 37 | 0.6167 | 4.1 |
| 92 | 60 | 37 | 0.6167 | 4.1 |
| 93 | 60 | 37 | 0.6167 | 4.1 |
| 94 | 60 | 37 | 0.6167 | 4.1 |
| 95 | 60 | 36 | 0.6000 | 4.1 |
| 96 | 60 | 36 | 0.6000 | 4.1 |
| 97 | 60 | 36 | 0.6000 | 4.1 |
| 98 | 60 | 36 | 0.6000 | 4.1 |
| 99 | 60 | 36 | 0.6000 | 4.1 |
| 100 | 60 | 35 | 0.5833 | 4.1 |
| 101 | 60 | 35 | 0.5833 | 4.2 |
| 102 | 60 | 35 | 0.5833 | 4.2 |
| 103 | 60 | 34 | 0.5667 | 4.2 |
| 104 | 60 | 34 | 0.5667 | 4.2 |
| 105 | 60 | 34 | 0.5667 | 4.2 |
| 106 | 60 | 34 | 0.5667 | 4.2 |
| 107 | 60 | 34 | 0.5667 | 4.2 |
| 108 | 60 | 34 | 0.5667 | 4.3 |
| 109 | 60 | 34 | 0.5667 | 4.3 |
| 110 | 60 | 34 | 0.5667 | 4.3 |
| 111 | 60 | 34 | 0.5667 | 4.3 |
| 112 | 60 | 34 | 0.5667 | 4.3 |
| 113 | 60 | 34 | 0.5667 | 4.3 |
| 114 | 60 | 34 | 0.5667 | 4.3 |
| 115 | 60 | 34 | 0.5667 | 4.3 |
| 116 | 60 | 34 | 0.5667 | 4.3 |
| 117 | 60 | 34 | 0.5667 | 4.3 |
| 118 | 60 | 33 | 0.5500 | 4.3 |
| 119 | 60 | 33 | 0.5500 | 4.3 |
| 120 | 60 | 33 | 0.5500 | 4.3 |
| 121 | 60 | 31 | 0.5167 | 4.4 |
| 122 | 60 | 31 | 0.5167 | 4.5 |
| 123 | 60 | 31 | 0.5167 | 4.5 |
| 124 | 60 | 30 | 0.5000 | 4.5 |
| 125 | 60 | 31 | 0.5167 | 4.5 |
| 126 | 60 | 30 | 0.5000 | 4.5 |
| 127 | 60 | 30 | 0.5000 | 4.8 |
| 128 | 60 | 29 | 0.4833 | 4.9 |
| 129 | 60 | 30 | 0.5000 | 5.0 |
| 130 | 60 | 28 | 0.4667 | 5.3 |
| 131 | 60 | 29 | 0.4833 | 5.3 |
| 132 | 60 | 28 | 0.4667 | 5.5 |
| 133 | 60 | 28 | 0.4667 | 5.5 |
| 134 | 60 | 28 | 0.4667 | 5.6 |
| 135 | 60 | 27 | 0.4500 | 5.8 |
| 136 | 60 | 28 | 0.4667 | 5.8 |
| 137 | 60 | 26 | 0.4333 | 5.9 |
| 138 | 60 | 25 | 0.4167 | 5.9 |
| 139 | 60 | 24 | 0.4000 | 5.9 |
| 140 | 60 | 25 | 0.4167 | 6.0 |
| 141 | 60 | 24 | 0.4000 | 5.9 |
| 142 | 60 | 23 | 0.3833 | 6.0 |
| 143 | 60 | 24 | 0.4000 | 6.0 |
| 144 | 60 | 25 | 0.4167 | 6.0 |
| 145 | 60 | 26 | 0.4333 | 6.0 |
| 146 | 60 | 26 | 0.4333 | 6.0 |
| 147 | 60 | 26 | 0.4333 | 6.0 |
| 148 | 60 | 26 | 0.4333 | 6.0 |
| 149 | 60 | 25 | 0.4167 | 6.0 |
| 150 | 60 | 25 | 0.4167 | 6.0 |
| 151 | 60 | 26 | 0.4333 | 6.0 |
| 152 | 60 | 26 | 0.4333 | 6.0 |
| 153 | 60 | 26 | 0.4333 | 6.2 |
| 154 | 60 | 27 | 0.4500 | 6.3 |
| 155 | 60 | 28 | 0.4667 | 6.3 |
| 156 | 60 | 28 | 0.4667 | 6.4 |
| 157 | 60 | 28 | 0.4667 | 6.5 |
| 158 | 60 | 28 | 0.4667 | 6.5 |
| 159 | 60 | 29 | 0.4833 | 6.5 |
| 160 | 60 | 30 | 0.5000 | 6.5 |
| 161 | 60 | 28 | 0.4667 | 6.6 |
| 162 | 60 | 28 | 0.4667 | 6.6 |
| 163 | 60 | 30 | 0.5000 | 6.5 |
| 164 | 60 | 30 | 0.5000 | 6.6 |
| 165 | 60 | 30 | 0.5000 | 6.6 |
| 166 | 60 | 31 | 0.5167 | 6.6 |
| 167 | 60 | 30 | 0.5000 | 6.5 |
| 168 | 60 | 29 | 0.4833 | 6.5 |
| 169 | 60 | 29 | 0.4833 | 6.5 |
| 170 | 60 | 30 | 0.5000 | 6.6 |
| 171 | 60 | 29 | 0.4833 | 6.7 |
| 172 | 60 | 28 | 0.4667 | 6.6 |
| 173 | 60 | 28 | 0.4667 | 6.7 |
| 174 | 60 | 27 | 0.4500 | 6.6 |
| 175 | 60 | 27 | 0.4500 | 6.6 |
| 176 | 60 | 27 | 0.4500 | 6.6 |
| 177 | 60 | 27 | 0.4500 | 6.6 |
| 178 | 60 | 28 | 0.4667 | 6.7 |
| 179 | 60 | 27 | 0.4500 | 6.7 |
| 180 | 60 | 27 | 0.4500 | 6.7 |
| 181 | 60 | 27 | 0.4500 | 6.7 |
| 182 | 60 | 27 | 0.4500 | 6.7 |
| 183 | 60 | 27 | 0.4500 | 6.7 |
| 184 | 60 | 26 | 0.4333 | 6.8 |
| 185 | 60 | 26 | 0.4333 | 6.8 |
| 186 | 60 | 26 | 0.4333 | 6.9 |
| 187 | 60 | 25 | 0.4167 | 7.1 |
| 188 | 60 | 24 | 0.4000 | 7.2 |
| 189 | 60 | 25 | 0.4167 | 7.2 |
| 190 | 60 | 25 | 0.4167 | 7.2 |
| 191 | 60 | 24 | 0.4000 | 7.3 |
| 192 | 60 | 24 | 0.4000 | 7.3 |
| 193 | 60 | 25 | 0.4167 | 7.2 |
| 194 | 60 | 23 | 0.3833 | 7.2 |
| 195 | 60 | 24 | 0.4000 | 7.3 |
| 196 | 60 | 23 | 0.3833 | 7.6 |
| 197 | 60 | 24 | 0.4000 | 7.7 |
| 198 | 60 | 24 | 0.4000 | 7.7 |
| 199 | 60 | 25 | 0.4167 | 7.6 |
| 200 | 60 | 25 | 0.4167 | 7.7 |
| 201 | 60 | 27 | 0.4500 | 7.8 |
| 202 | 60 | 26 | 0.4333 | 7.8 |
| 203 | 60 | 27 | 0.4500 | 8.0 |
| 204 | 60 | 28 | 0.4667 | 7.8 |
| 205 | 60 | 29 | 0.4833 | 8.1 |
| 206 | 60 | 27 | 0.4500 | 8.2 |
| 207 | 60 | 27 | 0.4500 | 8.2 |
| 208 | 60 | 28 | 0.4667 | 8.1 |
| 209 | 60 | 29 | 0.4833 | 8.0 |
| 210 | 60 | 29 | 0.4833 | 8.0 |
| 211 | 60 | 31 | 0.5167 | 8.1 |
| 212 | 60 | 32 | 0.5333 | 8.2 |
| 213 | 60 | 32 | 0.5333 | 8.3 |
| 214 | 60 | 30 | 0.5000 | 8.3 |
| 215 | 60 | 29 | 0.4833 | 8.4 |
| 216 | 60 | 28 | 0.4667 | 8.4 |
| 217 | 60 | 28 | 0.4667 | 8.4 |
| 218 | 60 | 27 | 0.4500 | 8.3 |
| 219 | 60 | 27 | 0.4500 | 8.3 |
| 220 | 60 | 27 | 0.4500 | 8.3 |
| 221 | 60 | 27 | 0.4500 | 8.3 |
| 222 | 60 | 27 | 0.4500 | 8.3 |
| 223 | 60 | 26 | 0.4333 | 8.4 |
| 224 | 60 | 26 | 0.4333 | 8.4 |
| 225 | 60 | 26 | 0.4333 | 8.4 |
| 226 | 60 | 26 | 0.4333 | 8.4 |
| 227 | 60 | 27 | 0.4500 | 8.5 |
| 228 | 60 | 27 | 0.4500 | 8.5 |
| 229 | 60 | 27 | 0.4500 | 8.5 |
| 230 | 60 | 27 | 0.4500 | 8.5 |
| 231 | 60 | 27 | 0.4500 | 8.5 |
| 232 | 60 | 26 | 0.4333 | 8.6 |
| 233 | 60 | 26 | 0.4333 | 8.6 |
| 234 | 60 | 26 | 0.4333 | 8.6 |
| 235 | 60 | 27 | 0.4500 | 8.7 |
| 236 | 60 | 28 | 0.4667 | 8.7 |
| 237 | 60 | 28 | 0.4667 | 8.7 |
| 238 | 60 | 28 | 0.4667 | 8.8 |
| 239 | 60 | 28 | 0.4667 | 8.8 |
| 240 | 60 | 28 | 0.4667 | 8.8 |
| 241 | 60 | 29 | 0.4833 | 8.8 |
| 242 | 60 | 28 | 0.4667 | 8.8 |
| 243 | 60 | 28 | 0.4667 | 8.8 |
| 244 | 60 | 29 | 0.4833 | 8.9 |
| 245 | 60 | 29 | 0.4833 | 8.9 |
| 246 | 60 | 29 | 0.4833 | 8.8 |
| 247 | 60 | 28 | 0.4667 | 8.8 |
| 248 | 60 | 29 | 0.4833 | 9.0 |
| 249 | 60 | 28 | 0.4667 | 8.9 |
| 250 | 60 | 26 | 0.4333 | 8.8 |
| 251 | 60 | 26 | 0.4333 | 8.9 |
| 252 | 60 | 26 | 0.4333 | 9.1 |
| 253 | 60 | 26 | 0.4333 | 9.4 |
| 254 | 60 | 26 | 0.4333 | 9.4 |
| 255 | 60 | 26 | 0.4333 | 9.6 |
| 256 | 60 | 25 | 0.4167 | 9.5 |
| 257 | 60 | 25 | 0.4167 | 9.6 |
| 258 | 60 | 24 | 0.4000 | 9.5 |
| 259 | 60 | 22 | 0.3667 | 9.4 |
| 260 | 60 | 22 | 0.3667 | 9.4 |
| 261 | 60 | 23 | 0.3833 | 9.4 |
| 262 | 60 | 22 | 0.3667 | 9.4 |
| 263 | 60 | 21 | 0.3500 | 9.5 |
| 264 | 60 | 20 | 0.3333 | 9.7 |
| 265 | 60 | 20 | 0.3333 | 9.7 |
| 266 | 60 | 18 | 0.3000 | 9.6 |
| 267 | 60 | 18 | 0.3000 | 9.7 |
| 268 | 60 | 18 | 0.3000 | 9.9 |
| 269 | 60 | 18 | 0.3000 | 9.8 |
| 270 | 60 | 18 | 0.3000 | 9.8 |
| 271 | 60 | 17 | 0.2833 | 9.9 |
| 272 | 60 | 17 | 0.2833 | 9.9 |
| 273 | 60 | 17 | 0.2833 | 9.7 |
| 274 | 60 | 17 | 0.2833 | 9.8 |
| 275 | 60 | 15 | 0.2500 | 9.8 |
| 276 | 60 | 15 | 0.2500 | 9.9 |
| 277 | 60 | 15 | 0.2500 | 9.9 |
| 278 | 60 | 17 | 0.2833 | 10.2 |
| 279 | 60 | 17 | 0.2833 | 10.4 |
| 280 | 60 | 19 | 0.3167 | 10.6 |
| 281 | 60 | 21 | 0.3500 | 10.8 |
| 282 | 60 | 21 | 0.3500 | 10.8 |
| 283 | 60 | 22 | 0.3667 | 10.8 |
| 284 | 60 | 22 | 0.3667 | 10.9 |
| 285 | 60 | 22 | 0.3667 | 10.9 |
| 286 | 60 | 22 | 0.3667 | 10.9 |
| 287 | 60 | 22 | 0.3667 | 11.1 |
| 288 | 60 | 21 | 0.3500 | 10.9 |
| 289 | 60 | 20 | 0.3333 | 10.9 |
| 290 | 60 | 20 | 0.3333 | 10.9 |
| 291 | 60 | 20 | 0.3333 | 11.0 |
| 292 | 60 | 20 | 0.3333 | 11.0 |
| 293 | 60 | 20 | 0.3333 | 11.0 |
| 294 | 60 | 21 | 0.3500 | 11.0 |
| 295 | 60 | 20 | 0.3333 | 10.9 |
| 296 | 60 | 19 | 0.3167 | 10.9 |
| 297 | 60 | 20 | 0.3333 | 11.2 |
| 298 | 60 | 19 | 0.3167 | 11.1 |
| 299 | 60 | 19 | 0.3167 | 11.1 |
| 300 | 60 | 19 | 0.3167 | 11.1 |
| 301 | 60 | 18 | 0.3000 | 10.9 |
| 302 | 60 | 18 | 0.3000 | 10.9 |
| 303 | 60 | 18 | 0.3000 | 10.9 |
| 304 | 60 | 17 | 0.2833 | 10.9 |
| 305 | 60 | 17 | 0.2833 | 10.9 |
| 306 | 60 | 18 | 0.3000 | 11.0 |
| 307 | 60 | 18 | 0.3000 | 11.0 |
| 308 | 60 | 18 | 0.3000 | 11.0 |
| 309 | 60 | 17 | 0.2833 | 11.0 |
| 310 | 60 | 17 | 0.2833 | 11.2 |
| 311 | 60 | 18 | 0.3000 | 11.2 |
| 312 | 60 | 19 | 0.3167 | 11.3 |
| 313 | 60 | 19 | 0.3167 | 11.3 |
| 314 | 60 | 19 | 0.3167 | 11.6 |
| 315 | 60 | 19 | 0.3167 | 11.7 |
| 316 | 60 | 19 | 0.3167 | 11.7 |
| 317 | 60 | 18 | 0.3000 | 11.7 |
| 318 | 60 | 17 | 0.2833 | 11.7 |
| 319 | 60 | 19 | 0.3167 | 11.7 |
| 320 | 60 | 18 | 0.3000 | 12.0 |
| 321 | 60 | 17 | 0.2833 | 12.0 |
| 322 | 60 | 16 | 0.2667 | 12.1 |
| 323 | 60 | 16 | 0.2667 | 12.1 |
| 324 | 60 | 17 | 0.2833 | 12.0 |
| 325 | 60 | 17 | 0.2833 | 12.0 |
| 326 | 60 | 18 | 0.3000 | 12.1 |
| 327 | 60 | 18 | 0.3000 | 12.1 |
| 328 | 60 | 18 | 0.3000 | 12.2 |
| 329 | 60 | 18 | 0.3000 | 12.2 |
| 330 | 60 | 17 | 0.2833 | 12.1 |
| 331 | 60 | 17 | 0.2833 | 12.1 |
| 332 | 60 | 17 | 0.2833 | 12.1 |
| 333 | 60 | 17 | 0.2833 | 12.1 |
| 334 | 60 | 19 | 0.3167 | 12.2 |
| 335 | 60 | 18 | 0.3000 | 12.5 |
| 336 | 60 | 19 | 0.3167 | 12.4 |
| 337 | 60 | 19 | 0.3167 | 12.3 |
| 338 | 60 | 17 | 0.2833 | 12.3 |
| 339 | 60 | 18 | 0.3000 | 12.3 |
| 340 | 60 | 17 | 0.2833 | 12.2 |
| 341 | 60 | 17 | 0.2833 | 12.1 |
| 342 | 60 | 17 | 0.2833 | 12.2 |
| 343 | 60 | 16 | 0.2667 | 12.2 |
| 344 | 60 | 15 | 0.2500 | 12.2 |
| 345 | 60 | 16 | 0.2667 | 12.2 |
| 346 | 60 | 16 | 0.2667 | 12.2 |
| 347 | 60 | 16 | 0.2667 | 12.2 |
| 348 | 60 | 16 | 0.2667 | 12.2 |
| 349 | 60 | 15 | 0.2500 | 12.2 |
| 350 | 60 | 15 | 0.2500 | 12.2 |
| 351 | 60 | 15 | 0.2500 | 12.4 |
| 352 | 60 | 15 | 0.2500 | 12.3 |
| 353 | 60 | 15 | 0.2500 | 12.3 |
| 354 | 60 | 15 | 0.2500 | 12.3 |
| 355 | 60 | 15 | 0.2500 | 12.4 |
| 356 | 60 | 15 | 0.2500 | 12.4 |
| 357 | 60 | 15 | 0.2500 | 12.3 |
| 358 | 60 | 15 | 0.2500 | 12.3 |
| 359 | 60 | 16 | 0.2667 | 12.5 |
| 360 | 60 | 15 | 0.2500 | 12.4 |
| 361 | 60 | 15 | 0.2500 | 12.4 |
| 362 | 60 | 15 | 0.2500 | 12.4 |
| 363 | 60 | 15 | 0.2500 | 12.4 |
| 364 | 60 | 15 | 0.2500 | 12.4 |
| 365 | 60 | 15 | 0.2500 | 12.4 |
| 366 | 60 | 16 | 0.2667 | 12.6 |
| 367 | 60 | 18 | 0.3000 | 12.5 |
| 368 | 60 | 18 | 0.3000 | 12.5 |
| 369 | 60 | 18 | 0.3000 | 12.5 |
| 370 | 60 | 18 | 0.3000 | 12.7 |
| 371 | 60 | 18 | 0.3000 | 12.7 |
| 372 | 60 | 19 | 0.3167 | 12.8 |
| 373 | 60 | 17 | 0.2833 | 12.9 |
| 374 | 60 | 16 | 0.2667 | 13.1 |
| 375 | 60 | 16 | 0.2667 | 13.0 |
| 376 | 60 | 16 | 0.2667 | 13.1 |
| 377 | 60 | 15 | 0.2500 | 13.3 |
| 378 | 60 | 14 | 0.2333 | 13.3 |
| 379 | 60 | 14 | 0.2333 | 13.6 |
| 380 | 60 | 15 | 0.2500 | 13.4 |
| 381 | 60 | 15 | 0.2500 | 13.3 |
| 382 | 60 | 17 | 0.2833 | 13.2 |
| 383 | 60 | 16 | 0.2667 | 13.3 |
| 384 | 60 | 15 | 0.2500 | 13.4 |
| 385 | 60 | 15 | 0.2500 | 13.5 |
| 386 | 60 | 15 | 0.2500 | 13.5 |
| 387 | 60 | 16 | 0.2667 | 13.6 |
| 388 | 60 | 16 | 0.2667 | 13.4 |
| 389 | 60 | 17 | 0.2833 | 13.4 |
| 390 | 60 | 19 | 0.3167 | 13.6 |
| 391 | 60 | 19 | 0.3167 | 13.7 |
| 392 | 60 | 19 | 0.3167 | 13.7 |
| 393 | 60 | 19 | 0.3167 | 13.7 |
| 394 | 60 | 19 | 0.3167 | 13.8 |
| 395 | 60 | 20 | 0.3333 | 14.0 |
| 396 | 60 | 21 | 0.3500 | 14.2 |
| 397 | 60 | 21 | 0.3500 | 14.3 |
| 398 | 60 | 20 | 0.3333 | 14.6 |
| 399 | 60 | 18 | 0.3000 | 14.7 |
| 400 | 60 | 20 | 0.3333 | 14.6 |
| 401 | 60 | 19 | 0.3167 | 14.8 |
| 402 | 60 | 18 | 0.3000 | 14.9 |
| 403 | 60 | 18 | 0.3000 | 14.9 |
| 404 | 60 | 20 | 0.3333 | 15.1 |
| 405 | 60 | 20 | 0.3333 | 15.0 |
| 406 | 60 | 19 | 0.3167 | 15.0 |
| 407 | 60 | 19 | 0.3167 | 15.0 |
| 408 | 60 | 19 | 0.3167 | 15.0 |
| 409 | 60 | 20 | 0.3333 | 15.1 |
| 410 | 60 | 20 | 0.3333 | 14.9 |
| 411 | 60 | 20 | 0.3333 | 14.8 |
| 412 | 60 | 21 | 0.3500 | 14.9 |
| 413 | 60 | 20 | 0.3333 | 14.9 |
| 414 | 60 | 23 | 0.3833 | 15.1 |
| 415 | 60 | 22 | 0.3667 | 15.1 |
| 416 | 60 | 22 | 0.3667 | 15.4 |
| 417 | 60 | 22 | 0.3667 | 15.4 |
| 418 | 60 | 22 | 0.3667 | 15.5 |
| 419 | 60 | 22 | 0.3667 | 15.4 |
| 420 | 60 | 23 | 0.3833 | 15.4 |
| 421 | 60 | 24 | 0.4000 | 15.5 |
| 422 | 60 | 24 | 0.4000 | 15.5 |
| 423 | 60 | 23 | 0.3833 | 15.6 |
| 424 | 60 | 24 | 0.4000 | 15.7 |
| 425 | 60 | 24 | 0.4000 | 15.7 |
| 426 | 60 | 24 | 0.4000 | 15.6 |
| 427 | 60 | 24 | 0.4000 | 15.8 |
| 428 | 60 | 24 | 0.4000 | 15.8 |
| 429 | 60 | 24 | 0.4000 | 15.8 |
| 430 | 60 | 23 | 0.3833 | 15.8 |
| 431 | 60 | 23 | 0.3833 | 15.8 |
| 432 | 60 | 22 | 0.3667 | 16.0 |
| 433 | 60 | 23 | 0.3833 | 16.1 |
| 434 | 60 | 23 | 0.3833 | 16.1 |
| 435 | 60 | 23 | 0.3833 | 16.1 |
| 436 | 60 | 23 | 0.3833 | 16.1 |
| 437 | 60 | 25 | 0.4167 | 16.1 |
| 438 | 60 | 25 | 0.4167 | 16.3 |
| 439 | 60 | 25 | 0.4167 | 16.3 |
| 440 | 60 | 25 | 0.4167 | 16.3 |
| 441 | 60 | 26 | 0.4333 | 16.3 |
| 442 | 60 | 25 | 0.4167 | 16.5 |
| 443 | 60 | 26 | 0.4333 | 16.4 |
| 444 | 60 | 27 | 0.4500 | 16.6 |
| 445 | 60 | 28 | 0.4667 | 16.8 |
| 446 | 60 | 26 | 0.4333 | 17.1 |
| 447 | 60 | 26 | 0.4333 | 17.1 |
| 448 | 60 | 26 | 0.4333 | 17.1 |
| 449 | 60 | 25 | 0.4167 | 17.1 |
| 450 | 60 | 24 | 0.4000 | 17.1 |
| 451 | 60 | 24 | 0.4000 | 16.9 |
| 452 | 60 | 24 | 0.4000 | 16.9 |
| 453 | 60 | 24 | 0.4000 | 16.9 |
| 454 | 60 | 23 | 0.3833 | 16.9 |
| 455 | 60 | 23 | 0.3833 | 16.9 |
| 456 | 60 | 23 | 0.3833 | 16.9 |
| 457 | 60 | 24 | 0.4000 | 17.0 |
| 458 | 60 | 24 | 0.4000 | 16.9 |
| 459 | 60 | 24 | 0.4000 | 17.0 |
| 460 | 60 | 25 | 0.4167 | 17.1 |
| 461 | 60 | 25 | 0.4167 | 17.4 |
| 462 | 60 | 25 | 0.4167 | 17.6 |
| 463 | 60 | 25 | 0.4167 | 17.6 |
| 464 | 60 | 24 | 0.4000 | 17.9 |
| 465 | 60 | 24 | 0.4000 | 17.9 |
| 466 | 60 | 25 | 0.4167 | 17.9 |
| 467 | 60 | 24 | 0.4000 | 18.2 |
| 468 | 60 | 24 | 0.4000 | 18.2 |
| 469 | 60 | 24 | 0.4000 | 18.2 |
| 470 | 60 | 25 | 0.4167 | 18.3 |
| 471 | 60 | 26 | 0.4333 | 18.4 |
| 472 | 60 | 26 | 0.4333 | 18.4 |
| 473 | 60 | 26 | 0.4333 | 18.4 |
| 474 | 60 | 25 | 0.4167 | 18.4 |
| 475 | 60 | 25 | 0.4167 | 18.5 |
| 476 | 60 | 24 | 0.4000 | 18.5 |
| 477 | 60 | 24 | 0.4000 | 18.4 |
| 478 | 60 | 22 | 0.3667 | 18.4 |
| 479 | 60 | 23 | 0.3833 | 18.6 |
| 480 | 60 | 22 | 0.3667 | 18.6 |
| 481 | 60 | 22 | 0.3667 | 18.7 |
| 482 | 60 | 23 | 0.3833 | 18.8 |
| 483 | 60 | 22 | 0.3667 | 18.9 |
| 484 | 60 | 21 | 0.3500 | 18.9 |
| 485 | 60 | 21 | 0.3500 | 18.9 |
| 486 | 60 | 21 | 0.3500 | 19.1 |
| 487 | 60 | 21 | 0.3500 | 19.1 |
| 488 | 60 | 21 | 0.3500 | 19.1 |
| 489 | 60 | 20 | 0.3333 | 19.0 |
| 490 | 60 | 20 | 0.3333 | 19.0 |
| 491 | 60 | 20 | 0.3333 | 19.2 |
| 492 | 60 | 21 | 0.3500 | 19.2 |
| 493 | 60 | 21 | 0.3500 | 19.2 |
| 494 | 60 | 20 | 0.3333 | 19.3 |
| 495 | 60 | 20 | 0.3333 | 19.2 |
| 496 | 60 | 20 | 0.3333 | 19.2 |
| 497 | 60 | 20 | 0.3333 | 19.4 |
| 498 | 60 | 20 | 0.3333 | 19.4 |
| 499 | 60 | 20 | 0.3333 | 19.5 |
| 500 | 60 | 20 | 0.3333 | 19.6 |
| 501 | 60 | 21 | 0.3500 | 19.7 |
| 502 | 60 | 21 | 0.3500 | 19.7 |
| 503 | 60 | 22 | 0.3667 | 19.8 |
| 504 | 60 | 22 | 0.3667 | 20.0 |
| 505 | 60 | 23 | 0.3833 | 20.2 |
| 506 | 60 | 21 | 0.3500 | 20.6 |
| 507 | 60 | 22 | 0.3667 | 20.4 |
| 508 | 60 | 22 | 0.3667 | 20.4 |
| 509 | 60 | 23 | 0.3833 | 20.7 |
| 510 | 60 | 23 | 0.3833 | 20.7 |
| 511 | 60 | 23 | 0.3833 | 20.8 |
| 512 | 60 | 24 | 0.4000 | 20.8 |
| 513 | 60 | 23 | 0.3833 | 20.8 |
| 514 | 60 | 23 | 0.3833 | 20.8 |
| 515 | 60 | 22 | 0.3667 | 21.0 |
| 516 | 60 | 22 | 0.3667 | 21.0 |
| 517 | 60 | 21 | 0.3500 | 21.1 |
| 518 | 60 | 21 | 0.3500 | 21.1 |
| 519 | 60 | 23 | 0.3833 | 21.3 |
| 520 | 60 | 20 | 0.3333 | 21.4 |
| 521 | 60 | 21 | 0.3500 | 21.3 |
| 522 | 60 | 20 | 0.3333 | 21.4 |
| 523 | 60 | 20 | 0.3333 | 21.3 |
| 524 | 60 | 19 | 0.3167 | 21.4 |
| 525 | 60 | 19 | 0.3167 | 21.3 |
| 526 | 60 | 18 | 0.3000 | 21.2 |
| 527 | 60 | 18 | 0.3000 | 21.1 |
| 528 | 60 | 18 | 0.3000 | 21.2 |
| 529 | 60 | 17 | 0.2833 | 21.3 |
| 530 | 60 | 16 | 0.2667 | 21.4 |
| 531 | 60 | 15 | 0.2500 | 21.4 |
| 532 | 60 | 15 | 0.2500 | 21.4 |
| 533 | 60 | 15 | 0.2500 | 21.5 |
| 534 | 60 | 14 | 0.2333 | 21.6 |
| 535 | 60 | 14 | 0.2333 | 21.5 |
| 536 | 60 | 14 | 0.2333 | 21.7 |
| 537 | 60 | 15 | 0.2500 | 21.8 |
| 538 | 60 | 15 | 0.2500 | 22.1 |
| 539 | 60 | 15 | 0.2500 | 22.1 |
| 540 | 60 | 16 | 0.2667 | 21.9 |
| 541 | 60 | 16 | 0.2667 | 22.1 |
| 542 | 60 | 15 | 0.2500 | 22.0 |
| 543 | 60 | 14 | 0.2333 | 21.9 |
| 544 | 60 | 14 | 0.2333 | 21.9 |
| 545 | 60 | 14 | 0.2333 | 21.9 |
| 546 | 60 | 13 | 0.2167 | 21.9 |
| 547 | 60 | 15 | 0.2500 | 21.7 |
| 548 | 60 | 15 | 0.2500 | 21.8 |
| 549 | 60 | 15 | 0.2500 | 21.8 |
| 550 | 60 | 15 | 0.2500 | 21.8 |
| 551 | 60 | 17 | 0.2833 | 21.9 |
| 552 | 60 | 17 | 0.2833 | 22.0 |
| 553 | 60 | 16 | 0.2667 | 21.9 |
| 554 | 60 | 16 | 0.2667 | 21.9 |
| 555 | 60 | 17 | 0.2833 | 22.0 |
| 556 | 60 | 17 | 0.2833 | 22.0 |
| 557 | 60 | 16 | 0.2667 | 22.0 |
| 558 | 60 | 16 | 0.2667 | 22.0 |
| 559 | 60 | 17 | 0.2833 | 21.9 |
| 560 | 60 | 18 | 0.3000 | 22.1 |
| 561 | 60 | 15 | 0.2500 | 22.1 |
| 562 | 60 | 15 | 0.2500 | 22.1 |
| 563 | 60 | 16 | 0.2667 | 22.2 |
| 564 | 60 | 17 | 0.2833 | 22.0 |
| 565 | 60 | 15 | 0.2500 | 21.8 |
| 566 | 60 | 15 | 0.2500 | 21.9 |
| 567 | 60 | 15 | 0.2500 | 21.9 |
| 568 | 60 | 16 | 0.2667 | 22.1 |
| 569 | 60 | 16 | 0.2667 | 22.1 |
| 570 | 60 | 16 | 0.2667 | 22.2 |
| 571 | 60 | 15 | 0.2500 | 22.4 |
| 572 | 60 | 16 | 0.2667 | 22.4 |
| 573 | 60 | 14 | 0.2333 | 22.2 |
| 574 | 60 | 13 | 0.2167 | 22.2 |
| 575 | 60 | 14 | 0.2333 | 22.2 |
| 576 | 60 | 14 | 0.2333 | 22.2 |
| 577 | 60 | 14 | 0.2333 | 22.2 |
| 578 | 60 | 13 | 0.2167 | 22.2 |
| 579 | 60 | 12 | 0.2000 | 22.4 |
| 580 | 60 | 13 | 0.2167 | 22.6 |
| 581 | 60 | 12 | 0.2000 | 22.6 |
| 582 | 60 | 12 | 0.2000 | 22.6 |
| 583 | 60 | 11 | 0.1833 | 22.9 |
| 584 | 60 | 11 | 0.1833 | 23.1 |
| 585 | 60 | 10 | 0.1667 | 23.4 |
| 586 | 60 | 13 | 0.2167 | 23.5 |
| 587 | 60 | 12 | 0.2000 | 23.4 |
| 588 | 60 | 12 | 0.2000 | 23.4 |
| 589 | 60 | 12 | 0.2000 | 23.5 |
| 590 | 60 | 12 | 0.2000 | 23.4 |
| 591 | 60 | 13 | 0.2167 | 23.5 |
| 592 | 60 | 12 | 0.2000 | 23.4 |
| 593 | 60 | 12 | 0.2000 | 23.4 |
| 594 | 60 | 12 | 0.2000 | 23.5 |
| 595 | 60 | 12 | 0.2000 | 23.5 |
| 596 | 60 | 12 | 0.2000 | 23.4 |
| 597 | 60 | 12 | 0.2000 | 23.4 |
| 598 | 60 | 13 | 0.2167 | 23.4 |
| 599 | 60 | 12 | 0.2000 | 23.5 |

## Births

  founders 60, carrying 30
  births 1225; carriers born 528; DE NOVO arrivals (no parent carries) 7; inherited 521
  births at depth 17-21 (RBT-91's k = 19 +- 2): 49 of 142 = 34.507% [27.189, 42.641]
  RBT-91 drift proposal rate: 84 of 200000 = 0.042% [0.0339, 0.0520] (Wilson 95%)

## Window statistic

  X = mean carriage over seasons 300-599 = 31.1833%  (mean depth of the living in the window 17.1); seasons with any carrier 600 of 600

## Carriers alive in the window, signed at the reference probe (16 x 15 s)

| carrier | depth | seasons alive in window | whole-brain a | links-alone a | heading | R | re-signed a | verdict | links-alone sign agrees |
|---|---|---|---|---|---|---|---|---|---|
| ce1001 | 15 | 1 | +13.1348 | +20.0625 | +167.4 | 0.30 | +13.1348 | COMPASS | yes |
| ce1004 | 16 | 60 | +0.0069 | +24.6881 | -178.5 | 0.58 | +0.0069 | COMPASS | yes |
| ce1007 | 16 | 60 | +26.5897 | +22.6572 | -178.6 | 0.71 | +26.5897 | COMPASS | yes |
| ce1008 | 15 | 60 | +6.3943 | +17.7753 | -167.6 | 0.62 | +6.3943 | COMPASS | yes |
| ce1009 | 24 | 60 | +20.1358 | +12.4724 | +170.9 | 0.86 | +20.1358 | COMPASS | yes |
| ce1010 | 15 | 1 | +11.0064 | +32.0717 | -112.0 | 0.36 | +11.0064 | COMPASS | yes |
| ce1011 | 16 | 6 | +13.1782 | +14.0629 | +177.4 | 0.84 | +13.1782 | COMPASS | yes |
| ce1012 | 16 | 2 | +5.8014 | +20.7415 | -20.5 | 0.25 | -5.8014 | ANTI-COMPASS | yes |
| ce1016 | 23 | 60 | +0.0052 | +15.6128 | +165.1 | 0.23 | +0.0052 | COMPASS | yes |
| ce1017 | 15 | 60 | +8.2750 | +18.9689 | +179.4 | 0.44 | +8.2750 | COMPASS | yes |
| ce1018 | 22 | 3 | +9.0501 | +12.4234 | -178.8 | 0.89 | +9.0501 | COMPASS | yes |
| ce1021 | 22 | 60 | +7.3837 | +17.6373 | +174.6 | 0.61 | +7.3837 | COMPASS | yes |
| ce1022 | 16 | 60 | +0.0286 | +17.6729 | -172.5 | 0.81 | +0.0286 | COMPASS | yes |
| ce1023 | 23 | 60 | +19.1281 | +12.6500 | +175.6 | 0.81 | +19.1281 | COMPASS | yes |
| ce1024 | 25 | 60 | +9.6758 | +16.9102 | +169.0 | 0.80 | +9.6758 | COMPASS | yes |
| ce1027 | 16 | 1 | +35.7843 | +27.2478 | -58.9 | 0.44 | -35.7843 | ANTI-COMPASS | yes |
| ce1031 | 15 | 60 | +15.8998 | +18.5787 | +178.8 | 0.64 | +15.8998 | COMPASS | yes |
| ce1032 | 22 | 60 | +0.0798 | +17.0701 | -176.6 | 0.85 | +0.0798 | COMPASS | yes |
| ce1037 | 17 | 2 | +15.0009 | +18.0282 | -176.6 | 0.60 | +15.0009 | COMPASS | yes |
| ce1043 | 17 | 1 | +15.1363 | +16.6315 | -169.5 | 0.70 | +15.1363 | COMPASS | yes |
| ce1047 | 22 | 60 | +16.6444 | +7.7991 | +173.2 | 0.91 | +16.6444 | COMPASS | yes |
| ce1048 | 17 | 1 | +7.1254 | +28.9897 | -123.9 | 0.40 | +7.1254 | COMPASS | yes |
| ce1052 | 23 | 60 | +15.0293 | +17.7012 | +174.4 | 0.64 | +15.0293 | COMPASS | yes |
| ce1053 | 24 | 2 | +19.9567 | +12.8245 | +172.0 | 0.91 | +19.9567 | COMPASS | yes |
| ce1058 | 15 | 5 | +13.6733 | +25.2153 | -143.6 | 0.20 | +13.6733 | COMPASS | yes |
| ce1061 | 17 | 1 | +24.3844 | +15.6541 | -135.6 | 0.44 | +24.3844 | COMPASS | yes |
| ce1066 | 23 | 60 | +13.2094 | +21.2896 | +167.3 | 0.48 | +13.2094 | COMPASS | yes |
| ce1067 | 16 | 1 | +14.7342 | +27.9911 | -70.8 | 0.40 | -14.7342 | ANTI-COMPASS | yes |
| ce1069 | 22 | 2 | +14.5347 | +15.0734 | -2.9 | 0.73 | -14.5347 | ANTI-COMPASS | yes |
| ce1072 | 23 | 1 | +100.0000 | +100.0000 | -73.0 | 0.14 | -100.0000 | ANTI-COMPASS | yes |
| ce1075 | 23 | 60 | +0.0676 | +18.0993 | -169.4 | 0.81 | +0.0676 | COMPASS | yes |
| ce1076 | 24 | 60 | +8.2493 | +17.8327 | -176.8 | 0.68 | +8.2493 | COMPASS | yes |
| ce1081 | 24 | 31 | +20.0888 | +12.2523 | +177.6 | 0.83 | +20.0888 | COMPASS | yes |
| ce1083 | 26 | 60 | +11.8217 | +14.4441 | +176.8 | 0.60 | +11.8217 | COMPASS | yes |
| ce1084 | 26 | 60 | +4.5002 | +12.0124 | +178.2 | 0.83 | +4.5002 | COMPASS | yes |
| ce1086 | 25 | 1 | +21.9607 | +23.4413 | -69.0 | 0.42 | -21.9607 | ANTI-COMPASS | yes |
| ce1092 | 17 | 2 | +1.6463 | +22.1798 | -163.1 | 0.73 | +1.6463 | COMPASS | yes |
| ce1093 | 16 | 11 | +18.2634 | +17.7753 | -167.4 | 0.73 | +18.2634 | COMPASS | yes |
| ce1095 | 23 | 2 | +1.7941 | +5.8277 | -176.7 | 0.86 | +1.7941 | COMPASS | yes |
| ce1097 | 27 | 2 | +15.9340 | +14.6455 | +179.5 | 0.55 | +15.9340 | COMPASS | yes |
| ce1100 | 23 | 60 | +11.2544 | +3.2699 | +178.4 | 0.86 | +11.2544 | COMPASS | yes |
| ce1102 | 24 | 3 | +0.0395 | +15.4179 | +127.7 | 0.04 | +0.0395 | COMPASS | yes |
| ce1103 | 23 | 60 | +0.0606 | +17.1355 | -176.3 | 0.71 | +0.0606 | COMPASS | yes |
| ce1104 | 23 | 1 | +14.4941 | +21.4120 | -84.3 | 0.34 | — | UNDETERMINED | — |
| ce1107 | 24 | 60 | +6.7554 | +17.7000 | -176.2 | 0.22 | +6.7554 | COMPASS | yes |
| ce1112 | 25 | 1 | +13.2184 | +18.8864 | -72.9 | 0.31 | -13.2184 | ANTI-COMPASS | yes |
| ce1114 | 26 | 60 | +0.3390 | +23.7412 | +178.9 | 0.36 | +0.3390 | COMPASS | yes |
| ce1115 | 17 | 60 | +9.2927 | +14.1760 | -179.7 | 0.46 | +9.2927 | COMPASS | yes |
| ce1116 | 23 | 4 | +14.6292 | +17.6670 | +1.3 | 0.86 | -14.6292 | ANTI-COMPASS | yes |
| ce1117 | 24 | 1 | +4.0844 | +15.4747 | -81.1 | 0.37 | — | UNDETERMINED | — |
| ce1123 | 23 | 60 | +22.6547 | +20.0008 | +171.9 | 0.54 | +22.6547 | COMPASS | yes |
| ce1126 | 18 | 7 | +16.7461 | +14.1760 | -171.0 | 0.37 | +16.7461 | COMPASS | yes |
| ce1128 | 16 | 60 | +18.4068 | +18.8772 | -177.2 | 0.61 | +18.4068 | COMPASS | yes |
| ce1130 | 27 | 1 | +8.9497 | +20.1613 | -107.5 | 0.35 | +8.9497 | COMPASS | yes |
| ce1133 | 24 | 1 | +10.5189 | +15.6834 | +64.2 | 0.44 | -10.5189 | ANTI-COMPASS | yes |
| ce1152 | 24 | 2 | +0.0266 | +18.0993 | -170.7 | 0.85 | +0.0266 | COMPASS | yes |
| ce1158 | 24 | 1 | +7.3172 | +17.1175 | -126.7 | 0.39 | +7.3172 | COMPASS | yes |
| ce1159 | 24 | 3 | +0.0817 | +18.9723 | +176.4 | 0.68 | +0.0817 | COMPASS | yes |
| ce1161 | 17 | 60 | +14.1593 | +18.8772 | -179.8 | 0.58 | +14.1593 | COMPASS | yes |
| ce1163 | 27 | 1 | +3.2017 | +26.3224 | -0.8 | 0.57 | -3.2017 | ANTI-COMPASS | yes |
| ce1171 | 24 | 2 | +0.5747 | +19.4575 | -167.9 | 0.82 | +0.5747 | COMPASS | yes |
| ce1172 | 17 | 53 | +0.6714 | +20.5671 | -174.7 | 0.44 | +0.6714 | COMPASS | yes |
| ce1174 | 24 | 51 | +18.2690 | +20.2454 | +172.9 | 0.58 | +18.2690 | COMPASS | yes |
| ce1175 | 25 | 2 | +8.5088 | +18.0301 | +26.8 | 0.22 | -8.5088 | ANTI-COMPASS | yes |
| ce1176 | 27 | 49 | +0.1258 | +23.7412 | -174.9 | 0.11 | +0.1258 | COMPASS | yes |
| ce1180 | 24 | 2 | +28.7570 | +21.7573 | -60.6 | 0.43 | -28.7570 | ANTI-COMPASS | yes |
| ce1183 | 26 | 8 | +11.9517 | +28.7712 | +5.1 | 0.05 | -11.9517 | ANTI-COMPASS | yes |
| ce1185 | 18 | 41 | +14.3593 | +20.5010 | -179.9 | 0.48 | +14.3593 | COMPASS | yes |
| ce1187 | 25 | 1 | +14.3672 | +18.4878 | +0.0 | 0.95 | -14.3672 | ANTI-COMPASS | yes |
| ce1192 | 25 | 1 | +30.4477 | +26.0727 | +44.9 | 0.42 | -30.4477 | ANTI-COMPASS | yes |
| ce1194 | 24 | 36 | +15.8199 | +24.9882 | +159.7 | 0.33 | +15.8199 | COMPASS | yes |
| ce1196 | 18 | 36 | +4.8040 | +18.8772 | +177.4 | 0.15 | +4.8040 | COMPASS | yes |
| ce1198 | 19 | 18 | +0.1356 | +2.2177 | -177.3 | 0.29 | +0.1356 | COMPASS | yes |
| ce1208 | 25 | 32 | +14.3142 | +17.6788 | +167.9 | 0.44 | +14.3142 | COMPASS | yes |
| ce1214 | 25 | 2 | +19.3640 | +17.7000 | +165.2 | 0.54 | +19.3640 | COMPASS | yes |
| ce1220 | 25 | 1 | +7.2157 | +19.2586 | +30.0 | 0.49 | -7.2157 | ANTI-COMPASS | yes |
| ce1230 | 17 | 6 | +10.8276 | +18.8772 | -151.4 | 0.02 | +10.8276 | COMPASS | yes |
| ce1234 | 19 | 1 | +0.0753 | +23.9863 | +57.9 | 0.33 | -0.0753 | ANTI-COMPASS | yes |
| ce1237 | 24 | 1 | +6.8770 | +13.6202 | -156.6 | 0.54 | +6.8770 | COMPASS | yes |
| ce1240 | 17 | 17 | +7.8425 | +18.7399 | -1.0 | 0.10 | -7.8425 | ANTI-COMPASS | yes |
| ce1242 | 25 | 19 | +19.7032 | +20.2454 | +169.5 | 0.47 | +19.7032 | COMPASS | yes |
| ce1246 | 25 | 1 | +24.3172 | +33.6759 | -67.5 | 0.41 | -24.3172 | ANTI-COMPASS | yes |
| ce1252 | 19 | 2 | +0.0051 | +22.2547 | +0.9 | 0.79 | -0.0051 | ANTI-COMPASS | yes |
| ce1262 | 25 | 14 | +11.8379 | +18.0016 | +168.5 | 0.44 | +11.8379 | COMPASS | yes |
| ce1264 | 26 | 4 | +17.7626 | +20.2103 | +0.8 | 0.96 | -17.7626 | ANTI-COMPASS | yes |
| ce1265 | 25 | 1 | +28.4561 | +31.4548 | -71.9 | 0.39 | -28.4561 | ANTI-COMPASS | yes |
| ce1271 | 18 | 1 | +20.7683 | +28.6385 | +1.0 | 0.88 | -20.7683 | ANTI-COMPASS | yes |
| ce1274 | 26 | 1 | +27.9742 | +17.7082 | -58.7 | 0.44 | -27.9742 | ANTI-COMPASS | yes |
| ce1275 | 21 | 9 | -3.3255 | +4.9858 | +176.4 | 0.87 | -3.3255 | ANTI-COMPASS | no |
| ce1282 | 19 | 2 | +6.5067 | +17.0134 | -7.4 | 0.11 | -6.5067 | ANTI-COMPASS | yes |
| ce1284 | 19 | 1 | +0.0018 | +20.9352 | +24.5 | 0.45 | -0.0018 | ANTI-COMPASS | yes |
| ce602 | 11 | 4 | +7.2170 | +37.1081 | +168.8 | 0.34 | +7.2170 | COMPASS | yes |
| ce613 | 7 | 10 | -7.8392 | -31.3392 | -0.7 | 0.65 | +7.8392 | COMPASS | yes |
| ce621 | 9 | 12 | +26.6379 | +25.5316 | +178.5 | 0.45 | +26.6379 | COMPASS | yes |
| ce628 | 17 | 15 | +6.5676 | +20.5029 | +176.3 | 0.75 | +6.5676 | COMPASS | yes |
| ce633 | 12 | 15 | -9.0866 | +25.3287 | +164.2 | 0.39 | -9.0866 | ANTI-COMPASS | no |
| ce637 | 8 | 18 | +28.9245 | +29.0893 | +179.4 | 0.68 | +28.9245 | COMPASS | yes |
| ce642 | 9 | 21 | +3.2574 | +20.7681 | -179.1 | 0.49 | +3.2574 | COMPASS | yes |
| ce659 | 11 | 28 | +11.0566 | +20.9362 | -170.9 | 0.33 | +11.0566 | COMPASS | yes |
| ce676 | 9 | 35 | +15.0578 | +24.4321 | +178.0 | 0.70 | +15.0578 | COMPASS | yes |
| ce682 | 18 | 38 | +1.0437 | +22.1649 | -166.8 | 0.54 | +1.0437 | COMPASS | yes |
| ce684 | 10 | 38 | +0.9551 | +21.8621 | -179.8 | 0.48 | +0.9551 | COMPASS | yes |
| ce686 | 19 | 39 | +5.8728 | +22.1649 | -166.7 | 0.63 | +5.8728 | COMPASS | yes |
| ce690 | 8 | 40 | -5.7912 | -31.3392 | -0.9 | 0.60 | +5.7912 | COMPASS | yes |
| ce692 | 17 | 41 | +10.1268 | +19.6031 | +137.5 | 0.12 | +10.1268 | COMPASS | yes |
| ce698 | 10 | 42 | +14.3485 | +21.9429 | -179.6 | 0.76 | +14.3485 | COMPASS | yes |
| ce699 | 9 | 43 | +29.9797 | +29.2538 | +177.0 | 0.59 | +29.9797 | COMPASS | yes |
| ce702 | 17 | 44 | +8.9467 | +13.4497 | +175.3 | 0.61 | +8.9467 | COMPASS | yes |
| ce716 | 9 | 57 | -11.1452 | -31.3392 | -2.1 | 0.49 | +11.1452 | COMPASS | yes |
| ce718 | 18 | 1 | +14.8432 | +21.0694 | -153.5 | 0.38 | +14.8432 | COMPASS | yes |
| ce724 | 12 | 3 | +1.3964 | +16.9659 | +3.3 | 0.24 | -1.3964 | ANTI-COMPASS | yes |
| ce729 | 19 | 60 | +12.7449 | +13.2051 | -179.8 | 0.85 | +12.7449 | COMPASS | yes |
| ce733 | 11 | 1 | +8.4481 | +18.8121 | -162.7 | 0.76 | +8.4481 | COMPASS | yes |
| ce734 | 18 | 60 | +5.8196 | +19.8207 | +174.9 | 0.72 | +5.8196 | COMPASS | yes |
| ce735 | 10 | 4 | +7.3527 | +21.3050 | +146.2 | 0.49 | +7.3527 | COMPASS | yes |
| ce739 | 10 | 60 | +21.7788 | +14.0638 | +178.4 | 0.52 | +21.7788 | COMPASS | yes |
| ce746 | 18 | 60 | +4.6149 | +18.3588 | +174.9 | 0.69 | +4.6149 | COMPASS | yes |
| ce751 | 10 | 2 | +0.1287 | +29.2538 | +176.2 | 0.73 | +0.1287 | COMPASS | yes |
| ce754 | 11 | 1 | +11.4469 | +11.4892 | -143.1 | 0.52 | +11.4469 | COMPASS | yes |
| ce758 | 14 | 1 | +11.9365 | +23.0218 | -73.1 | 0.40 | -11.9365 | ANTI-COMPASS | yes |
| ce760 | 11 | 60 | +19.4596 | +21.9273 | +172.2 | 0.17 | +19.4596 | COMPASS | yes |
| ce763 | 11 | 1 | +14.6850 | +17.6669 | -153.3 | 0.63 | +14.6850 | COMPASS | yes |
| ce765 | 9 | 1 | -3.3079 | -28.2363 | -47.7 | 0.44 | +3.3079 | COMPASS | yes |
| ce766 | 18 | 2 | +15.8748 | +21.2661 | +22.6 | 0.13 | -15.8748 | ANTI-COMPASS | yes |
| ce773 | 12 | 60 | +12.7267 | +21.3686 | -176.2 | 0.46 | +12.7267 | COMPASS | yes |
| ce779 | 12 | 10 | +0.1533 | +22.8489 | -1.2 | 0.82 | -0.1533 | ANTI-COMPASS | yes |
| ce782 | 20 | 2 | +1.0874 | +22.1686 | -65.7 | 0.44 | -1.0874 | ANTI-COMPASS | yes |
| ce788 | 18 | 2 | +28.2268 | +20.5509 | -13.5 | 0.61 | -28.2268 | ANTI-COMPASS | yes |
| ce789 | 10 | 60 | +17.9287 | +15.3438 | -179.1 | 0.59 | +17.9287 | COMPASS | yes |
| ce793 | 12 | 1 | +0.8574 | +24.6989 | +20.9 | 0.44 | -0.8574 | ANTI-COMPASS | yes |
| ce796 | 13 | 2 | +15.2215 | +21.0545 | -176.4 | 0.53 | +15.2215 | COMPASS | yes |
| ce797 | 10 | 60 | -0.3714 | +7.1464 | +169.8 | 0.86 | -0.3714 | ANTI-COMPASS | no |
| ce798 | 12 | 60 | +0.7128 | +21.9273 | -180.0 | 0.74 | +0.7128 | COMPASS | yes |
| ce802 | 11 | 60 | +15.3637 | +21.9429 | +176.8 | 0.48 | +15.3637 | COMPASS | yes |
| ce803 | 18 | 60 | +19.0228 | +16.8678 | +170.8 | 0.66 | +19.0228 | COMPASS | yes |
| ce804 | 13 | 60 | +10.8998 | +21.3686 | -178.1 | 0.76 | +10.8998 | COMPASS | yes |
| ce810 | 13 | 60 | +2.3904 | +21.9273 | +180.0 | 0.77 | +2.3904 | COMPASS | yes |
| ce812 | 12 | 60 | +11.4542 | +22.6385 | +178.1 | 0.04 | +11.4542 | COMPASS | yes |
| ce817 | 13 | 4 | +6.8620 | +24.1643 | -0.6 | 0.45 | -6.8620 | ANTI-COMPASS | yes |
| ce829 | 14 | 60 | +3.9401 | +20.5832 | -172.2 | 0.67 | +3.9401 | COMPASS | yes |
| ce831 | 20 | 1 | +4.5685 | +9.8954 | -66.4 | 0.42 | -4.5685 | ANTI-COMPASS | yes |
| ce834 | 19 | 60 | +4.1611 | +22.9416 | +173.1 | 0.75 | +4.1611 | COMPASS | yes |
| ce835 | 11 | 60 | +9.8003 | +12.0456 | +178.2 | 0.59 | +9.8003 | COMPASS | yes |
| ce836 | 11 | 6 | +4.3348 | +15.3438 | +170.3 | 0.36 | +4.3348 | COMPASS | yes |
| ce837 | 13 | 60 | +0.2607 | +22.0354 | -177.7 | 0.44 | +0.2607 | COMPASS | yes |
| ce840 | 15 | 60 | +14.1062 | +20.5832 | -172.7 | 0.51 | +14.1062 | COMPASS | yes |
| ce841 | 13 | 1 | +7.1517 | +17.4650 | +70.9 | 0.40 | -7.1517 | ANTI-COMPASS | yes |
| ce843 | 20 | 1 | +6.4961 | +14.4748 | +171.1 | 0.92 | +6.4961 | COMPASS | yes |
| ce844 | 14 | 1 | +0.0010 | +21.9273 | -178.2 | 0.88 | +0.0010 | COMPASS | yes |
| ce852 | 12 | 2 | +12.0134 | +12.0779 | -3.3 | 0.23 | -12.0134 | ANTI-COMPASS | yes |
| ce863 | 11 | 3 | -0.0177 | +7.3519 | +169.5 | 0.91 | -0.0177 | ANTI-COMPASS | no |
| ce866 | 14 | 2 | +19.8509 | +16.7069 | -2.8 | 0.92 | -19.8509 | ANTI-COMPASS | yes |
| ce867 | 11 | 60 | +5.6378 | +15.3798 | +179.4 | 0.65 | +5.6378 | COMPASS | yes |
| ce874 | 12 | 2 | +8.4330 | +21.9429 | +44.9 | 0.11 | -8.4330 | ANTI-COMPASS | yes |
| ce878 | 14 | 60 | +9.7474 | +21.3686 | -168.8 | 0.57 | +9.7474 | COMPASS | yes |
| ce880 | 14 | 60 | +15.8470 | +21.1170 | -173.5 | 0.44 | +15.8470 | COMPASS | yes |
| ce885 | 13 | 60 | +14.9978 | +21.9699 | +175.1 | 0.40 | +14.9978 | COMPASS | yes |
| ce886 | 13 | 5 | +17.6304 | +22.6385 | -2.0 | 0.15 | -17.6304 | ANTI-COMPASS | yes |
| ce887 | 19 | 60 | +17.8522 | +16.8678 | +169.9 | 0.49 | +17.8522 | COMPASS | yes |
| ce891 | 16 | 60 | +14.6382 | +20.5832 | -173.1 | 0.50 | +14.6382 | COMPASS | yes |
| ce892 | 15 | 2 | +1.1757 | +3.1565 | +177.2 | 0.92 | +1.1757 | COMPASS | yes |
| ce893 | 14 | 60 | +5.1492 | +21.9699 | +173.4 | 0.40 | +5.1492 | COMPASS | yes |
| ce898 | 14 | 1 | +1.0531 | +4.3273 | +32.4 | 0.53 | -1.0531 | ANTI-COMPASS | yes |
| ce899 | 15 | 2 | +11.2018 | +21.3686 | -178.6 | 0.74 | +11.2018 | COMPASS | yes |
| ce901 | 20 | 60 | +14.0570 | +13.4410 | +176.4 | 0.81 | +14.0570 | COMPASS | yes |
| ce902 | 15 | 2 | +17.2422 | +13.9493 | -0.1 | 0.99 | -17.2422 | ANTI-COMPASS | yes |
| ce903 | 14 | 60 | +8.0069 | +21.6730 | -168.6 | 0.56 | +8.0069 | COMPASS | yes |
| ce906 | 20 | 60 | +25.7986 | +24.6714 | +162.9 | 0.51 | +25.7986 | COMPASS | yes |
| ce910 | 14 | 2 | +11.1434 | +21.9273 | +177.9 | 0.67 | +11.1434 | COMPASS | yes |
| ce914 | 13 | 2 | +12.0697 | +27.2007 | +75.2 | 0.13 | — | UNDETERMINED | — |
| ce917 | 12 | 1 | +0.5702 | +9.7929 | -72.0 | 0.39 | -0.5702 | ANTI-COMPASS | yes |
| ce921 | 15 | 1 | +21.5945 | +30.3982 | -60.9 | 0.43 | -21.5945 | ANTI-COMPASS | yes |
| ce922 | 14 | 60 | +14.8171 | +18.9689 | -176.9 | 0.62 | +14.8171 | COMPASS | yes |
| ce925 | 17 | 60 | +10.6453 | +22.4853 | -175.4 | 0.56 | +10.6453 | COMPASS | yes |
| ce926 | 14 | 60 | +12.3289 | +28.2731 | -172.4 | 0.44 | +12.3289 | COMPASS | yes |
| ce928 | 15 | 60 | +10.1995 | +28.4128 | -167.2 | 0.22 | +10.1995 | COMPASS | yes |
| ce929 | 20 | 1 | +16.3031 | +24.7980 | -81.3 | 0.36 | — | UNDETERMINED | — |
| ce931 | 15 | 1 | +9.9124 | +17.1618 | -76.2 | 0.39 | — | UNDETERMINED | — |
| ce935 | 14 | 7 | +1.8394 | +21.9108 | +175.2 | 0.51 | +1.8394 | COMPASS | yes |
| ce940 | 15 | 1 | +5.2552 | +27.2758 | -148.0 | 0.39 | +5.2552 | COMPASS | yes |
| ce942 | 15 | 1 | +11.3609 | +25.0643 | +62.3 | 0.42 | -11.3609 | ANTI-COMPASS | yes |
| ce943 | 14 | 60 | +4.5024 | +18.3657 | -177.6 | 0.63 | +4.5024 | COMPASS | yes |
| ce944 | 16 | 2 | +3.6078 | +28.4128 | -155.0 | 0.09 | +3.6078 | COMPASS | yes |
| ce949 | 15 | 60 | +18.4883 | +21.6730 | -174.6 | 0.49 | +18.4883 | COMPASS | yes |
| ce950 | 21 | 60 | +20.5853 | +12.4066 | +179.7 | 0.76 | +20.5853 | COMPASS | yes |
| ce951 | 15 | 1 | +4.9256 | +23.7009 | +82.2 | 0.37 | — | UNDETERMINED | — |
| ce953 | 22 | 60 | +15.9676 | +12.4837 | +174.6 | 0.83 | +15.9676 | COMPASS | yes |
| ce956 | 12 | 3 | +1.1530 | +12.3199 | +0.7 | 0.70 | -1.1530 | ANTI-COMPASS | yes |
| ce958 | 15 | 60 | +10.5922 | +18.9689 | -174.1 | 0.50 | +10.5922 | COMPASS | yes |
| ce960 | 21 | 60 | +8.1258 | +9.7465 | -177.7 | 0.71 | +8.1258 | COMPASS | yes |
| ce961 | 15 | 60 | +3.2160 | +20.7415 | -168.9 | 0.51 | +3.2160 | COMPASS | yes |
| ce962 | 20 | 60 | +13.3108 | +16.9231 | +173.4 | 0.61 | +13.3108 | COMPASS | yes |
| ce968 | 23 | 60 | +0.0541 | +15.3717 | +169.4 | 0.22 | +0.0541 | COMPASS | yes |
| ce975 | 18 | 60 | +11.9907 | +24.7483 | +178.0 | 0.64 | +11.9907 | COMPASS | yes |
| ce976 | 15 | 7 | +1.8918 | +15.9685 | -82.7 | 0.03 | — | UNDETERMINED | — |
| ce980 | 14 | 1 | +0.1936 | +18.0633 | -66.8 | 0.38 | -0.1936 | ANTI-COMPASS | yes |
| ce983 | 17 | 8 | +9.5798 | +24.0637 | -0.4 | 0.84 | -9.5798 | ANTI-COMPASS | yes |
| ce984 | 15 | 3 | +0.4225 | +25.1635 | -171.5 | 0.52 | +0.4225 | COMPASS | yes |
| ce986 | 23 | 60 | +19.5842 | +12.1803 | -177.0 | 0.80 | +19.5842 | COMPASS | yes |
| ce987 | 16 | 1 | +6.8043 | +14.7662 | +63.7 | 0.39 | -6.8043 | ANTI-COMPASS | yes |
| ce990 | 21 | 60 | +13.7207 | +16.9231 | +173.2 | 0.60 | +13.7207 | COMPASS | yes |
| ce991 | 15 | 1 | +19.0887 | +25.3142 | -10.3 | 0.61 | -19.0887 | ANTI-COMPASS | yes |
| ce995 | 15 | 60 | +0.0936 | +23.7196 | -174.0 | 0.64 | +0.0936 | COMPASS | yes |
| ce997 | 15 | 60 | +0.0367 | +24.5834 | -177.0 | 0.51 | +0.0367 | COMPASS | yes |

  compasses 143, ANTI-COMPASSES (the inversion count) 54, undetermined 7 of 204 distinct window carriers; links-alone |a| >= paying rung: 198

wall time 630 s
SUMMARY {"seed": 804, "pc_pass": true, "pc_detected": 40, "pc_total": 40, "pc_invalid": 0, "X": 0.31183333333333335, "window_depth": 17.095388888888888, "seasons_any": 600, "n_seasons": 600, "genomes": 1285, "missing": 0, "founders": 60, "founder_carriers": 30, "births": 1225, "carriers_born": 528, "de_novo": 7, "depth_matched": 142, "depth_matched_carriers": 49, "window_carriers": 204, "compass": 143, "anti": 54, "undetermined": 7, "alone_agrees": 193, "alone_reaches_rung": 198, "probed": true}
