season	population	alive	births	deaths	mean_lifetime_score	best_lifetime_score
0	holistic	60	3	3	0.10906514269865085	3.698794267333398
0	conventional	60	0	0	0.2246561350639681	5.406126576674889
1	holistic	60	0	0	0.17052382307910469	4.762103095036325
1	conventional	60	1	1	0.16710810005089044	3.0374539168443375
2	holistic	60	0	0	0.148475164534482	2.9333263760315185
2	conventional	60	3	3	0.16145208153917548	2.5374293447795164
3	holistic	60	1	1	0.13032804290809766	2.683302635219239
3	conventional	60	14	14	0.26019090307714515	2.5270497553613516
4	holistic	60	2	2	0.1212766074863913	2.533026153262343
4	conventional	60	9	9	0.2949720636249817	3.402945466075654
5	holistic	60	1	1	0.11329920838420969	2.599863929208578
5	conventional	60	8	8	0.3667199357116173	1.87075368591536
6	holistic	60	0	0	0.09681296032827803	2.2188439593229106
6	conventional	60	14	14	0.2976704986107673	1.963499793719781
7	holistic	60	3	3	0.09229033293166412	1.9325259255249234
7	conventional	60	13	13	0.8682435661541351	9.378273377510887
8	holistic	60	4	4	0.09993061638946932	2.0438829333749835
8	conventional	60	12	12	0.9044500352429844	5.897266057355269
9	holistic	59	4	5	0.15340502683059193	1.9376451509319608
9	conventional	60	6	6	1.0791714083506707	5.454166431172705
10	holistic	60	4	3	0.17110296370684916	2.1142774200046786
10	conventional	60	8	8	0.9488606904140152	3.0878281043876052
11	holistic	33	7	34	0.5229245941736128	3.074637836219709
11	conventional	60	2	2	1.2298362900987054	4.479369368875121
12	holistic	42	10	1	0.5160563524387615	2.4253062128177136
12	conventional	60	3	3	1.106381678431507	4.11020506424346
13	holistic	50	11	3	0.4560971767398859	2.5911939592049467
13	conventional	60	3	3	1.01453489826231	3.461551961246323
14	holistic	60	11	1	0.4881621886075052	3.2662061206195427
14	conventional	60	4	4	1.1386348852715795	3.2601538558078333
15	holistic	60	9	9	0.5048784305261876	2.7212553428520656
15	conventional	60	4	4	1.159950682323691	3.3983773791827825
16	holistic	60	9	9	0.5519259655372777	2.7602068583424493
16	conventional	60	1	1	1.3059519872168626	3.5174879538297636
17	holistic	60	7	7	0.7996041994188318	4.699550356172389
17	conventional	60	1	1	1.2281531099383136	3.9806222256415005
18	holistic	60	5	5	0.861655009817067	3.319256974538062
18	conventional	60	2	2	1.1458970963170572	2.6330355760569626
19	holistic	60	2	2	0.8471931613861144	2.816030170440653
19	conventional	60	3	3	1.0979450512464177	3.0070841191412616
20	holistic	60	2	2	0.9335491062102584	2.2672484596433287
20	conventional	60	4	4	1.2307950522238889	8.440826647072106
21	holistic	60	6	6	0.9999199139466657	2.4819114170892442
21	conventional	60	0	0	1.2032076430760932	3.9150304310526662
22	holistic	60	2	2	1.0229171592921589	2.653869041591692
22	conventional	60	1	1	1.157033445068119	3.4290774139686224
23	holistic	60	1	1	1.0641062611000087	2.535775461895446
23	conventional	60	1	1	1.0987421683506875	2.571808060476467
24	holistic	60	0	0	1.0367322435831359	2.5705388283336226
24	conventional	60	1	1	1.127506789914336	2.5265658142006537
25	holistic	60	3	3	1.020930802496884	2.598244379667518
25	conventional	60	2	2	1.158903950078978	2.5200164908750478
26	holistic	60	2	2	1.0482162298627196	2.5209330233246074
26	conventional	60	0	0	1.213140805412336	4.4635730775165845
27	holistic	60	1	1	1.0997608577440043	4.688007389410732
27	conventional	60	1	1	1.1893555494954526	2.4564682344710795
28	holistic	60	0	0	1.0666317674276022	2.6856607052954176
28	conventional	60	0	0	1.1878799496224448	2.454421441891626
29	holistic	60	2	2	1.061941199757654	2.3573138550054655
29	conventional	60	2	2	1.1679324804133318	2.3764521361003927
30	holistic	60	1	1	1.0454761617032178	2.3725614733574365
30	conventional	60	0	0	1.1672133719062852	2.587505156782865
31	holistic	60	2	2	1.0454404599475073	2.340400430279259
31	conventional	60	2	2	1.16396216105099	2.4332780440169226
32	holistic	60	1	1	1.0750816447435017	2.3552821063991236
32	conventional	60	0	0	1.1714135430607489	3.1262740781465577
33	holistic	60	1	1	1.1212984309810152	2.910068926515159
33	conventional	60	0	0	1.1643143384219463	3.005068216931908
34	holistic	60	1	1	1.112675700367948	2.9144595697965685
34	conventional	60	1	1	1.1377798905148984	3.171189672977842
35	holistic	60	0	0	1.125548591390915	2.9126809231081503
35	conventional	60	0	0	1.1471482088299478	3.37340998894751
36	holistic	60	1	1	1.1004421277956569	2.41362645113541
36	conventional	60	1	1	1.128302240846039	3.2534366183591894
37	holistic	60	1	1	1.0804313249709838	2.2401404934842044
37	conventional	60	1	1	1.118561933939842	3.0967954204185464
38	holistic	60	1	1	1.1289558616262099	2.7351184586588335
38	conventional	60	2	2	1.1544045485317163	2.9407065434273787
39	holistic	60	2	2	1.1160045750449512	2.2203250158892853
39	conventional	60	0	0	1.1314468813118035	2.7636785543780795
40	holistic	60	0	0	1.1627985680340778	2.7822312981499695
40	conventional	60	1	1	1.0906462443551448	2.6528669974426458
41	holistic	60	0	0	1.1644136446158635	2.78816421466
41	conventional	60	1	1	1.0983261596551976	2.5457775937468012
42	holistic	60	1	1	1.1126115456408716	2.116011185833395
42	conventional	60	1	1	1.0868654002755265	2.454946854393611
43	holistic	60	0	0	1.1141115413136988	2.1167755933094883
43	conventional	60	1	1	1.1083368200413897	2.4956039212286885
44	holistic	60	0	0	1.1281877201994832	2.10592922256386
44	conventional	60	0	0	1.0976247066554843	2.4021865561047067
45	holistic	60	0	0	1.146133064294953	2.162344854098033
45	conventional	60	1	1	1.0942799120688353	2.4045431296397277
46	holistic	60	0	0	1.129731560125336	2.1424840526592375
46	conventional	60	1	1	1.1016081932735635	2.3576867397112204
47	holistic	60	0	0	1.1210842393030356	2.101040452893572
47	conventional	60	0	0	1.1273175672101212	2.45107681766308
48	holistic	60	0	0	1.1165132046179322	2.121204408945818
48	conventional	60	0	0	1.1280934084371204	2.4462332576106913
49	holistic	60	0	0	1.117797014471681	2.0823782809853157
49	conventional	60	2	2	1.0917389948415586	2.4446891355429705
50	holistic	60	0	0	1.1256987470341786	2.045954416085945
50	conventional	60	0	0	1.0949771536730146	2.4542097233533258
51	holistic	60	0	0	1.1301426618318213	2.0924030063373245
51	conventional	60	0	0	1.0888535015410714	2.308887544747748
52	holistic	60	0	0	1.1345009660988619	2.109856315028565
52	conventional	60	0	0	1.098205294845564	2.380458430671112
53	holistic	60	0	0	1.1514232256753194	2.101033466566669
53	conventional	60	1	1	1.0935482279301942	2.493709658028165
54	holistic	60	1	1	1.1398585561899146	2.0427445021820576
54	conventional	60	0	0	1.084683510636465	2.60138738645889
55	holistic	60	0	0	1.144279929460305	2.0361618087932696
55	conventional	60	0	0	1.1089194196251653	2.5782694923027774
56	holistic	60	1	1	1.1394101403554988	2.029711500484763
56	conventional	60	1	1	1.0761578316321598	2.577401678522527
57	holistic	60	0	0	1.133169224574474	2.000230796053803
57	conventional	60	1	1	1.0898727261167998	2.5140761620487058
58	holistic	60	1	1	1.1308385330108246	2.040332666410052
58	conventional	60	1	1	1.0794698330018833	2.474185898968621
59	holistic	60	0	0	1.1191737182720436	2.012251340555163
59	conventional	60	2	2	1.079731643723633	2.475057446680564
60	holistic	60	3	3	1.0940772278729018	1.9852416201268088
60	conventional	60	1	1	1.0703311810551779	2.532629940520704
61	holistic	60	0	0	1.1609886253573136	2.7849601818538674
61	conventional	60	3	3	1.043438723017667	2.494167213503372
62	holistic	60	0	0	1.1259519358154502	1.9344075657411042
62	conventional	60	2	2	1.046632729956054	2.4571155215109406
63	holistic	60	0	0	1.11042159335344	1.8902080505208148
63	conventional	60	3	3	1.055933103955213	3.4488827458196263
64	holistic	60	2	2	1.0997828083133259	1.9477562578346521
64	conventional	60	1	1	1.0888908253663538	3.0251104777825844
65	holistic	60	0	0	1.1089902193488763	1.94430363873388
65	conventional	60	2	2	1.1609394551201992	5.358800193009014
66	holistic	60	0	0	1.1300954686119133	1.9216225665524969
66	conventional	60	11	11	1.0016740397532478	3.3630341531024985
67	holistic	60	0	0	1.1325916083351186	1.9378135608016203
67	conventional	60	11	11	0.9098624797527783	4.045265298642028
68	holistic	60	3	3	1.0993440583646257	1.9250219152209764
68	conventional	60	6	6	1.006420581051274	4.3852493726695005
69	holistic	60	3	3	1.0786988815784109	2.281959438373433
69	conventional	60	8	8	1.1091737268702875	5.45122937099451
70	holistic	60	3	3	1.0042907847571898	2.0169919964461616
70	conventional	60	8	8	0.9000852885161678	3.0682147884397306
71	holistic	60	3	3	0.9881483795454578	1.8727516389245753
71	conventional	60	4	4	1.1987776859592618	5.523081141943245
72	holistic	60	4	4	1.0121850985121286	2.6965513435188675
72	conventional	60	6	6	1.1954992638179387	5.019393251304299
73	holistic	60	4	4	0.9803098372760917	2.2413258506166795
73	conventional	60	0	0	1.2058895995231849	6.350246068914688
74	holistic	60	6	6	1.0487299822018321	3.78179033707942
74	conventional	60	8	8	1.11993953237081	3.8600220272053862
75	holistic	60	8	8	0.9562150816068917	3.8172547204025458
75	conventional	60	8	8	1.060919377803398	3.462097710997572
76	holistic	60	8	8	0.8187081791590552	2.307074693536932
76	conventional	60	3	3	1.1331710080593456	3.0368262740618532
77	holistic	60	3	3	0.8235935841892768	2.3263000018315587
77	conventional	60	4	4	1.0500730227696435	2.5939844955613585
78	holistic	60	4	4	0.8411472158068241	2.661521749369628
78	conventional	60	2	2	1.177224408532043	3.274275357699846
79	holistic	60	5	5	0.8471823823152278	2.6621546078240246
79	conventional	60	2	2	1.0406746985201707	2.589311122376595
80	holistic	60	2	2	0.8557070402448537	2.4838434622261207
80	conventional	60	4	4	0.9953473823092909	2.534636835849601
81	holistic	60	6	6	0.8215435648400512	2.305529312906943
81	conventional	60	3	3	1.0212052579281585	2.556346641029586
82	holistic	60	2	2	0.9175872880737548	2.3424897064440664
82	conventional	60	2	2	1.0254331209496104	2.807547163786788
83	holistic	60	4	4	0.9047652240066206	2.1224678523616665
83	conventional	60	4	4	1.0704622342000774	2.722574562942677
84	holistic	60	2	2	0.9235560790764494	2.062340450277652
84	conventional	60	4	4	1.115822967050121	2.7845104395927067
85	holistic	60	2	2	0.987498135466517	2.2060984797857333
85	conventional	60	4	4	1.0696948974605962	2.5744720539125163
86	holistic	60	3	3	1.0122281942488038	3.104312204945014
86	conventional	60	1	1	1.1345546177103587	2.66983022196991
87	holistic	60	2	2	1.0453052969213867	3.0214667994715665
87	conventional	60	1	1	1.1722976531728526	2.6471107494443884
88	holistic	60	1	1	1.1228925976755995	2.8852478274442315
88	conventional	60	1	1	1.1268594390105247	2.6454699857134374
89	holistic	60	2	2	1.093208072096452	3.3834061827084163
89	conventional	60	2	2	1.1128377378536929	2.4980396293881335
90	holistic	60	1	1	1.1253254260774268	4.893524448930007
90	conventional	60	1	1	1.0891164179265553	2.646666659893932
91	holistic	60	2	2	1.1022965699577902	4.225535615450389
91	conventional	60	2	2	1.0195089530617525	2.5525724828901666
92	holistic	60	1	1	1.1088000060376284	3.3915457213911093
92	conventional	60	1	1	1.0339212874602126	2.4784806331441342
93	holistic	60	1	1	1.1633939888782379	3.0916036958673976
93	conventional	60	3	3	1.0427343313084123	2.425002301566984
94	holistic	60	0	0	1.1649298985558623	3.0410706403361
94	conventional	60	2	2	1.0626491031159822	2.362519537328607
95	holistic	60	1	1	1.1324944882937575	2.3221068170750443
95	conventional	60	1	1	1.1074072826029557	2.535153191658464
96	holistic	60	0	0	1.1410927122604018	2.1998030960816792
96	conventional	60	1	1	1.061760497310823	2.434402657814726
97	holistic	60	1	1	1.0819861325254811	2.1750256215292683
97	conventional	60	2	2	1.0389373243783186	2.501679340185057
98	holistic	60	0	0	1.0954947916564453	2.16885737326866
98	conventional	60	0	0	1.0621921664074523	2.401050443701773
99	holistic	60	3	3	1.0119938153892793	2.2106950385824358
99	conventional	60	0	0	1.0683873356103046	2.3080677511498586
100	holistic	60	0	0	1.0408168313355552	2.171181910509407
100	conventional	60	1	1	1.1150394182254675	2.4018742514638314
101	holistic	60	0	0	1.064336951678307	2.1448345100892796
101	conventional	60	1	1	1.1603033726315697	2.5118644622333988
102	holistic	60	1	1	1.0391243656021592	2.063637987160405
102	conventional	60	2	2	1.1189660165673512	2.717220864894581
103	holistic	60	1	1	1.0482502837346452	1.9876244295736358
103	conventional	60	1	1	1.1326928671943173	2.8493501392978753
104	holistic	60	0	0	1.0709753005191816	1.9493849164255974
104	conventional	60	0	0	1.16470036304681	2.456337809680214
105	holistic	60	1	1	1.073736924185241	1.9733640732394304
105	conventional	60	0	0	1.135031679471725	2.403019520580722
106	holistic	60	1	1	1.1085532793704076	1.9623593592028206
106	conventional	60	1	1	1.1216976712586941	2.4292550737837715
107	holistic	60	0	0	1.0816603349346692	2.004966924501832
107	conventional	60	0	0	1.149364283159397	2.3545420210009143
108	holistic	60	0	0	1.1016668768837132	2.03351703267765
108	conventional	60	1	1	1.1231639894819991	2.453528806700164
109	holistic	60	0	0	1.101842699553665	1.9844537954752737
109	conventional	60	1	1	1.1731948089894124	2.4759531077264816
110	holistic	60	0	0	1.1000387683910058	1.9387251105403924
110	conventional	60	1	1	1.1668596461346017	2.911633076118055
111	holistic	60	0	0	1.1032133872206427	1.9325567592881736
111	conventional	60	1	1	1.1626176245796573	2.4150456210428466
112	holistic	60	0	0	1.1230944642986074	1.9603429319717143
112	conventional	60	0	0	1.238635024603483	5.385019116592947
113	holistic	60	0	0	1.1079255360293874	2.0535910885904847
113	conventional	60	1	1	1.1677014980708047	2.5123525984503945
114	holistic	60	0	0	1.1044232449296427	1.983077543270381
114	conventional	60	0	0	1.1886331674837847	2.5100742583350066
115	holistic	60	0	0	1.1135999571397677	1.9736856976048125
115	conventional	60	0	0	1.2428694959414825	3.7189615519815415
116	holistic	60	0	0	1.114695582204683	1.9539641976307611
116	conventional	60	1	1	1.2583872473376396	3.874812809471814
117	holistic	60	0	0	1.1251623316946293	1.9393904205997312
117	conventional	60	0	0	1.2341618630211	3.249476896616862
118	holistic	60	0	0	1.1295618396593088	1.976559826247806
118	conventional	60	1	1	1.213649670644234	2.627211492082327
119	holistic	60	0	0	1.121521938704151	1.8785116806655622
119	conventional	60	0	0	1.228342529796803	3.9065903151725823
120	holistic	60	2	2	1.0890383672242758	1.8592160008106957
120	conventional	60	0	0	1.2396338023316658	3.799885091184398
121	holistic	60	0	0	1.0746269338806518	1.7921659423271368
121	conventional	60	2	2	1.1868761551236153	3.2160592124061966
122	holistic	60	0	0	1.0870509492418596	1.805192337211653
122	conventional	60	1	1	1.1712862192733666	2.886637479464291
123	holistic	60	0	0	1.1175945983153075	1.8456914548003058
123	conventional	60	1	1	1.1629570894785046	2.7326817977347058
124	holistic	60	1	1	1.1400551576447675	2.0151996001650576
124	conventional	60	2	2	1.147587429341712	2.403114996758821
125	holistic	60	0	0	1.1615362815410888	2.064636699333702
125	conventional	60	2	2	1.2213972157754702	3.5114560685294074
126	holistic	60	0	0	1.192873200553873	2.7765642014401064
126	conventional	60	1	1	1.2981520385529035	4.0041365999852765
127	holistic	60	1	1	1.1683024060039082	2.155001610304913
127	conventional	60	8	8	1.1250274377808889	3.4413938713826786
128	holistic	60	1	1	1.1559580592713545	2.1967260175557497
128	conventional	60	4	4	1.061838678140461	3.3689848732280545
129	holistic	60	2	2	1.1137641375102356	2.2115529313489444
129	conventional	60	6	6	1.0702120175490364	3.5776340318929085
130	holistic	60	2	2	1.0632067435250236	2.2751624286863787
130	conventional	60	6	6	0.9901202756934974	2.553504228221929
131	holistic	60	2	2	1.0299120772597994	2.2149845648502358
131	conventional	60	1	1	1.0219753544609824	2.493429983164793
132	holistic	60	4	4	0.9946812497804169	2.204906719063166
132	conventional	60	5	5	0.9939360603318974	2.9072593976781214
133	holistic	60	5	5	1.007647641530961	2.7645676333120157
133	conventional	60	1	1	1.0549449783413347	2.740791116528296
134	holistic	60	5	5	0.9556131335042374	2.7257034024638003
134	conventional	60	3	3	1.0326393613532043	2.6665021902826744
135	holistic	60	4	4	0.8460124533816703	2.4324408239557958
135	conventional	60	4	4	0.9702910801254294	2.6173762325435943
136	holistic	60	12	12	0.8072173626770862	2.6738910927101847
136	conventional	60	1	1	0.9941804426399242	2.446569239544577
137	holistic	60	3	3	0.9401751117475785	2.9566499591771866
137	conventional	60	6	6	1.0417757476625404	3.4953991038318852
138	holistic	60	4	4	0.9785075615652381	2.0924961390298398
138	conventional	60	2	2	1.0273851193413917	3.5185503333346446
139	holistic	60	1	1	0.9765484337591306	2.294759117717032
139	conventional	60	3	3	1.1278912153279623	5.4081892412582055
140	holistic	60	2	2	0.9262260074467593	2.1000041525337885
140	conventional	60	4	4	0.9979095619134432	2.5277983882343884
141	holistic	60	7	7	0.9075283181153041	2.7291069411182773
141	conventional	60	4	4	0.9660265668031659	2.5283622228415004
142	holistic	60	2	2	0.8350450665083436	2.031592502690271
142	conventional	60	3	3	0.9722388444419476	2.5305458530103446
143	holistic	60	6	6	0.7975408127934492	1.9901376476869235
143	conventional	60	4	4	0.9715227185357072	2.717721657857455
144	holistic	60	1	1	0.9245113652872011	3.906260819900086
144	conventional	60	1	1	1.033721128324004	3.4912170876788218
145	holistic	60	3	3	0.9256232402170174	2.036475148550548
145	conventional	60	5	5	1.0442225575614545	4.496081289701221
146	holistic	60	2	2	0.9355187052796391	2.199560447321259
146	conventional	60	2	2	1.1608293993858572	3.553547812791753
147	holistic	60	5	5	0.9674682343820104	2.8491069263455606
147	conventional	60	1	1	1.1542711094064018	3.253514808570294
148	holistic	60	1	1	1.0191516816750898	2.9215133851261945
148	conventional	60	0	0	1.1140891630178873	2.943785567994816
149	holistic	60	2	2	0.9532562757982712	2.895617060019438
149	conventional	60	2	2	1.0966102395667827	2.769478646840419
150	holistic	60	3	3	0.9715035766170979	3.408893155752759
150	conventional	60	1	1	1.086391768705906	2.707596205259042
151	holistic	60	2	2	1.0040950404635571	2.7565074060746997
151	conventional	60	2	2	1.11564609907708	2.478541621271434
152	holistic	60	2	2	0.9448672569969236	2.4128810818360367
152	conventional	60	2	2	1.0969543145251885	2.2845452819991046
153	holistic	60	1	1	0.9706385634581702	2.655914646072634
153	conventional	60	3	3	1.0888783654160652	2.2895773022273223
154	holistic	60	1	1	0.9617143058564314	2.743538560642274
154	conventional	60	1	1	1.0892397575093695	2.3715280011240196
155	holistic	60	2	2	0.9769956967397894	2.775266207035162
155	conventional	60	1	1	1.1348671495406808	2.2341973827866357
156	holistic	60	1	1	1.009487847705683	3.73422273858597
156	conventional	60	1	1	1.2037188657120812	6.331042324254781
157	holistic	60	2	2	0.9710881845599103	2.736280671641152
157	conventional	60	2	2	1.142756249309055	4.307822243894435
158	holistic	60	0	0	1.0318879702731965	3.063720648275511
158	conventional	60	0	0	1.135724396009219	3.315819394886265
159	holistic	60	2	2	0.9701226686322875	2.485121865656056
159	conventional	60	1	1	1.130857981338603	2.5699984468145285
160	holistic	60	1	1	0.9644106453634458	2.5366504086600075
160	conventional	60	1	1	1.1522680734847548	2.915079161635385
161	holistic	60	0	0	0.9891456049123286	2.4051999955026346
161	conventional	60	2	2	1.1505024749736898	3.3138031755644644
162	holistic	60	0	0	1.0297748107911007	2.167500217285353
162	conventional	60	0	0	1.1524385278216545	2.7414427270320223
163	holistic	60	1	1	0.9978425518423166	1.9897598494092459
163	conventional	60	2	2	1.1041462591389464	2.3330224831372885
164	holistic	60	0	0	1.0369122183624868	2.984714742249231
164	conventional	60	1	1	1.1230685339136817	2.2067537006548132
165	holistic	60	1	1	0.9881951544479716	2.0769020886338456
165	conventional	60	0	0	1.158778754538395	3.5581359999866833
166	holistic	60	1	1	0.9911728672104965	2.1942557709986494
166	conventional	60	2	2	1.1301310314394029	2.243753875068849
167	holistic	60	1	1	0.9852302691756456	2.3671180964168945
167	conventional	60	1	1	1.2181713158973018	7.2850536503194325
168	holistic	60	0	0	0.9770757935611082	2.4086633018148293
168	conventional	60	1	1	1.18501516400007	3.783951192832294
169	holistic	60	0	0	0.9879128226202767	2.4418937088072488
169	conventional	60	0	0	1.2004902463771536	3.956942963231917
170	holistic	60	0	0	0.9848081423840119	2.287175744483885
170	conventional	60	1	1	1.1818695830970793	2.8038589555545
171	holistic	60	1	1	0.9591375579750268	2.076145942132644
171	conventional	60	2	2	1.1365006713356844	2.441621682142034
172	holistic	60	0	0	0.9631605805565193	1.9753558009559677
172	conventional	60	1	1	1.119937482120605	2.3432956325834606
173	holistic	60	0	0	0.9790997196355167	1.9576694969879527
173	conventional	60	1	1	1.1193308272803761	2.7649911801585896
174	holistic	60	0	0	0.9948716978750057	2.076585638375351
174	conventional	60	1	1	1.1026921642480094	2.4703218158336693
175	holistic	60	2	2	0.9984974919333144	2.0559094014686288
175	conventional	60	0	0	1.0937159952034534	2.317667734577543
176	holistic	60	0	0	0.9894366491229423	2.000883385458194
176	conventional	60	0	0	1.1187265030043645	2.524437303572021
177	holistic	60	0	0	1.014309098094126	1.9906193178456348
177	conventional	60	0	0	1.138205212140649	2.498013595775757
178	holistic	60	0	0	1.0393550593569512	2.09089545060799
178	conventional	60	1	1	1.0941529672028207	2.408858758715316
179	holistic	60	0	0	1.0367574628337026	2.1126623380596468
179	conventional	60	1	1	1.0886903793989744	2.439518711913264
180	holistic	60	2	2	1.0048446311333514	2.1648079816119106
180	conventional	60	0	0	1.0759019877487235	2.4676400077326583
181	holistic	60	0	0	1.0030852076629595	2.1482348412182697
181	conventional	60	2	2	1.0790227279870592	2.5771647634438932
182	holistic	60	0	0	1.012435486775934	2.0878117091680397
182	conventional	60	0	0	1.112093534403985	2.547910698974497
183	holistic	60	0	0	1.0465368191714983	2.039975405578684
183	conventional	60	0	0	1.086527078927756	2.520894343802829
184	holistic	60	1	1	1.0027027078939041	1.974573419558341
184	conventional	60	1	1	1.052148439835663	2.5428869600476136
185	holistic	60	0	0	1.0118285100818027	1.9122746564997597
185	conventional	60	3	3	1.0379907794493117	2.7067822627179305
186	holistic	60	0	0	1.0124501831454515	2.0969931215546302
186	conventional	60	2	2	1.0209971389961763	2.960382193806153
187	holistic	60	1	1	0.9979139327903037	2.0613775693809364
187	conventional	60	6	6	0.932528247452885	3.0698989434344366
188	holistic	60	1	1	1.007013366975765	2.0019992796457493
188	conventional	60	3	3	1.0266324628802712	3.4532904115654532
189	holistic	60	1	1	1.002351930138863	2.070431987969326
189	conventional	60	5	5	0.9782057321605275	2.9559831258944542
190	holistic	60	1	1	1.00770078502726	2.062331546430764
190	conventional	60	3	3	1.0701853192698383	3.4360233502703554
191	holistic	60	2	2	1.0090937453243594	2.1024807435626904
191	conventional	60	2	2	1.044509325856205	2.714338299822537
192	holistic	60	1	1	0.954457747075568	2.0705564984211193
192	conventional	60	6	6	0.9651069669580877	2.8816625364844226
193	holistic	60	1	1	0.9524054566196827	2.017380999907448
193	conventional	60	5	5	1.029553016665288	2.9045260747611388
194	holistic	60	2	2	0.9392437648332276	2.011214822802792
194	conventional	60	3	3	0.9979922632006645	2.9906005437532044
195	holistic	60	3	3	0.9580946637662052	2.847097432086237
195	conventional	60	4	4	1.0240963872134667	2.9792452910451885
196	holistic	60	8	8	0.8842290750790825	2.841957976259307
196	conventional	60	3	3	1.0942266237255893	3.3975505855677306
197	holistic	60	3	3	0.9181526676669177	4.794300677921867
197	conventional	60	3	3	1.0929804874547964	3.909182272626313
198	holistic	60	5	5	0.8649818790625339	3.286909336978187
198	conventional	60	4	4	1.0685041094868473	2.8873894395550153
199	holistic	60	2	2	0.9922687272774213	6.743957593418418
199	conventional	60	1	1	1.1466036992383972	2.823779457635973
200	holistic	60	3	3	0.9058584749618817	4.7423769532176845
200	conventional	60	1	1	1.1806125145060595	4.408780945304776
201	holistic	60	9	9	0.8405712407741409	3.412710649084023
201	conventional	60	4	4	1.0570143444655413	2.756341091170549
202	holistic	60	2	2	0.9824273666937692	4.792940703870159
202	conventional	60	3	3	1.1666150832765183	5.309299642186883
203	holistic	60	7	7	0.9089478198110917	4.276383949680738
203	conventional	60	5	5	1.0559781224631162	3.035426029188471
204	holistic	60	2	2	1.0306692735767091	3.7983310883756336
204	conventional	60	4	4	0.9867300017538777	2.8891477728600967
205	holistic	60	5	5	1.079747586362078	3.316298561799105
205	conventional	60	5	5	1.032882471678676	2.905770246880677
206	holistic	60	2	2	1.061769398675097	2.9955966165210004
206	conventional	60	5	5	1.0541010378039373	2.898898195819626
207	holistic	60	4	4	1.107441339387486	4.251971204546859
207	conventional	60	0	0	1.2840164861234067	8.252280050472942
208	holistic	60	1	1	1.0738404847642609	2.751590103002157
208	conventional	60	1	1	1.1325407122072206	3.7909898444448107
209	holistic	60	2	2	1.0579039846602316	2.470883238283902
209	conventional	60	5	5	1.0785647809046248	2.8559258511640198
210	holistic	60	2	2	1.0164208362407918	3.8096774191669263
210	conventional	60	3	3	1.0164767904326246	2.8711456584475905
211	holistic	60	1	1	1.085331575709465	2.815472313561421
211	conventional	60	3	3	1.0533239741050548	2.906909866224011
212	holistic	60	1	1	1.10105203596787	4.730451184186223
212	conventional	60	2	2	1.0960921056137212	2.8590137698896108
213	holistic	60	1	1	1.080593859229048	4.247232057446581
213	conventional	60	3	3	0.9832653582973502	2.7934783833314127
214	holistic	60	1	1	1.0515098627379558	3.057416484517412
214	conventional	60	6	6	0.9377584824142299	2.7476123509505657
215	holistic	60	1	1	1.005374059774119	2.6053988447412224
215	conventional	60	3	3	0.9024662581461651	2.705514645231899
216	holistic	60	3	3	1.0253697476940073	3.7626024360528723
216	conventional	60	2	2	0.9208561733224914	2.7034199918111113
217	holistic	60	2	2	1.0265375389939746	3.2692368125742206
217	conventional	60	2	2	0.9654263639115522	2.682276334699363
218	holistic	60	1	1	1.0300350074520481	2.4431708189955326
218	conventional	60	1	1	1.0969574006830718	5.33827366480226
219	holistic	60	1	1	0.9760876050338984	2.4103273442420154
219	conventional	60	1	1	1.0258704040890916	2.8925159560306812
220	holistic	60	2	2	0.974403616174472	2.3795819869614188
220	conventional	60	0	0	1.0461823708768072	2.6779097963377616
221	holistic	60	1	1	0.9574665483431909	2.442966138963672
221	conventional	60	1	1	0.9888878059754447	2.658889274644868
222	holistic	60	2	2	0.9447011094469971	2.2013879970794576
222	conventional	60	0	0	1.0412367395922462	2.6867473968746713
223	holistic	60	1	1	1.0234432245953342	4.857871082900968
223	conventional	60	3	3	0.9431686287084627	2.108989182910688
224	holistic	60	1	1	0.9874348920719271	2.358434923384752
224	conventional	60	2	2	0.9146704816004508	1.8942287454259858
225	holistic	60	0	0	0.9787930341348564	2.5363535363741647
225	conventional	60	0	0	1.0150393927005317	2.1671403562092513
226	holistic	60	2	2	0.9418575513505744	2.5530264737280093
226	conventional	60	2	2	0.9692696210103552	1.8855700950398857
227	holistic	60	1	1	1.012460386102062	2.7261988401027555
227	conventional	60	2	2	0.9755515367502792	1.849849620089216
228	holistic	60	0	0	0.9990300448845842	2.580842604609927
228	conventional	60	0	0	0.9759653835317806	1.9338158350439305
229	holistic	60	0	0	0.992084435162201	2.539886571838726
229	conventional	60	0	0	0.9812069454311929	2.1069027251661256
230	holistic	60	1	1	0.992149158018126	2.5029162624746997
230	conventional	60	0	0	0.9662829757170847	1.9629353510978014
231	holistic	60	1	1	0.9891843538764458	2.4698356238850843
231	conventional	60	1	1	0.937865185471337	2.1501371499857758
232	holistic	60	1	1	0.9856911916108344	2.394162209612976
232	conventional	60	2	2	0.99966507673912	4.552620915329161
233	holistic	60	0	0	1.0074763333777317	2.455751634536978
233	conventional	60	1	1	0.9772637665918295	2.5421251245839964
234	holistic	60	0	0	1.0232179608852592	2.4284359115646206
234	conventional	60	1	1	1.0012798663967741	1.988903992947363
235	holistic	60	3	3	0.9803764801128733	2.4829612484331283
235	conventional	60	1	1	0.9930215822342472	2.293441691312479
236	holistic	60	0	0	1.0197968948828278	2.456885714113027
236	conventional	60	1	1	0.9788210141071445	1.9688222655329946
237	holistic	60	0	0	1.0494486612053238	2.395648002514819
237	conventional	60	0	0	1.0054776490960071	2.027079760165093
238	holistic	60	0	0	1.0894957807985177	2.7551947539333543
238	conventional	60	1	1	1.0046166065049937	2.094158459471196
239	holistic	60	0	0	1.0515858309757538	2.352878020807843
239	conventional	60	0	0	1.0031185954151582	2.0531220663377234
240	holistic	60	2	2	1.016952812761962	2.290683789582143
240	conventional	60	0	0	1.021343085875096	2.0618261242319345
241	holistic	60	0	0	1.026871380526118	2.285565857129244
241	conventional	60	1	1	0.9956754988949229	2.004147231802943
242	holistic	60	0	0	1.027521707340779	2.2978057668444394
242	conventional	60	1	1	0.9948810361780657	1.9473442057719483
243	holistic	60	0	0	1.029423556135749	2.360764368759351
243	conventional	60	0	0	1.0181354934884284	2.1971085933667154
244	holistic	60	1	1	1.0164549972503927	2.3205723613844866
244	conventional	60	1	1	0.9669479959283788	2.067836418150129
245	holistic	60	0	0	1.0143009554632652	2.428678409076761
245	conventional	60	0	0	0.985106702155196	1.959168592498063
246	holistic	60	0	0	1.0185241732189945	2.436116874231665
246	conventional	60	1	1	0.995189033731939	1.828256487135002
247	holistic	60	1	1	1.0075780192380557	2.513018994608689
247	conventional	60	2	2	0.9540858414775868	1.9762802291072166
248	holistic	60	2	2	0.9721480331534179	2.4501991090646307
248	conventional	60	2	2	0.9550861628594002	2.2088758813126965
249	holistic	60	0	0	1.0109371762402661	2.412703869937641
249	conventional	60	4	4	0.901551564229024	2.793894641053351
250	holistic	60	0	0	1.0145182887007238	2.4631950306773347
250	conventional	60	4	4	0.862696559662287	1.9648578798633831
251	holistic	60	2	2	0.9962959349499918	2.4906634446263785
251	conventional	60	2	2	0.9871073981776494	4.3802359960498425
252	holistic	60	3	3	0.973641611194353	2.4543400087969287
252	conventional	60	5	5	0.9025604356692697	2.663525167633077
253	holistic	60	0	0	0.995311831060793	2.4192250374217834
253	conventional	60	4	4	0.8919267374253526	2.0315718287514355
254	holistic	60	1	1	0.9961214890880239	2.3861239100146525
254	conventional	60	1	1	0.9072941073147217	1.92875478180112
255	holistic	60	4	4	0.9689870192665595	2.412847161915587
255	conventional	60	6	6	0.8351994379569853	1.8994646390518564
256	holistic	60	6	6	0.9126733541339968	2.380806852255154
256	conventional	60	2	2	0.9243221467247732	2.4712853785365896
257	holistic	60	1	1	0.9859840051436215	2.406553373631836
257	conventional	60	1	1	1.0537579322948396	3.066097744811299
258	holistic	60	1	1	0.9637195871777333	2.3942012864552833
258	conventional	60	2	2	1.0231239646721833	2.5572312130930377
259	holistic	60	3	3	0.947278829163231	2.4006216481437495
259	conventional	60	3	3	1.0999598322417519	3.5494704206394965
260	holistic	60	1	1	0.9780533297235748	2.4069270027237484
260	conventional	60	0	0	1.0825797959287753	2.553386961890682
261	holistic	60	7	7	0.8914813885153726	2.3600907684946484
261	conventional	60	2	2	1.0131396638766834	2.2214195033414312
262	holistic	60	2	2	0.8965684945611749	2.314948592923477
262	conventional	60	1	1	0.9669159154850234	2.12623543749318
263	holistic	60	5	5	0.79288229783054	2.3052979839766565
263	conventional	60	3	3	0.9816827896770737	1.9632038220997277
264	holistic	60	3	3	0.8643561851743008	3.748963900611052
264	conventional	60	4	4	0.9158638995197035	1.8999562684070352
265	holistic	60	7	7	0.8058047798777319	3.6945963266067876
265	conventional	60	3	3	0.9581025656497104	2.179490343066939
266	holistic	60	4	4	0.9139465396967782	4.3630956211672265
266	conventional	60	3	3	0.9647884015546614	2.3633721382171733
267	holistic	60	2	2	0.9810505843314848	3.8073307517176533
267	conventional	60	1	1	0.932485178890554	2.3801898326150432
268	holistic	60	3	3	0.9545167784380293	3.296579477540326
268	conventional	60	3	3	0.9411188983016324	2.3867449865364767
269	holistic	60	3	3	1.0223345092300251	3.755545105024323
269	conventional	60	1	1	0.9568726389989781	2.1944920270866386
270	holistic	60	2	2	0.9831197727206925	5.247006917799908
270	conventional	60	1	1	1.0001707202105996	4.279346393566907
271	holistic	60	2	2	1.0070060315993825	5.0749261069007465
271	conventional	60	2	2	0.9450369053328529	2.1200128067311588
272	holistic	60	0	0	1.1021476688727863	4.239269849143727
272	conventional	60	0	0	0.9712177655547892	3.199098651871826
273	holistic	60	2	2	1.0081064603849696	4.135603655357371
273	conventional	60	5	5	0.9461671700193267	3.054583304142437
274	holistic	60	3	3	1.006789367672979	3.5677049096958275
274	conventional	60	3	3	0.9567389528243141	4.253329279691866
275	holistic	60	3	3	1.019231490290868	3.8118868685296388
275	conventional	60	4	4	0.9572869258629877	3.5984423124704397
276	holistic	60	3	3	1.0685078672968717	3.820433743958276
276	conventional	60	3	3	1.0204500571041408	3.3328465024252316
277	holistic	60	1	1	0.9804431425348583	2.625599290621051
277	conventional	60	1	1	0.9726252801021454	3.3473985491429192
278	holistic	60	0	0	1.0392817493959028	2.82618850608813
278	conventional	60	3	3	0.9588271209186281	3.557797557478861
279	holistic	60	2	2	1.0110234670927438	3.1299559097373897
279	conventional	60	2	2	1.131475833352695	7.369486228172276
280	holistic	60	3	3	0.9649394766170637	3.0450216815893927
280	conventional	60	4	4	1.0232139967686409	4.8073214010905385
281	holistic	60	2	2	1.0446594749329745	4.147700660107518
281	conventional	60	6	6	0.9788017147439839	3.657617215741455
282	holistic	60	1	1	1.0302916732046152	3.5280745884682916
282	conventional	60	2	2	1.1668012999175956	4.491682844275601
283	holistic	60	0	0	1.0366250519872597	3.0635201689737896
283	conventional	60	2	2	1.2264574634939636	4.9033812280712485
284	holistic	60	2	2	1.0319049510207627	3.1487097213519673
284	conventional	60	2	2	1.2176949790799285	3.49844973788679
285	holistic	60	0	0	1.1203902792771272	6.8164648103564875
285	conventional	60	1	1	1.2705675890271821	3.597772305980278
286	holistic	60	3	3	1.0622126784231627	3.781350089997088
286	conventional	60	0	0	1.3666444796786874	4.555890855105391
287	holistic	60	0	0	1.0534149957665409	2.7897693114875817
287	conventional	60	1	1	1.2443859746133736	3.159433294254482
288	holistic	60	0	0	1.0394509654637136	2.7396459605096704
288	conventional	60	1	1	1.2161679702887154	3.024691686422906
289	holistic	60	0	0	1.0161081843204611	2.674725736610999
289	conventional	60	1	1	1.2189895648430091	2.950217225833559
290	holistic	60	3	3	1.0218773838444823	2.75091132692592
290	conventional	60	0	0	1.1903894324796183	3.018566993267588
291	holistic	60	0	0	0.9966914085544353	2.567161511014089
291	conventional	60	1	1	1.2057404536222343	3.1638637706715635
292	holistic	60	1	1	0.9659052680664413	2.5231138716525137
292	conventional	60	2	2	1.185514350290281	3.2604848101188595
293	holistic	60	1	1	0.9442473170635238	2.5400547680401395
293	conventional	60	0	0	1.1802092816424163	3.307342851655615
294	holistic	60	0	0	0.9578517807464356	2.397075557064377
294	conventional	60	2	2	1.1693695920881628	3.197240682041085
295	holistic	60	3	3	0.9104189747320077	2.6677976620080717
295	conventional	60	1	1	1.1366781503230945	3.318229448522715
296	holistic	60	0	0	0.9647938419566384	2.700450722086683
296	conventional	60	1	1	1.10943366123082	3.320559600812151
297	holistic	60	2	2	0.9721614819447287	2.636328679647432
297	conventional	60	3	3	1.0961058385399833	3.2562835619687394
298	holistic	60	0	0	1.0144110973035718	2.687334447458832
298	conventional	60	2	2	1.216706396209643	3.3282233145341014
299	holistic	60	1	1	1.0426130581262165	2.92109754249077
299	conventional	60	0	0	1.217884899820176	5.346281744921011
300	holistic	60	0	0	1.039062136457399	2.6183054547349878
300	conventional	60	1	1	1.2206494713449771	4.683256950895534
301	holistic	60	1	1	1.0313455067784763	2.548810615973218
301	conventional	60	1	1	1.2007899086214116	4.078650171532773
302	holistic	60	0	0	1.0255866044534	2.484628195761163
302	conventional	60	0	0	1.1795678471725408	3.133993919427344
303	holistic	60	0	0	1.0184611853913055	2.388935803145987
303	conventional	60	0	0	1.1387940650171549	3.085388969988844
304	holistic	60	0	0	1.0053769369538428	2.408030209091078
304	conventional	60	1	1	1.1048143893948053	3.1515347786121644
305	holistic	60	0	0	1.0140442379365484	2.657172161430111
305	conventional	60	1	1	1.1230768049160045	3.214263582843773
306	holistic	60	0	0	0.9883591578550608	2.171896033470217
306	conventional	60	2	2	1.12705426155916	3.1941693920327636
307	holistic	60	1	1	0.9560811201898396	2.1920216909721733
307	conventional	60	2	2	1.0936444247567931	3.2010203587823005
308	holistic	60	1	1	0.9516081681487143	2.181832064509169
308	conventional	60	0	0	1.1366813740930592	3.1591797663662606
309	holistic	60	0	0	0.9707336904771178	2.258292394270066
309	conventional	60	2	2	1.1130475667847919	3.0928862045120007
310	holistic	60	0	0	0.9553458454099399	2.2454414220674463
310	conventional	60	4	4	1.0480474044066102	3.1003071485270435
311	holistic	60	1	1	0.9542785089015609	2.178054299386831
311	conventional	60	1	1	1.109011409302763	3.0625873745827317
312	holistic	60	1	1	0.9234261876304438	2.1410891465252906
312	conventional	60	7	7	1.0261099297239287	3.0040800398300602
313	holistic	60	0	0	0.9650277467402096	2.106350617267149
313	conventional	60	1	1	1.194217502887596	5.370508782271715
314	holistic	60	1	1	0.9568792234723228	2.1937171052136386
314	conventional	60	4	4	1.109275277427308	2.959466538797134
315	holistic	60	1	1	0.9387174183526159	2.1237863681688234
315	conventional	60	7	7	0.9101566749245098	2.9484433922426194
316	holistic	60	4	4	0.9001176969249485	2.0852128248173853
316	conventional	60	2	2	0.9979834056981908	4.165117975795273
317	holistic	60	0	0	1.0413803700694875	3.8438856985557024
317	conventional	60	4	4	1.008371253585096	3.1851177133717368
318	holistic	60	1	1	0.9752802876318805	2.7600070916588937
318	conventional	60	3	3	1.0127274736074472	2.79925504805422
319	holistic	60	4	4	0.9044688207522101	1.9772195182950356
319	conventional	60	4	4	0.9712201197094491	2.7544023854184787
320	holistic	60	2	2	0.9155960316502973	2.265764822220672
320	conventional	60	2	2	1.2663354858088645	8.430824934036949
321	holistic	60	5	5	0.8727920333838722	2.155977185364956
321	conventional	60	1	1	1.1023393275740898	3.9655235621086438
322	holistic	60	0	0	0.8954990261113418	2.1213192530002623
322	conventional	60	3	3	1.114719170124969	3.1372829242942823
323	holistic	60	4	4	0.8401097577246172	2.1057713400996216
323	conventional	60	0	0	1.1639228576829166	3.587297456577935
324	holistic	60	3	3	0.8746060217614053	3.7658817606366135
324	conventional	60	5	5	1.0696225270816404	2.6939014587717063
325	holistic	60	5	5	0.8272566842777103	2.263248785119049
325	conventional	60	1	1	1.1488288716050576	4.505999836810321
326	holistic	60	3	3	0.901291515390231	2.522615551654983
326	conventional	60	2	2	1.178885739363623	4.365376557866964
327	holistic	60	1	1	0.8575984030978722	2.049079660584737
327	conventional	60	1	1	1.213441673969505	4.856675259896964
328	holistic	60	3	3	0.8390542351299092	2.1195764025385717
328	conventional	60	2	2	1.168808671126933	4.359919567117628
329	holistic	60	3	3	0.9070153300717807	2.2720124583999404
329	conventional	60	1	1	1.1877251595547758	4.612308272042459
330	holistic	60	2	2	0.974670850198483	2.7741373479486016
330	conventional	60	1	1	1.1137549591034623	3.5694258182933063
331	holistic	60	2	2	0.9416370263927577	2.7716552994278
331	conventional	60	0	0	1.0702027027673782	3.202585123357085
332	holistic	60	1	1	0.9461003701931735	2.7186451774416907
332	conventional	60	0	0	1.0491291919845522	2.6544136614282228
333	holistic	60	3	3	0.9482992139082974	3.712872041739703
333	conventional	60	1	1	0.9969816332074172	2.5088699285547853
334	holistic	60	3	3	0.8742181538892442	2.7053485533270485
334	conventional	60	4	4	0.9420808950663841	2.2589012384608242
335	holistic	60	4	4	0.9348064741379475	2.77532807450729
335	conventional	60	3	3	0.9258291585554189	2.2253114709033475
336	holistic	60	1	1	1.0454402423370446	3.8097664536823004
336	conventional	60	5	5	0.8719988213633062	2.212809860660527
337	holistic	60	0	0	1.0254396421642933	2.846069968820374
337	conventional	60	2	2	0.9878960579317163	3.1789236485582983
338	holistic	60	1	1	1.0008762084915357	2.7193985433209984
338	conventional	60	3	3	1.0689531459922559	7.1603870484214465
339	holistic	60	2	2	1.0600115992218861	2.5645936990207483
339	conventional	60	3	3	1.0077018772770134	4.757808256820262
340	holistic	60	3	3	1.009353350877657	2.3533839788809936
340	conventional	60	3	3	1.1628170774854711	5.488218026599509
341	holistic	60	2	2	1.1085090445622858	2.761423383693991
341	conventional	60	3	3	1.155042290150741	4.0471443431286716
342	holistic	60	0	0	1.1083541195813396	2.470110678602185
342	conventional	60	2	2	1.2284803755553249	4.706526975267077
343	holistic	60	0	0	1.063201010381127	2.2159861758080086
343	conventional	60	1	1	1.1780213702862	4.1218627617151276
344	holistic	60	2	2	1.001883008197047	2.1162140651196073
344	conventional	60	2	2	1.1893691562865494	4.182442727048391
345	holistic	60	1	1	0.9984910515813272	2.15339581791923
345	conventional	60	1	1	1.1795118298878455	3.5611864341484445
346	holistic	60	1	1	1.0132966165438462	2.010202646727672
346	conventional	60	0	0	1.1526067807034017	3.553119701368389
347	holistic	60	0	0	1.1229737071391361	5.866288315698376
347	conventional	60	0	0	1.1399856350214186	3.137876597825409
348	holistic	60	0	0	1.0853868429312852	3.8628710897654877
348	conventional	60	1	1	1.0972892966650876	2.9481968018492606
349	holistic	60	1	1	1.0759259597467283	2.860641406357086
349	conventional	60	2	2	1.0668713382181887	2.769607019996267
350	holistic	60	1	1	1.0189888395965738	2.376797890189447
350	conventional	60	0	0	1.071445812356987	2.552918518101628
351	holistic	60	0	0	1.0228068626087334	2.078828109018633
351	conventional	60	2	2	1.0506742074364979	2.538065643407237
352	holistic	60	2	2	1.0087265945276267	2.4434922752860286
352	conventional	60	1	1	1.0933498128340757	3.213030107965529
353	holistic	60	1	1	0.9900522895095156	2.1042451751741567
353	conventional	60	0	0	1.1084681186696177	2.714386081469127
354	holistic	60	1	1	1.056685153311357	3.8808103219670733
354	conventional	60	2	2	1.077314169232062	2.633364153527361
355	holistic	60	2	2	1.0492867615517947	3.3818511414275783
355	conventional	60	1	1	1.142841775552017	2.500562100418774
356	holistic	60	0	0	1.085446297007135	2.882770238147169
356	conventional	60	1	1	1.105907915456921	2.7048692285826657
357	holistic	60	2	2	1.0150871995003508	2.728603400739632
357	conventional	60	3	3	1.0582845830021914	2.351731105320751
358	holistic	60	1	1	1.0069166266413967	2.4972011920992636
358	conventional	60	0	0	1.0523052676085243	2.5092017827447135
359	holistic	60	1	1	1.0342338994602376	2.5134501332718164
359	conventional	60	1	1	1.0764346185925266	2.3991067145487497
360	holistic	60	0	0	1.0694696397101966	2.3940954601494435
360	conventional	60	1	1	1.1148653053393645	2.8369461786987866
361	holistic	60	2	2	1.004344441504623	2.2898500180527024
361	conventional	60	1	1	1.0634819248093865	2.4894173505519164
362	holistic	60	0	0	1.0765233940581822	2.842445081676291
362	conventional	60	0	0	1.1949576753036193	3.2822382477036145
363	holistic	60	0	0	1.1182348502406865	3.339282954836923
363	conventional	60	0	0	1.1489437004483702	2.5028818615605863
364	holistic	60	0	0	1.108441844858765	2.561023794235465
364	conventional	60	0	0	1.137385848727415	2.4888296133399743
365	holistic	60	0	0	1.092649587694057	2.204432110857941
365	conventional	60	0	0	1.1259780092581668	2.55461363549115
366	holistic	60	1	1	1.0795600805059813	2.260574911499593
366	conventional	60	1	1	1.1187232594020007	2.3930421495770964
367	holistic	60	1	1	1.0490090252899955	2.2041105036535935
367	conventional	60	2	2	1.095657783074505	2.3725131897659666
368	holistic	60	2	2	1.0121761348080136	2.158185325886628
368	conventional	60	0	0	1.138131633815402	2.3482021227241923
369	holistic	60	1	1	1.0415740733809966	2.3707565406988276
369	conventional	60	0	0	1.1281291484321947	2.3294773956854096
370	holistic	60	0	0	1.084511455198759	2.398131083592673
370	conventional	60	3	3	1.0824844753049256	2.2686078830815433
371	holistic	60	1	1	1.114507578626146	2.2771664926907342
371	conventional	60	0	0	1.1270351709666062	2.3155521213785857
372	holistic	60	1	1	1.1043246676621676	2.450166837788893
372	conventional	60	4	4	1.0402660815337126	2.298664018499134
373	holistic	60	0	0	1.1392329167749797	2.900570359936956
373	conventional	60	3	3	1.0579720477535168	2.3232753883985113
374	holistic	60	1	1	1.1348073185216392	2.535495482294039
374	conventional	60	3	3	1.1194015118277798	3.4431757281935247
375	holistic	60	2	2	1.083369101368771	2.312421635316403
375	conventional	60	3	3	1.0407317525307258	2.4362757143322793
376	holistic	60	4	4	1.033042093609145	2.2843504173880964
376	conventional	60	2	2	1.023732916405623	2.2701774929556833
377	holistic	60	1	1	1.18826542139533	4.847094722829591
377	conventional	60	3	3	1.0819078580314285	2.259365414155743
378	holistic	60	0	0	1.1623329865332481	3.341273743959672
378	conventional	60	2	2	1.0002798269125555	2.288704172779794
379	holistic	60	2	2	1.1424516494173536	3.8388780026426255
379	conventional	60	3	3	1.0756823917733558	3.5230922049849007
380	holistic	60	1	1	1.1679525121973817	3.587387219952979
380	conventional	60	1	1	1.0942452531613005	2.367391397715783
381	holistic	60	4	4	1.099257458877602	3.244160324372931
381	conventional	60	2	2	1.0250200230342037	2.1863116303347394
382	holistic	60	0	0	1.1386060465334695	2.797167867520294
382	conventional	60	2	2	0.9592939286944215	2.191507780139705
383	holistic	60	4	4	1.0240894309469117	2.8386065265208065
383	conventional	60	2	2	0.939389661772497	2.1519734340008907
384	holistic	60	2	2	0.954360424581908	2.465500948603277
384	conventional	60	5	5	0.8973833298763014	2.137473239883924
385	holistic	60	2	2	0.9608037902690054	2.5324322483086252
385	conventional	60	3	3	0.8648159533459491	2.1000346358302058
386	holistic	60	2	2	1.0084352376257963	2.7775765399213186
386	conventional	60	1	1	0.9099556332841916	2.1097126888468387
387	holistic	60	6	6	1.0472431595547278	3.111031604044032
387	conventional	60	3	3	0.9864166756880208	2.3412556454159876
388	holistic	60	2	2	1.1305952863754183	2.766730782108046
388	conventional	60	2	2	0.9767538111388375	2.0424642774993393
389	holistic	60	2	2	1.094744379664301	2.539525983781005
389	conventional	60	2	2	1.0314249826459398	2.5557061049673626
390	holistic	60	1	1	1.0707644884335032	2.7680087850150854
390	conventional	60	2	2	1.0107390769816473	2.8712352718164578
391	holistic	60	0	0	1.0831974289925526	2.3900533163876663
391	conventional	60	1	1	1.015260918215168	2.2967950906823194
392	holistic	60	2	2	1.0449490401133876	2.3336067089813137
392	conventional	60	0	0	1.047301803960774	1.9766209190748927
393	holistic	60	2	2	0.9985501812615251	2.1608520894149996
393	conventional	60	1	1	1.0522094769684085	2.0967808798289886
394	holistic	60	3	3	1.0564871824471316	4.856213389458699
394	conventional	60	2	2	1.0790924948755465	2.7739155109906344
395	holistic	60	4	4	1.0911613450958455	5.356783829754757
395	conventional	60	4	4	1.009097992161697	2.317879234578071
396	holistic	60	2	2	1.08495781691752	3.519737009944212
396	conventional	60	4	4	1.0534743034256364	2.6980721971084116
397	holistic	60	1	1	1.0888531551368925	2.605444036503011
397	conventional	60	4	4	1.0255198557422864	2.593603316374865
398	holistic	60	2	2	1.0569698848910825	2.088335182852051
398	conventional	60	5	5	1.0882918741983398	4.2829083493029625
399	holistic	60	2	2	1.0176608255559525	2.074628667558254
399	conventional	60	5	5	0.9742020938685627	2.419019068975962
400	holistic	60	3	3	1.0602888206811456	2.277237396400541
400	conventional	60	4	4	0.8830158679701877	2.5340341516075857
401	holistic	60	1	1	1.0849625851638158	4.765319357618481
401	conventional	60	5	5	0.8225297520029807	2.2711898226043696
402	holistic	60	0	0	1.06201051437509	2.7672900676454693
402	conventional	60	4	4	0.9437182274229599	2.440358181653307
403	holistic	60	1	1	1.0521197194116128	2.4315381507686027
403	conventional	60	1	1	0.9344750218803344	2.1205991231993107
404	holistic	60	2	2	1.0869267221830248	3.0162270850125195
404	conventional	60	3	3	0.8543565374430088	2.0717312952359737
405	holistic	60	2	2	1.1323829699495809	3.963661467185451
405	conventional	60	2	2	1.0495914870498968	2.631103359118824
406	holistic	60	1	1	1.0920844097474671	2.933944383351697
406	conventional	60	1	1	1.0099285834598797	2.466179888204741
407	holistic	60	0	0	1.0800654540508947	2.2602522188055683
407	conventional	60	1	1	1.0108487069632126	2.266657657673559
408	holistic	60	0	0	1.1159200243181955	2.3902879894856803
408	conventional	60	0	0	1.0459008974482944	2.1053718069814127
409	holistic	60	0	0	1.1139906752589228	2.433295034524855
409	conventional	60	2	2	1.0215883295917871	2.139323624588806
410	holistic	60	0	0	1.0986472282162956	2.3670578543581904
410	conventional	60	1	1	0.9973817477626866	2.0927998142008777
411	holistic	60	0	0	1.1017986223354266	2.2932326602409745
411	conventional	60	2	2	1.0637479897428441	3.4173880710622973
412	holistic	60	1	1	1.1035681534574835	2.2663408898019246
412	conventional	60	1	1	1.034639174027409	2.222269971339259
413	holistic	60	2	2	1.1235945464557355	3.808558721765786
413	conventional	60	1	1	1.0148805726422894	2.2073186234826636
414	holistic	60	0	0	1.1121605546923625	2.3066735954852633
414	conventional	60	3	3	1.0054400109657462	2.027953236625009
415	holistic	60	2	2	1.079831075550243	2.4693318925225327
415	conventional	60	1	1	1.0109097391656903	2.3092545776851234
416	holistic	60	0	0	1.1231171224462093	2.7525672761901614
416	conventional	60	5	5	0.9911624037915308	2.1778276827463556
417	holistic	60	1	1	1.0941139627858731	2.40219369377435
417	conventional	60	1	1	0.9669338079093601	2.2247413985840705
418	holistic	60	1	1	1.093621284868817	2.3890826007283716
418	conventional	60	2	2	1.0480547446782569	2.2814231188560674
419	holistic	60	1	1	1.1006766590558354	2.404029379427264
419	conventional	60	2	2	1.103047059428825	2.3504605784266888
420	holistic	60	0	0	1.081782234948181	2.3022972345145445
420	conventional	60	1	1	1.1460651464185136	3.370610343429376
421	holistic	60	1	1	1.0526014921971938	2.220868221452487
421	conventional	60	2	2	1.0641742375111671	2.4259600153899967
422	holistic	60	0	0	1.0557341944016525	2.244872894864215
422	conventional	60	0	0	1.0684848152562885	2.130668893839252
423	holistic	60	1	1	1.0751781339887962	2.3863483408975026
423	conventional	60	1	1	1.034217288208175	2.3045767613837485
424	holistic	60	0	0	1.0733449626913703	2.6328615084650284
424	conventional	60	1	1	1.04198511345393	2.2430831761134016
425	holistic	60	0	0	1.087037147542519	2.5280555646523775
425	conventional	60	0	0	1.122467458404627	3.257092684922827
426	holistic	60	1	1	1.0724962748711062	2.5020889840575564
426	conventional	60	1	1	1.090198508859797	3.2755959637483283
427	holistic	60	0	0	1.1502747436942422	3.87319116287289
427	conventional	60	1	1	1.0658822072300147	2.9436019699687193
428	holistic	60	2	2	1.0834331717384378	2.6209682601498363
428	conventional	60	0	0	1.0891708134287532	2.7790111175469345
429	holistic	60	1	1	1.0416855981294104	2.561520586328092
429	conventional	60	0	0	1.079719497199171	2.2717430771940563
430	holistic	60	0	0	1.0484284608448824	2.474963685165263
430	conventional	60	1	1	1.0484795476885334	2.2395365539281036
431	holistic	60	0	0	1.0511641340826978	2.3936969140731286
431	conventional	60	0	0	1.0506539048099661	2.3192910937879385
432	holistic	60	2	2	1.0190866967541299	2.3462830426394383
432	conventional	60	3	3	1.015897697839258	2.323025415180139
433	holistic	60	2	2	1.018370111042732	2.4161729653606225
433	conventional	60	3	3	1.0009117649634562	2.327981735033467
434	holistic	60	1	1	1.0399615227905374	2.39871631458091
434	conventional	60	3	3	1.0057464583133195	2.3761204505945006
435	holistic	60	1	1	1.0272922991551374	2.490128286676071
435	conventional	60	2	2	0.9761397517888518	2.313721089129632
436	holistic	60	6	6	0.9374377888758414	2.419296133937309
436	conventional	60	0	0	0.9692087304756766	2.3409857957972418
437	holistic	60	1	1	1.093135713635355	3.814740851519308
437	conventional	60	2	2	1.0039940191117234	2.323812123170721
438	holistic	60	1	1	1.0977517032163362	4.150510975457887
438	conventional	60	1	1	1.0808653922679106	5.515682694520189
439	holistic	60	2	2	1.0362255571407464	2.8508362059517967
439	conventional	60	1	1	1.0084588109302295	3.4870243341194778
440	holistic	60	2	2	1.0012535288639293	2.406878805113137
440	conventional	60	1	1	1.0270548636713441	2.84577842942093
441	holistic	60	5	5	0.9643476409568529	2.415705117108851
441	conventional	60	2	2	1.0766886134968814	3.5129338419117646
442	holistic	60	0	0	1.0298940631709663	2.378694666639393
442	conventional	60	2	2	1.0109869553679904	2.238835600889439
443	holistic	60	1	1	1.006790936363865	2.343468158615685
443	conventional	60	2	2	1.021775609072469	2.2637593061879286
444	holistic	60	3	3	1.0089085591076787	3.8168389209530966
444	conventional	60	4	4	0.9572294074235823	2.25002756856855
445	holistic	60	2	2	0.9543266706655199	2.404803186139904
445	conventional	60	3	3	0.9651402117610656	2.3775551181257266
446	holistic	60	3	3	0.8997004247850514	2.391758483126243
446	conventional	60	4	4	0.8819268760807517	2.2076484425994094
447	holistic	60	5	5	0.9482926042099538	2.6535827900906273
447	conventional	60	1	1	0.9471880806420988	2.19576509042811
448	holistic	60	2	2	0.9665824981901103	2.8817828357722703
448	conventional	60	0	0	1.0875807535999862	7.323456171961918
449	holistic	60	2	2	0.9443214995335019	2.379393300452035
449	conventional	60	2	2	1.0272479793281046	3.360327478867886
450	holistic	60	1	1	0.948750935424761	2.3454409195605264
450	conventional	60	2	2	1.058818784239965	2.2810225073502313
451	holistic	60	0	0	1.0030217742743448	2.3727497696865476
451	conventional	60	3	3	1.0192660040322128	2.1466674870502422
452	holistic	60	1	1	1.0172605330806266	2.4545556917557048
452	conventional	60	0	0	1.147694179403776	2.4395960058428856
453	holistic	60	3	3	0.984012998576489	2.5152148640199026
453	conventional	60	0	0	1.0845478413563867	2.0484836139335907
454	holistic	60	4	4	0.9660901888960086	2.5022283880237777
454	conventional	60	1	1	1.136143260836264	2.4358952328707866
455	holistic	60	3	3	0.9602922457731682	3.7756127813433684
455	conventional	60	2	2	1.097366166103881	2.5121600431258737
456	holistic	60	3	3	0.926570667581055	2.7734204979959016
456	conventional	60	0	0	1.1502083076374876	4.185320646956387
457	holistic	60	2	2	0.981633147324047	2.4320413782496835
457	conventional	60	3	3	1.0743070437887363	2.476663009406322
458	holistic	60	3	3	1.0243534147677709	3.855420416598206
458	conventional	60	3	3	1.154053736924513	3.2972515925644457
459	holistic	60	2	2	0.9497155174127925	3.3512515153273137
459	conventional	60	2	2	1.1584668694746456	4.207934892154296
460	holistic	60	2	2	0.9290072851248123	4.182085345275483
460	conventional	60	2	2	1.1174918407097214	2.5098411884753147
461	holistic	60	0	0	0.9214742299685359	3.099082725800587
461	conventional	60	3	3	1.0874990313774913	3.038590413894693
462	holistic	60	2	2	0.9130251817542486	2.6131138856211873
462	conventional	60	2	2	1.0577404927812906	3.1275545945103205
463	holistic	60	2	2	0.9687239940030251	3.701959211136735
463	conventional	60	0	0	1.112082153139997	3.644165849848017
464	holistic	60	4	4	0.9222584256316823	2.6815448618432747
464	conventional	60	4	4	1.0672592678296653	3.1583020652295253
465	holistic	60	1	1	0.9754390875430595	2.3081132254647794
465	conventional	60	0	0	1.1229581298611264	2.9106343631604745
466	holistic	60	2	2	0.9413445606464138	2.2802043967950287
466	conventional	60	1	1	1.1425674129931396	2.904816173676599
467	holistic	60	0	0	1.0608538475484286	5.685139202364353
467	conventional	60	2	2	1.065943548166566	2.672320270835449
468	holistic	60	1	1	1.059870478404645	4.188911905972317
468	conventional	60	0	0	1.0511342484019368	2.6414006417331475
469	holistic	60	1	1	1.0434389439225211	3.350597053813296
469	conventional	60	0	0	1.0497579334005085	2.68716791742846
470	holistic	60	0	0	1.0313964610995396	2.4612511625097953
470	conventional	60	2	2	1.0117273104534015	2.513717372809084
471	holistic	60	0	0	1.0415329771832424	2.478760696853457
471	conventional	60	1	1	1.0070578697567716	2.5513981094726117
472	holistic	60	2	2	1.0110217147315868	2.845620573155174
472	conventional	60	0	0	1.023517160619336	2.4401077663864723
473	holistic	60	2	2	0.9975248722698429	2.677934923006289
473	conventional	60	1	1	1.0368356366724194	2.4734746146077806
474	holistic	60	1	1	1.0029991770131697	2.4643170687357934
474	conventional	60	1	1	1.0448820901164848	2.4324969335810427
475	holistic	60	1	1	0.9625244523764238	2.303669372912454
475	conventional	60	1	1	1.0139366386579205	2.364561269570806
476	holistic	60	1	1	0.9999702318301947	2.1699566084445174
476	conventional	60	3	3	0.962406167371898	2.300236333849976
477	holistic	60	3	3	0.9738776950893656	2.2739153240542787
477	conventional	60	1	1	0.9439813771021295	2.3707182662965307
478	holistic	60	3	3	0.9327845483670381	2.163583678834296
478	conventional	60	3	3	0.9176897942937986	2.4043673918510744
479	holistic	60	0	0	0.9551430035141839	2.1040141980781244
479	conventional	60	2	2	1.0335886250262563	3.3607744815188845
480	holistic	60	1	1	1.0128542084038963	2.008129761998411
480	conventional	60	1	1	1.0823690774453414	2.975820679481458
481	holistic	60	1	1	1.0137902150382798	2.674390048895456
481	conventional	60	2	2	0.984377859761852	2.2621265034462934
482	holistic	60	1	1	0.9988567112877919	2.148684547740683
482	conventional	60	1	1	1.011614337277625	2.304800225748335
483	holistic	60	1	1	0.9992832832725874	2.0133395157149954
483	conventional	60	2	2	1.0387703270308577	2.7938340977092
484	holistic	60	0	0	1.0421899581289633	2.3966643634257894
484	conventional	60	1	1	1.0260873598200617	2.4473188182718055
485	holistic	60	0	0	0.9996314651319014	2.0943655555920264
485	conventional	60	0	0	1.1057778325144745	2.725110936226203
486	holistic	60	1	1	0.975630997893687	2.145270967897522
486	conventional	60	1	1	1.0581642153644635	2.5086825841251423
487	holistic	60	2	2	0.9749081484830435	2.040256152384424
487	conventional	60	1	1	1.0898362352737139	3.5541226784878974
488	holistic	60	1	1	1.0066146041207393	2.209719751880074
488	conventional	60	0	0	1.0828705513230665	3.045037201940987
489	holistic	60	0	0	0.9707441260328074	2.0400880339052763
489	conventional	60	1	1	1.0537679544033	2.6702844480476275
490	holistic	60	0	0	0.9989565302337006	1.9851129060955937
490	conventional	60	0	0	1.0650523920127921	2.7330643660504794
491	holistic	60	2	2	0.9761201709537972	1.9225452805618093
491	conventional	60	2	2	1.0592996718411105	2.6592294111306503
492	holistic	60	2	2	0.9340706789484653	1.971480433002945
492	conventional	60	3	3	1.0548349007260338	2.71986055222604
493	holistic	60	1	1	0.9376260919577188	1.9392770961799457
493	conventional	60	2	2	1.0630817923854772	4.263756819065068
494	holistic	60	0	0	0.9356479835283994	1.984528682150501
494	conventional	60	1	1	1.0693958479934405	2.6242142696618864
495	holistic	60	1	1	0.9532261157957885	1.9782397238682854
495	conventional	60	2	2	1.076078196014255	2.6800087886342205
496	holistic	60	4	4	0.9308882116928039	1.9610578131770349
496	conventional	60	1	1	1.09498327010408	2.895165392776711
497	holistic	60	0	0	0.9587238210089469	2.78038364949773
497	conventional	60	3	3	1.0667766599725204	2.7657191368486327
498	holistic	60	1	1	0.9269669618992314	1.9827102498726492
498	conventional	60	2	2	1.0816713314680668	3.49568612239149
499	holistic	60	1	1	0.9250860257729521	1.9553204852000459
499	conventional	60	1	1	1.0113028050101984	2.7516781386703877
500	holistic	60	5	5	1.0527690974948862	8.844537018114648
500	conventional	60	3	3	1.089237345797904	5.205712318426799
501	holistic	60	3	3	1.0189929575531624	5.359489228565302
501	conventional	60	3	3	1.0415852351354908	2.850087104170891
502	holistic	60	1	1	1.0548526440235724	3.8694074072735014
502	conventional	60	2	2	1.1378787974229236	5.423023502797223
503	holistic	60	1	1	1.023324261968125	3.122085168200856
503	conventional	60	2	2	1.0544653422599315	2.7800479982029986
504	holistic	60	1	1	0.9781950736643895	2.787717416394363
504	conventional	60	2	2	1.0279592559025124	2.8091555762005638
505	holistic	60	3	3	0.9890924648290328	2.7880094935761646
505	conventional	60	3	3	1.116923655242472	4.455801445439864
506	holistic	60	3	3	0.9840267276691592	2.660829211784741
506	conventional	60	5	5	1.0540820311367851	2.410918777548637
507	holistic	60	4	4	1.0217442212225865	3.7530889728529537
507	conventional	60	3	3	1.0442692800796416	2.2503727910530538
508	holistic	60	2	2	1.124749587720948	2.8884902074705674
508	conventional	60	0	0	1.033880346659449	1.866157239489129
509	holistic	60	3	3	1.1161513910908512	2.8862428401359317
509	conventional	60	3	3	0.9785400294502451	1.9524765037790879
510	holistic	60	1	1	1.1635416792855824	2.75905374561798
510	conventional	60	2	2	1.00431934333502	2.20385554511395
511	holistic	60	0	0	1.1432627064165137	2.7991882437597644
511	conventional	60	4	4	1.0227891110569636	3.201964089321384
512	holistic	60	1	1	1.0834268555446716	2.3686386388222735
512	conventional	60	1	1	1.0515864074596264	3.2437386896297977
513	holistic	60	2	2	1.0276709656815735	2.324476555510583
513	conventional	60	1	1	0.9937309271552884	2.449146609457925
514	holistic	60	3	3	0.9794260203278503	2.35698898716175
514	conventional	60	2	2	0.9847129640632769	2.0846941816885782
515	holistic	60	1	1	0.9594844283244246	2.620225724300324
515	conventional	60	3	3	0.920116772912941	2.0966414910390263
516	holistic	60	2	2	1.0567704954007897	3.617497661026648
516	conventional	60	0	0	1.0350190478604584	4.220655063555354
517	holistic	60	4	4	1.061065041497717	3.615257860190701
517	conventional	60	3	3	0.9632288605491776	2.2204691830435035
518	holistic	60	4	4	1.0011941029550993	2.61270405861306
518	conventional	60	2	2	0.9230042444658527	2.086116502160408
519	holistic	60	1	1	1.046853983751969	2.233425758155166
519	conventional	60	4	4	0.9646572249520501	2.2030546724731646
520	holistic	60	1	1	0.9974790629730111	2.1741254235980123
520	conventional	60	3	3	0.8958892937031943	1.8806145710660895
521	holistic	60	1	1	0.9873326354968784	2.274735344008566
521	conventional	60	2	2	0.9503488103915324	2.049581973457663
522	holistic	60	3	3	0.9889761711277856	2.6311518745990625
522	conventional	60	2	2	0.9821368047555851	2.1865476262252166
523	holistic	60	0	0	0.9719995026949483	2.2753431762902605
523	conventional	60	2	2	0.979503354283317	2.0541476108770698
524	holistic	60	4	4	0.9401278492789129	2.441817424259469
524	conventional	60	4	4	1.0119205017980422	5.2972541822738455
525	holistic	60	1	1	0.9792063263286688	2.4744569932912177
525	conventional	60	1	1	1.197092350964796	6.1662023082210595
526	holistic	60	2	2	1.0000043720698082	2.5924800165816015
526	conventional	60	2	2	1.148921731986889	4.237594767308914
527	holistic	60	0	0	1.030830366927017	2.6077720772613273
527	conventional	60	2	2	1.098951504648105	5.000783216259659
528	holistic	60	2	2	1.030962130042852	2.4887458732495955
528	conventional	60	1	1	1.148906728665775	4.055216660374798
529	holistic	60	2	2	1.0171324993079394	2.964656873666897
529	conventional	60	1	1	1.125172608246415	4.763876851531781
530	holistic	60	0	0	1.0402342216112008	2.572308476368609
530	conventional	60	3	3	1.0727517536827813	4.556937754092147
531	holistic	60	0	0	1.0162659526564537	2.267924545216292
531	conventional	60	2	2	1.0094655364380618	4.02336789705459
532	holistic	60	2	2	1.0158023591949983	2.3393376775932793
532	conventional	60	0	0	0.991005642818149	3.4880212652639124
533	holistic	60	0	0	0.9996204232294995	2.2878547890399954
533	conventional	60	3	3	1.0064702922851194	3.361707805623361
534	holistic	60	1	1	1.0548169380745227	2.2981042662449855
534	conventional	60	2	2	1.0031541632115846	3.3443061180633014
535	holistic	60	1	1	1.153609289832505	5.453095939655616
535	conventional	60	1	1	1.048760969706734	3.250600199292265
536	holistic	60	0	0	1.0721602472448153	2.7982888719633134
536	conventional	60	1	1	1.0254342579796463	3.019528884347536
537	holistic	60	2	2	1.0417188488516496	3.1989296153377067
537	conventional	60	1	1	1.0654795807265398	2.751891091558585
538	holistic	60	2	2	0.9938970030268922	2.8004376957577595
538	conventional	60	4	4	1.0456157763374405	2.5158458817355136
539	holistic	60	0	0	1.0321232538458203	2.6574973170720426
539	conventional	60	2	2	1.0696022587783236	3.3258280170022365
540	holistic	60	1	1	1.039745017502908	2.985194395731884
540	conventional	60	3	3	1.0732649674899764	2.8253871344545924
541	holistic	60	1	1	0.9963600207017207	2.242856327172864
541	conventional	60	3	3	0.9850523976845322	2.405219730203029
542	holistic	60	1	1	0.982820780763871	2.205110523188242
542	conventional	60	1	1	1.0502631140838339	2.400919043329879
543	holistic	60	1	1	0.979394901245377	2.158782917528764
543	conventional	60	2	2	0.9918427109023457	2.270502131503183
544	holistic	60	0	0	1.0429697554171977	2.813985958072666
544	conventional	60	2	2	0.9209561932387217	2.185290646425209
545	holistic	60	1	1	1.047564334987225	2.153579501386374
545	conventional	60	0	0	1.0221977164076657	2.227611700643583
546	holistic	60	1	1	1.1095698605582887	5.548577291609847
546	conventional	60	1	1	0.9641708271211655	2.1257438184663036
547	holistic	60	1	1	1.0722863145453743	3.55852236734128
547	conventional	60	2	2	0.972721436451041	2.0910892234741936
548	holistic	60	1	1	1.0342979467835183	2.5647328952808883
548	conventional	60	1	1	1.036618467602051	5.254390660741537
549	holistic	60	0	0	1.06545845452508	3.756709932923337
549	conventional	60	1	1	1.0159698235051822	2.258466556405503
550	holistic	60	1	1	1.0659912143586998	3.740023426117757
550	conventional	60	0	0	1.028235827635561	2.142311013192062
551	holistic	60	1	1	1.0865284567874671	3.731872615379866
551	conventional	60	2	2	0.99140031483583	2.212801933287211
552	holistic	60	2	2	1.0927423869465234	3.7303174388054714
552	conventional	60	1	1	1.027635468736492	2.3072666218078806
553	holistic	60	0	0	1.0772777303023864	3.1294752209665173
553	conventional	60	1	1	1.0564650400109246	2.275760171932248
554	holistic	60	0	0	1.0911431094233468	3.0629742421391892
554	conventional	60	1	1	1.0199753979201174	2.2162240180173125
555	holistic	60	0	0	1.0540022312939863	2.5867741554038193
555	conventional	60	2	2	1.0546190900910246	2.192046895897357
556	holistic	60	1	1	1.0754294945507759	3.10222889997993
556	conventional	60	0	0	1.0286148628442886	2.1949638457890317
557	holistic	60	0	0	1.0675236874452936	2.8370293327978073
557	conventional	60	2	2	1.026522355903381	2.197283092417603
558	holistic	60	1	1	1.0500228462636731	2.8239266776691188
558	conventional	60	0	0	1.0981149690952874	2.2994958731617
559	holistic	60	1	1	1.0179502757577426	2.721951499783496
559	conventional	60	3	3	1.0610442554166868	2.300110296812465
560	holistic	60	4	4	0.9206314867271957	2.472805692522568
560	conventional	60	1	1	1.1284416262196295	3.3170991589533205
561	holistic	60	2	2	0.8774329220715987	2.4145743004210436
561	conventional	60	3	3	1.1007161470909892	4.819057943471989
562	holistic	60	2	2	0.8876871638477437	2.2941754329019233
562	conventional	60	1	1	1.0873756965657682	4.653932826080397
563	holistic	60	1	1	0.9052186108362051	2.1220611821782467
563	conventional	60	2	2	1.0321546995294997	3.561820632321512
564	holistic	60	1	1	0.9377343703633547	2.096816588280819
564	conventional	60	5	5	1.0281161078897232	2.90969445020506
565	holistic	60	2	2	0.9381162467315484	2.132582180099946
565	conventional	60	3	3	1.0495771734581412	2.6243171485521404
566	holistic	60	4	4	0.9038478857718377	2.109953745781596
566	conventional	60	5	5	0.9415948061494696	2.3129642722880708
567	holistic	60	5	5	0.8967457373471073	2.2995554269649734
567	conventional	60	0	0	1.0132766563362472	2.4798282083011727
568	holistic	60	1	1	0.931347017563459	2.221628051527427
568	conventional	60	3	3	0.970747069381565	2.2524987828691385
569	holistic	60	3	3	0.8969698475520699	2.2452081161406587
569	conventional	60	2	2	1.0415654053218184	2.219718236667452
570	holistic	60	0	0	0.8730701746236843	2.1758803260674684
570	conventional	60	2	2	1.0367953345062662	2.221408614568192
571	holistic	60	2	2	0.8407559777692435	2.0708508083176147
571	conventional	60	5	5	0.9791268179853971	3.210970179992183
572	holistic	60	2	2	0.8097195178445546	1.9730594328406916
572	conventional	60	2	2	1.0470685544498768	3.205198277585553
573	holistic	60	2	2	0.8872816823519337	2.1627639680411184
573	conventional	60	3	3	1.0668374890584431	2.7736432979237566
574	holistic	60	2	2	0.8162003611389642	2.2222694883083536
574	conventional	60	3	3	0.9682421714596675	2.9030120670441995
575	holistic	60	4	4	0.8437552578663345	3.675675487984351
575	conventional	60	4	4	1.0113542876493031	2.576150975947758
576	holistic	60	5	5	0.8274383394239782	2.1791028653839275
576	conventional	60	0	0	1.054187027132966	3.336955103955987
577	holistic	60	3	3	0.9006318558625328	3.855630722431256
577	conventional	60	2	2	1.0483340759421658	2.47357147615372
578	holistic	60	2	2	0.8822809135666099	3.352770440843885
578	conventional	60	2	2	1.0018418376704974	2.2233645801903914
579	holistic	60	1	1	0.8513603666482353	2.518589923062782
579	conventional	60	2	2	1.0307154015567503	2.2075447023790877
580	holistic	60	3	3	0.812490351950693	2.160750878196578
580	conventional	60	3	3	0.8767923584581325	2.188827467371601
581	holistic	60	2	2	0.8556480441662841	2.177040259806209
581	conventional	60	5	5	0.8629346956816865	2.231282816575846
582	holistic	60	3	3	0.8832492720449522	3.772208665474928
582	conventional	60	5	5	0.9781629391282841	4.223932008746081
583	holistic	60	2	2	0.887440437662535	2.1795975748597343
583	conventional	60	3	3	0.8868629249288494	2.221799839562909
584	holistic	60	3	3	0.836002908810974	2.1667873932346438
584	conventional	60	6	6	0.833473869145115	2.2256404370022573
585	holistic	60	2	2	0.8669607566436437	2.1819006650446333
585	conventional	60	2	2	0.9240146571129155	2.234419614271724
586	holistic	60	3	3	0.8958197170135042	2.169833226978382
586	conventional	60	5	5	0.9127454033967475	2.357310457881992
587	holistic	60	0	0	0.9897571058285796	2.676663979404769
587	conventional	60	2	2	0.9289750282579096	3.5059176254116475
588	holistic	60	2	2	0.9847635029353666	2.197809878727739
588	conventional	60	1	1	0.9646418696306417	2.2759193916190337
589	holistic	60	0	0	1.03269457481328	2.211180777166094
589	conventional	60	2	2	1.1212777884462206	4.676382991103846
590	holistic	60	2	2	1.0247750022547628	2.175232717666144
590	conventional	60	3	3	1.113218430688321	2.835167331124716
591	holistic	60	0	0	0.9831133273188839	2.21142744506743
591	conventional	60	2	2	1.0773953676408907	2.754308436581864
592	holistic	60	3	3	0.952344477357251	2.2457325429712114
592	conventional	60	1	1	1.1346805204580228	2.642408013288998
593	holistic	60	2	2	0.9312883153296924	2.234165640331258
593	conventional	60	0	0	1.0973139674900512	2.71809593289368
594	holistic	60	2	2	0.880598333630784	2.1799044326081805
594	conventional	60	2	2	1.037266950935078	2.6269962465998393
595	holistic	60	0	0	0.8703683858127982	2.1276111574460757
595	conventional	60	2	2	1.0781839301742768	3.3820562739419624
596	holistic	60	4	4	0.8714242146314315	2.1192324236779383
596	conventional	60	1	1	1.1144295179769546	2.8603124733898646
597	holistic	60	1	1	0.9360369789736743	2.8060557029256805
597	conventional	60	0	0	1.1337130330235894	3.1887257594039076
598	holistic	60	3	3	0.9160189416177613	2.8004452039578984
598	conventional	60	3	3	1.0114341139917433	2.720235032111159
599	holistic	60	0	0	0.9345771859783414	2.468352336714727
599	conventional	60	1	1	1.0183682019809317	2.5986419736210915
