season	population	alive	births	deaths	mean_lifetime_score	best_lifetime_score	mean_age	max_age
0	holistic	60	0	0	0.03399596122614075	1.0	26.066666666666666	58
0	conventional	60	3	3	0.039270220957768394	3.489141388115474	28.516666666666666	56
1	holistic	60	0	0	0.025437236743316206	0.5	27.066666666666666	59
1	conventional	60	0	0	0.3561106327843811	4.395977014835583	29.516666666666666	57
2	holistic	60	1	1	0.034066950244677055	0.9077101959357862	27.066666666666666	59
2	conventional	60	5	5	0.47958635107170267	3.0734938934721225	28.433333333333334	58
3	holistic	60	1	1	0.03861854406193288	1.161823013537081	27.066666666666666	58
3	conventional	60	6	6	0.4502918416973415	2.493618044500903	27.116666666666667	59
4	holistic	60	0	0	0.053979171761198416	0.9119589561790246	28.066666666666666	59
4	conventional	60	13	13	0.4490750611657352	1.8458462863648868	22.65	59
5	holistic	60	1	1	0.034125080065259245	0.9113320574174947	28.066666666666666	58
5	conventional	60	7	7	0.30234760201714317	1.6031679928840972	21.866666666666667	56
6	holistic	60	1	1	0.038999812360463175	0.7679427956862417	29.0	59
6	conventional	60	11	11	0.43916646127269154	4.3402634447758	22.233333333333334	57
7	holistic	60	3	3	0.032740249932902	0.660312936328184	27.933333333333334	59
7	conventional	60	5	5	0.4755679191832358	4.394061489095042	21.533333333333335	58
8	holistic	60	3	3	0.07487565137386931	1.7021211790834077	26.683333333333334	58
8	conventional	60	6	6	0.47926221938975677	2.40743049783994	21.5	59
9	holistic	60	2	2	0.053437486075506094	1.1904448548545554	27.383333333333333	59
9	conventional	60	11	11	0.443634731501416	1.8508044370522276	18.033333333333335	59
10	holistic	57	2	5	0.05927159056238324	0.8107060146662102	26.649122807017545	58
10	conventional	60	8	8	0.7530187823208904	6.25217727451923	15.6	59
11	holistic	17	1	41	0.15915418862001873	0.7131197061514125	18.58823529411765	59
11	conventional	60	10	10	0.4715527198819502	2.780046979955695	14.566666666666666	59
12	holistic	15	1	3	0.2073684664357507	0.6833035872040744	17.8	52
12	conventional	60	10	10	0.6142193676614516	4.368610028610581	12.05	59
13	holistic	16	1	0	0.2961222812830704	0.7179402972975036	17.625	53
13	conventional	60	9	9	0.6243852521170926	2.3198482160538783	10.866666666666667	58
14	holistic	15	0	1	0.34102650606579304	0.7612680846934791	18.133333333333333	54
14	conventional	60	3	3	0.746326573590221	2.473977709178462	11.716666666666667	59
15	holistic	12	0	3	0.3655706268040992	0.6111299164907159	18.166666666666668	55
15	conventional	60	1	1	0.7196645976101228	2.3828198962437646	11.716666666666667	57
16	holistic	16	5	1	0.36343581956185855	1.0937821151950333	14.125	56
16	conventional	60	2	2	0.6483225412205027	1.8192520842711353	12.55	58
17	holistic	20	4	0	0.22350975006244228	0.9984416296597778	12.1	57
17	conventional	60	5	5	0.6456308397571003	2.0645026077279813	12.933333333333334	59
18	holistic	23	4	1	0.5711807484117685	5.266675404463517	11.304347826086957	58
18	conventional	60	5	5	0.6997549370918988	1.9758016384766912	12.633333333333333	48
19	holistic	24	3	2	0.4530196479997422	3.4310073705766597	10.5	59
19	conventional	60	4	4	0.7137353080560884	2.3770273950214342	13.25	49
20	holistic	27	5	2	0.37211621246065923	2.5160536542725382	7.925925925925926	55
20	conventional	60	3	3	0.7309993472148915	2.173194297897226	13.883333333333333	50
21	holistic	31	7	3	0.33799295492243175	2.361293365747105	7.451612903225806	56
21	conventional	60	3	3	0.7525060427641368	1.6694392594183327	14.8	51
22	holistic	34	7	4	0.4810855564544921	2.9325295199581993	7.088235294117647	57
22	conventional	60	2	2	0.7294186179250954	1.9266896557617699	15.566666666666666	52
23	holistic	38	6	2	0.44057770366643956	2.3373776298668303	6.947368421052632	58
23	conventional	60	2	2	0.7294622409043703	2.5136155427629285	16.466666666666665	53
24	holistic	39	3	2	0.38132756326773304	2.0133782511085787	7.564102564102564	59
24	conventional	60	3	3	0.6680219791237563	1.6598526794548718	17.283333333333335	54
25	holistic	43	9	5	0.47430359861518734	5.833781380636435	5.953488372093023	36
25	conventional	60	2	2	0.6868476458025831	1.4171683982113272	17.866666666666667	55
26	holistic	52	12	3	0.5480555644429204	5.80799669565753	5.519230769230769	37
26	conventional	60	4	4	0.686479509801072	1.412276372795974	18.483333333333334	56
27	holistic	60	12	4	0.6141207378598837	4.605745124735367	5.383333333333334	38
27	conventional	60	0	0	0.680316020273375	1.5470160259817891	19.483333333333334	57
28	holistic	60	3	3	0.66638352015575	3.796908680248554	6.2	39
28	conventional	60	1	1	0.7210712460937793	1.9508270373659733	20.45	58
29	holistic	60	7	7	0.6648427544153392	3.532940302840411	6.033333333333333	40
29	conventional	60	2	2	0.7080672891918394	1.784570518578585	21.233333333333334	59
30	holistic	60	6	6	0.6907388024570097	3.103045585545211	6.483333333333333	41
30	conventional	60	4	4	0.6870277156777753	1.898110875887461	20.316666666666666	56
31	holistic	60	6	6	0.8133081237009565	3.8025476710085737	7.116666666666666	42
31	conventional	60	2	2	0.6900266846105205	1.788471040164899	21.266666666666666	57
32	holistic	60	2	2	0.8412933862785389	2.849013479389159	7.983333333333333	43
32	conventional	60	2	2	0.7185463897204121	1.9618112480758092	21.95	58
33	holistic	60	2	2	0.8519292928339003	3.130958017162843	8.85	44
33	conventional	60	2	2	0.7714588382279557	2.04877309931362	22.716666666666665	59
34	holistic	60	1	1	0.8269170066886636	2.7181894001323115	9.783333333333333	45
34	conventional	60	3	3	0.7487997200793953	1.8917696459475253	22.55	59
35	holistic	60	2	2	0.8850772364693648	2.9524986483047693	10.65	46
35	conventional	60	3	3	0.7265976880747294	1.973665110448462	21.466666666666665	59
36	holistic	60	2	2	0.9464033598014829	2.941232778009827	11.483333333333333	47
36	conventional	60	2	2	0.809004093916392	2.3918800920479013	21.383333333333333	58
37	holistic	60	0	0	0.9454520008856471	2.66373328255784	12.483333333333333	48
37	conventional	60	1	1	0.8392303709520085	2.740605032603612	22.3	59
38	holistic	60	4	4	0.9051343084239138	2.595593053841139	12.866666666666667	49
38	conventional	60	2	2	0.8765866478274406	2.795054927641135	21.3	57
39	holistic	60	0	0	0.939717200416877	2.562275856790286	13.866666666666667	50
39	conventional	60	0	0	0.8373498669707529	2.014537358366657	22.3	58
40	holistic	60	0	0	0.964250703057054	2.5559974976968967	14.866666666666667	51
40	conventional	60	0	0	0.8094127419950122	1.9728812279619918	23.3	59
41	holistic	60	0	0	0.9551235824214633	2.769015727780989	15.866666666666667	52
41	conventional	60	1	1	0.8130547960884431	1.9049321296681363	23.3	56
42	holistic	60	1	1	0.9249920844483795	2.781369791166113	16.5	53
42	conventional	60	2	2	0.7461561920682203	1.8844944402935406	23.266666666666666	57
43	holistic	60	0	0	0.8952695868617265	2.4917152598634815	17.5	54
43	conventional	60	2	2	0.7925959191263999	3.509921702079463	24.15	58
44	holistic	60	0	0	0.9001765544465326	2.4504069492400946	18.5	55
44	conventional	60	0	0	0.7899354114140373	2.0121772972205236	25.15	59
45	holistic	60	0	0	0.9354140122638915	2.313139017742681	19.5	56
45	conventional	60	4	4	0.7729115451507058	1.8666241509457582	24.8	54
46	holistic	60	1	1	0.9528742612772583	2.3876047989511933	20.366666666666667	57
46	conventional	60	1	1	0.9578286489533813	9.396296678101242	25.566666666666666	55
47	holistic	60	0	0	0.939794526187442	2.4612557644920723	21.366666666666667	58
47	conventional	60	1	1	0.8491307387812773	4.953382372208251	26.533333333333335	56
48	holistic	60	0	0	0.9286261080487884	2.422589974041641	22.366666666666667	59
48	conventional	60	1	1	0.826349448182254	3.44987856277975	27.5	57
49	holistic	60	1	1	0.9183146187764215	2.513017573450654	22.366666666666667	42
49	conventional	60	1	1	0.8308719369159163	2.6993308234729905	28.466666666666665	58
50	holistic	60	2	2	0.9398220638784925	2.7149925075236716	23.066666666666666	43
50	conventional	60	0	0	0.8139055777762494	2.243066301455135	29.466666666666665	59
51	holistic	60	0	0	0.970215301145569	2.7195718768112607	24.066666666666666	44
51	conventional	60	3	3	0.7898563854225544	1.9533057927638777	29.216666666666665	51
52	holistic	60	1	1	0.9414572192353131	2.6078627248039483	24.683333333333334	45
52	conventional	60	0	0	0.7633069856272878	2.012415365542491	30.216666666666665	52
53	holistic	60	0	0	0.9432195419255807	2.618432874294831	25.683333333333334	46
53	conventional	60	3	3	0.7908226428789921	2.0941178226060098	30.483333333333334	53
54	holistic	60	0	0	0.9322216642126394	2.519511633182892	26.683333333333334	47
54	conventional	60	0	0	0.7643344038354767	2.1146827343425323	31.483333333333334	54
55	holistic	60	0	0	0.9505353951487419	2.461082039407209	27.683333333333334	48
55	conventional	60	3	3	0.7855848723635461	2.245070459122553	31.683333333333334	55
56	holistic	60	1	1	0.9376940338500792	2.407325178259378	28.616666666666667	49
56	conventional	60	1	1	0.8097087755432829	2.264583767717415	32.63333333333333	56
57	holistic	60	0	0	0.9734796176496289	2.3889887008264714	29.616666666666667	50
57	conventional	60	1	1	0.8064492582855186	2.112808119316149	33.61666666666667	57
58	holistic	60	0	0	0.9664576928139476	2.3715941275584553	30.616666666666667	51
58	conventional	60	1	1	0.8669054028914611	2.4930226052760625	34.56666666666667	58
59	holistic	60	0	0	0.9417706486712276	2.384918829264927	31.616666666666667	52
59	conventional	60	0	0	0.8657019059927265	2.9928548296062782	35.56666666666667	59
60	holistic	60	0	0	0.9462705304461928	2.309784663802019	32.61666666666667	53
60	conventional	60	1	1	0.8495316998510286	2.3486011575392647	35.56666666666667	58
61	holistic	60	0	0	0.9414279754292652	2.3242272019687564	33.61666666666667	54
61	conventional	60	0	0	0.8319106281066012	2.0489373944332434	36.56666666666667	59
62	holistic	60	0	0	0.9280399972713086	2.2860589694886646	34.61666666666667	55
62	conventional	60	2	2	0.8214108645825688	1.8528346656193098	35.56666666666667	57
63	holistic	60	0	0	0.9204688935643401	2.3036901861352255	35.61666666666667	56
63	conventional	60	0	0	0.8681742774301351	2.4241702632820497	36.56666666666667	58
64	holistic	60	0	0	0.9195175921289019	2.3442184380865494	36.61666666666667	57
64	conventional	60	0	0	0.859344300234432	1.9731639135662096	37.56666666666667	59
65	holistic	60	0	0	0.9306268686845538	2.3053038826330785	37.61666666666667	58
65	conventional	60	4	4	0.8376402474208403	2.8742650959675466	34.56666666666667	59
66	holistic	60	0	0	0.9249939894204561	2.2714551984253513	38.61666666666667	59
66	conventional	60	2	2	0.8370103967496385	3.416103090462989	33.56666666666667	59
67	holistic	60	1	1	0.9072113520909133	2.260306378268342	38.61666666666667	59
67	conventional	60	3	3	0.8363099844536159	2.647199581759886	32.53333333333333	59
68	holistic	60	2	2	0.8743884876463831	2.2262624556504695	37.61666666666667	58
68	conventional	60	2	2	0.8866705843554847	3.475646933792959	32.5	59
69	holistic	60	1	1	0.8975844637449385	2.2637609075937295	38.583333333333336	59
69	conventional	60	4	4	0.8246632425444773	2.7964386177941876	30.466666666666665	59
70	holistic	60	1	1	0.8803387522667041	2.2086535108363354	38.583333333333336	57
70	conventional	60	4	4	0.7537784038995657	2.7764264960009677	29.35	59
71	holistic	60	0	0	0.8715465623528037	2.222395211048716	39.583333333333336	58
71	conventional	60	4	4	0.778920784155226	3.9479002474733464	28.3	59
72	holistic	60	1	1	0.8765640493602835	2.2378993722632385	40.516666666666666	59
72	conventional	60	5	5	0.7573248955855518	3.2686268865403747	26.233333333333334	59
73	holistic	60	2	2	0.8906938977413894	2.2076787097378103	40.45	57
73	conventional	60	5	5	0.8741829562107103	5.472610492083951	24.1	59
74	holistic	60	1	1	0.8810629160445241	2.1800232151903196	41.38333333333333	58
74	conventional	60	3	3	0.8456054630476977	3.178552973367028	24.05	57
75	holistic	60	0	0	0.8913197252938866	2.233872810568726	42.38333333333333	59
75	conventional	60	2	2	0.9332454014701603	3.4659281333961833	24.916666666666668	58
76	holistic	60	2	2	0.8845375202265993	2.2257379864981357	42.333333333333336	59
76	conventional	60	0	0	0.9143595131839212	2.5726067722549413	25.916666666666668	59
77	holistic	60	3	3	0.8473852214567624	2.198524683931983	41.28333333333333	57
77	conventional	60	4	4	0.8546666705016611	2.3593513200241762	24.8	59
78	holistic	60	0	0	0.8732601521126394	2.2496131252437066	42.28333333333333	58
78	conventional	60	4	4	0.9433837522299371	3.547666970550883	23.666666666666668	59
79	holistic	60	1	1	0.8744488958610765	2.2417507135776944	43.233333333333334	59
79	conventional	60	2	2	0.8939456810304743	2.454164427624223	23.516666666666666	58
80	holistic	60	2	2	0.8571963255007639	2.2337596696475917	42.233333333333334	59
80	conventional	60	1	1	0.8713355038631366	2.4582535494161903	24.483333333333334	59
81	holistic	60	5	5	0.8059028664307019	2.2448041106519123	39.166666666666664	59
81	conventional	60	4	4	0.8460525030982363	2.243678666309144	24.333333333333332	57
82	holistic	60	2	2	0.8538190365596864	2.836534418937659	38.166666666666664	59
82	conventional	60	2	2	0.8356406997761613	2.5221356081606383	24.883333333333333	58
83	holistic	60	3	3	0.8336527840481273	2.2481650687399517	37.1	59
83	conventional	60	3	3	0.9352850776663502	3.5016082890562807	25.533333333333335	59
84	holistic	60	5	5	0.7835276812231375	2.206690633384282	35.95	59
84	conventional	60	2	2	0.9101845541786997	2.739616925787007	24.533333333333335	58
85	holistic	60	6	6	0.7935687519412338	2.201552210927248	32.81666666666667	59
85	conventional	60	1	1	0.8416117931138832	2.457663652733711	25.5	59
86	holistic	60	9	9	0.9056538554638927	4.888360154472686	26.683333333333334	59
86	conventional	60	5	5	0.8766479357363445	3.309771085850552	23.316666666666666	56
87	holistic	60	7	7	0.7818001440322484	2.958362317537739	21.616666666666667	59
87	conventional	60	0	0	0.9473909788079979	3.3330180414700052	24.316666666666666	57
88	holistic	60	1	1	0.8379487132478695	2.9383424321626532	21.616666666666667	59
88	conventional	60	3	3	0.9169643141879857	2.376093429760694	25.133333333333333	58
89	holistic	60	3	3	0.8069675535134985	2.011662893889643	21.466666666666665	59
89	conventional	60	1	1	0.8900159896667591	3.054489697388286	26.083333333333332	59
90	holistic	60	9	9	0.7732866260871674	2.309703875165168	18.183333333333334	59
90	conventional	60	3	3	0.937692722679484	2.525955780512148	25.933333333333334	59
91	holistic	60	4	4	1.0555268893961478	4.530055179416995	16.116666666666667	59
91	conventional	60	1	1	0.9157477017638731	2.1638426245344258	25.933333333333334	58
92	holistic	60	3	3	0.8894947679346562	2.995612094149266	15.033333333333333	59
92	conventional	60	0	0	0.9121716199824235	2.0554938581003044	26.933333333333334	59
93	holistic	60	3	3	0.7803036384096612	1.9963557451396665	14.866666666666667	58
93	conventional	60	2	2	0.9366241522517789	2.4562290228599064	26.9	59
94	holistic	60	4	4	0.7381585367605534	1.7093365377656375	15.45	59
94	conventional	60	3	3	0.9117444223422007	2.671279563093141	24.9	59
95	holistic	60	5	5	0.7623933245461653	1.9595311030502813	14.25	59
95	conventional	60	4	4	0.9035352914947767	2.147551472263251	22.866666666666667	59
96	holistic	60	3	3	0.7719143261522736	3.800115513863723	14.0	58
96	conventional	60	3	3	0.9879373287688253	6.532594126291182	21.766666666666666	59
97	holistic	60	2	2	0.8577450401590233	3.4174319232722947	14.866666666666667	59
97	conventional	60	2	2	0.991821730940975	4.023926385206325	21.733333333333334	55
98	holistic	60	4	4	0.7602247682092537	3.1118182525616347	12.8	56
98	conventional	60	2	2	0.9842065784395649	3.5148093193570547	22.65	56
99	holistic	60	1	1	0.9267581187382984	2.878363749071136	13.733333333333333	57
99	conventional	60	2	2	0.9979083938851272	3.0207700796420296	23.066666666666666	57
100	holistic	60	1	1	0.9222820692259165	2.9706510261289503	14.666666666666666	58
100	conventional	60	0	0	1.088424721650971	3.4900708820608473	24.066666666666666	58
101	holistic	60	0	0	0.9203194183574933	3.272631930348892	15.666666666666666	59
101	conventional	60	1	1	1.0425639912495475	2.175913901813575	24.483333333333334	59
102	holistic	60	2	2	0.8830936666000647	2.768625191845533	15.466666666666667	53
102	conventional	60	1	1	0.9486450905286499	1.792594769431955	24.483333333333334	59
103	holistic	60	0	0	0.9221457977754928	2.521217938128963	16.466666666666665	54
103	conventional	60	2	2	0.949633088012628	1.7364899548236672	24.45	58
104	holistic	60	0	0	0.9322509733716312	2.33374950667302	17.466666666666665	55
104	conventional	60	0	0	0.9238283551391516	1.804884033477128	25.45	59
105	holistic	60	1	1	0.9273487911786071	2.580035986989697	18.333333333333332	56
105	conventional	60	4	4	0.8808402892523222	1.733199097430815	23.416666666666668	57
106	holistic	60	1	1	0.9200491360915993	2.4175414356086673	19.2	57
106	conventional	60	0	0	0.8542670541063211	1.8591418045598662	24.416666666666668	58
107	holistic	60	0	0	0.9091149453891474	2.2832772937517523	20.2	58
107	conventional	60	4	4	0.8848036051431662	1.7079878463595204	24.866666666666667	59
108	holistic	60	0	0	0.933913655724817	2.1680682935266757	21.2	59
108	conventional	60	2	2	0.909510471466664	2.5277410516023022	24.85	57
109	holistic	60	1	1	0.8933420358108646	2.4676045706519854	21.2	59
109	conventional	60	1	1	0.8631167910953373	1.6243393273176752	25.816666666666666	58
110	holistic	60	4	4	0.8429410724868587	2.0496848862043944	19.933333333333334	54
110	conventional	60	1	1	0.8726569163806591	1.5762100281156073	26.783333333333335	59
111	holistic	60	0	0	0.8680730095712368	2.0014341193486436	20.933333333333334	55
111	conventional	60	1	1	0.8683616361328148	1.5740219483758529	26.783333333333335	56
112	holistic	60	0	0	0.837052224616603	1.9063291547573784	21.933333333333334	56
112	conventional	60	2	2	0.8646293657450348	1.593676416964069	27.7	57
113	holistic	60	1	1	0.8519110391436324	1.7885602991993355	22.866666666666667	57
113	conventional	60	2	2	0.8398742825921827	1.5701022648056118	28.0	58
114	holistic	60	1	1	0.8723177466594871	1.7417963765005866	23.8	58
114	conventional	60	1	1	0.9198786536505428	2.417007062545579	28.666666666666668	59
115	holistic	60	0	0	0.9103987644046911	1.7355925379764632	24.8	59
115	conventional	60	2	2	0.8566149152948127	1.6501450896230643	27.666666666666668	58
116	holistic	60	1	1	0.9044496540345034	1.7386681077107713	24.8	48
116	conventional	60	0	0	0.8827809329267485	2.4640793042109608	28.666666666666668	59
117	holistic	60	0	0	0.8991694168635096	1.8001488667222156	25.8	49
117	conventional	60	2	2	0.8462118610412451	1.5539877238730169	28.6	59
118	holistic	60	1	1	0.9093629064529157	1.726917211688921	26.666666666666668	50
118	conventional	60	4	4	0.8462015545971917	2.1439087085838016	28.35	58
119	holistic	60	0	0	0.9056598569372992	1.658426322362524	27.666666666666668	51
119	conventional	60	0	0	0.8975498449216912	2.6166901489294525	29.35	59
120	holistic	60	0	0	0.9088626881819873	1.614056111823067	28.666666666666668	52
120	conventional	60	3	3	0.8984974550277498	2.594079414105948	29.233333333333334	58
121	holistic	60	0	0	0.9030499060894678	1.6394740698718566	29.666666666666668	53
121	conventional	60	0	0	0.9158874083153531	3.3736825015756686	30.233333333333334	59
122	holistic	60	1	1	0.8986650907469083	1.5979432815129282	30.6	54
122	conventional	60	2	2	0.8192614354728899	2.6720010088768893	29.233333333333334	57
123	holistic	60	0	0	0.8940642774124506	1.5902253372256936	31.6	55
123	conventional	60	0	0	0.8194764670050889	2.744601557036258	30.233333333333334	58
124	holistic	60	0	0	0.8934743759361653	1.6310887110730383	32.6	56
124	conventional	60	5	5	0.7950951856036441	2.4752262568919856	30.35	59
125	holistic	60	0	0	0.8969792840655608	1.6084418312416122	33.6	57
125	conventional	60	1	1	0.8536677915404193	2.7769325657044934	30.35	58
126	holistic	60	0	0	0.8972116093959581	1.6345209539585757	34.6	58
126	conventional	60	1	1	0.8485780714663783	2.5443819394488183	31.316666666666666	59
127	holistic	60	0	0	0.8984502438580197	1.7120524926331422	35.6	59
127	conventional	60	3	3	0.8862840034415487	3.3243120272483466	31.233333333333334	59
128	holistic	60	1	1	0.893484816748373	1.6582770148758614	35.6	56
128	conventional	60	1	1	0.8297727780341643	2.406965405635428	31.233333333333334	59
129	holistic	60	0	0	0.8907281621840971	1.6102037844180666	36.6	57
129	conventional	60	4	4	0.8442907500629221	2.3776416517049723	30.116666666666667	58
130	holistic	60	0	0	0.8939874738723376	1.6169760585243338	37.6	58
130	conventional	60	0	0	0.8326482353256996	2.2501381835226666	31.116666666666667	59
131	holistic	60	0	0	0.8936311904975146	1.6342659958131798	38.6	59
131	conventional	60	2	2	0.8288240552686651	2.158736975744429	31.083333333333332	59
132	holistic	60	1	1	0.8930923649390843	1.6101787968439645	38.6	59
132	conventional	60	5	5	0.7452053628488869	2.0253996373897136	29.016666666666666	59
133	holistic	60	2	2	0.9019725520976577	1.6359004474374501	38.416666666666664	56
133	conventional	60	3	3	0.8316034751150677	2.396665670162676	27.95	59
134	holistic	60	0	0	0.9036732427040444	1.6656913145670902	39.416666666666664	57
134	conventional	60	3	3	0.8805105542028074	2.77433090037985	26.9	59
135	holistic	60	0	0	0.8916223419999249	1.6941140299649409	40.416666666666664	58
135	conventional	60	2	2	0.8107134874898422	1.784161675799325	26.866666666666667	58
136	holistic	60	0	0	0.9000856005250569	1.7211074409821407	41.416666666666664	59
136	conventional	60	2	2	0.7376243343338947	1.6905055257329797	27.766666666666666	59
137	holistic	60	3	3	0.8786761219206493	1.7467371820201985	40.35	56
137	conventional	60	3	3	0.7853889028853847	1.9980119984294482	27.566666666666666	59
138	holistic	60	0	0	0.9035463593874162	1.9085711950787243	41.35	57
138	conventional	60	2	2	0.7902989314480707	1.898477785791016	27.516666666666666	59
139	holistic	60	1	1	0.8789090228820537	1.794801658169559	42.31666666666667	58
139	conventional	60	4	4	0.7776889980252477	1.826573883843343	27.4	59
140	holistic	60	0	0	0.887279416614889	1.7966096579891566	43.31666666666667	59
140	conventional	60	2	2	0.9245783862777768	3.676342086840809	27.383333333333333	59
141	holistic	60	6	6	0.8405192946523735	1.8185720615356595	41.083333333333336	58
141	conventional	60	2	2	0.8496246385005105	1.6512534403620451	26.383333333333333	59
142	holistic	60	0	0	0.88016384435709	1.9567746791482972	42.083333333333336	59
142	conventional	60	1	1	0.9074467500961532	1.9968847348929797	26.383333333333333	59
143	holistic	60	2	2	0.8546410083590928	1.9594107543822803	41.083333333333336	59
143	conventional	60	1	1	0.8199253861953696	1.6686943179028946	26.383333333333333	59
144	holistic	60	4	4	0.7856128739740359	1.8031593491038929	38.083333333333336	59
144	conventional	60	2	2	0.789886957336093	1.7488687158837175	26.316666666666666	59
145	holistic	60	6	6	0.8270389545557325	3.5409421825804976	34.95	59
145	conventional	60	2	2	0.8068897970538218	1.4799288134257536	26.25	57
146	holistic	60	4	4	0.8216555009340154	3.534263929385446	31.95	59
146	conventional	60	1	1	0.928075172075106	3.5848446399286917	27.233333333333334	58
147	holistic	60	4	4	0.8899655177414196	3.1717965152647225	30.816666666666666	58
147	conventional	60	1	1	0.868047857067379	1.5684387552493675	28.133333333333333	59
148	holistic	60	1	1	0.838019692227391	3.3386869210790335	31.75	59
148	conventional	60	2	2	0.817148880027561	1.7618014306688419	27.133333333333333	59
149	holistic	60	5	5	0.8207762460936364	3.8425504695756416	30.55	59
149	conventional	60	1	1	0.840600522049037	1.8401334153365907	27.133333333333333	59
150	holistic	60	9	9	0.8948335219199024	7.948623982587418	23.5	59
150	conventional	60	3	3	0.8399017274102271	1.8111910753933425	26.0	57
151	holistic	60	5	5	0.9511696409806542	4.879078088298215	23.266666666666666	59
151	conventional	60	2	2	0.8161062606697558	2.587492517354128	26.716666666666665	58
152	holistic	60	1	1	0.8758346748613316	4.890455522143704	23.266666666666666	59
152	conventional	60	1	1	0.8310994180329562	2.0838091765686872	27.683333333333334	59
153	holistic	60	1	1	0.8562458923383134	3.895522743147945	23.266666666666666	59
153	conventional	60	1	1	0.852457687997276	2.0569952323036937	27.683333333333334	59
154	holistic	60	6	6	0.8134737165361753	3.390859197730127	21.083333333333332	59
154	conventional	60	2	2	0.9045186108631323	3.201024728321722	27.65	59
155	holistic	60	4	4	0.7707252200314029	4.087400708398929	18.083333333333332	59
155	conventional	60	3	3	0.8818084588447392	2.778425987567958	25.65	59
156	holistic	60	5	5	0.7847556081550986	3.885125680850661	16.816666666666666	59
156	conventional	60	2	2	0.8842674355517666	4.491565389755655	24.65	59
157	holistic	60	4	4	0.838425995986227	3.596768226800908	16.45	59
157	conventional	60	3	3	0.8553781654955228	2.8231232476175143	24.1	59
158	holistic	60	7	7	0.8342131217239644	3.508008399014938	14.016666666666667	59
158	conventional	60	2	2	0.8480970078350373	2.3593112565566914	23.1	59
159	holistic	60	1	1	0.8829564232896849	3.8817032398329547	14.016666666666667	59
159	conventional	60	3	3	0.9125500587386083	3.3368174181945607	23.016666666666666	56
160	holistic	60	4	4	0.9052828263024045	3.7824847539694417	13.8	55
160	conventional	60	1	1	0.9488256947004781	2.6361065366013023	23.85	57
161	holistic	60	1	1	0.9425840938491356	3.70042219990566	14.75	56
161	conventional	60	1	1	0.9565210533166078	2.4117091809273603	24.75	58
162	holistic	60	3	3	0.9156898319940873	3.4666725988593448	15.416666666666666	57
162	conventional	60	0	0	0.9543550927452444	1.9503106437601674	25.75	59
163	holistic	60	1	1	0.9708153565479734	3.267338413993239	16.366666666666667	58
163	conventional	60	1	1	0.8915781063352558	2.0457135845408776	25.75	58
164	holistic	60	1	1	1.0114744305808718	3.0973611559187053	17.25	59
164	conventional	60	2	2	0.8971843725888478	1.7681255761638397	26.65	59
165	holistic	60	2	2	0.9693927962136563	2.882491748155279	17.183333333333334	59
165	conventional	60	2	2	0.863112462483094	1.6332316779617138	25.65	58
166	holistic	60	1	1	0.933917529023071	2.7570785255213486	17.183333333333334	56
166	conventional	60	2	2	0.815949926915525	1.7029069599032591	26.316666666666666	59
167	holistic	60	0	0	0.9256784356581517	2.822568180777009	18.183333333333334	57
167	conventional	60	2	2	0.8548030558147369	4.399466477864222	26.283333333333335	56
168	holistic	60	1	1	0.9478499583900368	2.93178263654948	19.083333333333332	58
168	conventional	60	1	1	0.8286740218787376	1.909717877257938	27.25	57
169	holistic	60	2	2	0.9398255771300611	2.9282820008772097	19.95	59
169	conventional	60	1	1	0.8074887354209598	1.6177939529678163	28.166666666666668	58
170	holistic	60	4	4	0.8870262388003904	2.8807504031594995	18.75	57
170	conventional	60	0	0	0.7718272104590137	1.5516023879742191	29.166666666666668	59
171	holistic	60	0	0	0.9003630415236042	2.8330216525717424	19.75	58
171	conventional	60	2	2	0.7599823255024251	1.7623972185570491	29.1	59
172	holistic	60	0	0	0.9112678593117521	2.834890249988953	20.75	59
172	conventional	60	3	3	0.820300802955294	2.580404697834624	27.433333333333334	59
173	holistic	60	4	4	0.905664791245071	3.0108286175952923	20.216666666666665	59
173	conventional	60	1	1	0.8232147255752653	2.5831937479196663	27.433333333333334	58
174	holistic	60	3	3	0.9367491379568127	3.21329752286922	20.083333333333332	58
174	conventional	60	1	1	0.7932053297146986	1.5805116685329927	28.1	59
175	holistic	60	1	1	0.9620569825220955	3.160146084192009	20.9	59
175	conventional	60	3	3	0.792642789462814	1.517362632048944	28.016666666666666	58
176	holistic	60	1	1	0.9275427523629164	3.073590671621173	20.9	48
176	conventional	60	1	1	0.7761146462491033	1.4642981505896118	29.0	59
177	holistic	60	3	3	0.9733811046208359	3.0294703432247783	21.716666666666665	49
177	conventional	60	3	3	0.7601517387064294	1.4909365105862575	28.95	59
178	holistic	60	0	0	1.000514197311306	2.952389344886716	22.716666666666665	50
178	conventional	60	4	4	0.7316375023381958	1.4881155985863939	26.883333333333333	58
179	holistic	60	0	0	0.9664879944065381	2.949664526701179	23.716666666666665	51
179	conventional	60	0	0	0.7586478267564166	1.5161365774666318	27.883333333333333	59
180	holistic	60	1	1	0.9775617058746008	2.9140455722234013	24.616666666666667	52
180	conventional	60	5	5	0.7454183743374538	2.1529218825666967	26.716666666666665	56
181	holistic	60	2	2	0.9546562460779487	2.9451230147906875	25.483333333333334	53
181	conventional	60	1	1	0.8238592867742637	3.3739374710243437	27.466666666666665	57
182	holistic	60	1	1	0.9551716648695635	2.943216907901315	26.383333333333333	54
182	conventional	60	2	2	0.8544295329337056	3.4428403693098275	28.366666666666667	58
183	holistic	60	1	1	0.9814009502401677	2.9413299952981236	26.883333333333333	55
183	conventional	60	0	0	0.8118342910401126	2.537092256116549	29.366666666666667	59
184	holistic	60	1	1	0.9703558998684714	2.8806279329069224	27.816666666666666	56
184	conventional	60	4	4	0.7486858852080123	1.8995746485811376	28.283333333333335	57
185	holistic	60	1	1	0.9846416141098068	2.8255776436807687	28.616666666666667	57
185	conventional	60	2	2	0.7367184339092276	2.2117704980757784	29.083333333333332	58
186	holistic	60	1	1	0.9567516581385073	2.826969596346311	29.55	58
186	conventional	60	4	4	0.7036082394338056	1.744749827255488	29.716666666666665	59
187	holistic	60	2	2	0.9500671859767732	2.8013497000429006	30.433333333333334	59
187	conventional	60	7	7	0.7208035164917043	2.634064823587467	28.4	58
188	holistic	60	2	2	0.9265497831791987	2.8297703930999587	29.8	56
188	conventional	60	0	0	0.8276037240641434	3.64830883475035	29.4	59
189	holistic	60	1	1	0.9492325994404038	2.805236362348121	30.733333333333334	57
189	conventional	60	3	3	0.8035264100563011	2.140805370567861	29.316666666666666	57
190	holistic	60	0	0	1.002023437356514	2.7320562511481543	31.733333333333334	58
190	conventional	60	0	0	0.785080327567506	2.2066423119848433	30.316666666666666	58
191	holistic	60	2	2	0.9905286315213881	2.735438441277386	32.61666666666667	59
191	conventional	60	2	2	0.8172478439137755	1.779076185768763	31.2	59
192	holistic	60	2	2	0.964039146046298	2.667318203148407	32.55	55
192	conventional	60	4	4	0.7780494053729016	1.4620530454837664	29.116666666666667	59
193	holistic	60	0	0	0.9695742932223956	2.695361133975172	33.55	56
193	conventional	60	4	4	0.7781911020308738	1.9752588217912779	28.0	59
194	holistic	60	0	0	0.980808509388125	2.6316050955399377	34.55	57
194	conventional	60	1	1	0.8136026287065136	2.5663554029566416	28.0	59
195	holistic	60	2	2	0.9800573390163004	2.636972711294976	35.35	58
195	conventional	60	3	3	0.8187468570290517	3.0597017980783745	27.9	59
196	holistic	60	2	2	1.010102198787151	2.6422156108791897	36.21666666666667	59
196	conventional	60	1	1	0.786596531048779	2.541159000032332	27.9	59
197	holistic	60	1	1	1.0050115442716434	2.5834229328031526	36.21666666666667	56
197	conventional	60	3	3	0.8578661228383558	3.435070580807216	27.816666666666666	59
198	holistic	60	0	0	1.0064329210177474	2.6104255199431967	37.21666666666667	57
198	conventional	60	1	1	0.8285900302816801	1.9137141144061474	27.816666666666666	59
199	holistic	60	0	0	1.0013433246742398	2.61590143031728	38.21666666666667	58
199	conventional	60	5	5	0.747766652823923	1.5441135634424998	25.683333333333334	59
200	holistic	60	0	0	0.9918143419739549	2.560876312984795	39.21666666666667	59
200	conventional	60	3	3	0.9102825431138497	5.493608626984497	25.616666666666667	57
201	holistic	60	5	5	0.912831532672044	2.5867963398063765	36.15	57
201	conventional	60	1	1	0.8948546269682663	3.497131145056456	26.583333333333332	58
202	holistic	60	0	0	0.9814529487810777	2.5927200847478464	37.15	58
202	conventional	60	1	1	0.894416066667659	2.8255915241600977	27.55	59
203	holistic	60	0	0	1.0230672653431436	3.3684259841590745	38.15	59
203	conventional	60	1	1	0.8149961791042764	1.9923639771254944	27.55	59
204	holistic	60	3	3	0.9672367209307031	2.8570066349761274	36.15	59
204	conventional	60	3	3	0.8014538308034211	1.7015397184914025	26.516666666666666	59
205	holistic	60	3	3	0.9342902434420711	2.553931949691751	34.983333333333334	59
205	conventional	60	4	4	0.7606604249904073	1.499051559464819	26.266666666666666	59
206	holistic	60	2	2	0.9538294524107093	2.577389763097629	33.983333333333334	58
206	conventional	60	1	1	0.849176029256267	3.462431073272179	26.266666666666666	58
207	holistic	60	0	0	0.9336021522506976	2.582457083975681	34.983333333333334	59
207	conventional	60	2	2	0.8102414660207674	1.8629959491696584	27.183333333333334	59
208	holistic	60	2	2	0.9242896326967994	2.5357211970084754	34.916666666666664	59
208	conventional	60	2	2	0.7929825102759798	1.4985752613152041	27.15	59
209	holistic	60	4	4	0.8755363600162345	2.5416173994457965	32.833333333333336	59
209	conventional	60	1	1	0.7925023648886443	1.4973663080125963	27.15	59
210	holistic	60	5	5	0.7797819008021591	1.9112982437815265	29.766666666666666	59
210	conventional	60	1	1	0.7879008457583301	2.4216505795820957	27.15	59
211	holistic	60	4	4	0.8029645398966607	2.167252021404131	27.666666666666668	57
211	conventional	60	2	2	0.7951096543596151	1.567454611056933	26.15	58
212	holistic	60	3	3	0.9555601669100713	2.7960145151071187	28.416666666666668	58
212	conventional	60	2	2	0.7746414730593039	2.1393777555627764	26.883333333333333	59
213	holistic	60	1	1	0.9101685123323952	2.4041918143944976	29.266666666666666	59
213	conventional	60	1	1	0.7265527604592692	1.9816755634675223	26.883333333333333	59
214	holistic	60	5	5	0.8775148527651979	2.3222066308577727	27.133333333333333	59
214	conventional	60	4	4	0.7436568570593851	1.713536077594654	26.766666666666666	59
215	holistic	60	2	2	0.8777674636356351	3.1548310377077806	26.133333333333333	59
215	conventional	60	2	2	0.7740497260161591	3.3487466719687453	26.5	59
216	holistic	60	4	4	0.7838201463543473	2.906471282511048	24.066666666666666	59
216	conventional	60	4	4	0.7659220414307378	2.8470313477335987	26.4	59
217	holistic	60	4	4	0.7209818694410318	2.407048775879737	22.0	59
217	conventional	60	4	4	0.7037572613126593	2.3524559241719043	25.3	59
218	holistic	60	7	7	0.7051774421910965	2.726128637694324	18.8	59
218	conventional	60	5	5	0.7168317689698617	2.3607726508720086	23.633333333333333	59
219	holistic	60	3	3	0.722557185936773	2.6586367700787163	18.65	59
219	conventional	60	3	3	0.6743081347626808	1.9565685380369318	22.6	59
220	holistic	60	5	5	0.8692472224268077	4.915280040582998	16.45	58
220	conventional	60	1	1	0.7367850928857415	2.3513657575266698	22.6	59
221	holistic	60	1	1	0.8222404162846231	3.9194177117919726	17.383333333333333	59
221	conventional	60	5	5	0.7252365118980506	2.497106918572701	22.383333333333333	56
222	holistic	60	2	2	0.784495758182859	2.582890559715956	17.183333333333334	59
222	conventional	60	0	0	0.788891535322471	2.225309278348615	23.383333333333333	57
223	holistic	60	2	2	0.9059255346402459	2.9165414074606906	17.05	55
223	conventional	60	0	0	0.8253178634805476	3.172323167158209	24.383333333333333	58
224	holistic	60	4	4	0.9240191532259335	3.315807056485434	17.783333333333335	56
224	conventional	60	1	1	0.8633397846421957	2.4037207111967414	25.333333333333332	59
225	holistic	60	3	3	0.8971164203914106	2.7481322938655577	18.383333333333333	57
225	conventional	60	1	1	0.8291108571901606	2.0753399270977364	25.333333333333332	58
226	holistic	60	0	0	0.9337349425726197	2.628814330847391	19.383333333333333	58
226	conventional	60	1	1	0.8177305086244043	1.9835288819980126	26.25	59
227	holistic	60	2	2	0.8830202249681065	2.2877942366578843	20.25	59
227	conventional	60	2	2	0.8083683210959758	2.1656972663309646	26.216666666666665	59
228	holistic	60	4	4	0.8157258101517562	2.2458767098845858	20.05	58
228	conventional	60	2	2	0.7467084094600903	1.8584880410019788	26.1	59
229	holistic	60	1	1	0.8282556422737234	2.3121073969307018	20.983333333333334	59
229	conventional	60	2	2	0.7816642995344089	2.652443595598824	26.066666666666666	58
230	holistic	60	2	2	0.797217085516898	2.2755700413006434	19.983333333333334	57
230	conventional	60	1	1	0.8274854616332887	2.652082388856902	26.833333333333332	59
231	holistic	60	3	3	0.8327003700664374	2.161979571243631	20.65	58
231	conventional	60	4	4	0.7845260655464512	2.3184282864689085	25.716666666666665	59
232	holistic	60	4	4	0.8426857269967184	2.296474363134974	20.6	59
232	conventional	60	2	2	0.7662717329368367	1.9061431330450258	25.683333333333334	55
233	holistic	60	3	3	0.8925772345590697	2.7905045524115066	20.25	59
233	conventional	60	0	0	0.8223218016657365	1.6735930000026844	26.683333333333334	56
234	holistic	60	1	1	0.9025274796069953	2.3790050600446335	20.25	59
234	conventional	60	3	3	0.8591475576981382	2.5944790667189364	26.783333333333335	57
235	holistic	60	3	3	0.8309764561576528	2.224844614771345	20.116666666666667	58
235	conventional	60	1	1	0.8055499392710946	1.8669405752312986	27.766666666666666	58
236	holistic	60	3	3	0.8455813075981069	2.2062046419005314	20.333333333333332	59
236	conventional	60	2	2	0.8626096219862465	2.671877841292728	28.666666666666668	59
237	holistic	60	2	2	0.8657168321924976	2.097422634358519	20.266666666666666	56
237	conventional	60	2	2	0.8139732628843409	1.647064434000678	27.666666666666668	57
238	holistic	60	2	2	0.8947708775552263	3.301200150164015	20.833333333333332	57
238	conventional	60	0	0	0.8486012397115202	1.5519358676596895	28.666666666666668	58
239	holistic	60	1	1	0.9613906126559606	3.4225652107936715	21.766666666666666	58
239	conventional	60	2	2	0.8544061909098237	1.4620707844293546	29.583333333333332	59
240	holistic	60	1	1	1.0016124332952883	4.418718580789203	22.383333333333333	59
240	conventional	60	3	3	0.8062658995312602	1.6106154235091201	27.583333333333332	54
241	holistic	60	3	3	1.0105935550820286	4.087305621379996	22.25	55
241	conventional	60	0	0	0.7704232959954715	1.5628275683141566	28.583333333333332	55
242	holistic	60	0	0	1.0278487585113547	3.9212217152773423	23.25	56
242	conventional	60	1	1	0.7524882246491248	1.5551293460720486	29.55	56
243	holistic	60	0	0	1.0427793877007254	3.8207121129481423	24.25	57
243	conventional	60	1	1	0.7295521609876074	1.4775514881216125	30.116666666666667	57
244	holistic	60	1	1	1.054727111009696	3.7508084232865717	25.116666666666667	58
244	conventional	60	1	1	0.7898704449568531	2.44167655765545	31.033333333333335	58
245	holistic	60	0	0	1.016280296420533	3.131347898246138	26.116666666666667	59
245	conventional	60	1	1	0.7563051250313517	1.5021689268239058	31.983333333333334	59
246	holistic	60	1	1	1.0126330518586604	2.9178212418289338	26.116666666666667	57
246	conventional	60	3	3	0.7482563208336964	1.5915534086047498	31.766666666666666	59
247	holistic	60	1	1	1.0114376567356393	2.892654402459542	26.75	58
247	conventional	60	4	4	0.7477243407580519	3.240656001077912	28.766666666666666	58
248	holistic	60	1	1	1.0300225572568351	2.8843755980413976	27.633333333333333	59
248	conventional	60	0	0	0.8525319144811401	2.7642183779999727	29.766666666666666	59
249	holistic	60	1	1	1.009134341360126	2.9528572386706595	27.633333333333333	58
249	conventional	60	2	2	0.758845871736778	1.6035113910346601	28.766666666666666	58
250	holistic	60	1	1	1.0499272585042199	3.9124799042251537	28.583333333333332	59
250	conventional	60	1	1	0.7889350175450376	1.5727951373121547	29.7	59
251	holistic	60	1	1	1.0002830906957365	2.73306444246819	28.583333333333332	56
251	conventional	60	2	2	0.7492567118384322	1.4615990327463169	29.333333333333332	59
252	holistic	60	1	1	0.9862049162442909	2.6108274914930094	29.516666666666666	57
252	conventional	60	3	3	0.6816041526376283	1.3372842364155333	28.3	59
253	holistic	60	0	0	1.01463183917127	2.562303407855241	30.516666666666666	58
253	conventional	60	4	4	0.6840082139574913	1.5046757542147904	27.183333333333334	58
254	holistic	60	0	0	1.0030009386532526	2.575045083823965	31.516666666666666	59
254	conventional	60	1	1	0.681131118065441	1.4640493798154033	28.133333333333333	59
255	holistic	60	1	1	0.9863435186596542	2.429045099312637	31.516666666666666	59
255	conventional	60	1	1	0.7495796115245102	1.6408680724651208	28.133333333333333	59
256	holistic	60	3	3	0.9607850339092068	2.4470502476419265	31.033333333333335	55
256	conventional	60	1	1	0.6885136732809661	1.408882099046132	28.133333333333333	59
257	holistic	60	0	0	0.9442696854579672	2.511900398253464	32.03333333333333	56
257	conventional	60	3	3	0.6579690279101005	1.763751216768802	28.033333333333335	59
258	holistic	60	0	0	0.9863699785156359	2.4063609381646955	33.03333333333333	57
258	conventional	60	1	1	0.7518831647976688	2.271491362870774	28.033333333333335	59
259	holistic	60	0	0	1.0142563498450408	2.4581124490134916	34.03333333333333	58
259	conventional	60	2	2	0.7524625660186708	2.108641374830059	27.033333333333335	59
260	holistic	60	3	3	0.9871890981620417	2.3872639301382934	34.166666666666664	59
260	conventional	60	1	1	0.6920954167089294	2.023501139446784	27.033333333333335	57
261	holistic	60	5	5	0.9231774077278682	2.342591936597298	30.166666666666668	56
261	conventional	60	1	1	0.7883068805016719	3.4356695281272405	27.9	58
262	holistic	60	1	1	0.9611249579579273	2.369535097552316	30.55	57
262	conventional	60	1	1	0.7882748855692705	1.900985728116537	28.816666666666666	59
263	holistic	60	0	0	0.9747859905949482	2.343687347360186	31.55	58
263	conventional	60	3	3	0.8120388804710964	2.1072496420799265	28.266666666666666	59
264	holistic	60	2	2	0.9647154790680595	2.369735618308887	32.43333333333333	59
264	conventional	60	1	1	0.935739804521985	4.570492820756455	28.266666666666666	59
265	holistic	60	2	2	0.9779201407208113	2.317863102106826	32.36666666666667	59
265	conventional	60	2	2	0.901952291493001	2.218430240926006	27.266666666666666	58
266	holistic	60	1	1	0.9954959971627603	2.7856748518643437	32.36666666666667	57
266	conventional	60	0	0	0.9488134116984828	2.5344802775114106	28.266666666666666	59
267	holistic	60	0	0	1.0244532961228914	2.4132943529032516	33.36666666666667	58
267	conventional	60	3	3	0.8531512575946459	2.009065581025884	27.116666666666667	59
268	holistic	60	0	0	1.0037187025720655	2.518664468889933	34.36666666666667	59
268	conventional	60	3	3	0.8591495199485732	1.8139118798672142	27.033333333333335	59
269	holistic	60	4	4	0.9091945965094375	2.5578605178621032	31.366666666666667	59
269	conventional	60	1	1	0.7967547309230282	1.7574945504622672	27.033333333333335	59
270	holistic	60	2	2	0.9375237590735309	2.5652886680201696	30.366666666666667	59
270	conventional	60	1	1	0.8201577550290192	1.62774318396411	27.033333333333335	59
271	holistic	60	4	4	0.8819175519146392	2.5432612081464163	27.366666666666667	59
271	conventional	60	2	2	0.912366151811412	3.3852499512351533	26.933333333333334	57
272	holistic	60	2	2	0.9444104457767287	4.617313624683074	27.316666666666666	55
272	conventional	60	1	1	0.8309779869926253	1.7667297960456823	27.866666666666667	58
273	holistic	60	2	2	0.9003896797863582	2.629347111239546	28.183333333333334	56
273	conventional	60	1	1	0.9072565305169898	3.3353142135631124	28.733333333333334	59
274	holistic	60	2	2	0.9787332856263582	2.9392030962372333	29.016666666666666	57
274	conventional	60	1	1	0.8579326479613589	2.8108583796765063	28.733333333333334	59
275	holistic	60	2	2	0.9486755562417619	2.4427412163846474	29.883333333333333	58
275	conventional	60	1	1	0.8319322295872703	1.9780158546171198	28.733333333333334	59
276	holistic	60	2	2	0.9281824827757547	2.3761589407305386	30.733333333333334	59
276	conventional	60	4	4	0.8089827187607828	1.5616966624368762	27.433333333333334	59
277	holistic	60	2	2	0.9348742703399839	4.8358853620922	29.733333333333334	59
277	conventional	60	3	3	0.8304108852406002	4.3800302667829225	27.383333333333333	59
278	holistic	60	9	9	0.795265486505763	2.3319262154439433	23.6	59
278	conventional	60	5	5	0.7859051718443998	3.3651421810885394	25.316666666666666	59
279	holistic	60	5	5	1.0122034704772516	8.88258325679065	22.166666666666668	57
279	conventional	60	4	4	0.819840327077434	3.280041734948303	24.25	59
280	holistic	60	0	0	1.0136381205745872	4.441204219625167	23.166666666666668	58
280	conventional	60	2	2	0.7900591687201927	2.119501856914384	24.216666666666665	59
281	holistic	60	3	3	0.961403065830465	3.9289443394933934	23.783333333333335	59
281	conventional	60	2	2	0.810029796165854	2.368260368634533	23.216666666666665	57
282	holistic	60	5	5	0.9849387681853785	4.420373847775511	22.583333333333332	58
282	conventional	60	1	1	0.7625218865110709	2.0387233884313276	24.166666666666668	58
283	holistic	60	1	1	0.9767426336597141	4.112747542191958	23.516666666666666	59
283	conventional	60	2	2	0.8425642061670963	3.4282372721124097	25.05	59
284	holistic	60	1	1	0.9998246252121448	4.076686886496243	23.516666666666666	56
284	conventional	60	2	2	0.8786580490468282	2.4590684559678557	24.95	57
285	holistic	60	1	1	1.0491024582437647	3.630331875188221	24.45	57
285	conventional	60	0	0	0.8854365909203287	2.4045155066731567	25.95	58
286	holistic	60	1	1	1.0629749318552821	3.4120721591377117	25.383333333333333	58
286	conventional	60	0	0	0.8474759728889047	2.039953742341793	26.95	59
287	holistic	60	0	0	1.0563875108119132	3.128130273669686	26.383333333333333	59
287	conventional	60	1	1	0.8415737220647453	2.1195400593682794	26.95	59
288	holistic	60	1	1	1.0272387871350297	2.8037155907309224	26.383333333333333	58
288	conventional	60	2	2	0.7705995599255482	2.0229839642916683	25.95	57
289	holistic	60	1	1	1.0508990959584643	2.902000731335357	27.266666666666666	59
289	conventional	60	0	0	0.8628045582668202	2.38042176256025	26.95	58
290	holistic	60	2	2	1.018137517879396	2.9855120297210718	27.2	58
290	conventional	60	0	0	0.8552279830478963	2.378450288359298	27.95	59
291	holistic	60	0	0	1.0109617131633353	3.4397954779133975	28.2	59
291	conventional	60	2	2	0.8369108874823042	2.3795403743597174	26.95	59
292	holistic	60	4	4	0.9359207553105195	3.4715575609304414	26.083333333333332	59
292	conventional	60	1	1	0.8532800307645091	2.119264771389817	26.95	56
293	holistic	60	3	3	0.958662436274044	3.240076723142304	25.966666666666665	59
293	conventional	60	1	1	0.8309489553637462	1.7603986192905314	27.85	57
294	holistic	60	2	2	0.9847834668360167	3.883531229215478	25.9	59
294	conventional	60	1	1	0.8310637545369942	1.7028299539934004	28.633333333333333	58
295	holistic	60	2	2	0.9142041679965466	3.3756519698622234	24.9	59
295	conventional	60	0	0	0.8127577188994184	1.6092205827300325	29.633333333333333	59
296	holistic	60	5	5	0.8787755668195856	3.4047124873444283	23.633333333333333	58
296	conventional	60	2	2	0.8008721726166553	2.317233707224207	29.583333333333332	59
297	holistic	60	1	1	0.9543163119490042	3.2723865766734206	24.566666666666666	59
297	conventional	60	1	1	0.8033672808128356	1.9814709539277942	29.583333333333332	58
298	holistic	60	3	3	0.9173546283841156	3.1077076811556137	23.3	59
298	conventional	60	2	2	0.777738528043428	2.314798621309283	29.533333333333335	59
299	holistic	60	1	1	0.9355870538799309	3.000816055688108	23.3	59
299	conventional	60	3	3	0.8084079320096544	3.3102821292386073	29.483333333333334	59
300	holistic	60	4	4	0.9069637456286126	2.995907562668616	23.033333333333335	59
300	conventional	60	2	2	0.760081195248974	2.30467895192568	28.483333333333334	57
301	holistic	60	3	3	0.8267397101917128	3.252360624937915	21.9	57
301	conventional	60	1	1	0.7670789157960491	3.418855706798693	29.45	58
302	holistic	60	1	1	0.8751814549850785	3.2374219377757325	22.833333333333332	58
302	conventional	60	0	0	0.8685103456661946	5.338425087682157	30.45	59
303	holistic	60	2	2	0.8848958082901345	3.107552318305755	23.633333333333333	59
303	conventional	60	1	1	0.8064177109482813	2.3353787424158914	30.45	58
304	holistic	60	4	4	0.8708802598853237	2.9880172531934095	23.433333333333334	58
304	conventional	60	0	0	0.8066531048007788	1.8319529383065696	31.45	59
305	holistic	60	2	2	0.8965940200319102	2.910207785739057	24.3	59
305	conventional	60	2	2	0.7789302911939593	1.766345124807783	31.016666666666666	59
306	holistic	60	2	2	0.9452518839418347	3.088524532809695	24.233333333333334	57
306	conventional	60	3	3	0.7783252805726503	1.7151182962610758	29.966666666666665	59
307	holistic	60	1	1	0.8896716781520275	3.2196372787124803	24.766666666666666	58
307	conventional	60	4	4	0.7329780392045966	2.5076071679141596	27.85	58
308	holistic	60	1	1	0.9134152314433904	3.1123027927432867	25.7	59
308	conventional	60	0	0	0.9156174164045797	6.354786361200055	28.85	59
309	holistic	60	1	1	0.8959541426632296	3.1053460946949922	25.7	59
309	conventional	60	2	2	0.8722581774690134	3.36591641573593	27.85	58
310	holistic	60	3	3	0.9144986942794662	3.067520170461198	25.516666666666666	59
310	conventional	60	0	0	0.9170301600411112	3.363764762860885	28.85	59
311	holistic	60	2	2	0.9259821348064488	3.0320646303129237	25.45	56
311	conventional	60	2	2	0.8763461806907713	2.617345565668584	28.783333333333335	59
312	holistic	60	1	1	0.9964920268738848	2.9986840184153833	26.416666666666668	57
312	conventional	60	3	3	0.8371743683024565	2.566134761223456	27.683333333333334	59
313	holistic	60	1	1	0.970589081873049	2.9955242742664465	27.283333333333335	58
313	conventional	60	1	1	0.8236592965008189	2.866943214308712	27.683333333333334	59
314	holistic	60	0	0	0.9715678634370669	3.075581320491802	28.283333333333335	59
314	conventional	60	2	2	0.8560910251541461	2.7959250114721916	27.65	58
315	holistic	60	3	3	0.9823988800452871	3.1252162835644497	27.533333333333335	59
315	conventional	60	1	1	0.9495339227635848	2.6153325470639155	28.6	59
316	holistic	60	1	1	0.9891481543971451	3.1451839024703543	27.533333333333335	56
316	conventional	60	1	1	0.9018266573999995	2.364162055358038	28.6	59
317	holistic	60	0	0	1.0044505184091215	3.087471075759373	28.533333333333335	57
317	conventional	60	3	3	1.012697121173475	7.465225762528009	27.55	58
318	holistic	60	1	1	1.0060335270662708	3.010266420434724	29.3	58
318	conventional	60	0	0	0.9722165424304042	3.4850647518774376	28.55	59
319	holistic	60	1	1	1.0104498371645614	2.9368398505428215	30.233333333333334	59
319	conventional	60	2	2	0.929441850506116	2.798610415055602	28.466666666666665	59
320	holistic	60	3	3	1.0014100677108966	2.8880664458193515	28.55	59
320	conventional	60	2	2	0.9249581632961664	3.002930618774102	28.416666666666668	58
321	holistic	60	2	2	1.030239121913179	2.843699152351296	27.55	59
321	conventional	60	1	1	1.013224364478224	2.838601996038941	29.35	59
322	holistic	60	1	1	0.9972749122533503	2.912854015196658	27.55	58
322	conventional	60	3	3	0.9489541036176744	2.7596577118290586	29.25	59
323	holistic	60	0	0	1.0049945845064128	2.9347985809590065	28.55	59
323	conventional	60	5	5	0.9477065319938996	2.5003922106569094	27.083333333333332	56
324	holistic	60	3	3	0.978297468383323	2.8905961690492004	27.483333333333334	59
324	conventional	60	0	0	1.01115169269181	2.3436522695397044	28.083333333333332	57
325	holistic	60	1	1	0.9530696899963458	2.8906265504168487	27.483333333333334	56
325	conventional	60	1	1	0.9328616014626426	2.3096034099180973	29.05	58
326	holistic	60	1	1	1.0396680996281409	4.90105731472105	28.35	57
326	conventional	60	1	1	0.9151912499869331	2.4700986016856077	30.0	59
327	holistic	60	0	0	0.9891965801722875	2.81112537164992	29.35	58
327	conventional	60	4	4	0.8906429527041259	2.365220409483457	28.9	59
328	holistic	60	1	1	0.9731575310447504	2.854260508261606	30.283333333333335	59
328	conventional	60	3	3	0.9561580002321804	2.4002339438895515	27.766666666666666	59
329	holistic	60	1	1	0.991022623226826	2.836959237057986	30.283333333333335	59
329	conventional	60	2	2	1.01994820061595	2.2957857411735585	27.65	59
330	holistic	60	3	3	0.9526204914228483	2.7821612187578753	30.116666666666667	59
330	conventional	60	2	2	0.9965529638615234	2.2954178851970326	27.616666666666667	59
331	holistic	60	3	3	1.042756559862145	3.8143352188803066	29.0	59
331	conventional	60	3	3	1.0505519922282827	2.551417100739998	26.466666666666665	59
332	holistic	60	1	1	1.0256845202857374	2.694890602790348	29.0	56
332	conventional	60	1	1	1.0748708408271657	5.431257857600617	26.466666666666665	58
333	holistic	60	0	0	1.012001820812771	2.735074543587256	30.0	57
333	conventional	60	0	0	1.1169969669352213	4.443302569976476	27.466666666666665	59
334	holistic	60	1	1	0.9820605597525329	2.7736402958523176	30.933333333333334	58
334	conventional	60	2	2	1.055757140985449	3.082202081952078	27.416666666666668	58
335	holistic	60	1	1	0.9611124236803246	2.724940167454476	31.866666666666667	59
335	conventional	60	0	0	1.086201672190196	3.403479240227347	28.416666666666668	59
336	holistic	60	2	2	0.9186890298618546	2.797038089296903	30.866666666666667	59
336	conventional	60	1	1	1.078236626679246	2.3416371153656184	28.416666666666668	59
337	holistic	60	2	2	0.924167855346546	2.7496282010422983	30.833333333333332	59
337	conventional	60	1	1	1.046135546411707	2.230495095195736	28.416666666666668	59
338	holistic	60	6	6	0.8298878253894382	2.342752858463626	26.766666666666666	59
338	conventional	60	2	2	1.0439491044144833	2.0636481104371267	27.416666666666668	59
339	holistic	60	2	2	0.8100299656611978	3.9747378905696333	25.766666666666666	58
339	conventional	60	3	3	1.0327295452054517	2.6876279737020443	26.266666666666666	59
340	holistic	60	0	0	0.8523581550826625	2.996369206921223	26.766666666666666	59
340	conventional	60	1	1	1.0484765921634165	2.017195957660902	26.266666666666666	58
341	holistic	60	4	4	0.8043362332809091	2.210267231817261	25.65	59
341	conventional	60	2	2	1.0684795069199093	2.49271202157041	27.216666666666665	59
342	holistic	60	6	6	0.7767874798333891	2.2257268513754176	24.4	59
342	conventional	60	1	1	1.0731020451577438	2.1049801031130855	27.216666666666665	59
343	holistic	60	1	1	0.7852709281049249	2.194128568305918	24.4	59
343	conventional	60	2	2	1.045081859626032	2.323023395303041	26.216666666666665	59
344	holistic	60	1	1	0.8861732832420438	4.936613865104937	24.4	52
344	conventional	60	2	2	1.1505984242364	8.265254205125004	25.216666666666665	56
345	holistic	60	3	3	0.9162212620839493	4.258327325935306	25.2	53
345	conventional	60	0	0	1.1178313313929102	6.271895877512799	26.216666666666665	57
346	holistic	60	2	2	0.9247534963342532	3.1746623392287936	26.066666666666666	54
346	conventional	60	1	1	1.0859461426190153	4.273422622763243	27.166666666666668	58
347	holistic	60	1	1	0.9228746544785164	2.72471062397493	26.75	55
347	conventional	60	1	1	1.0617123436960019	3.5205997552378703	28.116666666666667	59
348	holistic	60	0	0	0.9716599505805791	2.7576677700717416	27.75	56
348	conventional	60	2	2	1.0285239565498363	2.870302671199009	27.116666666666667	57
349	holistic	60	2	2	0.9743058021535391	3.0675014689215048	28.366666666666667	57
349	conventional	60	0	0	1.061067761356955	2.774013579746137	28.116666666666667	58
350	holistic	60	1	1	1.0563419343078035	4.886948852114025	29.233333333333334	58
350	conventional	60	0	0	1.0538097037630263	2.2725292364312293	29.116666666666667	59
351	holistic	60	0	0	1.0361168035581316	3.591459896729805	30.233333333333334	59
351	conventional	60	2	2	1.0084040269340766	2.0221275033341826	28.116666666666667	59
352	holistic	60	1	1	1.0332050366678618	3.4247045754079375	30.233333333333334	59
352	conventional	60	1	1	1.0333050089684528	2.159861868389775	28.116666666666667	58
353	holistic	60	2	2	0.9867091208595068	3.4707628581694663	30.166666666666668	59
353	conventional	60	0	0	1.0196125107528216	2.0695528844560096	29.116666666666667	59
354	holistic	60	4	4	0.9981970797524472	3.1759834784949237	29.066666666666666	59
354	conventional	60	1	1	0.9898985044833225	2.087162176457233	29.116666666666667	58
355	holistic	60	1	1	1.002045244458146	3.3104559765557156	29.066666666666666	59
355	conventional	60	0	0	0.969561799307242	2.184639020619672	30.116666666666667	59
356	holistic	60	3	3	0.9730089480189165	3.4989945677599437	27.066666666666666	59
356	conventional	60	5	5	0.940636695928751	2.190177098120657	28.716666666666665	58
357	holistic	60	1	1	1.0351772233565004	3.260920830458816	27.066666666666666	59
357	conventional	60	0	0	0.9924687587791292	2.429830837527429	29.716666666666665	59
358	holistic	60	2	2	1.023764108597931	3.3905027828973964	26.066666666666666	58
358	conventional	60	1	1	0.9631410276392596	1.9156289457036064	29.716666666666665	59
359	holistic	60	0	0	1.0672067631180455	3.5154461536286084	27.066666666666666	59
359	conventional	60	3	3	0.9965866167087623	2.962894189479243	28.7	59
360	holistic	60	21	21	0.6977816767137317	3.4279758652054486	16.583333333333332	55
360	conventional	60	22	22	0.6370352352710573	2.7954215032090137	18.183333333333334	55
361	holistic	60	1	1	0.9885945860994173	3.8702487329096287	17.5	56
361	conventional	60	3	3	0.7924559263069912	3.3868524598197065	19.133333333333333	56
362	holistic	60	1	1	0.930815903080035	3.8791886874636305	18.433333333333334	57
362	conventional	60	5	5	0.8043342882109561	2.8870187669595238	19.766666666666666	57
363	holistic	60	0	0	0.9688395306510295	3.5683681059980366	19.433333333333334	58
363	conventional	60	2	2	0.8797116952082707	2.438819202532542	20.683333333333334	58
364	holistic	60	7	7	0.9578780647939621	3.1658387640606125	19.966666666666665	59
364	conventional	60	4	4	0.813178070430446	2.2976625698098196	20.95	59
365	holistic	60	1	1	1.0032394014622255	3.2318440038505494	19.966666666666665	59
365	conventional	60	4	4	0.8379460530275961	4.355712557283328	20.75	59
366	holistic	60	2	2	1.0444436294644308	3.1775816040666296	19.9	58
366	conventional	60	5	5	0.809261027673702	3.3482363582269326	19.533333333333335	59
367	holistic	60	0	0	1.0323094205550605	3.047551531844385	20.9	59
367	conventional	60	2	2	0.9513963839198385	4.352843925833134	18.533333333333335	58
368	holistic	60	5	5	0.9873908632161869	3.5368830126742146	20.566666666666666	59
368	conventional	60	4	4	0.8699465247012957	3.870053394581015	19.35	59
369	holistic	60	1	1	1.0537546303518626	4.899004523292783	20.566666666666666	59
369	conventional	60	2	2	0.9053687969256647	2.709591202404628	19.3	58
370	holistic	60	2	2	1.0461899503495986	3.429863422185977	19.566666666666666	59
370	conventional	60	3	3	0.9174018238854476	3.451419346046427	20.133333333333333	59
371	holistic	60	3	3	1.0369294634314314	3.1000528029848002	19.266666666666666	56
371	conventional	60	3	3	0.9317723333184578	2.5878680026008247	20.066666666666666	59
372	holistic	60	1	1	1.0337778357734577	2.9944735772701647	20.2	57
372	conventional	60	1	1	0.9590455791230973	3.2257801943277213	20.066666666666666	59
373	holistic	60	1	1	1.071432548213868	6.379095027026689	21.15	58
373	conventional	60	1	1	0.9007104263691035	2.6284335828393233	20.066666666666666	57
374	holistic	60	0	0	1.0147002636248983	4.876844680144017	22.15	59
374	conventional	60	1	1	0.9143510679115603	2.266822260814303	21.033333333333335	58
375	holistic	60	2	2	1.0093573361533517	4.376302865018596	22.083333333333332	56
375	conventional	60	0	0	0.8892934293964285	2.1761849981210113	22.033333333333335	59
376	holistic	60	1	1	1.0744822325846328	4.079039488964337	22.95	57
376	conventional	60	5	5	0.8381237848019982	1.9968255460681896	21.516666666666666	59
377	holistic	60	1	1	1.0688462721075311	3.8787397812275883	23.883333333333333	58
377	conventional	60	2	2	0.8847247095997761	2.630538610620717	21.266666666666666	54
378	holistic	60	0	0	1.166238521491689	4.618594091771513	24.883333333333333	59
378	conventional	60	2	2	0.9319217082419207	2.7031930178239842	21.966666666666665	55
379	holistic	60	1	1	1.113999302218048	3.506963113563091	24.883333333333333	59
379	conventional	60	0	0	0.9530350383804008	2.2259950654404226	22.966666666666665	56
380	holistic	60	3	3	1.065742111392917	3.3255584059262806	23.55	59
380	conventional	60	0	0	0.9230007112341548	2.0603297380493495	23.966666666666665	57
381	holistic	60	2	2	1.124355312765065	2.98137771327538	22.55	56
381	conventional	60	0	0	0.9118340644391464	1.9614496398989807	24.966666666666665	58
382	holistic	60	0	0	1.1834815183897345	4.685633820433234	23.55	57
382	conventional	60	0	0	0.9421487416765191	1.8952428997908903	25.966666666666665	59
383	holistic	60	0	0	1.1468425912485216	3.797323570141586	24.55	58
383	conventional	60	1	1	0.9443939526507578	1.918187607399113	25.966666666666665	56
384	holistic	60	1	1	1.1415594238497868	3.6493823640880954	25.483333333333334	59
384	conventional	60	0	0	0.9664887845219721	1.8551282436767285	26.966666666666665	57
385	holistic	60	1	1	1.14652620333061	3.808612364145733	25.483333333333334	56
385	conventional	60	0	0	0.9375146501824098	1.8966255170364366	27.966666666666665	58
386	holistic	60	0	0	1.1596810822113688	3.6145912815397074	26.483333333333334	57
386	conventional	60	0	0	0.9516910799340258	1.6623980399503733	28.966666666666665	59
387	holistic	60	1	1	1.1593509470440295	3.442906257110691	26.966666666666665	58
387	conventional	60	3	3	0.8828334398458166	1.5583528352144604	26.966666666666665	59
388	holistic	60	1	1	1.1472901495305512	3.2918298896306943	27.9	59
388	conventional	60	2	2	0.8595898341157678	2.4669198370014183	25.966666666666665	57
389	holistic	60	1	1	1.143885838038486	3.21280038005988	27.9	58
389	conventional	60	0	0	0.9068148485509729	2.3774333888559696	26.966666666666665	58
390	holistic	60	0	0	1.1767460577669522	3.2479823556741754	28.9	59
390	conventional	60	0	0	0.9561995747707316	2.421315581993113	27.966666666666665	59
391	holistic	60	2	2	1.1413868227509434	3.2293623852952456	28.833333333333332	59
391	conventional	60	1	1	0.9060446219876875	1.7375747922234714	27.966666666666665	59
392	holistic	60	2	2	1.1509524398373858	3.259985727431695	28.766666666666666	56
392	conventional	60	1	1	0.915199907009572	1.6992469318294559	27.966666666666665	58
393	holistic	60	0	0	1.147163852851836	3.243446875836497	29.766666666666666	57
393	conventional	60	0	0	0.9494117801027769	2.8430606740498647	28.966666666666665	59
394	holistic	60	0	0	1.1253371508527374	3.228438579990436	30.766666666666666	58
394	conventional	60	2	2	0.8808206838874768	2.3477601587947032	27.966666666666665	58
395	holistic	60	0	0	1.1308699150464687	3.1722907135673784	31.766666666666666	59
395	conventional	60	0	0	0.901199599514347	1.853996222572702	28.966666666666665	59
396	holistic	60	3	3	1.097363817115116	3.040528542261804	30.7	59
396	conventional	60	1	1	0.8772406013778729	1.8512208887205648	28.966666666666665	59
397	holistic	60	1	1	1.1060520937924079	2.9570255878315033	30.7	59
397	conventional	60	1	1	0.9029200027112066	3.1935895263157335	28.966666666666665	56
398	holistic	60	1	1	1.06459535820094	2.916896445511757	30.7	56
398	conventional	60	1	1	0.8624024367510947	1.6910078284406644	29.8	57
399	holistic	60	1	1	1.0446014106946062	2.8438761405744137	31.583333333333332	57
399	conventional	60	0	0	0.8507134259667535	1.5241461251028063	30.8	58
400	holistic	60	0	0	1.0662605751334762	2.798120059320162	32.583333333333336	58
400	conventional	60	0	0	0.8660359391258168	1.3856972451644263	31.8	59
401	holistic	60	1	1	1.0952365720549941	2.7644250380734143	33.38333333333333	59
401	conventional	60	1	1	0.8415637210693462	1.3429048652343267	31.8	59
402	holistic	60	2	2	1.0185687460848571	2.7497370086364676	32.38333333333333	59
402	conventional	60	1	1	0.8473206747580905	2.255993704300697	31.8	59
403	holistic	60	1	1	1.0262312409123153	2.7558135617068973	32.38333333333333	59
403	conventional	60	1	1	0.8227470878224853	1.5585194983444348	31.8	59
404	holistic	60	1	1	0.9819237039044862	2.6715974359552135	32.38333333333333	59
404	conventional	60	1	1	0.7915623456839239	1.7592473999668938	31.8	58
405	holistic	60	2	2	0.9435218976799077	2.910092433967581	31.383333333333333	59
405	conventional	60	2	2	0.7854164611454778	1.3829692589370959	32.65	59
406	holistic	60	2	2	0.92074298453798	2.823534089492066	31.316666666666666	59
406	conventional	60	1	1	0.8237800308843618	1.661564284482834	32.65	59
407	holistic	60	1	1	0.929814698448231	2.7420937557125615	31.316666666666666	54
407	conventional	60	1	1	0.8419320902035122	1.6890991476972328	32.65	59
408	holistic	60	1	1	0.948889219701312	2.7198944923435353	32.25	55
408	conventional	60	1	1	0.8279964959429689	1.69679806785226	32.65	57
409	holistic	60	1	1	0.9425004190972742	2.671277493292436	33.18333333333333	56
409	conventional	60	0	0	0.8186012576952179	1.6441903195454317	33.65	58
410	holistic	60	2	2	0.983071671194352	2.9073219606093033	33.983333333333334	57
410	conventional	60	0	0	0.8411985623522479	1.7148669630003175	34.65	59
411	holistic	60	1	1	0.9988577756316521	3.006567073187082	34.93333333333333	58
411	conventional	60	1	1	0.8284204062851402	1.6748784780446886	34.65	59
412	holistic	60	1	1	1.0226046140314808	2.9789572600119283	35.68333333333333	59
412	conventional	60	1	1	0.8499338153379455	1.7288882435119122	34.65	56
413	holistic	60	1	1	0.9882639577587539	3.1192959250540717	35.68333333333333	59
413	conventional	60	0	0	0.8834965980020765	2.124925593628213	35.65	57
414	holistic	60	6	6	0.96234017030712	3.18357742054547	32.483333333333334	59
414	conventional	60	1	1	0.8804475737382119	1.861774571786612	36.61666666666667	58
415	holistic	60	1	1	1.0046186295440658	3.154008797520102	32.483333333333334	57
415	conventional	60	1	1	0.8909271656056394	1.8200402755611544	37.55	59
416	holistic	60	0	0	1.0699801471258061	3.147892814678922	33.483333333333334	58
416	conventional	60	3	3	0.8736526017255126	1.6149749109614275	35.55	56
417	holistic	60	0	0	1.0648114875552077	3.098626607136984	34.483333333333334	59
417	conventional	60	0	0	0.8739207621331858	1.6168427447662577	36.55	57
418	holistic	60	3	3	1.0169684959774252	3.072754724604856	34.35	58
418	conventional	60	2	2	0.8650739590171033	1.5385443395863827	37.483333333333334	58
419	holistic	60	0	0	1.0667616638730055	3.0479225806454484	35.35	59
419	conventional	60	0	0	0.8591385653921064	1.4037910520997	38.483333333333334	59
420	holistic	60	11	11	0.7883236675640481	3.0240371317807098	25.35	59
420	conventional	60	11	11	0.7360026589094925	1.4384311006121324	28.483333333333334	58
421	holistic	60	1	1	0.8577997996205146	3.021422637464893	25.35	57
421	conventional	60	1	1	0.8193252241361325	3.344098874476652	29.466666666666665	59
422	holistic	60	2	2	0.8834146132970621	3.1430192193697226	26.15	58
422	conventional	60	1	1	0.8029223592249115	2.068838212242404	29.466666666666665	59
423	holistic	60	1	1	0.8547427742589022	3.1256539938505927	26.95	59
423	conventional	60	4	4	0.7608741311295051	2.245896835123371	29.25	59
424	holistic	60	5	5	0.8767599987036305	3.111113259486924	24.816666666666666	59
424	conventional	60	4	4	0.7871357820374951	1.649006145436368	28.116666666666667	59
425	holistic	60	2	2	0.916558780728653	3.5541549638487377	24.083333333333332	59
425	conventional	60	5	5	0.7903231207604523	2.445316894890656	25.183333333333334	59
426	holistic	60	3	3	0.8432408490441513	3.4380683822190012	23.016666666666666	58
426	conventional	60	4	4	0.7702575001494	2.452829018968244	24.95	58
427	holistic	60	0	0	0.8709167314546856	3.4722599909603655	24.016666666666666	59
427	conventional	60	0	0	0.8322121086267128	2.2051482791221844	25.95	59
428	holistic	60	5	5	0.8394059533941832	3.501171019971829	21.883333333333333	59
428	conventional	60	5	5	0.7731417293519899	2.130479824965263	22.916666666666668	58
429	holistic	60	3	3	0.8250464241996589	3.527676604324006	21.75	59
429	conventional	60	0	0	0.8539830779520717	2.1288116917234294	23.916666666666668	59
430	holistic	60	2	2	0.808815090067333	3.324469022783838	21.683333333333334	59
430	conventional	60	2	2	0.8198610888881702	2.3207865662416163	23.883333333333333	59
431	holistic	60	3	3	0.7930065311725518	3.198877670430753	20.633333333333333	59
431	conventional	60	3	3	0.7618723230911958	1.9665596074225478	22.266666666666666	57
432	holistic	60	1	1	0.9966523024323148	7.943344100682294	20.633333333333333	57
432	conventional	60	2	2	0.8064954051429862	2.016376082755643	23.116666666666667	58
433	holistic	60	0	0	0.9581394341951736	4.938606885487576	21.633333333333333	58
433	conventional	60	0	0	0.8679489424428195	4.359777879925984	24.116666666666667	59
434	holistic	60	1	1	0.9452417190897193	3.2737430572343893	22.566666666666666	59
434	conventional	60	2	2	0.8737921852045674	2.2789319538107	24.05	58
435	holistic	60	2	2	0.8561321633521461	3.150359812463795	21.566666666666666	59
435	conventional	60	0	0	0.83523168687672	2.046507632761233	25.05	59
436	holistic	60	1	1	0.8872923233648708	3.3088307867185995	21.566666666666666	59
436	conventional	60	5	5	0.7612961513595401	1.8469871568195428	21.833333333333332	59
437	holistic	60	2	2	0.9459368790878948	5.430832243085905	21.516666666666666	58
437	conventional	60	3	3	0.7693196457733517	3.6540944826965065	20.683333333333334	59
438	holistic	60	0	0	0.9970372416842278	4.273139382334246	22.516666666666666	59
438	conventional	60	5	5	0.7778318817969704	2.6500912748054892	19.45	55
439	holistic	60	1	1	0.9174890676893346	3.684773949687188	22.516666666666666	59
439	conventional	60	2	2	0.7857176077136216	1.6452285804888802	20.4	56
440	holistic	60	5	5	0.8691098567601123	3.333924019785541	20.916666666666668	59
440	conventional	60	2	2	0.7779510035053874	1.5246005062024885	21.35	57
441	holistic	60	1	1	0.8578134583796487	3.0991272834691546	20.916666666666668	56
441	conventional	60	1	1	0.7882313023028653	1.8467823449295444	22.316666666666666	58
442	holistic	60	0	0	0.8805572022135902	3.034979506738969	21.916666666666668	57
442	conventional	60	3	3	0.8067232167002222	1.6047227186675213	22.733333333333334	59
443	holistic	60	0	0	0.8515470790885123	3.0323576869885738	22.916666666666668	58
443	conventional	60	1	1	0.8914115653407146	6.604232872461548	22.733333333333334	56
444	holistic	60	3	3	0.8509861214767689	2.9986437191985806	23.533333333333335	59
444	conventional	60	0	0	0.9129311649850747	4.609547094464392	23.733333333333334	57
445	holistic	60	1	1	0.9085925354161952	3.0275723562670986	23.533333333333335	54
445	conventional	60	0	0	0.8665401674007334	3.294660092997908	24.733333333333334	58
446	holistic	60	0	0	0.9515900529073611	4.912778726055462	24.533333333333335	55
446	conventional	60	1	1	0.8408281921740274	2.623381536825208	25.6	59
447	holistic	60	0	0	0.9263954245835281	3.595893506203948	25.533333333333335	56
447	conventional	60	3	3	0.8721975337629163	3.250307196784055	23.6	59
448	holistic	60	3	3	0.9119324798836825	3.1574768550649543	25.866666666666667	57
448	conventional	60	1	1	0.8792727395836507	1.9620790840056836	23.6	57
449	holistic	60	0	0	0.9719769003290636	3.0685614780588324	26.866666666666667	58
449	conventional	60	0	0	0.9047525774457783	2.0397231501036064	24.6	58
450	holistic	60	0	0	0.9608786925940503	3.039134470861675	27.866666666666667	59
450	conventional	60	1	1	0.9241096407836614	1.5466690973973576	25.566666666666666	59
451	holistic	60	2	2	0.9221720592482056	3.190768558039418	26.866666666666667	55
451	conventional	60	1	1	0.8674963710056574	1.5470276161000407	25.566666666666666	59
452	holistic	60	0	0	0.9522740441061007	3.2098723182113096	27.866666666666667	56
452	conventional	60	1	1	0.8779478496454727	2.3638187919058726	25.566666666666666	58
453	holistic	60	0	0	0.9236412707943695	3.3253288514538477	28.866666666666667	57
453	conventional	60	0	0	0.8415197103012789	1.5620654595716863	26.566666666666666	59
454	holistic	60	0	0	0.9120123811713508	3.3164816365341827	29.866666666666667	58
454	conventional	60	1	1	0.8672443980028565	1.6310945784869382	26.566666666666666	58
455	holistic	60	1	1	0.9125284562123995	3.284783571930882	30.8	59
455	conventional	60	0	0	0.8836871068606537	2.633338629928943	27.566666666666666	59
456	holistic	60	3	3	0.9033441452025214	3.3226308847505153	28.8	58
456	conventional	60	1	1	0.8555629024452372	1.4551736011171434	27.566666666666666	59
457	holistic	60	0	0	0.9879072861611587	3.947705712906631	29.8	59
457	conventional	60	2	2	0.8356177219204584	1.6848788594868083	26.95	56
458	holistic	60	1	1	0.9242840584971502	3.2407412637908033	29.8	59
458	conventional	60	1	1	0.9195152989750518	5.435186961068183	27.766666666666666	57
459	holistic	60	1	1	0.9106535660817	3.2133699729211087	29.8	58
459	conventional	60	1	1	0.94934969729978	4.6046298315147425	28.416666666666668	58
460	holistic	60	2	2	0.9058673294276919	3.1454025740496605	30.533333333333335	59
460	conventional	60	1	1	0.9131654057252471	3.40122181956569	29.25	59
461	holistic	60	1	1	0.8925944652364307	3.0998889798106917	30.533333333333335	58
461	conventional	60	1	1	0.8851458811107624	2.6634723376215454	29.25	59
462	holistic	60	1	1	0.9379861687692052	3.056521275563977	31.5	59
462	conventional	60	2	2	0.8950616046063095	2.219021991380848	29.166666666666668	58
463	holistic	60	3	3	0.8956751882032774	3.0152871675650714	31.066666666666666	58
463	conventional	60	1	1	0.8431915182890275	1.9210300955438946	30.15	59
464	holistic	60	1	1	0.8984234668113059	3.0317470539592546	32.0	59
464	conventional	60	1	1	0.8503414118923308	1.8342044746295987	30.15	59
465	holistic	60	1	1	0.8822804625586775	3.0295539292296705	32.0	58
465	conventional	60	3	3	0.8354147022445017	2.055365781764088	29.1	59
466	holistic	60	1	1	0.9112624370355938	3.0466449622320657	32.93333333333333	59
466	conventional	60	3	3	0.9148530855506032	2.5042441345319553	29.016666666666666	59
467	holistic	60	1	1	0.899089157017244	3.0085816900261393	32.93333333333333	58
467	conventional	60	1	1	0.8702186356046654	2.302181871146968	29.016666666666666	59
468	holistic	60	1	1	0.9437878471290563	3.0254708166912736	33.86666666666667	59
468	conventional	60	3	3	0.8690552538706615	2.1063283767022507	28.95	50
469	holistic	60	2	2	0.9088724280119055	3.006667050820418	33.733333333333334	59
469	conventional	60	1	1	0.9568109972974473	3.3507430230406463	29.916666666666668	51
470	holistic	60	1	1	0.988097087790843	2.9698279487112096	33.733333333333334	58
470	conventional	60	0	0	0.944353822376684	2.296703974532867	30.916666666666668	52
