# RBT-102 structural carriage -- runs/RBT-104/S1-801

seed 801; state.json season 600 of 600; fauna: conventional (fixed_body 'pioneer'); window seasons 300-599
genomes saved at birth: 1184; living names without a genome: 0

## Positive control (before any number)

  20 window genomes (seed 102); installs ((1.0, 1.0), (8.0, -1.0)) (w, sign)
  installed motif detected 40 of 40; install invalid 0; bare genomes carrying 0 of 20
  positive control: PASSED

## Carriage per season (living conventional fauna)

| season | alive | carriers | fraction | mean depth |
|---|---|---|---|---|
| 0 | 60 | 31 | 0.5167 | 0.0 |
| 1 | 60 | 31 | 0.5167 | 0.1 |
| 2 | 60 | 33 | 0.5500 | 0.2 |
| 3 | 60 | 30 | 0.5000 | 0.3 |
| 4 | 60 | 29 | 0.4833 | 0.4 |
| 5 | 60 | 29 | 0.4833 | 0.5 |
| 6 | 60 | 28 | 0.4667 | 0.5 |
| 7 | 60 | 28 | 0.4667 | 0.6 |
| 8 | 60 | 26 | 0.4333 | 0.6 |
| 9 | 60 | 26 | 0.4333 | 0.6 |
| 10 | 60 | 24 | 0.4000 | 0.7 |
| 11 | 60 | 22 | 0.3667 | 0.8 |
| 12 | 60 | 22 | 0.3667 | 0.8 |
| 13 | 60 | 20 | 0.3333 | 0.9 |
| 14 | 60 | 20 | 0.3333 | 0.9 |
| 15 | 60 | 21 | 0.3500 | 0.9 |
| 16 | 60 | 23 | 0.3833 | 0.9 |
| 17 | 60 | 24 | 0.4000 | 1.0 |
| 18 | 60 | 23 | 0.3833 | 1.0 |
| 19 | 60 | 21 | 0.3500 | 1.0 |
| 20 | 60 | 20 | 0.3333 | 1.1 |
| 21 | 60 | 20 | 0.3333 | 1.1 |
| 22 | 60 | 20 | 0.3333 | 1.1 |
| 23 | 60 | 18 | 0.3000 | 1.1 |
| 24 | 60 | 18 | 0.3000 | 1.1 |
| 25 | 60 | 18 | 0.3000 | 1.1 |
| 26 | 60 | 18 | 0.3000 | 1.1 |
| 27 | 60 | 18 | 0.3000 | 1.2 |
| 28 | 60 | 18 | 0.3000 | 1.3 |
| 29 | 60 | 19 | 0.3167 | 1.3 |
| 30 | 60 | 19 | 0.3167 | 1.3 |
| 31 | 60 | 19 | 0.3167 | 1.4 |
| 32 | 60 | 18 | 0.3000 | 1.4 |
| 33 | 60 | 18 | 0.3000 | 1.4 |
| 34 | 60 | 18 | 0.3000 | 1.5 |
| 35 | 60 | 18 | 0.3000 | 1.5 |
| 36 | 60 | 17 | 0.2833 | 1.5 |
| 37 | 60 | 18 | 0.3000 | 1.5 |
| 38 | 60 | 15 | 0.2500 | 1.5 |
| 39 | 60 | 14 | 0.2333 | 1.6 |
| 40 | 60 | 16 | 0.2667 | 1.6 |
| 41 | 60 | 16 | 0.2667 | 1.6 |
| 42 | 60 | 16 | 0.2667 | 1.6 |
| 43 | 60 | 16 | 0.2667 | 1.6 |
| 44 | 60 | 15 | 0.2500 | 1.7 |
| 45 | 60 | 14 | 0.2333 | 1.8 |
| 46 | 60 | 14 | 0.2333 | 1.8 |
| 47 | 60 | 14 | 0.2333 | 1.8 |
| 48 | 60 | 14 | 0.2333 | 1.8 |
| 49 | 60 | 14 | 0.2333 | 1.8 |
| 50 | 60 | 14 | 0.2333 | 1.8 |
| 51 | 60 | 14 | 0.2333 | 1.8 |
| 52 | 60 | 14 | 0.2333 | 1.8 |
| 53 | 60 | 14 | 0.2333 | 1.8 |
| 54 | 60 | 15 | 0.2500 | 1.8 |
| 55 | 60 | 15 | 0.2500 | 1.8 |
| 56 | 60 | 15 | 0.2500 | 1.8 |
| 57 | 60 | 15 | 0.2500 | 1.8 |
| 58 | 60 | 15 | 0.2500 | 1.8 |
| 59 | 60 | 15 | 0.2500 | 1.8 |
| 60 | 60 | 15 | 0.2500 | 1.8 |
| 61 | 60 | 15 | 0.2500 | 1.8 |
| 62 | 60 | 14 | 0.2333 | 1.9 |
| 63 | 60 | 15 | 0.2500 | 1.9 |
| 64 | 60 | 14 | 0.2333 | 2.0 |
| 65 | 60 | 13 | 0.2167 | 2.2 |
| 66 | 60 | 13 | 0.2167 | 2.2 |
| 67 | 60 | 12 | 0.2000 | 2.3 |
| 68 | 60 | 13 | 0.2167 | 2.3 |
| 69 | 60 | 13 | 0.2167 | 2.3 |
| 70 | 60 | 14 | 0.2333 | 2.4 |
| 71 | 60 | 15 | 0.2500 | 2.5 |
| 72 | 60 | 14 | 0.2333 | 2.5 |
| 73 | 60 | 14 | 0.2333 | 2.6 |
| 74 | 60 | 13 | 0.2167 | 2.7 |
| 75 | 60 | 11 | 0.1833 | 2.7 |
| 76 | 60 | 11 | 0.1833 | 2.8 |
| 77 | 60 | 11 | 0.1833 | 2.8 |
| 78 | 60 | 10 | 0.1667 | 2.9 |
| 79 | 60 | 9 | 0.1500 | 2.9 |
| 80 | 60 | 9 | 0.1500 | 2.9 |
| 81 | 60 | 9 | 0.1500 | 3.0 |
| 82 | 60 | 9 | 0.1500 | 3.0 |
| 83 | 60 | 10 | 0.1667 | 3.0 |
| 84 | 60 | 10 | 0.1667 | 3.1 |
| 85 | 60 | 11 | 0.1833 | 3.1 |
| 86 | 60 | 13 | 0.2167 | 3.1 |
| 87 | 60 | 13 | 0.2167 | 3.0 |
| 88 | 60 | 14 | 0.2333 | 3.1 |
| 89 | 60 | 14 | 0.2333 | 3.1 |
| 90 | 60 | 14 | 0.2333 | 3.1 |
| 91 | 60 | 14 | 0.2333 | 3.1 |
| 92 | 60 | 15 | 0.2500 | 3.2 |
| 93 | 60 | 16 | 0.2667 | 3.2 |
| 94 | 60 | 16 | 0.2667 | 3.2 |
| 95 | 60 | 16 | 0.2667 | 3.3 |
| 96 | 60 | 16 | 0.2667 | 3.3 |
| 97 | 60 | 15 | 0.2500 | 3.3 |
| 98 | 60 | 15 | 0.2500 | 3.4 |
| 99 | 60 | 15 | 0.2500 | 3.4 |
| 100 | 60 | 15 | 0.2500 | 3.4 |
| 101 | 60 | 17 | 0.2833 | 3.5 |
| 102 | 60 | 15 | 0.2500 | 3.5 |
| 103 | 60 | 16 | 0.2667 | 3.5 |
| 104 | 60 | 16 | 0.2667 | 3.4 |
| 105 | 60 | 16 | 0.2667 | 3.4 |
| 106 | 60 | 17 | 0.2833 | 3.4 |
| 107 | 60 | 17 | 0.2833 | 3.4 |
| 108 | 60 | 16 | 0.2667 | 3.4 |
| 109 | 60 | 16 | 0.2667 | 3.4 |
| 110 | 60 | 16 | 0.2667 | 3.5 |
| 111 | 60 | 16 | 0.2667 | 3.5 |
| 112 | 60 | 17 | 0.2833 | 3.5 |
| 113 | 60 | 17 | 0.2833 | 3.5 |
| 114 | 60 | 17 | 0.2833 | 3.6 |
| 115 | 60 | 17 | 0.2833 | 3.6 |
| 116 | 60 | 18 | 0.3000 | 3.6 |
| 117 | 60 | 18 | 0.3000 | 3.6 |
| 118 | 60 | 18 | 0.3000 | 3.6 |
| 119 | 60 | 17 | 0.2833 | 3.6 |
| 120 | 60 | 17 | 0.2833 | 3.6 |
| 121 | 60 | 17 | 0.2833 | 3.6 |
| 122 | 60 | 17 | 0.2833 | 3.6 |
| 123 | 60 | 15 | 0.2500 | 3.7 |
| 124 | 60 | 15 | 0.2500 | 3.7 |
| 125 | 60 | 15 | 0.2500 | 3.8 |
| 126 | 60 | 15 | 0.2500 | 3.9 |
| 127 | 60 | 16 | 0.2667 | 4.0 |
| 128 | 60 | 16 | 0.2667 | 4.0 |
| 129 | 60 | 15 | 0.2500 | 4.2 |
| 130 | 60 | 16 | 0.2667 | 4.2 |
| 131 | 60 | 17 | 0.2833 | 4.3 |
| 132 | 60 | 18 | 0.3000 | 4.4 |
| 133 | 60 | 17 | 0.2833 | 4.4 |
| 134 | 60 | 19 | 0.3167 | 4.5 |
| 135 | 60 | 18 | 0.3000 | 4.6 |
| 136 | 60 | 18 | 0.3000 | 4.6 |
| 137 | 60 | 19 | 0.3167 | 4.6 |
| 138 | 60 | 20 | 0.3333 | 4.7 |
| 139 | 60 | 20 | 0.3333 | 4.8 |
| 140 | 60 | 20 | 0.3333 | 4.8 |
| 141 | 60 | 20 | 0.3333 | 4.8 |
| 142 | 60 | 20 | 0.3333 | 4.8 |
| 143 | 60 | 19 | 0.3167 | 4.9 |
| 144 | 60 | 18 | 0.3000 | 4.9 |
| 145 | 60 | 18 | 0.3000 | 4.9 |
| 146 | 60 | 18 | 0.3000 | 5.0 |
| 147 | 60 | 18 | 0.3000 | 5.0 |
| 148 | 60 | 15 | 0.2500 | 5.0 |
| 149 | 60 | 15 | 0.2500 | 5.0 |
| 150 | 60 | 14 | 0.2333 | 5.1 |
| 151 | 60 | 14 | 0.2333 | 5.1 |
| 152 | 60 | 14 | 0.2333 | 5.1 |
| 153 | 60 | 14 | 0.2333 | 5.1 |
| 154 | 60 | 15 | 0.2500 | 5.1 |
| 155 | 60 | 15 | 0.2500 | 5.2 |
| 156 | 60 | 15 | 0.2500 | 5.2 |
| 157 | 60 | 15 | 0.2500 | 5.2 |
| 158 | 60 | 14 | 0.2333 | 5.1 |
| 159 | 60 | 14 | 0.2333 | 5.1 |
| 160 | 60 | 14 | 0.2333 | 5.1 |
| 161 | 60 | 13 | 0.2167 | 5.1 |
| 162 | 60 | 14 | 0.2333 | 5.2 |
| 163 | 60 | 14 | 0.2333 | 5.2 |
| 164 | 60 | 14 | 0.2333 | 5.2 |
| 165 | 60 | 14 | 0.2333 | 5.3 |
| 166 | 60 | 13 | 0.2167 | 5.4 |
| 167 | 60 | 13 | 0.2167 | 5.3 |
| 168 | 60 | 12 | 0.2000 | 5.4 |
| 169 | 60 | 12 | 0.2000 | 5.4 |
| 170 | 60 | 12 | 0.2000 | 5.4 |
| 171 | 60 | 12 | 0.2000 | 5.5 |
| 172 | 60 | 11 | 0.1833 | 5.5 |
| 173 | 60 | 11 | 0.1833 | 5.5 |
| 174 | 60 | 10 | 0.1667 | 5.5 |
| 175 | 60 | 9 | 0.1500 | 5.5 |
| 176 | 60 | 9 | 0.1500 | 5.5 |
| 177 | 60 | 8 | 0.1333 | 5.6 |
| 178 | 60 | 8 | 0.1333 | 5.6 |
| 179 | 60 | 8 | 0.1333 | 5.6 |
| 180 | 60 | 8 | 0.1333 | 5.6 |
| 181 | 60 | 8 | 0.1333 | 5.5 |
| 182 | 60 | 8 | 0.1333 | 5.5 |
| 183 | 60 | 8 | 0.1333 | 5.6 |
| 184 | 60 | 8 | 0.1333 | 5.6 |
| 185 | 60 | 9 | 0.1500 | 5.8 |
| 186 | 60 | 9 | 0.1500 | 5.8 |
| 187 | 60 | 9 | 0.1500 | 5.8 |
| 188 | 60 | 8 | 0.1333 | 5.9 |
| 189 | 60 | 8 | 0.1333 | 6.0 |
| 190 | 60 | 8 | 0.1333 | 6.1 |
| 191 | 60 | 8 | 0.1333 | 6.1 |
| 192 | 60 | 8 | 0.1333 | 6.1 |
| 193 | 60 | 8 | 0.1333 | 6.1 |
| 194 | 60 | 8 | 0.1333 | 6.1 |
| 195 | 60 | 8 | 0.1333 | 6.1 |
| 196 | 60 | 8 | 0.1333 | 6.2 |
| 197 | 60 | 7 | 0.1167 | 6.3 |
| 198 | 60 | 7 | 0.1167 | 6.3 |
| 199 | 60 | 7 | 0.1167 | 6.4 |
| 200 | 60 | 7 | 0.1167 | 6.4 |
| 201 | 60 | 7 | 0.1167 | 6.3 |
| 202 | 60 | 7 | 0.1167 | 6.3 |
| 203 | 60 | 5 | 0.0833 | 6.4 |
| 204 | 60 | 5 | 0.0833 | 6.4 |
| 205 | 60 | 5 | 0.0833 | 6.4 |
| 206 | 60 | 5 | 0.0833 | 6.5 |
| 207 | 60 | 6 | 0.1000 | 6.6 |
| 208 | 60 | 8 | 0.1333 | 6.6 |
| 209 | 60 | 8 | 0.1333 | 6.6 |
| 210 | 60 | 9 | 0.1500 | 6.7 |
| 211 | 60 | 9 | 0.1500 | 6.7 |
| 212 | 60 | 8 | 0.1333 | 6.8 |
| 213 | 60 | 9 | 0.1500 | 6.8 |
| 214 | 60 | 11 | 0.1833 | 6.9 |
| 215 | 60 | 11 | 0.1833 | 7.0 |
| 216 | 60 | 11 | 0.1833 | 7.0 |
| 217 | 60 | 10 | 0.1667 | 7.0 |
| 218 | 60 | 10 | 0.1667 | 7.1 |
| 219 | 60 | 10 | 0.1667 | 7.1 |
| 220 | 60 | 10 | 0.1667 | 7.2 |
| 221 | 60 | 10 | 0.1667 | 7.2 |
| 222 | 60 | 10 | 0.1667 | 7.2 |
| 223 | 60 | 9 | 0.1500 | 7.2 |
| 224 | 60 | 10 | 0.1667 | 7.4 |
| 225 | 60 | 10 | 0.1667 | 7.4 |
| 226 | 60 | 10 | 0.1667 | 7.4 |
| 227 | 60 | 10 | 0.1667 | 7.5 |
| 228 | 60 | 10 | 0.1667 | 7.5 |
| 229 | 60 | 11 | 0.1833 | 7.5 |
| 230 | 60 | 12 | 0.2000 | 7.6 |
| 231 | 60 | 11 | 0.1833 | 7.6 |
| 232 | 60 | 10 | 0.1667 | 7.5 |
| 233 | 60 | 10 | 0.1667 | 7.5 |
| 234 | 60 | 10 | 0.1667 | 7.6 |
| 235 | 60 | 10 | 0.1667 | 7.6 |
| 236 | 60 | 10 | 0.1667 | 7.7 |
| 237 | 60 | 10 | 0.1667 | 7.7 |
| 238 | 60 | 11 | 0.1833 | 7.8 |
| 239 | 60 | 11 | 0.1833 | 7.8 |
| 240 | 60 | 12 | 0.2000 | 7.8 |
| 241 | 60 | 12 | 0.2000 | 7.8 |
| 242 | 60 | 12 | 0.2000 | 7.8 |
| 243 | 60 | 13 | 0.2167 | 8.0 |
| 244 | 60 | 13 | 0.2167 | 8.0 |
| 245 | 60 | 13 | 0.2167 | 8.0 |
| 246 | 60 | 12 | 0.2000 | 8.1 |
| 247 | 60 | 13 | 0.2167 | 8.1 |
| 248 | 60 | 13 | 0.2167 | 8.1 |
| 249 | 60 | 13 | 0.2167 | 8.2 |
| 250 | 60 | 13 | 0.2167 | 8.2 |
| 251 | 60 | 13 | 0.2167 | 8.2 |
| 252 | 60 | 13 | 0.2167 | 8.3 |
| 253 | 60 | 13 | 0.2167 | 8.3 |
| 254 | 60 | 12 | 0.2000 | 8.5 |
| 255 | 60 | 12 | 0.2000 | 8.5 |
| 256 | 60 | 11 | 0.1833 | 8.4 |
| 257 | 60 | 11 | 0.1833 | 8.4 |
| 258 | 60 | 11 | 0.1833 | 8.4 |
| 259 | 60 | 12 | 0.2000 | 8.5 |
| 260 | 60 | 12 | 0.2000 | 8.5 |
| 261 | 60 | 11 | 0.1833 | 8.6 |
| 262 | 60 | 12 | 0.2000 | 8.6 |
| 263 | 60 | 12 | 0.2000 | 8.6 |
| 264 | 60 | 13 | 0.2167 | 8.6 |
| 265 | 60 | 12 | 0.2000 | 8.6 |
| 266 | 60 | 12 | 0.2000 | 8.6 |
| 267 | 60 | 11 | 0.1833 | 8.7 |
| 268 | 60 | 11 | 0.1833 | 8.8 |
| 269 | 60 | 12 | 0.2000 | 8.8 |
| 270 | 60 | 9 | 0.1500 | 8.9 |
| 271 | 60 | 9 | 0.1500 | 8.9 |
| 272 | 60 | 9 | 0.1500 | 8.9 |
| 273 | 60 | 8 | 0.1333 | 8.9 |
| 274 | 60 | 6 | 0.1000 | 9.1 |
| 275 | 60 | 6 | 0.1000 | 9.2 |
| 276 | 60 | 6 | 0.1000 | 9.2 |
| 277 | 60 | 6 | 0.1000 | 9.3 |
| 278 | 60 | 6 | 0.1000 | 9.4 |
| 279 | 60 | 6 | 0.1000 | 9.4 |
| 280 | 60 | 6 | 0.1000 | 9.4 |
| 281 | 60 | 6 | 0.1000 | 9.4 |
| 282 | 60 | 6 | 0.1000 | 9.3 |
| 283 | 60 | 7 | 0.1167 | 9.4 |
| 284 | 60 | 6 | 0.1000 | 9.6 |
| 285 | 60 | 7 | 0.1167 | 9.5 |
| 286 | 60 | 7 | 0.1167 | 9.5 |
| 287 | 60 | 7 | 0.1167 | 9.5 |
| 288 | 60 | 6 | 0.1000 | 9.4 |
| 289 | 60 | 6 | 0.1000 | 9.4 |
| 290 | 60 | 6 | 0.1000 | 9.5 |
| 291 | 60 | 6 | 0.1000 | 9.5 |
| 292 | 60 | 6 | 0.1000 | 9.5 |
| 293 | 60 | 6 | 0.1000 | 9.6 |
| 294 | 60 | 6 | 0.1000 | 9.6 |
| 295 | 60 | 6 | 0.1000 | 9.5 |
| 296 | 60 | 5 | 0.0833 | 9.6 |
| 297 | 60 | 5 | 0.0833 | 9.6 |
| 298 | 60 | 5 | 0.0833 | 9.6 |
| 299 | 60 | 5 | 0.0833 | 9.6 |
| 300 | 60 | 4 | 0.0667 | 9.6 |
| 301 | 60 | 4 | 0.0667 | 9.6 |
| 302 | 60 | 4 | 0.0667 | 9.6 |
| 303 | 60 | 3 | 0.0500 | 9.7 |
| 304 | 60 | 3 | 0.0500 | 9.7 |
| 305 | 60 | 3 | 0.0500 | 9.7 |
| 306 | 60 | 3 | 0.0500 | 9.7 |
| 307 | 60 | 3 | 0.0500 | 9.7 |
| 308 | 60 | 3 | 0.0500 | 9.7 |
| 309 | 60 | 3 | 0.0500 | 9.7 |
| 310 | 60 | 3 | 0.0500 | 9.7 |
| 311 | 60 | 3 | 0.0500 | 9.7 |
| 312 | 60 | 3 | 0.0500 | 9.7 |
| 313 | 60 | 3 | 0.0500 | 9.7 |
| 314 | 60 | 3 | 0.0500 | 9.8 |
| 315 | 60 | 3 | 0.0500 | 9.8 |
| 316 | 60 | 4 | 0.0667 | 10.2 |
| 317 | 60 | 4 | 0.0667 | 10.3 |
| 318 | 60 | 4 | 0.0667 | 10.3 |
| 319 | 60 | 4 | 0.0667 | 10.3 |
| 320 | 60 | 4 | 0.0667 | 10.3 |
| 321 | 60 | 5 | 0.0833 | 10.4 |
| 322 | 60 | 5 | 0.0833 | 10.4 |
| 323 | 60 | 5 | 0.0833 | 10.4 |
| 324 | 60 | 3 | 0.0500 | 10.4 |
| 325 | 60 | 3 | 0.0500 | 10.5 |
| 326 | 60 | 3 | 0.0500 | 10.5 |
| 327 | 60 | 3 | 0.0500 | 10.6 |
| 328 | 60 | 3 | 0.0500 | 10.7 |
| 329 | 60 | 3 | 0.0500 | 10.8 |
| 330 | 60 | 3 | 0.0500 | 10.9 |
| 331 | 60 | 3 | 0.0500 | 10.9 |
| 332 | 60 | 3 | 0.0500 | 10.9 |
| 333 | 60 | 3 | 0.0500 | 10.9 |
| 334 | 60 | 3 | 0.0500 | 10.9 |
| 335 | 60 | 3 | 0.0500 | 11.0 |
| 336 | 60 | 3 | 0.0500 | 11.0 |
| 337 | 60 | 3 | 0.0500 | 11.0 |
| 338 | 60 | 3 | 0.0500 | 11.0 |
| 339 | 60 | 3 | 0.0500 | 11.0 |
| 340 | 60 | 3 | 0.0500 | 11.1 |
| 341 | 60 | 3 | 0.0500 | 11.1 |
| 342 | 60 | 3 | 0.0500 | 11.2 |
| 343 | 60 | 2 | 0.0333 | 11.2 |
| 344 | 60 | 2 | 0.0333 | 11.2 |
| 345 | 60 | 2 | 0.0333 | 11.3 |
| 346 | 60 | 2 | 0.0333 | 11.3 |
| 347 | 60 | 2 | 0.0333 | 11.3 |
| 348 | 60 | 2 | 0.0333 | 11.4 |
| 349 | 60 | 2 | 0.0333 | 11.4 |
| 350 | 60 | 2 | 0.0333 | 11.4 |
| 351 | 60 | 2 | 0.0333 | 11.5 |
| 352 | 60 | 2 | 0.0333 | 11.5 |
| 353 | 60 | 2 | 0.0333 | 11.7 |
| 354 | 60 | 2 | 0.0333 | 11.8 |
| 355 | 60 | 2 | 0.0333 | 11.8 |
| 356 | 60 | 2 | 0.0333 | 11.9 |
| 357 | 60 | 2 | 0.0333 | 11.8 |
| 358 | 60 | 1 | 0.0167 | 11.9 |
| 359 | 60 | 1 | 0.0167 | 11.9 |
| 360 | 60 | 1 | 0.0167 | 11.9 |
| 361 | 60 | 1 | 0.0167 | 11.9 |
| 362 | 60 | 1 | 0.0167 | 11.9 |
| 363 | 60 | 1 | 0.0167 | 12.1 |
| 364 | 60 | 1 | 0.0167 | 12.1 |
| 365 | 60 | 1 | 0.0167 | 12.1 |
| 366 | 60 | 1 | 0.0167 | 12.2 |
| 367 | 60 | 1 | 0.0167 | 12.3 |
| 368 | 60 | 1 | 0.0167 | 12.3 |
| 369 | 60 | 1 | 0.0167 | 12.3 |
| 370 | 60 | 1 | 0.0167 | 12.3 |
| 371 | 60 | 1 | 0.0167 | 12.3 |
| 372 | 60 | 1 | 0.0167 | 12.3 |
| 373 | 60 | 1 | 0.0167 | 12.3 |
| 374 | 60 | 1 | 0.0167 | 12.4 |
| 375 | 60 | 1 | 0.0167 | 12.5 |
| 376 | 60 | 0 | 0.0000 | 12.5 |
| 377 | 60 | 0 | 0.0000 | 12.5 |
| 378 | 60 | 0 | 0.0000 | 12.5 |
| 379 | 60 | 0 | 0.0000 | 12.5 |
| 380 | 60 | 0 | 0.0000 | 12.5 |
| 381 | 60 | 0 | 0.0000 | 12.5 |
| 382 | 60 | 0 | 0.0000 | 12.6 |
| 383 | 60 | 0 | 0.0000 | 12.6 |
| 384 | 60 | 0 | 0.0000 | 12.8 |
| 385 | 60 | 0 | 0.0000 | 12.8 |
| 386 | 60 | 0 | 0.0000 | 12.9 |
| 387 | 60 | 0 | 0.0000 | 13.0 |
| 388 | 60 | 0 | 0.0000 | 12.9 |
| 389 | 60 | 0 | 0.0000 | 13.0 |
| 390 | 60 | 0 | 0.0000 | 13.2 |
| 391 | 60 | 0 | 0.0000 | 13.1 |
| 392 | 60 | 0 | 0.0000 | 13.3 |
| 393 | 60 | 0 | 0.0000 | 13.3 |
| 394 | 60 | 0 | 0.0000 | 13.2 |
| 395 | 60 | 0 | 0.0000 | 13.2 |
| 396 | 60 | 0 | 0.0000 | 13.3 |
| 397 | 60 | 0 | 0.0000 | 13.3 |
| 398 | 60 | 0 | 0.0000 | 13.3 |
| 399 | 60 | 0 | 0.0000 | 13.5 |
| 400 | 60 | 0 | 0.0000 | 13.7 |
| 401 | 60 | 0 | 0.0000 | 13.7 |
| 402 | 60 | 0 | 0.0000 | 13.7 |
| 403 | 60 | 0 | 0.0000 | 13.8 |
| 404 | 60 | 0 | 0.0000 | 13.8 |
| 405 | 60 | 0 | 0.0000 | 13.7 |
| 406 | 60 | 0 | 0.0000 | 13.7 |
| 407 | 60 | 0 | 0.0000 | 13.8 |
| 408 | 60 | 0 | 0.0000 | 13.8 |
| 409 | 60 | 0 | 0.0000 | 13.8 |
| 410 | 60 | 0 | 0.0000 | 13.9 |
| 411 | 60 | 0 | 0.0000 | 14.1 |
| 412 | 60 | 0 | 0.0000 | 14.1 |
| 413 | 60 | 0 | 0.0000 | 14.2 |
| 414 | 60 | 0 | 0.0000 | 14.2 |
| 415 | 60 | 0 | 0.0000 | 14.2 |
| 416 | 60 | 0 | 0.0000 | 14.2 |
| 417 | 60 | 0 | 0.0000 | 14.3 |
| 418 | 60 | 0 | 0.0000 | 14.4 |
| 419 | 60 | 0 | 0.0000 | 14.4 |
| 420 | 60 | 0 | 0.0000 | 14.4 |
| 421 | 60 | 0 | 0.0000 | 14.4 |
| 422 | 60 | 0 | 0.0000 | 14.4 |
| 423 | 60 | 0 | 0.0000 | 14.4 |
| 424 | 60 | 0 | 0.0000 | 14.4 |
| 425 | 60 | 0 | 0.0000 | 14.4 |
| 426 | 60 | 0 | 0.0000 | 14.5 |
| 427 | 60 | 0 | 0.0000 | 14.5 |
| 428 | 60 | 0 | 0.0000 | 14.4 |
| 429 | 60 | 0 | 0.0000 | 14.5 |
| 430 | 60 | 0 | 0.0000 | 14.5 |
| 431 | 60 | 0 | 0.0000 | 14.6 |
| 432 | 60 | 0 | 0.0000 | 14.7 |
| 433 | 60 | 0 | 0.0000 | 14.7 |
| 434 | 60 | 0 | 0.0000 | 14.7 |
| 435 | 60 | 0 | 0.0000 | 14.8 |
| 436 | 60 | 0 | 0.0000 | 14.8 |
| 437 | 60 | 0 | 0.0000 | 14.8 |
| 438 | 60 | 0 | 0.0000 | 15.0 |
| 439 | 60 | 0 | 0.0000 | 15.1 |
| 440 | 60 | 0 | 0.0000 | 15.1 |
| 441 | 60 | 0 | 0.0000 | 15.1 |
| 442 | 60 | 0 | 0.0000 | 15.1 |
| 443 | 60 | 0 | 0.0000 | 15.1 |
| 444 | 60 | 0 | 0.0000 | 15.0 |
| 445 | 60 | 0 | 0.0000 | 15.0 |
| 446 | 60 | 0 | 0.0000 | 15.0 |
| 447 | 60 | 0 | 0.0000 | 15.1 |
| 448 | 60 | 0 | 0.0000 | 15.0 |
| 449 | 60 | 0 | 0.0000 | 15.1 |
| 450 | 60 | 0 | 0.0000 | 15.1 |
| 451 | 60 | 0 | 0.0000 | 15.1 |
| 452 | 60 | 0 | 0.0000 | 15.1 |
| 453 | 60 | 0 | 0.0000 | 15.1 |
| 454 | 60 | 0 | 0.0000 | 15.2 |
| 455 | 60 | 0 | 0.0000 | 15.1 |
| 456 | 60 | 0 | 0.0000 | 15.2 |
| 457 | 60 | 0 | 0.0000 | 15.1 |
| 458 | 60 | 0 | 0.0000 | 15.3 |
| 459 | 60 | 0 | 0.0000 | 15.3 |
| 460 | 60 | 0 | 0.0000 | 15.3 |
| 461 | 60 | 0 | 0.0000 | 15.3 |
| 462 | 60 | 0 | 0.0000 | 15.2 |
| 463 | 60 | 0 | 0.0000 | 15.3 |
| 464 | 60 | 0 | 0.0000 | 15.3 |
| 465 | 60 | 0 | 0.0000 | 15.3 |
| 466 | 60 | 0 | 0.0000 | 15.3 |
| 467 | 60 | 0 | 0.0000 | 15.4 |
| 468 | 60 | 0 | 0.0000 | 15.5 |
| 469 | 60 | 0 | 0.0000 | 15.4 |
| 470 | 60 | 0 | 0.0000 | 15.4 |
| 471 | 60 | 0 | 0.0000 | 15.3 |
| 472 | 60 | 0 | 0.0000 | 15.3 |
| 473 | 60 | 0 | 0.0000 | 15.3 |
| 474 | 60 | 0 | 0.0000 | 15.5 |
| 475 | 60 | 0 | 0.0000 | 15.5 |
| 476 | 60 | 0 | 0.0000 | 15.6 |
| 477 | 60 | 0 | 0.0000 | 15.6 |
| 478 | 60 | 0 | 0.0000 | 15.7 |
| 479 | 60 | 0 | 0.0000 | 15.7 |
| 480 | 60 | 0 | 0.0000 | 15.6 |
| 481 | 60 | 0 | 0.0000 | 15.7 |
| 482 | 60 | 0 | 0.0000 | 15.7 |
| 483 | 60 | 0 | 0.0000 | 15.7 |
| 484 | 60 | 0 | 0.0000 | 15.7 |
| 485 | 60 | 0 | 0.0000 | 15.7 |
| 486 | 60 | 0 | 0.0000 | 15.7 |
| 487 | 60 | 0 | 0.0000 | 15.8 |
| 488 | 60 | 0 | 0.0000 | 15.9 |
| 489 | 60 | 0 | 0.0000 | 15.8 |
| 490 | 60 | 0 | 0.0000 | 15.8 |
| 491 | 60 | 0 | 0.0000 | 15.8 |
| 492 | 60 | 0 | 0.0000 | 15.7 |
| 493 | 60 | 0 | 0.0000 | 15.8 |
| 494 | 60 | 0 | 0.0000 | 15.9 |
| 495 | 60 | 0 | 0.0000 | 15.9 |
| 496 | 60 | 0 | 0.0000 | 15.9 |
| 497 | 60 | 0 | 0.0000 | 15.9 |
| 498 | 60 | 0 | 0.0000 | 15.9 |
| 499 | 60 | 0 | 0.0000 | 15.9 |
| 500 | 60 | 0 | 0.0000 | 16.0 |
| 501 | 60 | 0 | 0.0000 | 16.1 |
| 502 | 60 | 0 | 0.0000 | 16.2 |
| 503 | 60 | 0 | 0.0000 | 16.2 |
| 504 | 60 | 0 | 0.0000 | 16.2 |
| 505 | 60 | 0 | 0.0000 | 16.2 |
| 506 | 60 | 0 | 0.0000 | 16.3 |
| 507 | 60 | 0 | 0.0000 | 16.3 |
| 508 | 60 | 0 | 0.0000 | 16.3 |
| 509 | 60 | 0 | 0.0000 | 16.3 |
| 510 | 60 | 0 | 0.0000 | 16.4 |
| 511 | 60 | 0 | 0.0000 | 16.4 |
| 512 | 60 | 0 | 0.0000 | 16.6 |
| 513 | 60 | 0 | 0.0000 | 16.5 |
| 514 | 60 | 0 | 0.0000 | 16.5 |
| 515 | 60 | 0 | 0.0000 | 16.6 |
| 516 | 60 | 0 | 0.0000 | 16.6 |
| 517 | 60 | 0 | 0.0000 | 16.7 |
| 518 | 60 | 0 | 0.0000 | 16.7 |
| 519 | 60 | 0 | 0.0000 | 16.8 |
| 520 | 60 | 0 | 0.0000 | 16.8 |
| 521 | 60 | 0 | 0.0000 | 16.8 |
| 522 | 60 | 0 | 0.0000 | 16.9 |
| 523 | 60 | 0 | 0.0000 | 16.9 |
| 524 | 60 | 0 | 0.0000 | 16.9 |
| 525 | 60 | 0 | 0.0000 | 17.0 |
| 526 | 60 | 0 | 0.0000 | 17.1 |
| 527 | 60 | 0 | 0.0000 | 17.1 |
| 528 | 60 | 0 | 0.0000 | 17.1 |
| 529 | 60 | 0 | 0.0000 | 17.2 |
| 530 | 60 | 0 | 0.0000 | 17.2 |
| 531 | 60 | 0 | 0.0000 | 17.2 |
| 532 | 60 | 0 | 0.0000 | 17.2 |
| 533 | 60 | 0 | 0.0000 | 17.2 |
| 534 | 60 | 0 | 0.0000 | 17.3 |
| 535 | 60 | 0 | 0.0000 | 17.3 |
| 536 | 60 | 0 | 0.0000 | 17.4 |
| 537 | 60 | 0 | 0.0000 | 17.6 |
| 538 | 60 | 0 | 0.0000 | 17.6 |
| 539 | 60 | 0 | 0.0000 | 17.6 |
| 540 | 60 | 0 | 0.0000 | 17.6 |
| 541 | 60 | 0 | 0.0000 | 17.7 |
| 542 | 60 | 0 | 0.0000 | 17.6 |
| 543 | 60 | 0 | 0.0000 | 17.7 |
| 544 | 60 | 0 | 0.0000 | 17.7 |
| 545 | 60 | 0 | 0.0000 | 17.7 |
| 546 | 60 | 0 | 0.0000 | 17.7 |
| 547 | 60 | 0 | 0.0000 | 17.8 |
| 548 | 60 | 0 | 0.0000 | 17.8 |
| 549 | 60 | 0 | 0.0000 | 17.8 |
| 550 | 60 | 0 | 0.0000 | 17.8 |
| 551 | 60 | 0 | 0.0000 | 17.8 |
| 552 | 60 | 0 | 0.0000 | 17.8 |
| 553 | 60 | 0 | 0.0000 | 17.7 |
| 554 | 60 | 0 | 0.0000 | 17.7 |
| 555 | 60 | 0 | 0.0000 | 17.7 |
| 556 | 60 | 0 | 0.0000 | 17.7 |
| 557 | 60 | 0 | 0.0000 | 17.7 |
| 558 | 60 | 0 | 0.0000 | 17.7 |
| 559 | 60 | 0 | 0.0000 | 17.7 |
| 560 | 60 | 0 | 0.0000 | 17.8 |
| 561 | 60 | 0 | 0.0000 | 17.8 |
| 562 | 60 | 0 | 0.0000 | 17.8 |
| 563 | 60 | 0 | 0.0000 | 17.9 |
| 564 | 60 | 0 | 0.0000 | 17.9 |
| 565 | 60 | 0 | 0.0000 | 17.9 |
| 566 | 60 | 0 | 0.0000 | 17.9 |
| 567 | 60 | 0 | 0.0000 | 18.0 |
| 568 | 60 | 0 | 0.0000 | 18.0 |
| 569 | 60 | 0 | 0.0000 | 18.1 |
| 570 | 60 | 0 | 0.0000 | 18.1 |
| 571 | 60 | 0 | 0.0000 | 18.2 |
| 572 | 60 | 0 | 0.0000 | 18.2 |
| 573 | 60 | 0 | 0.0000 | 18.2 |
| 574 | 60 | 0 | 0.0000 | 18.2 |
| 575 | 60 | 0 | 0.0000 | 18.2 |
| 576 | 60 | 0 | 0.0000 | 18.2 |
| 577 | 60 | 0 | 0.0000 | 18.2 |
| 578 | 60 | 0 | 0.0000 | 18.2 |
| 579 | 60 | 0 | 0.0000 | 18.3 |
| 580 | 60 | 0 | 0.0000 | 18.3 |
| 581 | 60 | 0 | 0.0000 | 18.4 |
| 582 | 60 | 0 | 0.0000 | 18.4 |
| 583 | 60 | 0 | 0.0000 | 18.5 |
| 584 | 60 | 0 | 0.0000 | 18.5 |
| 585 | 60 | 0 | 0.0000 | 18.5 |
| 586 | 60 | 0 | 0.0000 | 18.5 |
| 587 | 60 | 0 | 0.0000 | 18.5 |
| 588 | 60 | 0 | 0.0000 | 18.5 |
| 589 | 60 | 0 | 0.0000 | 18.5 |
| 590 | 60 | 0 | 0.0000 | 18.5 |
| 591 | 60 | 0 | 0.0000 | 18.5 |
| 592 | 60 | 0 | 0.0000 | 18.5 |
| 593 | 60 | 0 | 0.0000 | 18.6 |
| 594 | 60 | 0 | 0.0000 | 18.6 |
| 595 | 60 | 0 | 0.0000 | 18.6 |
| 596 | 60 | 0 | 0.0000 | 18.7 |
| 597 | 60 | 0 | 0.0000 | 18.7 |
| 598 | 60 | 0 | 0.0000 | 18.8 |
| 599 | 60 | 0 | 0.0000 | 18.8 |

## Births

  founders 58, carrying 29
  births 1124; carriers born 134; DE NOVO arrivals (no parent carries) 0; inherited 134
  births at depth 17-21 (RBT-91's k = 19 +- 2): 0 of 202 = 0.000% [0.000, 1.866]
  RBT-91 drift proposal rate: 84 of 200000 = 0.042% [0.0339, 0.0520] (Wilson 95%)

## Window statistic

  X = mean carriage over seasons 300-599 = 1.0611%  (mean depth of the living in the window 14.7); seasons with any carrier 376 of 600

## Carriers alive in the window, signed at the reference probe (16 x 15 s)

| carrier | depth | seasons alive in window | whole-brain a | links-alone a | heading | R | re-signed a | verdict | links-alone sign agrees |
|---|---|---|---|---|---|---|---|---|---|
| ce577 | 9 | 3 | +0.0320 | +0.8827 | -175.6 | 0.76 | +0.0320 | COMPASS | yes |
| ce613 | 8 | 24 | +1.4999 | +1.3662 | -177.8 | 0.75 | +1.4999 | COMPASS | yes |
| ce655 | 12 | 43 | -0.3514 | -1.9458 | +0.2 | 0.75 | +0.3514 | COMPASS | yes |
| ce681 | 9 | 58 | +1.4771 | +1.3662 | -177.3 | 0.77 | +1.4771 | COMPASS | yes |
| ce698 | 13 | 60 | -0.0060 | -0.8276 | +3.7 | 0.37 | +0.0060 | COMPASS | yes |
| ce709 | 12 | 3 | -0.1090 | -2.2082 | -0.8 | 0.95 | +0.1090 | COMPASS | yes |

  compasses 6, ANTI-COMPASSES (the inversion count) 0, undetermined 0 of 6 distinct window carriers; links-alone |a| >= paying rung: 0

wall time 21 s
SUMMARY {"seed": 801, "pc_pass": true, "pc_detected": 40, "pc_total": 40, "pc_invalid": 0, "X": 0.010611111111111111, "window_depth": 14.668833333333334, "seasons_any": 376, "n_seasons": 600, "genomes": 1184, "missing": 0, "founders": 58, "founder_carriers": 29, "births": 1124, "carriers_born": 134, "de_novo": 0, "depth_matched": 202, "depth_matched_carriers": 0, "window_carriers": 6, "compass": 6, "anti": 0, "undetermined": 0, "alone_agrees": 6, "alone_reaches_rung": 0, "probed": true}
