# RBT-112 no-selection baseline, global_bias_sigma = 0, seed 4, founders w = 32, K = 1: 30 planted founders x 20 lineages = 600; RBT-104 adversary persistence.py's lineage(), unchanged, depths 0-40
# depth	lineages	same	same_frac	same_hi95	pay32	pay32_frac	pay32_hi95	pay64	pay64_frac	pay64_hi95	owns_median	whole_median
0	600	600	1.0000	1.0000	600	1.0000	1.0000	440	0.7333	0.7619	26.5263	13.4346
1	600	552	0.9200	0.9364	547	0.9117	0.9289	343	0.5717	0.6045	25.6281	9.9192
2	600	519	0.8650	0.8863	503	0.8383	0.8615	281	0.4683	0.5019	24.1878	8.1938
3	600	490	0.8167	0.8412	464	0.7733	0.8002	246	0.4100	0.4434	22.9584	8.1628
4	600	458	0.7633	0.7907	423	0.7050	0.7346	219	0.3650	0.3979	21.0828	6.5337
5	600	419	0.6983	0.7282	379	0.6317	0.6634	196	0.3267	0.3589	18.7188	5.2620
6	600	386	0.6433	0.6748	335	0.5583	0.5913	177	0.2950	0.3265	16.8875	5.1027
7	600	357	0.5950	0.6275	299	0.4983	0.5318	158	0.2633	0.2939	12.4603	3.6525
8	600	326	0.5433	0.5765	281	0.4683	0.5019	143	0.2383	0.2681	10.1425	2.9692
9	600	306	0.5100	0.5434	253	0.4217	0.4551	138	0.2300	0.2594	4.0433	3.0558
10	600	291	0.4850	0.5186	240	0.4000	0.4333	132	0.2200	0.2490	0.0000	2.0417
11	600	265	0.4417	0.4752	218	0.3633	0.3962	121	0.2017	0.2299	0.0000	2.0089
12	600	240	0.4000	0.4333	187	0.3117	0.3436	115	0.1917	0.2195	0.0000	1.3972
13	600	225	0.3750	0.4080	176	0.2933	0.3248	112	0.1867	0.2142	0.0000	1.2298
14	600	205	0.3417	0.3742	161	0.2683	0.2991	103	0.1717	0.1984	0.0000	0.7320
15	600	192	0.3200	0.3521	150	0.2500	0.2802	86	0.1433	0.1685	0.0000	0.4234
16	600	182	0.3033	0.3350	139	0.2317	0.2612	74	0.1233	0.1471	0.0000	0.5891
17	600	178	0.2967	0.3282	131	0.2183	0.2473	70	0.1167	0.1400	0.0000	0.3068
18	600	162	0.2700	0.3008	123	0.2050	0.2334	67	0.1117	0.1346	0.0000	0.3252
19	600	148	0.2467	0.2767	109	0.1817	0.2090	58	0.0967	0.1184	0.0000	0.2354
20	600	139	0.2317	0.2612	97	0.1617	0.1879	51	0.0850	0.1056	0.0000	0.2191
21	600	125	0.2083	0.2369	87	0.1450	0.1702	45	0.0750	0.0947	0.0000	0.2122
22	600	120	0.2000	0.2282	80	0.1333	0.1578	39	0.0650	0.0836	0.0000	0.2118
23	600	115	0.1917	0.2195	76	0.1267	0.1507	41	0.0683	0.0873	0.0000	0.1481
24	600	115	0.1917	0.2195	73	0.1217	0.1453	35	0.0583	0.0761	0.0000	0.1037
25	600	108	0.1800	0.2072	60	0.1000	0.1220	29	0.0483	0.0649	0.0000	0.0960
26	600	108	0.1800	0.2072	61	0.1017	0.1238	26	0.0433	0.0592	0.0000	0.0958
27	600	103	0.1717	0.1984	52	0.0867	0.1075	25	0.0417	0.0573	0.0000	0.0890
28	600	92	0.1533	0.1791	55	0.0917	0.1129	31	0.0517	0.0686	0.0000	0.0871
29	600	87	0.1450	0.1702	51	0.0850	0.1056	29	0.0483	0.0649	0.0000	0.0684
30	600	81	0.1350	0.1596	46	0.0767	0.0965	28	0.0467	0.0630	0.0000	0.0663
31	600	77	0.1283	0.1525	46	0.0767	0.0965	29	0.0483	0.0649	0.0000	0.0789
32	600	72	0.1200	0.1435	44	0.0733	0.0928	27	0.0450	0.0611	0.0000	0.0727
33	600	67	0.1117	0.1346	44	0.0733	0.0928	24	0.0400	0.0554	0.0000	0.0869
34	600	64	0.1067	0.1292	42	0.0700	0.0891	21	0.0350	0.0496	0.0000	0.0567
35	600	61	0.1017	0.1238	37	0.0617	0.0799	22	0.0367	0.0515	0.0000	0.0683
36	600	65	0.1083	0.1310	37	0.0617	0.0799	23	0.0383	0.0534	0.0000	0.0673
37	600	59	0.0983	0.1202	35	0.0583	0.0761	23	0.0383	0.0534	0.0000	0.0575
38	600	56	0.0933	0.1147	34	0.0567	0.0743	21	0.0350	0.0496	0.0000	0.0562
39	600	57	0.0950	0.1165	32	0.0533	0.0705	19	0.0317	0.0457	0.0000	0.0517
40	600	52	0.0867	0.1075	33	0.0550	0.0724	19	0.0317	0.0457	0.0000	0.0427
