# RBT-112 no-selection baseline, global_bias_sigma = 0, seed 801, founders w = 32, K = 1: 30 planted founders x 20 lineages = 600; RBT-104 adversary persistence.py's lineage(), unchanged, depths 0-40
# depth	lineages	same	same_frac	same_hi95	pay32	pay32_frac	pay32_hi95	pay64	pay64_frac	pay64_hi95	owns_median	whole_median
0	600	600	1.0000	1.0000	600	1.0000	1.0000	240	0.4000	0.4333	24.1153	11.9490
1	600	560	0.9333	0.9482	546	0.9100	0.9274	247	0.4117	0.4450	23.7390	11.0092
2	600	525	0.8750	0.8955	488	0.8133	0.8381	238	0.3967	0.4299	22.4637	9.2887
3	600	499	0.8317	0.8553	459	0.7650	0.7922	217	0.3617	0.3945	21.7814	8.7248
4	600	464	0.7733	0.8002	417	0.6950	0.7250	185	0.3083	0.3401	18.8625	6.9832
5	600	436	0.7267	0.7555	379	0.6317	0.6634	166	0.2767	0.3077	17.7798	6.2003
6	600	401	0.6683	0.6991	343	0.5717	0.6045	151	0.2517	0.2819	15.5015	5.7780
7	600	376	0.6267	0.6585	311	0.5183	0.5517	147	0.2450	0.2750	13.2714	4.6815
8	600	349	0.5817	0.6144	283	0.4717	0.5052	136	0.2267	0.2560	10.5077	3.0835
9	600	327	0.5450	0.5782	253	0.4217	0.4551	118	0.1967	0.2247	7.7314	3.2479
10	600	294	0.4900	0.5235	228	0.3800	0.4131	110	0.1833	0.2107	0.0000	2.3251
11	600	266	0.4433	0.4769	200	0.3333	0.3657	97	0.1617	0.1879	0.0000	2.0282
12	600	245	0.4083	0.4417	186	0.3100	0.3419	90	0.1500	0.1755	0.0000	1.4524
13	600	236	0.3933	0.4265	177	0.2950	0.3265	88	0.1467	0.1720	0.0000	1.2895
14	600	218	0.3633	0.3962	165	0.2750	0.3059	85	0.1417	0.1667	0.0000	1.0209
15	600	210	0.3500	0.3826	158	0.2633	0.2939	75	0.1250	0.1489	0.0000	0.7701
16	600	195	0.3250	0.3572	145	0.2417	0.2715	67	0.1117	0.1346	0.0000	0.8401
17	600	183	0.3050	0.3367	134	0.2233	0.2525	66	0.1100	0.1328	0.0000	0.4959
18	600	172	0.2867	0.3179	122	0.2033	0.2317	66	0.1100	0.1328	0.0000	0.4994
19	600	154	0.2567	0.2870	115	0.1917	0.2195	63	0.1050	0.1274	0.0000	0.3112
20	600	142	0.2367	0.2664	108	0.1800	0.2072	61	0.1017	0.1238	0.0000	0.3041
21	600	140	0.2333	0.2629	102	0.1700	0.1967	57	0.0950	0.1165	0.0000	0.2343
22	600	138	0.2300	0.2594	102	0.1700	0.1967	58	0.0967	0.1184	0.0000	0.1873
23	600	134	0.2233	0.2525	100	0.1667	0.1932	60	0.1000	0.1220	0.0000	0.1259
24	600	126	0.2100	0.2386	88	0.1467	0.1720	56	0.0933	0.1147	0.0000	0.1273
25	600	120	0.2000	0.2282	87	0.1450	0.1702	53	0.0883	0.1093	0.0000	0.0930
26	600	112	0.1867	0.2142	82	0.1367	0.1614	44	0.0733	0.0928	0.0000	0.1133
27	600	104	0.1733	0.2002	77	0.1283	0.1525	43	0.0717	0.0910	0.0000	0.0731
28	600	104	0.1733	0.2002	72	0.1200	0.1435	47	0.0783	0.0983	0.0000	0.0605
29	600	96	0.1600	0.1861	61	0.1017	0.1238	44	0.0733	0.0928	0.0000	0.0594
30	600	92	0.1533	0.1791	58	0.0967	0.1184	42	0.0700	0.0891	0.0000	0.0796
31	600	87	0.1450	0.1702	61	0.1017	0.1238	43	0.0717	0.0910	0.0000	0.0749
32	600	86	0.1433	0.1685	59	0.0983	0.1202	45	0.0750	0.0947	0.0000	0.0651
33	600	82	0.1367	0.1614	55	0.0917	0.1129	39	0.0650	0.0836	0.0000	0.0640
34	600	84	0.1400	0.1649	58	0.0967	0.1184	40	0.0667	0.0854	0.0000	0.0732
35	600	76	0.1267	0.1507	51	0.0850	0.1056	34	0.0567	0.0743	0.0000	0.0531
36	600	70	0.1167	0.1400	47	0.0783	0.0983	32	0.0533	0.0705	0.0000	0.0518
37	600	70	0.1167	0.1400	50	0.0833	0.1038	33	0.0550	0.0724	0.0000	0.0414
38	600	68	0.1133	0.1364	50	0.0833	0.1038	33	0.0550	0.0724	0.0000	0.0461
39	600	62	0.1033	0.1256	46	0.0767	0.0965	31	0.0517	0.0686	0.0000	0.0599
40	600	54	0.0900	0.1111	43	0.0717	0.0910	29	0.0483	0.0649	0.0000	0.0399
