# garden MERGED J=32 from parts 0..15, 16..31: garden aa105-805-b2-holistic-s599 seed 805 holistic season 599 n=60 J=16 worlds=0..15 run=/tmp/j32/aa-805-b2 work_cost=0.03 (168 s, workers 4) | garden aa105-805-b2-holistic-s599 seed 805 holistic season 599 n=60 J=16 worlds=16..31 run=/tmp/j32/aa-805-b2 work_cost=0.03 (146 s, workers 4)
aa105-805-b2-holistic-s599	805	holistic	599	he1001	2.4092	2.1044	2.4688	2.1562	1984.5675	1725.3633	0	0
aa105-805-b2-holistic-s599	805	holistic	599	he1004	0.5061	0.3195	0.5312	0.3438	836.4286	808.8420	0	0
aa105-805-b2-holistic-s599	805	holistic	599	he1005	0.2598	0.2286	0.2812	0.2500	713.0818	714.5505	0	0
aa105-805-b2-holistic-s599	805	holistic	599	he1007	1.4461	1.6950	1.8125	2.0625	12212.8072	12249.0825	0	0
aa105-805-b2-holistic-s599	805	holistic	599	he1009	1.3035	1.3668	1.5312	1.5938	7589.9237	7567.3569	0	0
aa105-805-b2-holistic-s599	805	holistic	599	he1010	0.9885	0.8962	1.0312	0.9375	1427.0149	1375.7452	0	0
aa105-805-b2-holistic-s599	805	holistic	599	he1011	1.0312	1.1875	1.1250	1.2812	3126.3794	3124.4201	0	0
aa105-805-b2-holistic-s599	805	holistic	599	he1012	2.1389	1.7945	2.2188	1.8750	2661.8731	2684.3715	0	0
aa105-805-b2-holistic-s599	805	holistic	599	he1014	1.0625	0.9069	1.1562	1.0000	3125.9221	3103.1211	0	0
aa105-805-b2-holistic-s599	805	holistic	599	he1020	2.2132	1.8052	2.4688	2.0625	8516.1386	8576.5878	0	0
aa105-805-b2-holistic-s599	805	holistic	599	he1021	2.4215	2.1391	2.6562	2.3750	7822.4250	7864.6494	0	0
aa105-805-b2-holistic-s599	805	holistic	599	he1022	0.2545	0.3461	0.2812	0.3750	889.0504	962.9970	0	0
aa105-805-b2-holistic-s599	805	holistic	599	he1025	0.8835	1.1335	1.1250	1.3750	8050.5995	8052.2501	0	0
aa105-805-b2-holistic-s599	805	holistic	599	he1029	1.2561	1.2567	1.5938	1.5938	11256.3010	11237.5675	0	0
aa105-805-b2-holistic-s599	805	holistic	599	he1030	0.8909	1.2660	0.9688	1.3438	2594.6822	2592.8261	0	0
aa105-805-b2-holistic-s599	805	holistic	599	he1031	1.2661	1.3095	1.4062	1.4375	4672.0199	4267.8613	0	0
aa105-805-b2-holistic-s599	805	holistic	599	he1032	2.1846	1.4958	2.4688	1.7812	9469.2631	9514.3642	0	0
aa105-805-b2-holistic-s599	805	holistic	599	he1033	1.2519	1.0648	1.5312	1.3438	9311.0153	9297.6450	0	0
aa105-805-b2-holistic-s599	805	holistic	599	he1037	0.2593	0.2596	0.3125	0.3125	1772.0224	1765.6176	0	0
aa105-805-b2-holistic-s599	805	holistic	599	he1038	0.9538	0.9550	0.9688	0.9688	496.9321	457.0179	0	0
aa105-805-b2-holistic-s599	805	holistic	599	he1041	0.9100	1.0972	1.0000	1.1875	3002.4172	3009.6336	0	0
aa105-805-b2-holistic-s599	805	holistic	599	he1043	0.4333	0.3397	0.5938	0.5000	5347.3705	5341.5652	0	0
aa105-805-b2-holistic-s599	805	holistic	599	he1044	0.8135	0.8149	1.0938	1.0938	9343.3125	9296.7274	0	0
aa105-805-b2-holistic-s599	805	holistic	599	he1045	0.4307	0.4935	0.4375	0.5000	224.4728	213.6975	0	0
aa105-805-b2-holistic-s599	805	holistic	599	he1046	0.3028	0.2107	0.3750	0.2812	2408.9311	2352.1456	0	0
aa105-805-b2-holistic-s599	805	holistic	599	he1047	1.2742	1.0854	1.3750	1.1875	3360.3879	3402.5580	0	0
aa105-805-b2-holistic-s599	805	holistic	599	he1050	1.2374	1.1433	1.2812	1.1875	1459.8186	1472.0722	0	0
aa105-805-b2-holistic-s599	805	holistic	599	he1051	2.3629	1.5198	2.4688	1.6250	3527.3329	3505.3472	0	0
aa105-805-b2-holistic-s599	805	holistic	599	he1053	1.2430	0.7753	1.6562	1.1875	13774.7259	13738.7344	0	0
aa105-805-b2-holistic-s599	805	holistic	599	he1054	2.4296	1.5233	2.5625	1.6562	4427.8955	4429.3921	0	0
aa105-805-b2-holistic-s599	805	holistic	599	he1056	0.7210	0.3810	0.7812	0.4375	2008.3809	1883.3655	0	0
aa105-805-b2-holistic-s599	805	holistic	599	he1058	0.8974	0.6471	1.0000	0.7500	3419.4695	3429.0518	0	0
aa105-805-b2-holistic-s599	805	holistic	599	he1059	0.6127	0.5493	0.6250	0.5625	410.9901	439.4565	0	0
aa105-805-b2-holistic-s599	805	holistic	599	he1060	1.0023	1.0657	1.0938	1.1562	3048.1752	3016.2081	0	0
aa105-805-b2-holistic-s599	805	holistic	599	he1061	1.2651	1.1522	1.3438	1.2188	2623.0495	2216.5854	0	0
aa105-805-b2-holistic-s599	805	holistic	599	he1062	-0.0102	-0.0100	0.0000	0.0000	341.2703	331.3942	0	0
aa105-805-b2-holistic-s599	805	holistic	599	he1065	0.7297	0.6063	0.7812	0.6562	1718.8308	1663.8551	0	0
aa105-805-b2-holistic-s599	805	holistic	599	he1066	0.2026	0.2025	0.2188	0.2188	538.6866	544.0030	0	0
aa105-805-b2-holistic-s599	805	holistic	599	he1067	0.5590	0.5817	0.6250	0.6562	2201.5259	2482.6615	0	0
aa105-805-b2-holistic-s599	805	holistic	599	he1068	2.4194	1.6380	2.8750	2.0938	15185.3727	15192.7225	0	0
aa105-805-b2-holistic-s599	805	holistic	599	he1069	1.5487	1.3584	1.6875	1.5000	4626.5855	4720.3771	0	0
aa105-805-b2-holistic-s599	805	holistic	599	he1070	0.8167	0.7228	1.0938	1.0000	9235.4911	9240.5357	0	0
aa105-805-b2-holistic-s599	805	holistic	599	he1073	2.3754	1.7209	2.4375	1.7812	2067.8767	2011.8947	0	0
aa105-805-b2-holistic-s599	805	holistic	599	he1074	1.6717	1.5773	1.9062	1.8125	7818.9913	7840.7867	0	0
aa105-805-b2-holistic-s599	805	holistic	599	he1075	1.7643	1.4963	1.9062	1.6250	4731.2028	4292.6179	0	0
aa105-805-b2-holistic-s599	805	holistic	599	he1076	0.4620	0.3096	0.5312	0.3750	2306.8920	2179.1955	0	0
aa105-805-b2-holistic-s599	805	holistic	599	he1079	1.0726	1.1014	1.2188	1.2500	4871.4069	4951.8854	0	0
aa105-805-b2-holistic-s599	805	holistic	599	he1080	0.1550	0.1273	0.1875	0.1562	1083.3663	966.9866	0	0
aa105-805-b2-holistic-s599	805	holistic	599	he1081	0.4499	0.4811	0.4688	0.5000	627.4022	631.3268	0	0
aa105-805-b2-holistic-s599	805	holistic	599	he1082	0.0653	0.0965	0.0938	0.1250	949.9937	949.9598	0	0
aa105-805-b2-holistic-s599	805	holistic	599	he1083	0.8617	0.8292	0.9688	0.9375	3571.0500	3609.4891	0	0
aa105-805-b2-holistic-s599	805	holistic	599	he1084	1.6203	1.5880	1.9062	1.8750	9529.9749	9566.6528	0	0
aa105-805-b2-holistic-s599	805	holistic	599	he1085	0.0588	0.0586	0.0625	0.0625	121.6565	129.7623	0	0
aa105-805-b2-holistic-s599	805	holistic	599	he1086	0.3659	0.3672	0.3750	0.3750	301.0860	260.5247	0	0
aa105-805-b2-holistic-s599	805	holistic	599	he1087	-0.0001	-0.0001	0.0000	0.0000	2.1765	2.1873	0	0
aa105-805-b2-holistic-s599	805	holistic	599	he988	0.1537	0.1537	0.1875	0.1875	1126.3504	1124.5402	0	0
aa105-805-b2-holistic-s599	805	holistic	599	he992	0.9877	0.8938	1.0000	0.9062	411.0145	415.9225	0	0
aa105-805-b2-holistic-s599	805	holistic	599	he994	1.3928	1.0192	1.5625	1.1875	5656.8119	5610.1390	0	0
aa105-805-b2-holistic-s599	805	holistic	599	he997	1.0930	0.8421	1.1875	0.9375	3149.2787	3180.1939	0	0
aa105-805-b2-holistic-s599	805	holistic	599	he999	0.8818	0.8763	1.0000	1.0000	3941.8482	4120.8567	0	0
