# garden MERGED J=32 from parts 0..15, 16..31: garden aa105-4-b2-holistic-s599 seed 4 holistic season 599 n=60 J=16 worlds=0..15 run=/tmp/j32/aa-4-b2 work_cost=0.03 (80 s, workers 4) | garden aa105-4-b2-holistic-s599 seed 4 holistic season 599 n=60 J=16 worlds=16..31 run=/tmp/j32/aa-4-b2 work_cost=0.03 (92 s, workers 4)
aa105-4-b2-holistic-s599	4	holistic	599	he1000	1.5970	1.1263	1.7500	1.2812	5101.3397	5165.8606	0	0
aa105-4-b2-holistic-s599	4	holistic	599	he1001	0.9285	0.9602	1.0000	1.0312	2382.2949	2368.7204	0	0
aa105-4-b2-holistic-s599	4	holistic	599	he1002	1.1048	0.9162	1.3438	1.1562	7964.1984	8004.7068	0	0
aa105-4-b2-holistic-s599	4	holistic	599	he1003	0.9609	0.9593	1.3125	1.3125	11719.0656	11771.7798	0	0
aa105-4-b2-holistic-s599	4	holistic	599	he1006	0.4309	0.3997	0.5938	0.5625	5427.9435	5424.4986	0	0
aa105-4-b2-holistic-s599	4	holistic	599	he1007	0.9393	0.8491	1.1562	1.0625	7232.0267	7115.0747	0	0
aa105-4-b2-holistic-s599	4	holistic	599	he1009	1.3837	1.4144	1.6250	1.6562	8045.7119	8063.1067	0	0
aa105-4-b2-holistic-s599	4	holistic	599	he1010	1.3824	1.2279	1.4062	1.2500	794.4389	734.5930	0	0
aa105-4-b2-holistic-s599	4	holistic	599	he1011	1.8563	1.3916	1.9688	1.5000	3746.1066	3611.6483	0	0
aa105-4-b2-holistic-s599	4	holistic	599	he1012	0.9791	0.9892	1.0625	1.0625	2778.6549	2443.9950	0	0
aa105-4-b2-holistic-s599	4	holistic	599	he1014	1.3521	1.1345	1.3750	1.1562	761.5927	725.0965	0	0
aa105-4-b2-holistic-s599	4	holistic	599	he1015	1.4040	0.9060	1.6562	1.1562	8410.3132	8342.4921	0	0
aa105-4-b2-holistic-s599	4	holistic	599	he1016	1.3514	1.1364	1.4375	1.2188	2873.2652	2743.2356	0	0
aa105-4-b2-holistic-s599	4	holistic	599	he1017	1.9708	1.2845	2.1562	1.4688	6180.4530	6142.8965	0	0
aa105-4-b2-holistic-s599	4	holistic	599	he1018	1.4292	1.3355	1.5312	1.4375	3400.9585	3401.6094	0	0
aa105-4-b2-holistic-s599	4	holistic	599	he1019	1.7910	1.8556	1.8125	1.8750	719.6984	648.6265	0	0
aa105-4-b2-holistic-s599	4	holistic	599	he1020	1.5920	1.6861	1.9062	2.0000	10474.2974	10463.3746	0	0
aa105-4-b2-holistic-s599	4	holistic	599	he1024	0.7424	0.7742	1.0000	1.0312	8588.3355	8570.0333	0	0
aa105-4-b2-holistic-s599	4	holistic	599	he1025	0.8554	0.6680	1.0625	0.8750	6906.0284	6901.0670	0	0
aa105-4-b2-holistic-s599	4	holistic	599	he1026	1.6974	1.1724	1.7500	1.2188	1752.6905	1545.2306	0	0
aa105-4-b2-holistic-s599	4	holistic	599	he1027	0.6647	0.7899	0.9062	1.0312	8051.3425	8044.5278	0	0
aa105-4-b2-holistic-s599	4	holistic	599	he1028	1.1757	1.1469	1.5000	1.4688	10811.8554	10726.3681	0	0
aa105-4-b2-holistic-s599	4	holistic	599	he1029	1.2590	0.9853	1.3438	1.0625	2827.1931	2572.7775	0	0
aa105-4-b2-holistic-s599	4	holistic	599	he1032	1.2050	1.0805	1.2500	1.1250	1497.7651	1482.5210	0	0
aa105-4-b2-holistic-s599	4	holistic	599	he1035	1.5770	1.0782	1.7188	1.2188	4726.9898	4685.3517	0	0
aa105-4-b2-holistic-s599	4	holistic	599	he1036	0.0862	0.1486	0.1875	0.2500	3377.7747	3379.8112	0	0
aa105-4-b2-holistic-s599	4	holistic	599	he1038	0.1004	0.1316	0.3125	0.3438	7069.7909	7073.6413	0	0
aa105-4-b2-holistic-s599	4	holistic	599	he1039	1.6494	1.3644	1.7812	1.5000	4394.1236	4518.4280	0	0
aa105-4-b2-holistic-s599	4	holistic	599	he1040	1.2472	0.9660	1.5000	1.2188	8424.6433	8425.8148	0	0
aa105-4-b2-holistic-s599	4	holistic	599	he1041	0.7834	0.7551	0.8438	0.8125	2010.2174	1911.4921	0	0
aa105-4-b2-holistic-s599	4	holistic	599	he1042	0.0000	0.0000	0.0000	0.0000	0.0000	0.0000	0	0
aa105-4-b2-holistic-s599	4	holistic	599	he1043	1.8141	1.0970	2.1250	1.4062	10361.8608	10310.8668	0	0
aa105-4-b2-holistic-s599	4	holistic	599	he943	1.5194	1.0527	1.5938	1.1250	2478.7679	2409.1982	0	0
aa105-4-b2-holistic-s599	4	holistic	599	he945	1.1935	0.9435	1.3125	1.0625	3966.1872	3966.0028	0	0
aa105-4-b2-holistic-s599	4	holistic	599	he946	0.6990	0.7289	0.7188	0.7500	656.3771	704.2455	0	0
aa105-4-b2-holistic-s599	4	holistic	599	he948	1.0627	0.9104	1.1250	0.9688	2076.6185	1943.1859	0	0
aa105-4-b2-holistic-s599	4	holistic	599	he949	1.7381	0.9569	1.8750	1.0938	4562.2243	4559.2953	0	0
aa105-4-b2-holistic-s599	4	holistic	599	he954	1.2550	1.1311	1.3125	1.1875	1917.0368	1879.7270	0	0
aa105-4-b2-holistic-s599	4	holistic	599	he955	1.1377	0.9514	1.1562	0.9688	617.7740	578.7248	0	0
aa105-4-b2-holistic-s599	4	holistic	599	he959	1.2210	0.9094	1.5312	1.2188	10341.6717	10310.1521	0	0
aa105-4-b2-holistic-s599	4	holistic	599	he961	0.6493	0.7461	0.6875	0.7812	1273.4086	1171.8707	0	0
aa105-4-b2-holistic-s599	4	holistic	599	he962	1.1496	0.9949	1.4062	1.2500	8555.0343	8504.3302	0	0
aa105-4-b2-holistic-s599	4	holistic	599	he963	0.7708	0.6149	0.8438	0.6875	2432.5201	2422.3364	0	0
aa105-4-b2-holistic-s599	4	holistic	599	he965	1.0545	0.9948	1.1250	1.0625	2348.3774	2257.6913	0	0
aa105-4-b2-holistic-s599	4	holistic	599	he966	0.1868	0.1867	0.1875	0.1875	24.1341	24.5322	0	0
aa105-4-b2-holistic-s599	4	holistic	599	he968	1.0309	0.7821	1.3438	1.0938	10429.5515	10389.5197	0	0
aa105-4-b2-holistic-s599	4	holistic	599	he972	1.0330	0.8792	1.0938	0.9375	2024.0200	1945.2224	0	0
aa105-4-b2-holistic-s599	4	holistic	599	he976	0.9132	0.8196	1.0000	0.9062	2892.3624	2890.3056	0	0
aa105-4-b2-holistic-s599	4	holistic	599	he978	1.2132	1.0567	1.4688	1.3125	8518.1077	8527.0022	0	0
aa105-4-b2-holistic-s599	4	holistic	599	he980	1.4443	1.4439	1.7500	1.7500	10190.3563	10204.0347	0	0
aa105-4-b2-holistic-s599	4	holistic	599	he981	1.3028	1.3927	1.3750	1.4688	2405.1950	2534.6215	0	0
aa105-4-b2-holistic-s599	4	holistic	599	he984	1.5545	1.2530	1.7188	1.4062	5476.4452	5106.2043	0	0
aa105-4-b2-holistic-s599	4	holistic	599	he985	1.3754	0.8423	1.5938	1.0625	7279.3133	7338.8406	0	0
aa105-4-b2-holistic-s599	4	holistic	599	he986	1.0090	0.8837	1.2500	1.1250	8034.3229	8042.8266	0	0
aa105-4-b2-holistic-s599	4	holistic	599	he988	0.4903	0.3658	0.6250	0.5000	4489.9145	4473.8794	0	0
aa105-4-b2-holistic-s599	4	holistic	599	he990	2.0673	1.4499	2.1562	1.5312	2965.9376	2710.7215	0	0
aa105-4-b2-holistic-s599	4	holistic	599	he993	1.3011	0.8665	1.4688	1.0312	5588.3987	5491.6923	0	0
aa105-4-b2-holistic-s599	4	holistic	599	he994	1.2817	1.5321	1.4062	1.6562	4150.8077	4139.6352	0	0
aa105-4-b2-holistic-s599	4	holistic	599	he996	1.0480	0.7993	1.3750	1.1250	10897.0718	10856.4903	0	0
aa105-4-b2-holistic-s599	4	holistic	599	he999	1.0628	0.8742	1.3125	1.1250	8323.7262	8361.0182	0	0
