# garden MERGED J=32 from parts 0..15, 16..31: garden aa105-1-b1-holistic-s599 seed 1 holistic season 599 n=60 J=16 worlds=0..15 run=/tmp/j32/aa-1-b1 work_cost=0.03 (129 s, workers 4) | garden aa105-1-b1-holistic-s599 seed 1 holistic season 599 n=60 J=16 worlds=16..31 run=/tmp/j32/aa-1-b1 work_cost=0.03 (127 s, workers 4)
aa105-1-b1-holistic-s599	1	holistic	599	he1002	1.1152	0.8366	1.1875	0.9062	2409.1502	2321.1790	0	0
aa105-1-b1-holistic-s599	1	holistic	599	he1003	1.1445	0.8003	1.3125	0.9688	5599.0704	5614.8522	0	0
aa105-1-b1-holistic-s599	1	holistic	599	he1005	0.3218	0.4156	0.3750	0.4688	1772.5613	1774.1256	0	0
aa105-1-b1-holistic-s599	1	holistic	599	he1006	1.1807	0.6095	1.3125	0.7500	4392.9922	4682.9866	0	0
aa105-1-b1-holistic-s599	1	holistic	599	he1008	1.4803	1.5134	1.6875	1.7188	6907.2244	6844.3033	0	0
aa105-1-b1-holistic-s599	1	holistic	599	he1009	0.6038	0.5417	0.7812	0.7188	5916.9078	5901.4498	0	0
aa105-1-b1-holistic-s599	1	holistic	599	he1010	2.4510	1.2312	2.9062	1.6875	15174.5498	15211.3737	0	0
aa105-1-b1-holistic-s599	1	holistic	599	he1011	1.3367	1.0335	1.4688	1.1562	4401.4608	4088.9008	0	0
aa105-1-b1-holistic-s599	1	holistic	599	he1012	0.9292	0.8686	0.9688	0.9062	1320.8506	1254.5276	0	0
aa105-1-b1-holistic-s599	1	holistic	599	he1013	1.2391	0.8656	1.5000	1.1250	8695.0514	8648.7622	0	0
aa105-1-b1-holistic-s599	1	holistic	599	he1014	1.2340	1.2665	1.4375	1.4688	6782.1103	6740.8221	0	0
aa105-1-b1-holistic-s599	1	holistic	599	he1017	0.5731	0.6341	0.6250	0.6875	1732.9848	1780.9131	0	0
aa105-1-b1-holistic-s599	1	holistic	599	he1018	1.0192	0.9837	1.0625	1.0312	1442.1925	1584.6058	0	0
aa105-1-b1-holistic-s599	1	holistic	599	he1019	1.4718	1.1624	1.5625	1.2500	3022.7119	2919.7031	0	0
aa105-1-b1-holistic-s599	1	holistic	599	he1021	1.4108	1.3470	1.5938	1.5312	6096.7006	6139.3285	0	0
aa105-1-b1-holistic-s599	1	holistic	599	he1022	1.3456	1.0073	1.4688	1.1250	4103.9860	3921.7641	0	0
aa105-1-b1-holistic-s599	1	holistic	599	he1025	0.6096	0.5425	0.6875	0.6250	2598.2599	2750.4812	0	0
aa105-1-b1-holistic-s599	1	holistic	599	he1026	1.4638	1.5174	1.5938	1.6562	4333.6353	4629.5729	0	0
aa105-1-b1-holistic-s599	1	holistic	599	he1029	1.6186	1.0646	1.7812	1.2188	5423.0601	5138.9893	0	0
aa105-1-b1-holistic-s599	1	holistic	599	he1030	1.1658	0.9043	1.3125	1.0312	4891.3398	4229.8391	0	0
aa105-1-b1-holistic-s599	1	holistic	599	he1031	1.9596	1.4634	2.1250	1.6250	5511.9916	5386.3220	0	0
aa105-1-b1-holistic-s599	1	holistic	599	he1032	1.1393	0.9561	1.2812	1.0938	4730.2509	4590.6644	0	0
aa105-1-b1-holistic-s599	1	holistic	599	he1034	0.8841	1.0160	0.9688	1.0938	2820.0992	2590.0872	0	0
aa105-1-b1-holistic-s599	1	holistic	599	he1035	1.9967	1.0168	2.1250	1.1250	4276.0373	3608.0780	0	0
aa105-1-b1-holistic-s599	1	holistic	599	he1037	1.6458	1.2070	1.8438	1.4062	6599.7931	6639.1071	0	0
aa105-1-b1-holistic-s599	1	holistic	599	he1039	1.6166	0.9453	1.7500	1.0625	4445.9542	3905.6233	0	0
aa105-1-b1-holistic-s599	1	holistic	599	he1040	1.0320	0.8739	1.1250	0.9688	3098.6926	3161.3951	0	0
aa105-1-b1-holistic-s599	1	holistic	599	he1041	0.4597	0.3680	0.5000	0.4062	1346.4614	1275.3420	0	0
aa105-1-b1-holistic-s599	1	holistic	599	he1042	0.6906	0.5332	0.7188	0.5625	938.2223	978.3729	0	0
aa105-1-b1-holistic-s599	1	holistic	599	he1043	0.7169	0.6842	0.8750	0.8438	5267.7609	5317.4644	0	0
aa105-1-b1-holistic-s599	1	holistic	599	he1044	1.3106	1.0305	1.7812	1.5000	15686.9908	15648.4968	0	0
aa105-1-b1-holistic-s599	1	holistic	599	he1045	0.8951	0.7516	1.0938	0.9375	6623.2195	6195.1281	0	0
aa105-1-b1-holistic-s599	1	holistic	599	he1046	0.6996	0.6574	0.8125	0.7812	3764.9540	4129.2260	0	0
aa105-1-b1-holistic-s599	1	holistic	599	he1047	2.0217	1.6153	2.1562	1.7500	4483.8353	4490.9671	0	0
aa105-1-b1-holistic-s599	1	holistic	599	he1049	2.0125	1.7626	2.4688	2.2188	15209.3851	15203.6087	0	0
aa105-1-b1-holistic-s599	1	holistic	599	he1050	0.7576	0.7956	0.8750	0.9062	3912.0332	3688.5394	0	0
aa105-1-b1-holistic-s599	1	holistic	599	he1052	0.7474	0.6873	0.7812	0.7188	1127.5478	1048.1870	0	0
aa105-1-b1-holistic-s599	1	holistic	599	he1054	1.5793	1.6449	1.8750	1.9375	9856.9664	9753.6753	0	0
aa105-1-b1-holistic-s599	1	holistic	599	he1055	0.7595	0.5111	0.8125	0.5625	1764.8730	1712.3077	0	0
aa105-1-b1-holistic-s599	1	holistic	599	he1057	0.2924	0.2923	0.4062	0.4062	3795.3404	3796.6267	0	0
aa105-1-b1-holistic-s599	1	holistic	599	he1058	0.9588	1.1446	1.0312	1.2188	2415.2688	2471.1608	0	0
aa105-1-b1-holistic-s599	1	holistic	599	he1059	1.5488	1.3356	1.7500	1.5312	6706.4520	6523.0448	0	0
aa105-1-b1-holistic-s599	1	holistic	599	he1060	0.7760	0.6502	0.8750	0.7500	3302.3820	3328.8635	0	0
aa105-1-b1-holistic-s599	1	holistic	599	he1061	0.4324	0.5995	0.5312	0.6875	3295.8067	2935.8283	0	0
aa105-1-b1-holistic-s599	1	holistic	599	he1063	1.5129	1.6371	1.7500	1.8750	7903.7502	7931.6505	0	0
aa105-1-b1-holistic-s599	1	holistic	599	he1064	1.0388	0.6687	1.0938	0.7188	1831.5917	1667.5548	0	0
aa105-1-b1-holistic-s599	1	holistic	599	he1065	1.5676	0.9105	1.7500	1.0938	6079.4207	6106.1110	0	0
aa105-1-b1-holistic-s599	1	holistic	599	he1066	2.1614	1.8950	2.3750	2.1250	7119.5581	7664.7320	6	4
aa105-1-b1-holistic-s599	1	holistic	599	he1067	0.1662	0.0737	0.2812	0.1875	3834.7822	3792.3639	0	0
aa105-1-b1-holistic-s599	1	holistic	599	he1068	0.4318	0.2455	0.4688	0.2812	1230.9361	1192.4612	0	0
aa105-1-b1-holistic-s599	1	holistic	599	he1069	0.3366	0.1172	0.4375	0.2188	3363.0685	3386.7854	0	0
aa105-1-b1-holistic-s599	1	holistic	599	he1070	1.0974	0.7915	1.1875	0.8750	3004.2753	2782.1224	0	0
aa105-1-b1-holistic-s599	1	holistic	599	he1071	1.3748	1.0310	1.5000	1.1562	4173.5163	4173.6005	0	0
aa105-1-b1-holistic-s599	1	holistic	599	he1072	0.0000	0.0312	0.0000	0.0312	0.0000	0.0000	0	0
aa105-1-b1-holistic-s599	1	holistic	599	he1073	0.4800	0.6324	0.5312	0.6875	1705.6961	1835.9122	0	0
aa105-1-b1-holistic-s599	1	holistic	599	he1075	0.7727	0.4515	0.9062	0.5938	4451.5539	4744.4331	0	0
aa105-1-b1-holistic-s599	1	holistic	599	he1076	0.7423	0.7703	0.8438	0.8750	3381.4476	3487.4630	1	1
aa105-1-b1-holistic-s599	1	holistic	599	he1077	2.4033	1.2363	2.6562	1.4688	8432.3651	7747.7825	0	0
aa105-1-b1-holistic-s599	1	holistic	599	he1078	1.0029	0.7149	1.5000	1.2188	16569.2982	16795.1150	0	0
aa105-1-b1-holistic-s599	1	holistic	599	he1079	1.9451	2.1334	2.0938	2.2812	4953.6579	4928.8663	0	0
