season	population	alive	births	deaths	mean_lifetime_score	best_lifetime_score
0	holistic	60	1	1	0.05588146189396193	2.935525084406713
0	conventional	60	1	1	0.323983782213527	3.472076613658427
1	holistic	60	1	1	0.08958525379833102	2.4353444031860656
1	conventional	60	0	0	0.24711117319625356	2.187533838625539
2	holistic	60	2	2	0.10218849959159468	2.269161597323893
2	conventional	60	5	5	0.26807087471684526	1.941127815600959
3	holistic	60	2	2	0.11805240250314292	1.7650845505443327
3	conventional	60	4	4	0.34652140626848354	1.7507968282863489
4	holistic	60	0	0	0.07348657502231029	1.335883581886295
4	conventional	60	4	4	0.35919014955105405	1.6258572997749217
5	holistic	60	2	2	0.08963467209658031	1.102704704717829
5	conventional	60	6	6	0.4673794531249321	2.6269605711672535
6	holistic	60	2	2	0.09690542427340096	0.9674009497635048
6	conventional	60	5	5	0.438270269889568	2.6680347182537836
7	holistic	60	3	3	0.09118480311062926	0.9357709661452784
7	conventional	60	10	10	0.5138261275717194	3.4881411931442754
8	holistic	60	0	0	0.09049066702660961	1.0468925319049251
8	conventional	60	4	4	0.6881031909460038	3.3405984756618787
9	holistic	60	5	5	0.08958589883102742	0.9356828303598386
9	conventional	60	4	4	0.6576140480651003	3.1487299390016923
10	holistic	60	3	3	0.11892791620784951	1.58597388565705
10	conventional	60	5	5	0.5506568865830954	2.4866982768943453
11	holistic	24	3	39	0.4059382564589535	1.755081976337568
11	conventional	60	5	5	0.6108353863813325	5.536060752934748
12	holistic	32	8	0	0.40578018982727604	2.263584366669996
12	conventional	60	3	3	0.5398797522395914	2.5349440690797422
13	holistic	33	3	2	0.31219016857987025	1.4300428229677824
13	conventional	60	9	9	0.5375389728441575	2.058897763776906
14	holistic	32	3	4	0.35267341804349495	2.430513860612349
14	conventional	60	8	8	0.5245791703584327	2.600911527152754
15	holistic	34	4	2	0.3351351897486905	1.2626656135705459
15	conventional	60	0	0	0.653162985591061	1.50584324323838
16	holistic	35	6	5	0.3906122822444124	1.7981759544333529
16	conventional	60	5	5	0.6504679424947626	2.185820987850937
17	holistic	34	3	4	0.5138173397833204	2.3014726642680676
17	conventional	60	5	5	0.5752871248550087	1.4808484590370525
18	holistic	37	6	3	0.4529943462427996	1.8012543551801379
18	conventional	60	3	3	0.6539352584645556	2.8070031154348447
19	holistic	41	5	1	0.4848561722778564	1.6913652038210327
19	conventional	60	6	6	0.6669258152214942	2.504936440540875
20	holistic	42	5	4	0.498165060562657	1.7445980567817063
20	conventional	60	2	2	0.7426313155051505	2.4884936879294184
21	holistic	53	14	3	0.4557338607024177	2.0995597766266725
21	conventional	60	4	4	0.6855548636119181	2.486637468510255
22	holistic	60	9	2	0.5757566338847734	6.715658938992709
22	conventional	60	6	6	0.6098765069780919	2.432029588020413
23	holistic	60	2	2	0.5554386920865534	3.704504863391137
23	conventional	60	4	4	0.5888162270566444	2.485724671018945
24	holistic	60	7	7	0.5215865661176031	2.7085826088466045
24	conventional	60	7	7	0.602167682423418	2.685906318840485
25	holistic	60	4	4	0.5882473144185095	2.7142490093354152
25	conventional	60	5	5	0.59140014048708	2.986135866256839
26	holistic	60	6	6	0.5784514315784983	2.1115605022379578
26	conventional	60	6	6	0.6162654457881079	2.4863840483414075
27	holistic	60	2	2	0.6705281493919402	2.046026916678825
27	conventional	60	1	1	0.7193213863549422	2.600111019458375
28	holistic	60	0	0	0.7067469694758739	2.2834430566377977
28	conventional	60	2	2	0.8001774692082849	2.265245018563854
29	holistic	60	4	4	0.6953515580664029	1.964052358970485
29	conventional	60	0	0	0.8799727141101941	2.542404569919096
30	holistic	60	1	1	0.741195403086537	1.8264786208229151
30	conventional	60	2	2	0.8733407405938594	3.027656870034146
31	holistic	60	1	1	0.6849684068268213	1.8940650697761872
31	conventional	60	0	0	0.8148918035758722	2.1850945000542006
32	holistic	60	3	3	0.680972738805913	1.8960648897547492
32	conventional	60	2	2	0.8240842425581473	2.3417542478108895
33	holistic	60	2	2	0.7037372248775379	1.8136228162461963
33	conventional	60	2	2	0.8610825662959875	2.520247171552282
34	holistic	60	3	3	0.702752627060501	1.6739293293544828
34	conventional	60	1	1	0.8388891861995705	2.1883111029443563
35	holistic	60	1	1	0.7195477535059912	1.5540486413674137
35	conventional	60	2	2	0.8984964081619446	2.3832802281261904
36	holistic	60	2	2	0.7118710130557658	1.5011837992387795
36	conventional	60	0	0	0.8739459200262247	1.9033918368102545
37	holistic	60	1	1	0.7356531329377347	1.5667722510223971
37	conventional	60	1	1	0.9017681185712083	2.8303502205443465
38	holistic	60	4	4	0.7387270610733491	1.5801230975139056
38	conventional	60	0	0	0.8549169766727279	1.6720531169803612
39	holistic	60	1	1	0.7426994754580586	1.5217415752842691
39	conventional	60	0	0	0.8699509582581617	1.7065475993957286
40	holistic	60	1	1	0.7752938129860755	1.542461935410458
40	conventional	60	1	1	0.8525352977947189	1.7536538008838232
41	holistic	60	1	1	0.848121128875918	5.237171823912332
41	conventional	60	2	2	0.8372427811021942	1.59603006866073
42	holistic	60	3	3	0.8248447511262307	2.8374327000468513
42	conventional	60	0	0	0.8177926153164434	1.7282450693633031
43	holistic	60	0	0	0.787110644362917	1.846524728803402
43	conventional	60	2	2	0.8134606133062897	1.5811387666802577
44	holistic	60	2	2	0.7833004817974296	1.8474657872056517
44	conventional	60	1	1	0.8955933289054723	3.508987251790517
45	holistic	60	1	1	0.7885815271578356	1.8452585256043232
45	conventional	60	1	1	0.8410315306790667	2.5073534781864444
46	holistic	60	1	1	0.8123280907491046	1.8444019058297911
46	conventional	60	1	1	0.862021819449819	3.178105186392154
47	holistic	60	0	0	0.8323911583438977	1.7346615626647754
47	conventional	60	2	2	0.8367279814517221	2.242661030105772
48	holistic	60	1	1	0.833397448791742	1.5493353180225808
48	conventional	60	1	1	0.8405380675917049	1.7338609640229252
49	holistic	60	0	0	0.82317199313507	1.563878443016638
49	conventional	60	1	1	0.8230500939807462	2.043839694047015
50	holistic	60	0	0	0.818925097684759	1.5918255804355679
50	conventional	60	0	0	0.8774859462374537	1.9289214823519345
51	holistic	60	0	0	0.826887547683517	1.5218598768351592
51	conventional	60	1	1	0.8632570378382268	2.041438341600174
52	holistic	60	0	0	0.8331983092579217	1.4738570742934913
52	conventional	60	0	0	0.8290345958226908	1.9776257288429442
53	holistic	60	0	0	0.8401039656988295	1.5455366182033978
53	conventional	60	0	0	0.8595409949596252	2.07943087082773
54	holistic	60	0	0	0.8506535154520087	1.5560505096904136
54	conventional	60	0	0	0.8768041743861736	2.134465311123393
55	holistic	60	0	0	0.8507701032592506	1.5403957646564117
55	conventional	60	0	0	0.8599659951144193	2.036527510776422
56	holistic	60	0	0	0.8530218306016174	1.6706446569818247
56	conventional	60	1	1	0.8648458744987821	2.053600580424609
57	holistic	60	1	1	0.8519524374500745	1.6316938447986091
57	conventional	60	0	0	0.8857647414555816	2.000301229956488
58	holistic	60	0	0	0.8820996361802728	1.840197534170319
58	conventional	60	0	0	0.8672152332396457	1.9175037953552683
59	holistic	60	0	0	0.8856362144014895	2.0160521359600057
59	conventional	60	3	3	0.8394828688255855	1.840181826611339
60	holistic	60	0	0	0.8871652351928287	1.8784258086118097
60	conventional	60	1	1	0.8599856974224067	1.7675698476340451
61	holistic	60	0	0	0.8747218785379863	1.8456347947195892
61	conventional	60	0	0	0.8727929355721886	1.7587265370094727
62	holistic	60	1	1	0.8591492868014468	1.861970133562597
62	conventional	60	1	1	0.8683955831157305	1.7669927608672835
63	holistic	60	0	0	0.8651178086908818	1.946972737815076
63	conventional	60	0	0	0.8685543160960306	1.8120695002448481
64	holistic	60	0	0	0.8566430433036665	1.8912732672212924
64	conventional	60	1	1	0.8530761121266296	1.7398238942384987
65	holistic	60	1	1	0.8618341087312611	1.9299435984665512
65	conventional	60	2	2	0.8344934718409661	1.7064915903725377
66	holistic	60	0	0	0.849603035506972	1.8783419262977143
66	conventional	60	3	3	0.7811976317074276	1.9837217543266747
67	holistic	60	1	1	0.8362656676293204	1.8852997422232525
67	conventional	60	7	7	0.7877433186145537	2.5167520390649534
68	holistic	60	0	0	0.8211829173889531	1.8105289341484452
68	conventional	60	1	1	0.8243094675471776	2.4383429390699067
69	holistic	60	4	4	0.8002280296794788	1.7654224403525227
69	conventional	60	3	3	0.8428273641605583	1.9609459873180997
70	holistic	60	1	1	0.7858600780276803	1.7765861855798082
70	conventional	60	1	1	0.8493562966404906	2.7781281109841
71	holistic	60	3	3	0.9322624813909335	9.050755386865719
71	conventional	60	3	3	0.8654358791416622	2.9286228562144254
72	holistic	60	3	3	0.8768698856951749	4.558891454482463
72	conventional	60	2	2	0.8706529389072675	2.691531908181919
73	holistic	60	2	2	0.8816548824534126	3.735066101433446
73	conventional	60	5	5	0.7990124839745595	2.5253341828759313
74	holistic	60	2	2	0.8641724221187197	3.3248768426003004
74	conventional	60	5	5	0.8198901699304924	2.401274478034732
75	holistic	60	3	3	0.8583590025014913	2.6760157167429326
75	conventional	60	0	0	0.8121784659012781	2.0822926760426204
76	holistic	60	3	3	0.8950985952591999	3.7012988569987293
76	conventional	60	3	3	0.7654273287961967	1.9262363406641612
77	holistic	60	1	1	0.8983623377386211	3.079780440170911
77	conventional	60	3	3	0.7719359973536786	2.0712107615066917
78	holistic	60	4	4	0.8963533524758719	3.2032126187118966
78	conventional	60	3	3	0.7348998565225344	2.5805027468113257
79	holistic	60	3	3	0.8636098604391553	4.232981441910028
79	conventional	60	6	6	0.7377125746375547	1.8331951748301725
80	holistic	60	3	3	0.9776977286639742	5.625144306640642
80	conventional	60	3	3	0.836120177163545	2.5615333013540886
81	holistic	60	9	9	0.7945175674024519	3.8337867262837193
81	conventional	60	4	4	0.7878112452718679	1.7262722884046693
82	holistic	60	3	3	0.8853189404314351	3.065646744276703
82	conventional	60	4	4	0.8559828538168238	3.546675380540544
83	holistic	60	0	0	0.8815795882673939	3.2303695841890607
83	conventional	60	0	0	0.8466028815575514	2.58614765001353
84	holistic	60	9	9	0.8088530307075594	2.9907864251376215
84	conventional	60	6	6	0.7804308827944908	2.086410495024461
85	holistic	60	4	4	0.8299458843189307	3.1322593439346185
85	conventional	60	3	3	0.8911513201510376	2.495290937841605
86	holistic	60	4	4	0.882786764771552	2.9455010539520723
86	conventional	60	3	3	0.8572529062047914	2.4133959106570826
87	holistic	60	1	1	0.95910752109155	4.616650390677386
87	conventional	60	1	1	0.803855865513673	1.6916437539736313
88	holistic	60	4	4	0.9431056635865791	2.9066004491926214
88	conventional	60	4	4	0.8323405383917155	1.6545583932237264
89	holistic	60	3	3	1.0791132594019437	3.907487171127753
89	conventional	60	0	0	0.9477187219118576	2.371749394622563
90	holistic	60	0	0	1.128455435521629	3.314217478397579
90	conventional	60	2	2	0.9396404585479002	3.183397387387163
91	holistic	60	1	1	1.0934679844126367	3.344917657173544
91	conventional	60	0	0	0.8868633872123716	2.549456562444461
92	holistic	60	4	4	1.0022375716949312	3.0733247980602787
92	conventional	60	2	2	0.890767002067934	2.967499918370704
93	holistic	60	2	2	0.9940207268157046	2.6512891092295114
93	conventional	60	3	3	0.8461098442908922	2.41718082060194
94	holistic	60	0	0	1.0558292159490335	3.2676787254230706
94	conventional	60	1	1	0.9184681101289461	2.550440880392345
95	holistic	60	1	1	1.0506309191454002	2.9330726194978887
95	conventional	60	3	3	0.8442317777776055	2.502420230949305
96	holistic	60	3	3	1.0270988226178155	3.0196486329028867
96	conventional	60	2	2	0.8839733383816046	2.091224788821927
97	holistic	60	1	1	0.9792498724571304	2.6670340192426507
97	conventional	60	1	1	0.8633341381087675	1.8836685369776436
98	holistic	60	1	1	0.9653258971642704	2.602106091144123
98	conventional	60	1	1	0.8176304936269931	1.7168895810442049
99	holistic	60	1	1	0.9742906689561834	2.631949256109382
99	conventional	60	0	0	0.8750927714289986	1.6332087657197378
100	holistic	60	1	1	0.8984870164757104	2.5308319779174577
100	conventional	60	1	1	0.8463018992801478	1.7163453074442288
101	holistic	60	2	2	0.9546976057127385	3.666756993627125
101	conventional	60	3	3	0.8149790299884037	1.7545421158169887
102	holistic	60	0	0	1.0045671571035644	3.6530796536871044
102	conventional	60	2	2	0.876014304672759	2.420907493885797
103	holistic	60	1	1	0.9719711619957752	2.3482735013696714
103	conventional	60	4	4	0.820498550023587	1.9458193489853643
104	holistic	60	1	1	0.9775419586117405	2.3443735510365675
104	conventional	60	1	1	0.807511416216067	1.6535447610805136
105	holistic	60	2	2	0.9489917793324759	2.410922681736106
105	conventional	60	2	2	0.7948093577554066	1.8041970764498303
106	holistic	60	2	2	1.1113353151784495	4.5869461221744325
106	conventional	60	1	1	0.8829081142060443	1.8597331224018576
107	holistic	60	0	0	1.0352716084993892	3.025362857567588
107	conventional	60	2	2	0.8031556000583452	1.7424764979932093
108	holistic	60	1	1	1.0245941950971806	2.42690311473106
108	conventional	60	2	2	0.8151405543642334	1.7052676787927683
109	holistic	60	0	0	1.0043760334487672	2.360115667175748
109	conventional	60	2	2	0.7663603123790572	1.6637463905886598
110	holistic	60	0	0	0.9766121218914497	2.326565323736724
110	conventional	60	0	0	0.8379892917102792	1.7422867277069967
111	holistic	60	1	1	0.9577813884806614	2.2380895171935387
111	conventional	60	3	3	0.8213407445814197	1.8450666538502432
112	holistic	60	2	2	1.0184862876542349	2.4853460316662908
112	conventional	60	0	0	0.935325018092896	4.268696044277504
113	holistic	60	0	0	0.9954423089915162	2.1300078575795482
113	conventional	60	0	0	0.8932341168721113	3.7696928402925307
114	holistic	60	1	1	1.0001218182375728	2.1587963719021315
114	conventional	60	0	0	0.9132685934981747	2.600105004496233
115	holistic	60	0	0	0.9949614145457678	2.1611062057675703
115	conventional	60	0	0	0.9039585181405096	2.2709330344710206
116	holistic	60	0	0	1.0112171659104645	2.2376457002986188
116	conventional	60	1	1	0.8866887499897801	2.0711050597829215
117	holistic	60	1	1	0.9780104528603435	2.215479328005584
117	conventional	60	1	1	0.8827073885746939	1.7716959305811768
118	holistic	60	1	1	0.9906040393602914	2.1915787823666766
118	conventional	60	0	0	0.8647885010615055	1.9484552881752102
119	holistic	60	0	0	1.0031070942101252	2.4766870576127733
119	conventional	60	2	2	0.8588938700334275	2.2698713155328853
120	holistic	60	0	0	1.0174562240325444	2.149993727417601
120	conventional	60	1	1	0.8723511197393194	1.9617427191084984
121	holistic	60	1	1	0.9919670874334048	2.117392924276834
121	conventional	60	0	0	0.8955255020272935	1.7201121414499603
122	holistic	60	0	0	1.0210556549355763	2.111441227517339
122	conventional	60	0	0	0.8823505385589598	1.8814486605658478
123	holistic	60	0	0	1.0351322561038858	2.114470043398542
123	conventional	60	1	1	0.875316044406716	2.1012754777972757
124	holistic	60	0	0	1.0251616803507344	2.1001650122996733
124	conventional	60	1	1	0.9329539171446151	3.4057376601563476
125	holistic	60	0	0	1.020475835974408	2.1198649977073227
125	conventional	60	0	0	0.9168107961453942	2.9094296407699884
126	holistic	60	0	0	1.01683923329084	2.142782744165664
126	conventional	60	2	2	0.8819360301439523	2.0700214675988895
127	holistic	60	0	0	1.0300655870161541	2.1646956279396043
127	conventional	60	3	3	0.8342481925888122	1.9583380777096098
128	holistic	60	0	0	1.0161797581113232	2.1664012586483485
128	conventional	60	0	0	0.8253741361623033	1.9910592702556458
129	holistic	60	0	0	1.0132406225197343	2.1333252103458302
129	conventional	60	3	3	0.8408628870803381	1.853337814511275
130	holistic	60	1	1	0.9924542018917101	2.098306145803989
130	conventional	60	0	0	0.9137991746555849	3.2705132794104497
131	holistic	60	1	1	0.9741172229765226	2.045813407395859
131	conventional	60	3	3	0.8795583029651584	2.2737747038971414
132	holistic	60	2	2	0.976052888046008	2.0799993180318426
132	conventional	60	2	2	0.8851360589734679	1.8850521061880947
133	holistic	60	1	1	1.0202970737171813	2.0850759901659393
133	conventional	60	1	1	0.9002870195548962	2.8027375444504155
134	holistic	60	1	1	1.0098697647991322	2.162970974310408
134	conventional	60	6	6	0.8178447003381747	2.1512423057809507
135	holistic	60	3	3	0.999246777274276	2.112443258403938
135	conventional	60	0	0	1.0229823843753685	3.4109279457285773
136	holistic	60	2	2	0.9330005618563779	2.413983564931784
136	conventional	60	4	4	0.989442129084829	5.362519247842299
137	holistic	60	3	3	1.0390954699344122	3.783160627578459
137	conventional	60	1	1	0.9423212084381565	4.029557212612673
138	holistic	60	1	1	0.9731672132176861	2.7372910224667297
138	conventional	60	0	0	0.9397699694100539	3.1136196463920784
139	holistic	60	2	2	0.9912681482889887	3.272015305348466
139	conventional	60	3	3	0.8805526285521339	2.763342712576905
140	holistic	60	1	1	0.9681733188468555	2.4477137717271416
140	conventional	60	2	2	0.8779914669934514	2.5284311469099148
141	holistic	60	8	8	0.8795484948106723	2.2861016138161583
141	conventional	60	4	4	0.8645256169300242	2.2188218826446824
142	holistic	60	4	4	0.8933863833406307	2.853782335349108
142	conventional	60	4	4	0.7939516598341053	2.5929836435162974
143	holistic	60	2	2	0.9125746118862258	3.2031558558404987
143	conventional	60	2	2	0.7928966718886553	2.3487744178670873
144	holistic	60	3	3	0.8988278668157597	2.057916096708527
144	conventional	60	9	9	0.8200206828325795	1.8816747357004209
145	holistic	60	4	4	0.8404255690734647	1.942246207373838
145	conventional	60	1	1	0.8922069883337838	1.8611439696836383
146	holistic	60	5	5	0.9138870523131684	5.34649985563802
146	conventional	60	1	1	1.014561881430406	2.814813034358606
147	holistic	60	0	0	0.857838628022261	3.3275122700333926
147	conventional	60	1	1	1.0299171113023804	3.516672046649509
148	holistic	60	5	5	0.8382381545935026	3.0093857649124227
148	conventional	60	3	3	0.9088364568897699	3.021143656053124
149	holistic	60	1	1	0.8587131294287684	3.0902569790354564
149	conventional	60	1	1	0.9388786323510497	2.255325523993156
150	holistic	60	2	2	0.8504603159203998	2.3420787392429823
150	conventional	60	1	1	0.8125448108021985	1.8511840988860169
151	holistic	60	0	0	0.9091370523202111	2.4417206059326433
151	conventional	60	1	1	0.8508264894580946	1.7944985136112543
152	holistic	60	3	3	0.8823763164799275	2.190216761968354
152	conventional	60	3	3	0.8640449942637237	1.6635268165608728
153	holistic	60	4	4	0.8684642748321416	2.3353041689579195
153	conventional	60	1	1	0.8481402699029988	1.5434739147491099
154	holistic	60	1	1	0.8839392009007698	2.0022890194402856
154	conventional	60	1	1	0.8240910320030781	1.5921487791993396
155	holistic	60	1	1	0.9231041156586424	3.8354282103923456
155	conventional	60	3	3	0.8004994382345398	2.25596062040506
156	holistic	60	4	4	0.8456176502957253	1.9690332913788275
156	conventional	60	2	2	0.9044848895082677	7.418103961791896
157	holistic	60	2	2	0.9284493699966531	2.83389966938058
157	conventional	60	0	0	0.8617124555851831	3.9206785826157273
158	holistic	60	0	0	0.9541669516828688	2.101782619492079
158	conventional	60	0	0	0.9263210352135512	2.784373929776009
159	holistic	60	2	2	0.8938130632369577	2.3267223871191596
159	conventional	60	0	0	0.8707443130785961	2.195414434639507
160	holistic	60	1	1	0.8778893239865687	2.078173890181185
160	conventional	60	1	1	0.8479731829093754	2.2475967490273745
161	holistic	60	4	4	0.8367221204785839	2.278888381863873
161	conventional	60	2	2	0.8437803515332204	1.945719444602866
162	holistic	60	0	0	0.8479555512570254	2.279469555696539
162	conventional	60	0	0	0.8377891977866464	1.5866693287450329
163	holistic	60	1	1	0.848974577742866	2.1827496667621538
163	conventional	60	4	4	0.7475636765518524	1.570468491745928
164	holistic	60	2	2	0.8956068901469476	2.1938704386298555
164	conventional	60	2	2	0.8279869876078434	4.2896037338376365
165	holistic	60	2	2	0.8936698691318609	3.4876806024372975
165	conventional	60	4	4	0.7800535351696475	2.787832938706317
166	holistic	60	1	1	0.8457165803745373	2.1177725636647873
166	conventional	60	1	1	0.7387368835466592	1.623193083561997
167	holistic	60	1	1	0.9100844113531499	2.1741794213618437
167	conventional	60	4	4	0.875783818774167	7.35912320487483
168	holistic	60	1	1	0.9561070907406379	2.76189549225108
168	conventional	60	2	2	0.861791462042444	3.8546340623148265
169	holistic	60	0	0	0.9461280251890519	2.2744849930522886
169	conventional	60	2	2	0.8071555540727128	2.6866845795793552
170	holistic	60	0	0	0.910075685268145	2.156249894272694
170	conventional	60	2	2	0.806135291469603	1.8837265528550642
171	holistic	60	1	1	0.9204554979612548	2.5510682307463064
171	conventional	60	4	4	0.8289745435240584	1.9375643391858683
172	holistic	60	1	1	0.8971973105857725	2.169943924674426
172	conventional	60	0	0	0.8586440888549088	2.2817890902004567
173	holistic	60	2	2	0.8877275262630171	2.141447052515998
173	conventional	60	1	1	0.8703772088494524	2.271171471336476
174	holistic	60	1	1	0.8752606554895579	2.1132749473035877
174	conventional	60	2	2	0.8692518326860231	2.009182861643508
175	holistic	60	1	1	0.862409210752173	2.1550674862835444
175	conventional	60	0	0	0.8235415195294397	1.9380429312092724
176	holistic	60	0	0	0.8559879286360557	2.1651369079412115
176	conventional	60	3	3	0.8114223410690732	1.8857327365480672
177	holistic	60	3	3	0.8634246862438454	2.1094042881094968
177	conventional	60	1	1	0.8218816660857086	2.0383883715220588
178	holistic	60	3	3	0.901169619721519	2.2370162289745763
178	conventional	60	0	0	0.8023347039511003	1.8009715118588836
179	holistic	60	0	0	0.9338905683018387	3.8635464306378093
179	conventional	60	0	0	0.7972392426882386	1.6035362616759574
180	holistic	60	1	1	0.9279902360523509	2.213192605619282
180	conventional	60	1	1	0.8002944069355132	1.5137246283578338
181	holistic	60	1	1	0.9165416135725953	2.1606619060938552
181	conventional	60	0	0	0.8444185302970129	2.1625011849297935
182	holistic	60	1	1	0.9224457726176076	2.1119409495884316
182	conventional	60	0	0	0.8577567693639785	1.897868835991401
183	holistic	60	1	1	0.9272102337916156	2.1444216702295944
183	conventional	60	1	1	0.8503308216973026	1.7346975802301756
184	holistic	60	0	0	0.9424376385728173	2.2273508038474716
184	conventional	60	0	0	0.9122057050903755	3.58410893302794
185	holistic	60	0	0	0.9284511448712898	2.205192488085759
185	conventional	60	0	0	0.873814390740388	1.595195683124478
186	holistic	60	2	2	0.9245146226475818	2.183172156116169
186	conventional	60	0	0	0.8494285974389435	1.4032798775626707
187	holistic	60	0	0	0.934358772136745	2.139709610015763
187	conventional	60	0	0	0.8512761379399492	1.374672716276201
188	holistic	60	0	0	0.9106523364801719	2.0736523794743293
188	conventional	60	0	0	0.8415365823930894	1.4419643649538623
189	holistic	60	0	0	0.9024784620642465	2.0573915333440476
189	conventional	60	2	2	0.811757621427054	1.3514487445166812
190	holistic	60	2	2	0.8954607339315558	2.0642768910921183
190	conventional	60	0	0	0.8012150453878107	1.3454090876566092
191	holistic	60	1	1	0.9155422635153795	2.1352185160564336
191	conventional	60	2	2	0.8113756317510364	1.759660475434779
192	holistic	60	2	2	0.9005251223225209	2.077942820668851
192	conventional	60	2	2	0.7863558074446717	1.929776727922306
193	holistic	60	1	1	0.9400762357259784	2.1053659542847813
193	conventional	60	0	0	0.8540754220085135	2.461244406187578
194	holistic	60	3	3	0.9855041003297589	4.949120058860472
194	conventional	60	5	5	0.7365360064788457	1.4615695027986995
195	holistic	60	1	1	0.9429995827020783	3.9502039092917083
195	conventional	60	0	0	0.7775651176420413	2.312479918860965
196	holistic	60	3	3	0.9140706411190713	2.9561524079619526
196	conventional	60	5	5	0.7702732742182742	3.3247316110146263
197	holistic	60	2	2	0.945075665013506	4.6841399573391955
197	conventional	60	1	1	0.7783349064785269	3.9881518465190333
198	holistic	60	0	0	0.9669693764017374	2.6793439309330664
198	conventional	60	2	2	0.7847424431439002	3.0718083406852044
199	holistic	60	1	1	0.9809630960523008	2.811068876748289
199	conventional	60	2	2	0.8128443533339997	3.1219520222802664
200	holistic	60	2	2	0.9637576825604406	2.4548901855858496
200	conventional	60	0	0	0.7915421661717205	3.1564382193933738
201	holistic	60	5	5	0.9044871869443317	2.4698263948648003
201	conventional	60	4	4	0.782803305371106	3.322424928137519
202	holistic	60	3	3	0.9053035983074248	2.8380413331996794
202	conventional	60	1	1	0.7390311863413614	2.9492625796111973
203	holistic	60	2	2	0.850644469493801	2.8157672073109006
203	conventional	60	4	4	0.7796882228826348	2.7676612509809155
204	holistic	60	3	3	0.9253041003245925	2.424033944374172
204	conventional	60	9	9	0.7929870013302385	7.246038737192011
205	holistic	60	6	6	0.8341091049486788	2.2296949618645727
205	conventional	60	0	0	0.8367812593100707	3.384935510710217
206	holistic	60	2	2	0.8544876547169141	2.074855184031058
206	conventional	60	5	5	0.761368680080997	2.656648785288639
207	holistic	60	0	0	0.8388960302612306	2.038048289702012
207	conventional	60	3	3	0.6883117163974558	2.7839524495546417
208	holistic	60	7	7	0.8106526342323316	1.9594776747944225
208	conventional	60	3	3	0.7677634290624307	2.6795149076441804
209	holistic	60	3	3	1.0048302099190944	5.2478690953435905
209	conventional	60	2	2	0.7893108433183412	2.7217731205489253
210	holistic	60	3	3	0.9369392553139373	2.733234013041324
210	conventional	60	1	1	0.8859232595042603	2.6965472244735498
211	holistic	60	1	1	0.9740384832759611	2.374763253160193
211	conventional	60	0	0	0.8670235060136756	2.615037184369823
212	holistic	60	5	5	0.997936922227901	2.771431120811266
212	conventional	60	2	2	0.8627350719587885	2.5992826129000526
213	holistic	60	1	1	1.0166261588897243	3.358736790258034
213	conventional	60	0	0	0.8946921095844632	3.2606479428344306
214	holistic	60	3	3	1.004429676930751	3.306463104067234
214	conventional	60	1	1	0.8739234948386551	2.4224143161646454
215	holistic	60	0	0	1.0333277879645304	3.1073803648648064
215	conventional	60	2	2	1.0067514979738907	6.285188010126246
216	holistic	60	4	4	0.9944503336018893	3.245832210819491
216	conventional	60	1	1	0.9705426050998105	5.787393326753617
217	holistic	60	0	0	1.0726715016957113	2.977513481869796
217	conventional	60	1	1	0.9297625101307533	4.285465740688517
218	holistic	60	3	3	1.0541663843772846	3.433223013078858
218	conventional	60	2	2	0.860746731430279	3.535412976180661
219	holistic	60	0	0	1.0736564367177615	3.199469053055043
219	conventional	60	2	2	0.9426756415000833	3.2860518193047836
220	holistic	60	2	2	1.0728627095240744	3.1028262881496413
220	conventional	60	1	1	0.9433950587422383	2.952445032878687
221	holistic	60	0	0	1.0699416332773672	2.934818205284662
221	conventional	60	0	0	0.8886878543991947	2.578709381927808
222	holistic	60	0	0	1.0671768054464308	2.71026600434166
222	conventional	60	0	0	0.9056722415374543	2.2929522373168996
223	holistic	60	1	1	1.0111432615074196	2.5483615300880715
223	conventional	60	4	4	0.8288596894914576	2.1169519847015263
224	holistic	60	2	2	1.0073117688817201	3.8581716343479773
224	conventional	60	1	1	0.8506102680723336	4.337545686107468
225	holistic	60	0	0	0.9932295267567024	2.856860924587866
225	conventional	60	2	2	0.8863707421627294	2.8227360719334005
226	holistic	60	3	3	0.9717031903807594	2.19040912469244
226	conventional	60	1	1	0.8693782135996493	2.105092062940142
227	holistic	60	1	1	1.0133880092612986	3.593908593411915
227	conventional	60	5	5	0.8712841363516782	2.5577938715193462
228	holistic	60	0	0	0.9967372753696268	2.0883807274431425
228	conventional	60	2	2	0.9587561880575706	3.3076600601725614
229	holistic	60	0	0	0.9720241232490745	2.1273226449424625
229	conventional	60	3	3	0.8857280978561921	2.3031598658119345
230	holistic	60	0	0	0.9730258125136578	1.9470220566972405
230	conventional	60	2	2	0.9504807921572299	2.869716148840109
231	holistic	60	1	1	0.9611427459811007	1.9444855598207518
231	conventional	60	2	2	0.9008712167226791	2.553141287859681
232	holistic	60	0	0	0.944086234813816	1.9387194444164795
232	conventional	60	1	1	0.8949559239346886	2.416778475488
233	holistic	60	0	0	0.9237052091317006	1.8742090730973684
233	conventional	60	1	1	0.8844540873934611	2.1040248507692922
234	holistic	60	0	0	0.9104447184177399	1.7479314615118333
234	conventional	60	1	1	0.9004353607282056	2.034463514947412
235	holistic	60	1	1	0.8997616180812832	1.6417641780685093
235	conventional	60	1	1	0.9602014158347049	2.390186067621549
236	holistic	60	0	0	0.9029619307652489	1.5660199371774415
236	conventional	60	3	3	0.8505752590562425	2.0144198647215243
237	holistic	60	2	2	0.9085974411776402	2.7845966810697407
237	conventional	60	0	0	0.9568041395569111	2.379249552033495
238	holistic	60	2	2	0.8871721687538685	2.4486222674112725
238	conventional	60	1	1	0.9955327424860557	2.1689684250799695
239	holistic	60	0	0	0.8719324719257782	2.2782386164571617
239	conventional	60	0	0	1.0119836987262822	2.6307221943876695
240	holistic	60	0	0	0.893232829904249	1.7920493332810032
240	conventional	60	2	2	0.978143467489717	2.12797695759187
241	holistic	60	3	3	0.8753114909546835	1.8319428673208673
241	conventional	60	0	0	1.0431024738181771	2.217472670201249
242	holistic	60	1	1	0.8738667190934878	1.7546437235741938
242	conventional	60	0	0	1.0071828602767796	2.0530743884962526
243	holistic	60	1	1	0.8994083126391766	1.829116230625263
243	conventional	60	0	0	1.001993725879252	2.058985192168457
244	holistic	60	0	0	0.985618367137968	4.651680705354121
244	conventional	60	0	0	1.0245119115134083	2.971660432409288
245	holistic	60	0	0	0.9579534332121586	2.173857034740492
245	conventional	60	0	0	1.0091487162945385	2.421089220718025
246	holistic	60	2	2	0.933911220413588	2.648503354519001
246	conventional	60	0	0	0.9898651077811276	2.220227262916286
247	holistic	60	1	1	0.8982333969255987	2.1809774823161217
247	conventional	60	0	0	0.9707523257920608	2.173096148597267
248	holistic	60	0	0	0.909648182769446	2.1055168728878537
248	conventional	60	0	0	0.9570807790897589	2.127239610905881
249	holistic	60	0	0	0.9119998487687279	2.065357823383901
249	conventional	60	1	1	0.938488291651226	2.0217058424599044
250	holistic	60	1	1	0.919212013717401	2.1449818727278607
250	conventional	60	1	1	0.9356373158353636	2.105737759414068
251	holistic	60	1	1	0.9418452396028242	2.674713375827282
251	conventional	60	2	2	0.9247702167605513	2.069546789964134
252	holistic	60	1	1	0.9004217355730059	2.166273958453057
252	conventional	60	2	2	0.9246860711646697	2.390304151601738
253	holistic	60	1	1	0.854092706996743	2.1442524466320516
253	conventional	60	1	1	0.9322736630342863	1.9960552484039022
254	holistic	60	2	2	0.8127949024707026	2.1874294015934286
254	conventional	60	2	2	0.8928136718117201	2.5176381498579707
255	holistic	60	2	2	0.8161881815259613	2.1769482030545277
255	conventional	60	1	1	0.8941367527862847	2.2659164669290015
256	holistic	60	1	1	0.8650733287262012	3.7401378074075007
256	conventional	60	1	1	0.9072978741813197	2.4340407125677546
257	holistic	60	3	3	0.8487356590079803	2.2444319319799346
257	conventional	60	2	2	0.8904976567690722	2.4331221841665034
258	holistic	60	0	0	0.8734557802994881	2.836859467722205
258	conventional	60	2	2	0.8443975201120886	1.8969168210202472
259	holistic	60	2	2	0.8775897362723966	2.1160201713207476
259	conventional	60	4	4	0.8758521968990086	2.6329295342923533
260	holistic	60	1	1	0.8973183487299091	2.131227954960044
260	conventional	60	0	0	0.8513876600351075	1.9571985976566335
261	holistic	60	4	4	0.8653024360636113	2.1778779263863415
261	conventional	60	2	2	0.8293594925767306	1.7421969461744662
262	holistic	60	2	2	0.8732734714941157	2.224629127936671
262	conventional	60	1	1	0.8593649923592757	1.824931012689595
263	holistic	60	2	2	0.844757328326945	2.2791631183703527
263	conventional	60	3	3	0.7986774300672507	1.7241610086174763
264	holistic	60	1	1	0.9001552964990296	2.227141228279961
264	conventional	60	5	5	0.7872419925493402	1.7797848378231966
265	holistic	60	3	3	0.8758492384049249	2.957072593394606
265	conventional	60	3	3	0.7170863365249094	1.7692497280012254
266	holistic	60	2	2	0.8592875307901282	2.3089082522163626
266	conventional	60	5	5	0.8280240803973969	2.4337890788881626
267	holistic	60	1	1	0.9369132989087853	2.4576049140943343
267	conventional	60	0	0	0.8575273803912926	2.2748946798195666
268	holistic	60	2	2	0.8719816416918865	2.327457972060682
268	conventional	60	2	2	0.8968682299579422	2.318287655536532
269	holistic	60	2	2	0.8334552659800983	2.3182761978601913
269	conventional	60	2	2	0.8636482180011125	1.998748252597845
270	holistic	60	3	3	0.907840337395466	3.593797428570186
270	conventional	60	4	4	0.8612151018916616	1.6733314176125929
271	holistic	60	1	1	0.8957610109594097	2.601576284124347
271	conventional	60	2	2	0.94424724715006	4.327147879872188
272	holistic	60	5	5	0.8422559580038799	2.2709567485186843
272	conventional	60	3	3	0.8746819668415362	2.5969952861015555
273	holistic	60	1	1	0.9878021474011424	3.6391662973141425
273	conventional	60	1	1	0.7853777070496836	1.7330764140374197
274	holistic	60	2	2	0.8914203924198466	2.4049803189360595
274	conventional	60	4	4	0.7774353923332986	1.826011964647129
275	holistic	60	0	0	0.842743194461221	2.178066332566727
275	conventional	60	4	4	0.8040017427572176	2.3693974001734843
276	holistic	60	4	4	0.7560602433563983	1.9185980601794161
276	conventional	60	0	0	0.8033704036241456	1.8660988788418509
277	holistic	60	0	0	0.8666679694767443	1.959661374059868
277	conventional	60	3	3	0.76826612655752	1.7560890935990963
278	holistic	60	4	4	0.7554900088099749	1.7986598519815307
278	conventional	60	4	4	0.7835394829823945	2.4787832349494794
279	holistic	60	1	1	0.8670151294678595	1.8592912175994896
279	conventional	60	4	4	0.9010463980925477	3.34927576590138
280	holistic	60	2	2	0.7767941479266853	2.2795964692726858
280	conventional	60	0	0	0.8696306654935619	2.849196314616449
281	holistic	60	1	1	0.8356870150076414	2.5734773106920863
281	conventional	60	2	2	0.8344843772918829	2.0097581446326895
282	holistic	60	0	0	0.858387816435802	2.608970089040337
282	conventional	60	1	1	0.845476198099848	2.079550901308123
283	holistic	60	2	2	0.8196418064433388	2.2017657432781563
283	conventional	60	3	3	0.778595430527054	1.9774580727549982
284	holistic	60	1	1	0.8431839491308408	2.9351334922811096
284	conventional	60	2	2	0.805534741489718	1.7643303115786442
285	holistic	60	1	1	0.8148702495050854	2.5478887284113223
285	conventional	60	2	2	0.7305489300453313	1.721610255019499
286	holistic	60	3	3	0.8076695043666209	2.290018659873263
286	conventional	60	2	2	0.70302526347344	1.681684685379413
287	holistic	60	2	2	0.817610990203546	2.0783440068924524
287	conventional	60	6	6	0.715045496086449	3.4051901956525965
288	holistic	60	1	1	0.8379696572015158	1.9283575743180392
288	conventional	60	4	4	0.8836567134233704	5.4790127136743925
289	holistic	60	1	1	0.8696002819770864	2.0933700598407805
289	conventional	60	3	3	0.8038245066163061	3.491849067253101
290	holistic	60	1	1	0.8773093324730378	2.1516696899596344
290	conventional	60	5	5	0.7726435950347013	3.1880678017010937
291	holistic	60	2	2	0.8433666735550711	2.2065406503262843
291	conventional	60	2	2	0.7189838254247392	2.188886112992481
292	holistic	60	1	1	0.9174406069048877	2.194752287735933
292	conventional	60	0	0	0.8544495539366044	1.8582158163156486
293	holistic	60	0	0	0.9477214570882864	2.120203436318301
293	conventional	60	2	2	0.8217776281825161	1.941193290404878
294	holistic	60	1	1	0.9077499345860108	2.1110157134236402
294	conventional	60	3	3	0.7845160936026293	2.3913572760514983
295	holistic	60	1	1	0.8624170167811547	2.0427497162247867
295	conventional	60	2	2	0.7740946279703862	2.37062451647964
296	holistic	60	0	0	0.881662464459932	2.0075852637460874
296	conventional	60	4	4	0.7710795867914274	2.285499124240322
297	holistic	60	1	1	0.915737856609023	1.974143301924672
297	conventional	60	2	2	0.7957810217170185	2.368068489784561
298	holistic	60	1	1	0.9361585873191146	2.0433847926241397
298	conventional	60	2	2	0.7903458837815477	1.8580928826524326
299	holistic	60	0	0	0.9664357619507996	2.150359959760943
299	conventional	60	0	0	0.8252851628112957	2.5231787246955966
300	holistic	60	0	0	0.9557481194343808	2.234001146935601
300	conventional	60	2	2	0.8109254627577124	1.920192624539936
301	holistic	60	2	2	0.9374130478044936	2.1003519737330705
301	conventional	60	0	0	0.8093097904808803	1.7757501008753689
302	holistic	60	1	1	0.9725993008078834	2.536858579614377
302	conventional	60	1	1	0.8653827616813908	1.730916578509583
303	holistic	60	1	1	0.9393100572078532	2.4005907755475797
303	conventional	60	0	0	0.955055775738191	4.2063810408174644
304	holistic	60	0	0	0.9858781378076459	2.516148142851134
304	conventional	60	0	0	0.9188509814513518	2.2061534468229067
305	holistic	60	1	1	0.9943099313287329	2.329183320319068
305	conventional	60	0	0	0.9382004498387383	2.2173513229248223
306	holistic	60	2	2	0.9492378898141539	2.2337325226082245
306	conventional	60	0	0	0.9370683791917678	2.000781296546279
307	holistic	60	2	2	0.9620075228549877	2.5880473199860363
307	conventional	60	1	1	0.960074715616029	1.8346020851086786
308	holistic	60	0	0	0.9452385859524208	2.4298945400906176
308	conventional	60	1	1	0.9223172175783365	1.6125458784476898
309	holistic	60	0	0	0.9525030627210019	2.440676212136466
309	conventional	60	0	0	0.869844353327077	1.5413447058564964
310	holistic	60	1	1	0.9499705519914816	2.7628839137102377
310	conventional	60	2	2	0.8539569790427832	1.5722907200301643
311	holistic	60	0	0	0.9451430734487872	2.358715593386801
311	conventional	60	1	1	0.8167575071113541	1.650323204908242
312	holistic	60	1	1	0.9137458085033681	2.23357311156462
312	conventional	60	2	2	0.8274159268063184	1.8557498749915955
313	holistic	60	0	0	0.9243970435415336	2.1731343718304315
313	conventional	60	1	1	0.9150024778739899	3.5200372272759206
314	holistic	60	2	2	0.8833640222064608	2.2046429880139358
314	conventional	60	1	1	0.9105405433657263	2.1049377625981682
315	holistic	60	1	1	0.8900959714282999	2.233528123706708
315	conventional	60	2	2	0.9108199404685335	2.777450118821135
316	holistic	60	1	1	0.8769755484095714	2.26024485250249
316	conventional	60	1	1	0.9114870064599752	2.2782117002849724
317	holistic	60	3	3	0.8529850827665976	2.323684767562399
317	conventional	60	2	2	0.8965388259387531	2.27797870581018
318	holistic	60	2	2	0.8563279039202497	2.233947835350894
318	conventional	60	3	3	0.923834794228932	2.438581873021969
319	holistic	60	3	3	0.9338610421618161	2.9352202513196626
319	conventional	60	2	2	0.9075528626022665	1.9142041194904758
320	holistic	60	1	1	0.945491665678669	2.948617958034658
320	conventional	60	0	0	0.8738191273619887	1.9585605113359374
321	holistic	60	4	4	0.8289687388709716	2.2009565005530933
321	conventional	60	2	2	0.863273014442125	1.903716186780252
322	holistic	60	1	1	0.8347710650237469	2.255243230588538
322	conventional	60	1	1	0.8400431538796208	1.6916874355664913
323	holistic	60	1	1	0.9291515635357877	3.714267409407049
323	conventional	60	1	1	0.8012418958162913	1.5123370762266986
324	holistic	60	1	1	1.0182523700588095	5.845230913051165
324	conventional	60	3	3	0.7749372219855796	1.5720165147893979
325	holistic	60	4	4	0.9414630615437795	4.344736302961152
325	conventional	60	1	1	0.9114969534537604	3.295614522308537
326	holistic	60	1	1	0.937487418211932	2.8402323350598486
326	conventional	60	3	3	0.8015778139003185	2.2914459999814616
327	holistic	60	0	0	0.9094446366154408	2.350654092066039
327	conventional	60	0	0	0.8775850718295959	2.5079256164182615
328	holistic	60	1	1	0.8894799126876465	2.0894236138450877
328	conventional	60	1	1	0.8710329101941554	2.0650941961728844
329	holistic	60	3	3	0.8524603236966968	2.058171697524555
329	conventional	60	1	1	0.8934973777685324	1.7681513700776434
330	holistic	60	2	2	0.8503363969363452	2.0799172229064604
330	conventional	60	3	3	0.8091758580671724	1.7345553778696876
331	holistic	60	2	2	0.8360016967123067	2.1504695818209987
331	conventional	60	1	1	0.9635407161864376	3.548787320330133
332	holistic	60	6	6	0.8338542485248683	2.2978694059512303
332	conventional	60	0	0	0.8721798456136299	1.858459040851684
333	holistic	60	2	2	1.0240590990627527	8.69152500185529
333	conventional	60	1	1	0.8427274141130643	1.680958480946823
334	holistic	60	1	1	0.9399354253145542	5.1882144942323976
334	conventional	60	1	1	0.8527272059192398	1.7696943133186145
335	holistic	60	0	0	0.9806264514223677	4.022627833078628
335	conventional	60	2	2	0.8594679618672479	1.8427462463146222
336	holistic	60	4	4	0.9329844021406608	3.0692678042657384
336	conventional	60	1	1	0.8276279686887594	1.9716943382450338
337	holistic	60	1	1	1.0173727772580468	4.567883640046935
337	conventional	60	2	2	0.8612409996258064	2.3046633728851185
338	holistic	60	2	2	0.9928903169090828	3.562589955506755
338	conventional	60	4	4	0.8257183884567034	2.5455331324509025
339	holistic	60	2	2	1.0398589780494687	3.3835022044897927
339	conventional	60	5	5	0.8140148139602386	2.323666292583341
340	holistic	60	4	4	0.9195778523965549	3.07389034302637
340	conventional	60	3	3	0.7209584518864157	1.6520546649285743
341	holistic	60	0	0	0.9875211036783171	4.964059810991763
341	conventional	60	5	5	0.813645367283542	2.34319909126896
342	holistic	60	1	1	0.9802144603268705	2.9263394673544836
342	conventional	60	1	1	0.7978397139129465	1.6808112835575266
343	holistic	60	2	2	1.0107879977121847	3.0991680506228403
343	conventional	60	2	2	0.7879272602488837	1.9887311048387062
344	holistic	60	1	1	1.0337856264102216	3.4901862534943837
344	conventional	60	3	3	0.87413709543295	3.5108271039709518
345	holistic	60	0	0	1.0358376299610512	3.2198758536415437
345	conventional	60	3	3	0.8400413545048572	2.519808408138685
346	holistic	60	1	1	0.984749355682961	3.048282885246391
346	conventional	60	2	2	0.8646968466269042	2.45832714734391
347	holistic	60	1	1	0.9616641827743921	3.297979893943231
347	conventional	60	6	6	0.8559071529487535	2.451086579404388
348	holistic	60	3	3	0.9820717551709169	3.3967572187617
348	conventional	60	2	2	0.8380584772873836	2.786365226636447
349	holistic	60	0	0	1.007957416238183	3.253081831184146
349	conventional	60	1	1	0.8965988599703348	3.705259123448211
350	holistic	60	2	2	0.9819411706447195	3.235398919920738
350	conventional	60	1	1	0.8310639742163803	3.055311977855845
351	holistic	60	2	2	0.9232174661124274	3.15723268320265
351	conventional	60	5	5	0.7826531882226135	2.6190511234994145
352	holistic	60	1	1	0.9515225144777191	3.0958933214398923
352	conventional	60	0	0	0.8546578194828803	2.8807439138152544
353	holistic	60	0	0	0.9357302590467781	2.9439099469172643
353	conventional	60	0	0	0.7801484883308635	2.4531444629128907
354	holistic	60	2	2	0.9782968178760195	2.9887731799585087
354	conventional	60	2	2	0.8141733594481699	2.341833844960787
355	holistic	60	2	2	0.973577958610043	2.9802068309480454
355	conventional	60	1	1	0.784142026324206	2.152929388785551
356	holistic	60	0	0	1.0333950927340652	2.935304284084021
356	conventional	60	2	2	0.7626454708418237	1.9972057066815048
357	holistic	60	1	1	1.0515286488932185	3.1836503069799726
357	conventional	60	3	3	0.7157050000971311	1.7856334313744335
358	holistic	60	2	2	0.9889799021205161	2.773545985077504
358	conventional	60	3	3	0.7328000035605664	1.7406550988571323
359	holistic	60	0	0	1.017342433564286	2.69987290787765
359	conventional	60	2	2	0.7948167140078365	3.737335324357533
360	holistic	60	0	0	1.0100441973425132	2.6354640332379353
360	conventional	60	1	1	0.7410100812932333	1.7377256983704423
361	holistic	60	1	1	1.0367805738640101	2.6058123330792196
361	conventional	60	0	0	0.8274248953472197	1.736801466359674
362	holistic	60	2	2	1.0486480919393069	2.517329582770515
362	conventional	60	1	1	0.8384047512919337	2.6994570895751875
363	holistic	60	1	1	1.047594625891196	2.432574766270763
363	conventional	60	0	0	0.8471712676428423	1.9985777329944139
364	holistic	60	0	0	1.0835089424300512	2.3499313786770033
364	conventional	60	0	0	0.7863923606869618	2.035268163944236
365	holistic	60	1	1	1.0779773562599704	2.3256821473572784
365	conventional	60	0	0	0.7755985002447212	1.9169007636111226
366	holistic	60	2	2	1.0493730583390262	2.268527537246419
366	conventional	60	0	0	0.7519754847288919	1.7183579629229953
367	holistic	60	2	2	1.1110675147968059	2.9092515643622763
367	conventional	60	2	2	0.7684436332733017	1.8697649713754885
368	holistic	60	0	0	1.1294397278019317	3.370063427991817
368	conventional	60	0	0	0.8463143242179071	2.441009141243638
369	holistic	60	0	0	1.166708071787224	4.216984080946507
369	conventional	60	0	0	0.8221805037223313	2.1488674157400065
370	holistic	60	1	1	1.1716981233147472	3.127176617998573
370	conventional	60	1	1	0.8003004365287967	1.8595359285085074
371	holistic	60	0	0	1.1666223299328766	2.87653010809967
371	conventional	60	0	0	0.8153748103459929	1.8152739525611665
372	holistic	60	1	1	1.1659573882371614	3.710417402589497
372	conventional	60	3	3	0.8061819195228795	1.8382862784960372
373	holistic	60	0	0	1.2140793966684684	3.164319153047445
373	conventional	60	2	2	0.7531184186255467	1.74525988952777
374	holistic	60	0	0	1.2273688999914185	3.005140447726123
374	conventional	60	1	1	0.8371003367919536	3.424356929365541
375	holistic	60	0	0	1.1846525116587021	2.8823406870963098
375	conventional	60	3	3	0.7953351671173592	1.793492484151656
376	holistic	60	0	0	1.1578955567188105	2.5853890933902646
376	conventional	60	0	0	0.8889781182877646	2.443351453996329
377	holistic	60	2	2	1.1598953189703702	2.5812687101761203
377	conventional	60	1	1	0.9099618803630195	2.3076812495165493
378	holistic	60	2	2	1.1349994742717895	2.5667907833011947
378	conventional	60	3	3	0.9000721522428704	3.406746057813931
379	holistic	60	3	3	1.23476895612475	3.9025536467120503
379	conventional	60	0	0	0.9543342816452223	2.9066539102192994
380	holistic	60	1	1	1.17871159796546	3.3688908141887053
380	conventional	60	0	0	0.9378038863136674	1.8384421266638913
381	holistic	60	3	3	1.1897880124958138	3.203738699502337
381	conventional	60	1	1	0.9525393197088909	2.297064532452882
382	holistic	60	1	1	1.1736284502105636	2.8766640878393996
382	conventional	60	0	0	0.9187402871350336	2.0091808184690025
383	holistic	60	1	1	1.1306444809077043	2.4948727000013853
383	conventional	60	1	1	0.882009502783794	1.9190400418729738
384	holistic	60	1	1	1.134981642541311	2.5027594314587187
384	conventional	60	3	3	0.8202276218564317	1.7377558094789174
385	holistic	60	4	4	1.1194377358471743	2.986290839792966
385	conventional	60	0	0	0.9267504335518749	3.218842614985366
386	holistic	60	1	1	1.07591237585243	2.460427849694014
386	conventional	60	3	3	0.8533130331733371	2.226270671863837
387	holistic	60	0	0	1.0974411157839425	2.770980209278253
387	conventional	60	1	1	0.8611868192669995	1.6783584723365654
388	holistic	60	0	0	1.10650103809958	2.457428696362564
388	conventional	60	1	1	0.9079179691405893	2.4781487586842426
389	holistic	60	2	2	1.0982250158669906	2.527624987046957
389	conventional	60	0	0	0.8699366786099005	2.02938642466729
390	holistic	60	2	2	1.0488652944405357	2.4054116091740507
390	conventional	60	2	2	0.840336158943821	1.7333505451171585
391	holistic	60	0	0	1.0334601016270248	2.360381612870223
391	conventional	60	2	2	0.8342620592368889	1.9130030368382636
392	holistic	60	7	7	0.8972994666906132	2.3641567510181227
392	conventional	60	2	2	0.8324155191270804	1.6845759256274437
393	holistic	60	2	2	0.9391613275903378	3.9367709699925797
393	conventional	60	1	1	0.8668258744403226	1.6616425918046216
394	holistic	60	1	1	0.964369146303235	2.229129415905212
394	conventional	60	0	0	0.939160075562194	2.2612880846258028
395	holistic	60	0	0	0.9957439307836934	2.264895843173638
395	conventional	60	0	0	0.9100435494387703	1.913032218770507
396	holistic	60	4	4	0.9773030415770452	2.6874333142282723
396	conventional	60	0	0	0.9412171113442044	2.0785655135684404
397	holistic	60	1	1	0.9562786819011958	2.7430563958370007
397	conventional	60	2	2	0.8720127144199755	1.9112234206994843
398	holistic	60	2	2	0.963812533913803	2.611749704917691
398	conventional	60	1	1	0.8976019941915246	1.770056254629521
399	holistic	60	1	1	0.9719623198943189	2.473568841158138
399	conventional	60	2	2	0.901630819224785	2.2130012588887142
400	holistic	60	3	3	0.9511238938817954	2.5679756692071045
400	conventional	60	1	1	0.9747189843961185	3.2293995900739323
401	holistic	60	0	0	1.030337970556494	2.9418995406698585
401	conventional	60	3	3	0.910189400436365	2.717256642327123
402	holistic	60	2	2	0.9646477786290706	2.7404320519561742
402	conventional	60	0	0	0.9431304757117702	2.5108991200528736
403	holistic	60	2	2	1.0070763456532772	2.8500702521265633
403	conventional	60	2	2	0.9314670244773565	2.0015171105101124
404	holistic	60	2	2	1.0373483127218643	2.6905532690987655
404	conventional	60	1	1	0.9992381001482815	2.674138828056092
405	holistic	60	0	0	1.0350540639376833	2.47898952090767
405	conventional	60	3	3	0.9153786857740734	2.0075671481994606
406	holistic	60	0	0	1.082462716526938	2.9289062345276062
406	conventional	60	2	2	0.9273446668691953	3.3813880254040707
407	holistic	60	1	1	1.0597231283144255	2.2747998565638614
407	conventional	60	5	5	0.8041309469270698	1.5127753256875893
408	holistic	60	2	2	1.0845452457161098	2.4409802429448395
408	conventional	60	1	1	0.8340625143852525	2.182813249098821
409	holistic	60	0	0	1.122250888992057	2.5879848719353014
409	conventional	60	1	1	0.7715073642542579	1.6028719887393872
410	holistic	60	0	0	1.1869039223624895	2.6630207723861594
410	conventional	60	1	1	0.9061643390959263	4.204393188993394
411	holistic	60	2	2	1.1202774140645153	2.730152513550566
411	conventional	60	5	5	0.802907834103111	2.2014847224005125
412	holistic	60	1	1	1.1130922671770773	2.592419630731679
412	conventional	60	0	0	0.9395238970032497	4.275573561145817
413	holistic	60	0	0	1.1589945486345712	2.7033408057674273
413	conventional	60	0	0	0.8564729103291554	1.8173665775200099
414	holistic	60	2	2	1.1238229986720552	2.623503538530114
414	conventional	60	2	2	0.881445963869371	2.2091941047828905
415	holistic	60	2	2	1.0935512420805116	2.5505234565943162
415	conventional	60	0	0	0.8684906231367631	2.039443141540835
416	holistic	60	0	0	1.1192669309430565	2.5667561671146544
416	conventional	60	0	0	0.9069290645189592	1.7768446168199625
417	holistic	60	1	1	1.1159210601814398	2.8209979975584276
417	conventional	60	4	4	0.8676418051633799	2.206556284467638
418	holistic	60	1	1	1.129874206921901	3.220649619506245
418	conventional	60	2	2	0.9402773397351262	2.40490268934855
419	holistic	60	2	2	1.1178226317951672	2.6453312425681363
419	conventional	60	2	2	0.8787791480585826	2.006514680133309
420	holistic	60	0	0	1.1358466942298506	2.54889546831093
420	conventional	60	2	2	0.8633078042243755	2.022930376984941
421	holistic	60	0	0	1.0993076991999393	2.8383980621244174
421	conventional	60	1	1	0.8811368524560231	2.342001723170071
422	holistic	60	2	2	1.0447298149178836	2.8745464997220043
422	conventional	60	2	2	0.8546418324773365	1.667084789613819
423	holistic	60	2	2	1.0129674628657892	2.8120686878601235
423	conventional	60	1	1	0.7972786987285329	1.56278559034565
424	holistic	60	0	0	1.013208937944571	2.816333218693591
424	conventional	60	0	0	0.8297470879927096	1.535997293733458
425	holistic	60	1	1	1.0377434152870308	2.8809469477810348
425	conventional	60	0	0	0.9278965444101671	1.892033893395881
426	holistic	60	3	3	1.0407410017152352	2.9409753499964673
426	conventional	60	1	1	0.9552144404499358	1.6808405131135238
427	holistic	60	2	2	1.1151873947432047	4.30588821830501
427	conventional	60	1	1	1.0220001039442324	3.262512797593584
428	holistic	60	0	0	1.147229075966625	3.783911332163482
428	conventional	60	0	0	1.0440563938711258	2.2616406374689246
429	holistic	60	0	0	1.1874677894366361	3.3357091303922086
429	conventional	60	0	0	1.0006475214665556	1.8927049556593893
430	holistic	60	2	2	1.1332969427412212	3.2364485912044967
430	conventional	60	0	0	0.986521484290885	2.194048244689646
431	holistic	60	0	0	1.1510383537093312	3.1462673668041634
431	conventional	60	0	0	0.9595231210456511	1.6623753390247407
432	holistic	60	1	1	1.098779339487681	3.0663034128574886
432	conventional	60	2	2	0.9155218256565945	1.7730320123928347
433	holistic	60	0	0	1.1408141074786768	3.0876123265886446
433	conventional	60	1	1	0.8700873578878778	1.666024574883729
434	holistic	60	2	2	1.1390359855204173	3.1074439666841847
434	conventional	60	1	1	0.873878008040048	1.6075398010310533
435	holistic	60	0	0	1.1163142765083514	3.0568549594231054
435	conventional	60	3	3	0.8167025619231633	1.591906531167493
436	holistic	60	0	0	1.1378411830451367	3.053906275698276
436	conventional	60	0	0	0.8015861968151874	1.5028148415844835
437	holistic	60	1	1	1.1034184228371917	3.051127322912329
437	conventional	60	2	2	0.7901054760448861	1.4713420555384458
438	holistic	60	2	2	1.0689710100163412	3.0049567670488857
438	conventional	60	4	4	0.7146921557139817	1.5226352235989933
439	holistic	60	3	3	1.0345953662277831	3.004405355864554
439	conventional	60	2	2	0.7895052153234285	1.7662297768824098
440	holistic	60	1	1	1.0129162802388725	2.982965912334766
440	conventional	60	0	0	0.9203803593169931	5.322962556127772
441	holistic	60	2	2	1.0575875686644376	3.755414848949261
441	conventional	60	1	1	0.881902370929258	3.191234076529612
442	holistic	60	1	1	1.0965260865440216	3.0213852736682547
442	conventional	60	0	0	0.8918760841620801	2.393425557397209
443	holistic	60	2	2	1.1253220646090945	3.0197802528957824
443	conventional	60	0	0	0.9113467996165565	2.824738405020991
444	holistic	60	1	1	1.0968182123462467	2.9799305168886727
444	conventional	60	3	3	0.8923147032632587	2.614019339495716
445	holistic	60	3	3	1.0987253961446533	2.9225022405993224
445	conventional	60	0	0	0.9459722639214235	3.2325054087154803
446	holistic	60	1	1	1.1320591562206679	2.9229681555424745
446	conventional	60	3	3	0.870124358153354	2.460984344053313
447	holistic	60	0	0	1.1391129092281174	2.9052614882865404
447	conventional	60	2	2	0.8779090019945468	2.5670777076920572
448	holistic	60	0	0	1.1322615175795818	3.0422144686919115
448	conventional	60	2	2	0.929027540480666	2.429454717671068
449	holistic	60	1	1	1.110703923832472	3.230561310499467
449	conventional	60	0	0	0.9513281526537523	2.217437016780669
450	holistic	60	3	3	1.1066956059936046	3.181709858075836
450	conventional	60	1	1	0.9238210902324905	2.2261226022086755
451	holistic	60	0	0	1.1306183219952701	2.925349193968719
451	conventional	60	2	2	0.8923501564670561	2.0035935951244803
452	holistic	60	6	6	1.0041983195366808	2.775408775311261
452	conventional	60	2	2	0.9068809047760954	2.335238826000968
453	holistic	60	2	2	0.9278555064285171	2.9288741719824136
453	conventional	60	2	2	0.9029530816962235	2.2460406662045496
454	holistic	60	2	2	0.9856419402575939	2.775756279061259
454	conventional	60	1	1	0.8602515448879301	2.051776175167824
455	holistic	60	0	0	1.0078486029899623	2.580432318550042
455	conventional	60	2	2	0.8896997692143458	2.2753432384957075
456	holistic	60	4	4	1.02856690243846	2.4668128691712563
456	conventional	60	2	2	0.8669895134206018	2.3765116796141794
457	holistic	60	1	1	1.0983172301964783	2.933295830131172
457	conventional	60	1	1	0.8779576912703738	2.2619602484616705
458	holistic	60	1	1	1.0940446010462304	2.3317397583576582
458	conventional	60	2	2	0.8488838239966535	2.3702836682121755
459	holistic	60	1	1	1.1341926502186865	2.9317951675885516
459	conventional	60	3	3	0.8095596910051517	2.218519356767018
460	holistic	60	2	2	1.123231504986424	2.9302087757323547
460	conventional	60	1	1	0.8544237016003127	2.12826621781795
461	holistic	60	0	0	1.0911440026702697	2.531418188606517
461	conventional	60	4	4	0.8107804732201157	4.330620039385849
462	holistic	60	2	2	1.0691686413135602	2.430504896219664
462	conventional	60	1	1	0.8286357794181327	2.4640911571927173
463	holistic	60	2	2	1.0808813536105228	2.4569212030110945
463	conventional	60	1	1	0.9463809675468667	2.963221318800976
464	holistic	60	3	3	1.1438096067494044	6.803206436386612
464	conventional	60	1	1	0.9810605536316795	2.432356897461771
465	holistic	60	0	0	1.1115025721171699	3.3865841423347076
465	conventional	60	3	3	0.8909424263799056	2.180796521486938
466	holistic	60	2	2	1.1045776097387585	3.981301675874492
466	conventional	60	3	3	0.8388848909543163	2.0566058409066046
467	holistic	60	1	1	1.1436747816080406	4.905412011129811
467	conventional	60	6	6	0.9117373285353205	2.314372817057902
468	holistic	60	3	3	1.054718192580324	3.853560472838378
468	conventional	60	0	0	0.9852554908590823	3.2180889528766548
469	holistic	60	0	0	1.166396725061238	3.8257930176779475
469	conventional	60	2	2	0.930297681381277	3.714682584960553
470	holistic	60	1	1	1.1332618273518296	3.3784417116201717
470	conventional	60	0	0	0.946890523404446	2.213614439607755
471	holistic	60	2	2	1.1225102865703962	3.1637814924424785
471	conventional	60	5	5	0.861029857557399	1.954931386181403
472	holistic	60	1	1	1.0898322094107888	3.335058280211931
472	conventional	60	0	0	1.0258921193630473	4.263636643764549
473	holistic	60	0	0	1.13844654111663	3.2363037189204364
473	conventional	60	1	1	0.9692199397521317	3.258616129026306
474	holistic	60	2	2	1.0903229115050954	2.839396442115349
474	conventional	60	0	0	0.9569621211488275	2.2598415206169085
475	holistic	60	0	0	1.148208245865072	2.7009513809347867
475	conventional	60	0	0	0.9249810300533348	1.652977681537552
476	holistic	60	1	1	1.1787085744168329	3.0941148776606284
476	conventional	60	0	0	0.9514363558338808	1.7759066227569933
477	holistic	60	0	0	1.221799536318536	2.9576708062596144
477	conventional	60	4	4	0.9177842219989972	1.8941122000012347
478	holistic	60	1	1	1.1938058885928873	2.8469920515408376
478	conventional	60	1	1	0.9371909977119237	1.8687289958985502
479	holistic	60	2	2	1.1684694711493016	2.8471211024424834
479	conventional	60	3	3	0.9910698366601218	4.336676961276957
480	holistic	60	0	0	1.1999853479354603	2.8668139209599954
480	conventional	60	3	3	0.9794193348441714	2.29739548305063
481	holistic	60	0	0	1.2424269868429108	2.9834441280028576
481	conventional	60	1	1	0.9454512621695008	2.311231850318983
482	holistic	60	2	2	1.215588638556344	3.074136444300903
482	conventional	60	2	2	0.9612059773691691	3.1791162578284267
483	holistic	60	2	2	1.2763303963631776	4.801508742344821
483	conventional	60	1	1	0.9915651521023102	2.692689083653903
484	holistic	60	1	1	1.2553484493427904	3.001039105045167
484	conventional	60	0	0	1.0571078914607293	3.2579034946202663
485	holistic	60	1	1	1.2396578260610873	2.880187651935167
485	conventional	60	0	0	0.9795169198619412	2.3570625910627183
486	holistic	60	2	2	1.201662629921665	3.031542521025606
486	conventional	60	1	1	0.9231338258276504	1.8739726296707435
487	holistic	60	2	2	1.1600695017118965	2.7755712894359243
487	conventional	60	1	1	0.9282723728562554	1.962658533650238
488	holistic	60	0	0	1.1753139564573796	2.840283164955706
488	conventional	60	0	0	0.9753318254048516	1.7596422361956239
489	holistic	60	0	0	1.2045154167077314	3.3642543769137867
489	conventional	60	1	1	1.0190105545610197	1.7897396414307372
490	holistic	60	1	1	1.1690498916695236	3.4487003500663818
490	conventional	60	0	0	1.046076501454419	2.0052178553935787
491	holistic	60	0	0	1.2094196841534504	3.2881168615518717
491	conventional	60	0	0	1.0303548055238916	1.722017076072883
492	holistic	60	1	1	1.1900694786855321	3.255585246911414
492	conventional	60	0	0	1.0224312882090376	1.733287372593995
493	holistic	60	0	0	1.2438750430503807	3.4364634282484467
493	conventional	60	1	1	1.0416117968804148	1.7812853156400104
494	holistic	60	2	2	1.1889608895469521	3.349573342229646
494	conventional	60	0	0	1.0518460574767694	1.7547174346678154
495	holistic	60	0	0	1.2575304396372793	3.272442572693182
495	conventional	60	2	2	1.0326234460541142	1.782803123616763
496	holistic	60	0	0	1.2410785660246335	3.382535458662157
496	conventional	60	0	0	1.0316841403914954	2.4029130443732245
497	holistic	60	1	1	1.2162494057962547	3.570978586743496
497	conventional	60	1	1	1.0049072320772583	1.7326422352625201
498	holistic	60	1	1	1.2132670020979583	3.576924343713802
498	conventional	60	3	3	1.026148905033696	3.2224936752362296
499	holistic	60	2	2	1.193463141807942	3.7016650999027774
499	conventional	60	2	2	0.9667223879416178	2.713549336886703
500	holistic	60	1	1	1.201064429590402	3.585970434475022
500	conventional	60	2	2	0.9306156300874329	1.8810448943381612
501	holistic	60	1	1	1.2774987391243549	5.708415200836317
501	conventional	60	2	2	0.8968345767003549	1.705716022171755
502	holistic	60	1	1	1.183060076901955	3.558727637550178
502	conventional	60	0	0	1.0773616888860116	4.335796350423433
503	holistic	60	3	3	1.1785049694442304	3.597989556386664
503	conventional	60	1	1	1.0107620443084824	2.838064616143054
504	holistic	60	1	1	1.1578521399542177	3.601484022909626
504	conventional	60	2	2	0.9656894098539983	2.326802185484571
505	holistic	60	4	4	1.0785711444618296	3.540618329039733
505	conventional	60	0	0	0.9787221194490269	2.081149456310126
506	holistic	60	1	1	1.2335898016374716	4.860001782125596
506	conventional	60	3	3	0.985416673849292	2.211609461614627
507	holistic	60	1	1	1.2403024593905863	3.550745258229707
507	conventional	60	2	2	1.011101775437197	3.1825388944002637
508	holistic	60	0	0	1.239803320555084	3.467053767952345
508	conventional	60	2	2	1.0696126779023916	2.376040628306437
509	holistic	60	1	1	1.2462343422619953	3.5310520896653728
509	conventional	60	1	1	1.0201473445756841	2.5420644576181
510	holistic	60	1	1	1.2489890209866517	3.7827553840394077
510	conventional	60	1	1	0.9919734252299424	2.233227522791998
511	holistic	60	0	0	1.237885525932244	3.5398621163381154
511	conventional	60	1	1	0.9767797604077543	2.0755656694949205
512	holistic	60	4	4	1.1554821051942856	3.4389376325088294
512	conventional	60	0	0	0.995520351290217	2.371875678308691
513	holistic	60	2	2	1.2389899125133594	4.704589725196023
513	conventional	60	1	1	1.005172092468357	2.3711282238616946
514	holistic	60	1	1	1.3630744872871632	4.750419510140276
514	conventional	60	1	1	1.054292613339243	2.4853759498918633
515	holistic	60	0	0	1.387560834185404	3.782598843592446
515	conventional	60	2	2	1.0155660112412632	2.0323509202720533
516	holistic	60	4	4	1.322870585474583	4.309360525976313
516	conventional	60	1	1	0.9972198638518834	2.1298592941008105
517	holistic	60	1	1	1.2318810115593228	3.6103004878224803
517	conventional	60	1	1	0.9887933998863503	2.095191092741319
518	holistic	60	0	0	1.27160532963801	3.4526420422841655
518	conventional	60	2	2	1.014425664946196	2.3290239353802944
519	holistic	60	1	1	1.2746837716112405	3.6709912074816273
519	conventional	60	2	2	0.9712381600191006	2.129824727711219
520	holistic	60	2	2	1.333184545630007	3.691836055527456
520	conventional	60	2	2	1.007122573120082	2.331669915790973
521	holistic	60	0	0	1.3809991717872956	3.6834653718121473
521	conventional	60	4	4	0.9214004076120186	2.2600299718326164
522	holistic	60	2	2	1.2959113058713203	4.186235746361947
522	conventional	60	0	0	1.006947264048546	2.7319853947169137
523	holistic	60	2	2	1.2913135542888265	3.5567471175309278
523	conventional	60	2	2	1.0460996228695727	2.831459285367931
524	holistic	60	1	1	1.3137520660209858	3.826655663563266
524	conventional	60	0	0	1.0990011019916566	2.905074163812587
525	holistic	60	0	0	1.3297193821789604	4.052026026206716
525	conventional	60	1	1	1.0020287197206177	3.0828059393344422
526	holistic	60	1	1	1.3635191299807203	3.7625955957633788
526	conventional	60	3	3	0.973718933170844	2.887717191374309
527	holistic	60	1	1	1.368768864489251	3.696452436903517
527	conventional	60	5	5	1.0705986884326322	5.458368843612828
528	holistic	60	3	3	1.3193374131089233	4.141173689220678
528	conventional	60	0	0	1.0216487382165955	3.597701543681571
529	holistic	60	0	0	1.4137851710585385	4.589029054406737
529	conventional	60	3	3	1.0246153186435811	2.932893181129933
530	holistic	60	1	1	1.4130030387686219	4.876432530313584
530	conventional	60	0	0	1.0106787336177752	2.851600695107046
531	holistic	60	1	1	1.386376799104363	4.7683296803154445
531	conventional	60	3	3	1.0509129205651961	2.6006408160487666
532	holistic	60	2	2	1.3140354634881208	4.770819183655397
532	conventional	60	0	0	1.1078677859009796	3.438703117912215
533	holistic	60	0	0	1.3168988969780053	4.628884624373242
533	conventional	60	1	1	1.0445496092198965	2.6894916919468574
534	holistic	60	2	2	1.2490729772258478	4.548364005855877
534	conventional	60	0	0	1.042894622181225	2.708294307422605
535	holistic	60	0	0	1.2575140436076058	4.733811026691434
535	conventional	60	2	2	1.0303314129869292	2.2241381646516274
536	holistic	60	2	2	1.2332841001124273	4.737038530687168
536	conventional	60	0	0	1.0398216034988614	3.1739964218591323
537	holistic	60	0	0	1.2833540284624554	4.858050210260149
537	conventional	60	1	1	1.089060472882154	2.8740331382030035
538	holistic	60	0	0	1.3148658542594664	4.816576932400722
538	conventional	60	2	2	1.0711673318038097	2.5166496455686507
539	holistic	60	2	2	1.310088783398096	4.851251079467726
539	conventional	60	2	2	1.1022383176574388	2.5083687317526793
540	holistic	60	0	0	1.3183433667668922	4.669433329639985
540	conventional	60	3	3	0.97729743387234	2.2041281984176195
541	holistic	60	0	0	1.332866666139651	4.775507429704994
541	conventional	60	2	2	1.0183896970696285	2.3864549127004375
542	holistic	60	2	2	1.2530534736413135	4.676732369128744
542	conventional	60	3	3	0.9642078989783617	2.1907155311444146
543	holistic	60	2	2	1.3067198110078095	4.867361790412944
543	conventional	60	1	1	1.03036561079096	2.2057463142724227
544	holistic	60	1	1	1.3240975786077318	4.712125485277865
544	conventional	60	0	0	1.108099034375237	2.2793969378384205
545	holistic	60	1	1	1.2969941538091108	4.682587480411235
545	conventional	60	0	0	1.0886125113887355	2.0854976960702247
546	holistic	60	3	3	1.2420220058393536	4.805772766699625
546	conventional	60	1	1	1.0220237754565626	2.0377678432655295
547	holistic	60	1	1	1.3441302289635015	4.7777648529762935
547	conventional	60	2	2	1.0641550992498965	2.0430745301914315
548	holistic	60	0	0	1.415002573454253	4.723829064244831
548	conventional	60	0	0	1.1219701339005188	3.3870220273858878
549	holistic	60	0	0	1.4503062023631277	4.700001367473445
549	conventional	60	1	1	1.175586302807226	3.360798383589738
550	holistic	60	1	1	1.3908000168532917	4.730678545999715
550	conventional	60	0	0	1.1743114840180044	3.0603069561820035
551	holistic	60	1	1	1.3711600514451696	4.7567444809292665
551	conventional	60	0	0	1.127456237781106	2.8928277541946734
552	holistic	60	1	1	1.3402899246881186	4.807205629748808
552	conventional	60	0	0	1.1129535881041046	2.7849981385719778
553	holistic	60	0	0	1.3429028970386185	4.784151955063335
553	conventional	60	1	1	1.0913319319325103	2.3844942301870895
554	holistic	60	3	3	1.3446666943567522	4.690046782941927
554	conventional	60	0	0	1.1245212837207625	2.2157516040043572
555	holistic	60	0	0	1.3497772111326225	4.576408046080839
555	conventional	60	1	1	1.1023966401075889	2.2229850621756815
556	holistic	60	0	0	1.3232250221942599	4.6946104281404155
556	conventional	60	0	0	1.0682908147532022	2.084969806897672
557	holistic	60	3	3	1.3068347977599426	4.676485723618383
557	conventional	60	2	2	1.0321476018513525	1.900273198288005
558	holistic	60	1	1	1.3179571526531513	4.637450095135416
558	conventional	60	1	1	1.0148467872208482	2.2989967587246305
559	holistic	60	1	1	1.4778778780415673	9.862861383560364
559	conventional	60	1	1	1.0230047243331044	2.1225166682934993
560	holistic	60	1	1	1.3865012538003956	6.876477368296666
560	conventional	60	1	1	1.0268413687333913	2.133271279317508
561	holistic	60	1	1	1.4046560936967378	5.2336987961669905
561	conventional	60	3	3	0.9983148172370124	1.984793847661173
562	holistic	60	1	1	1.431196645830807	4.641420431442745
562	conventional	60	0	0	1.052168906218627	2.182628536004244
563	holistic	60	2	2	1.3885727532307957	4.933543308217955
563	conventional	60	3	3	1.0500377500139988	2.18356568251441
564	holistic	60	1	1	1.3616162371034342	4.482752015674582
564	conventional	60	1	1	1.0235362595647293	2.1833733269428177
565	holistic	60	4	4	1.3170559964659299	4.39417065575557
565	conventional	60	0	0	1.0901998228008827	2.783759227006313
566	holistic	60	1	1	1.3591256565134728	4.402392260590003
566	conventional	60	4	4	1.0305857880864855	2.2856314772692596
567	holistic	60	1	1	1.3950088872313267	4.3223487649429115
567	conventional	60	2	2	1.1368329446306018	3.4163688535591814
568	holistic	60	0	0	1.413053352813559	4.2951277977026185
568	conventional	60	2	2	1.0615192296187468	2.286796072104913
569	holistic	60	1	1	1.3711822596407623	4.251911228339739
569	conventional	60	1	1	1.0492252587748394	2.9893760980664132
570	holistic	60	1	1	1.4131932218597094	4.2107200834017355
570	conventional	60	1	1	1.084560663459132	4.184554946241448
571	holistic	60	0	0	1.5418430368210223	7.713367426844998
571	conventional	60	1	1	1.0592763774911822	2.190791238928232
572	holistic	60	4	4	1.2947652618094925	3.88790102693273
572	conventional	60	1	1	1.038958247080763	1.8570931280419123
573	holistic	60	2	2	1.2806705063625656	3.6218798391717923
573	conventional	60	1	1	1.042380932436308	2.1857082386164377
574	holistic	60	1	1	1.3390634216100379	4.025437180578438
574	conventional	60	1	1	1.0002757470749968	1.83051305853432
575	holistic	60	0	0	1.355198834618198	4.11883161533627
575	conventional	60	3	3	0.997937438301683	1.9962061018036918
576	holistic	60	3	3	1.290568193053218	4.213384315039869
576	conventional	60	1	1	1.0107111525943453	3.3462815144634677
577	holistic	60	1	1	1.3723402575242183	4.19714500842204
577	conventional	60	2	2	0.9709258808044904	1.8487140987835942
578	holistic	60	0	0	1.335363511558756	4.38107487936961
578	conventional	60	2	2	0.950286854734483	1.8286334536597477
579	holistic	60	2	2	1.258521082434334	4.449371375129301
579	conventional	60	1	1	0.9739161087953746	2.3907969503144453
580	holistic	60	2	2	1.1907450462133844	4.242525079814983
580	conventional	60	2	2	0.8759283748214347	1.6578220551078389
581	holistic	60	0	0	1.1781592445189697	4.14182332764379
581	conventional	60	3	3	0.8550421062582126	1.7357230887395616
582	holistic	60	3	3	1.1320275838309444	4.047445379142778
582	conventional	60	0	0	0.9196988971641432	3.440974589873962
583	holistic	60	3	3	1.1528795094130377	3.960613473176256
583	conventional	60	3	3	0.9083303025675517	4.964389904055677
584	holistic	60	2	2	1.2663985373631468	8.354532912840574
584	conventional	60	1	1	0.899184551302438	3.806452794709101
585	holistic	60	0	0	1.3202633289996506	5.856340765823895
585	conventional	60	2	2	0.9810133173402481	3.72297330076271
586	holistic	60	2	2	1.2231547913776672	4.590992595426712
586	conventional	60	3	3	0.9171383905975455	3.0609855490674787
587	holistic	60	1	1	1.2679326082044853	4.329930266156466
587	conventional	60	4	4	0.9011587862460357	2.9633427414373323
588	holistic	60	2	2	1.2809784477292234	4.216499577535602
588	conventional	60	0	0	0.9527716645319267	2.7489035873866063
589	holistic	60	0	0	1.2706977793778658	4.1738796717126965
589	conventional	60	2	2	0.9322364577440965	2.866859080631955
590	holistic	60	1	1	1.2333570556148565	4.098981807077588
590	conventional	60	0	0	0.9284921778250884	2.9071024953967584
591	holistic	60	1	1	1.2405798989588974	4.032683905564012
591	conventional	60	4	4	0.8214693739508729	2.8616155937781818
592	holistic	60	2	2	1.207061740476135	4.088020865801834
592	conventional	60	1	1	0.8318002506135739	2.549991089418937
593	holistic	60	0	0	1.2276980766634789	3.995069887296353
593	conventional	60	1	1	0.8780582783938023	2.4586987258323605
594	holistic	60	2	2	1.1909174572891077	3.9060385112353138
594	conventional	60	2	2	0.8690734105785135	2.535622400628575
595	holistic	60	0	0	1.1872449759526142	4.040807368808304
595	conventional	60	2	2	0.9646233320266191	2.354506514869391
596	holistic	60	2	2	1.1336819269249765	4.166367019860228
596	conventional	60	1	1	0.9071369296663402	2.2274851126014332
597	holistic	60	0	0	1.1360786227209916	4.083032719590879
597	conventional	60	1	1	0.953012069500051	2.311391113023305
598	holistic	60	1	1	1.1511927836729758	4.027711981697873
598	conventional	60	1	1	0.9282145756792174	2.0168504894958623
599	holistic	60	1	1	1.2201412805770622	4.981812076794814
599	conventional	60	1	1	0.9298192681662676	2.0405575010319503
