# garden fresh-shift-24-conventional-d110 seed 24 conventional season 470 n=60 J=16 worlds=16..31 run=/tmp/rbt107-hrep/shift-24 work_cost=0.03 (105 s, workers 4)
fresh-shift-24-conventional-d110	24	conventional	470	ce807	0.7259	0.4180	1.3750	1.0625	21638.0492	21482.0500	0	0
fresh-shift-24-conventional-d110	24	conventional	470	ce809	0.5763	-0.1150	1.2500	0.5625	22456.6664	22584.2749	0	0
fresh-shift-24-conventional-d110	24	conventional	470	ce810	0.9422	0.7071	1.5625	1.3125	20675.9476	20178.6383	0	0
fresh-shift-24-conventional-d110	24	conventional	470	ce811	1.0614	0.6277	1.8750	1.4375	27120.2791	26991.7014	0	0
fresh-shift-24-conventional-d110	24	conventional	470	ce812	1.1343	0.3736	1.6875	0.9375	18439.7806	18797.5841	0	0
fresh-shift-24-conventional-d110	24	conventional	470	ce813	1.2010	1.0100	1.8125	1.6250	20382.5315	20499.1252	0	0
fresh-shift-24-conventional-d110	24	conventional	470	ce814	2.1896	1.5927	2.8125	2.1875	20764.5808	19827.7288	0	0
fresh-shift-24-conventional-d110	24	conventional	470	ce815	2.3826	1.6290	2.8750	2.1250	16413.1087	16532.0514	0	0
fresh-shift-24-conventional-d110	24	conventional	470	ce816	1.3539	0.4737	2.0000	1.1250	21536.8986	21708.8309	0	0
fresh-shift-24-conventional-d110	24	conventional	470	ce817	2.0474	0.9267	2.6875	1.5625	21335.2732	21192.6590	0	0
fresh-shift-24-conventional-d110	24	conventional	470	ce818	1.3724	1.0581	2.0000	1.6875	20920.4380	20978.5674	0	0
fresh-shift-24-conventional-d110	24	conventional	470	ce819	0.6934	0.5088	1.3125	1.1250	20637.4139	20538.7413	0	0
fresh-shift-24-conventional-d110	24	conventional	470	ce821	0.8691	0.5592	1.5625	1.2500	23111.7438	23025.6838	0	0
fresh-shift-24-conventional-d110	24	conventional	470	ce822	1.1912	0.5711	1.7500	1.1250	18627.2443	18462.1555	0	0
fresh-shift-24-conventional-d110	24	conventional	470	ce824	1.2972	0.8271	2.0000	1.5000	23426.3525	22428.6269	0	0
fresh-shift-24-conventional-d110	24	conventional	470	ce825	1.3492	1.2352	2.0000	1.8750	21694.5009	21325.7949	0	0
fresh-shift-24-conventional-d110	24	conventional	470	ce828	2.0719	0.8857	2.5000	1.3125	14269.7006	14225.2541	0	0
fresh-shift-24-conventional-d110	24	conventional	470	ce829	2.1215	1.3024	2.6250	1.8125	16783.5006	17002.8580	0	0
fresh-shift-24-conventional-d110	24	conventional	470	ce832	0.9404	0.7505	1.5625	1.3750	20735.6648	20817.4275	0	0
fresh-shift-24-conventional-d110	24	conventional	470	ce833	2.3787	0.9003	2.9375	1.4375	18625.7320	17907.0744	0	0
fresh-shift-24-conventional-d110	24	conventional	470	ce834	2.3798	1.1941	3.0625	1.8750	22755.2721	22697.6175	0	0
fresh-shift-24-conventional-d110	24	conventional	470	ce835	3.1710	0.6677	3.7500	1.2500	19301.6335	19408.7792	0	0
fresh-shift-24-conventional-d110	24	conventional	470	ce836	1.1828	0.6953	1.8750	1.3750	23073.5984	22656.4003	0	0
fresh-shift-24-conventional-d110	24	conventional	470	ce838	2.0727	1.1218	2.7500	1.8125	22576.0494	23023.2902	0	0
fresh-shift-24-conventional-d110	24	conventional	470	ce840	1.4093	1.0242	2.1250	1.7500	23856.4660	24194.5838	0	0
fresh-shift-24-conventional-d110	24	conventional	470	ce842	0.3724	0.0623	0.9375	0.6250	18837.4180	18757.7246	0	0
fresh-shift-24-conventional-d110	24	conventional	470	ce844	2.4718	0.9229	3.1875	1.6250	23855.6497	23404.6069	0	0
fresh-shift-24-conventional-d110	24	conventional	470	ce845	0.6238	0.6201	1.1250	1.1250	16706.2196	16829.5703	0	0
fresh-shift-24-conventional-d110	24	conventional	470	ce846	2.2796	1.1595	3.0000	1.8750	24013.5244	23851.5558	0	0
fresh-shift-24-conventional-d110	24	conventional	470	ce847	1.6397	0.4646	2.1875	1.0000	18260.5697	17847.0016	0	0
fresh-shift-24-conventional-d110	24	conventional	470	ce848	0.5084	0.1327	1.0000	0.6250	16386.8924	16410.7004	0	0
fresh-shift-24-conventional-d110	24	conventional	470	ce850	0.4532	0.3318	0.9375	0.8125	16143.2842	16023.0332	0	0
fresh-shift-24-conventional-d110	24	conventional	470	ce851	1.4233	1.0986	1.7500	1.4375	10889.5111	11297.0287	0	0
fresh-shift-24-conventional-d110	24	conventional	470	ce852	1.5544	0.4316	2.1875	1.0625	21102.4568	21031.0431	0	0
fresh-shift-24-conventional-d110	24	conventional	470	ce853	1.6006	1.1180	2.1250	1.6250	17478.9733	16901.1609	0	0
fresh-shift-24-conventional-d110	24	conventional	470	ce854	0.5840	0.5215	1.1875	1.1250	20116.1551	20116.2704	0	0
fresh-shift-24-conventional-d110	24	conventional	470	ce856	1.8555	1.1494	2.5000	1.8125	21484.3675	22102.6148	0	0
fresh-shift-24-conventional-d110	24	conventional	470	ce859	1.4941	0.2688	2.1250	0.8750	21029.9796	20205.3991	0	0
fresh-shift-24-conventional-d110	24	conventional	470	ce861	0.9618	0.5794	1.6250	1.2500	22105.1064	22353.9775	0	0
fresh-shift-24-conventional-d110	24	conventional	470	ce862	1.9829	1.3576	2.6875	2.0625	23485.8709	23496.4831	0	0
fresh-shift-24-conventional-d110	24	conventional	470	ce863	0.1665	0.2997	0.9375	1.0625	25700.5024	25427.9838	0	0
fresh-shift-24-conventional-d110	24	conventional	470	ce864	1.1176	0.7554	1.6875	1.3125	18998.2861	18570.3368	0	0
fresh-shift-24-conventional-d110	24	conventional	470	ce865	2.3835	1.7647	3.0625	2.4375	22633.0095	22426.6377	0	0
fresh-shift-24-conventional-d110	24	conventional	470	ce866	0.4251	0.7404	1.2500	1.5000	27496.7200	25321.1428	0	0
fresh-shift-24-conventional-d110	24	conventional	470	ce867	1.7656	0.7673	2.4375	1.4375	22397.4693	22340.4342	0	0
fresh-shift-24-conventional-d110	24	conventional	470	ce869	0.8104	0.7374	1.3750	1.3125	18820.0993	19169.9116	0	0
fresh-shift-24-conventional-d110	24	conventional	470	ce870	0.8010	0.5096	1.4375	1.1250	21215.7946	20514.7121	0	0
fresh-shift-24-conventional-d110	24	conventional	470	ce871	0.9037	0.4763	1.4375	1.0000	17792.0997	17455.3122	0	0
fresh-shift-24-conventional-d110	24	conventional	470	ce872	1.4063	0.6367	2.0625	1.3125	21871.8043	22525.4360	0	0
fresh-shift-24-conventional-d110	24	conventional	470	ce873	1.4566	0.5842	2.1875	1.3125	24362.5072	24275.2354	0	0
fresh-shift-24-conventional-d110	24	conventional	470	ce875	0.4221	0.4888	1.0625	1.1250	21346.0010	21206.7326	0	0
fresh-shift-24-conventional-d110	24	conventional	470	ce876	2.7838	1.2869	3.2500	1.7500	15539.3791	15438.2533	0	0
fresh-shift-24-conventional-d110	24	conventional	470	ce877	1.2314	0.1538	1.8750	0.8125	21454.5164	21957.4521	0	0
fresh-shift-24-conventional-d110	24	conventional	470	ce878	1.4565	0.9500	2.1875	1.6875	24366.8556	24584.8465	0	0
fresh-shift-24-conventional-d110	24	conventional	470	ce879	1.0851	1.0215	1.8125	1.7500	24247.4719	24282.7112	0	0
fresh-shift-24-conventional-d110	24	conventional	470	ce880	2.7879	1.2611	3.5000	1.9375	23736.0478	22545.0745	0	0
fresh-shift-24-conventional-d110	24	conventional	470	ce881	0.4623	0.5341	1.2500	1.3125	26255.8481	25947.1931	0	0
fresh-shift-24-conventional-d110	24	conventional	470	ce882	3.0603	1.1271	3.5625	1.6250	16741.3979	16597.8256	0	0
fresh-shift-24-conventional-d110	24	conventional	470	ce883	2.2550	0.9621	2.9375	1.6250	22749.1876	22097.4068	0	0
fresh-shift-24-conventional-d110	24	conventional	470	ce884	1.2397	0.4260	1.8125	1.0000	19094.6165	19131.7848	0	0
