# garden fresh-shift-23-conventional-d110 seed 23 conventional season 470 n=60 J=16 worlds=16..31 run=/tmp/rbt107-hrep/shift-23 work_cost=0.03 (97 s, workers 4)
fresh-shift-23-conventional-d110	23	conventional	470	ce909	2.3578	0.9944	2.9375	1.5625	19323.2160	18935.0991	0	0
fresh-shift-23-conventional-d110	23	conventional	470	ce911	1.8834	1.0721	2.4375	1.6250	18470.4243	18431.3454	0	0
fresh-shift-23-conventional-d110	23	conventional	470	ce912	1.2006	0.9249	1.9375	1.6250	24564.7794	23335.2869	0	0
fresh-shift-23-conventional-d110	23	conventional	470	ce913	1.6860	0.5696	2.3125	1.1875	20883.3590	20595.3254	0	0
fresh-shift-23-conventional-d110	23	conventional	470	ce916	1.7152	1.3660	2.3125	1.9375	19908.3446	19049.2373	0	0
fresh-shift-23-conventional-d110	23	conventional	470	ce917	1.3504	0.2966	1.8750	0.8125	17486.4242	17196.3298	0	0
fresh-shift-23-conventional-d110	23	conventional	470	ce918	1.4534	0.8717	1.8750	1.3125	14051.6809	14693.6790	0	0
fresh-shift-23-conventional-d110	23	conventional	470	ce919	0.8628	0.5042	1.3750	1.0000	17073.4196	16527.9902	0	0
fresh-shift-23-conventional-d110	23	conventional	470	ce920	1.3591	0.2196	1.9375	0.8125	19281.4097	19762.9431	0	0
fresh-shift-23-conventional-d110	23	conventional	470	ce922	1.1194	0.7698	1.8125	1.5000	23104.7167	24340.7956	0	0
fresh-shift-23-conventional-d110	23	conventional	470	ce923	0.6586	0.4381	1.2500	1.0625	19713.2413	20813.4539	0	0
fresh-shift-23-conventional-d110	23	conventional	470	ce924	1.3621	0.9253	2.1250	1.6875	25429.4384	25406.5262	0	0
fresh-shift-23-conventional-d110	23	conventional	470	ce925	1.1078	0.0476	1.8125	0.7500	23489.4909	23413.8508	0	0
fresh-shift-23-conventional-d110	23	conventional	470	ce926	2.9928	0.6426	3.6250	1.2500	21072.5268	20247.4155	0	0
fresh-shift-23-conventional-d110	23	conventional	470	ce927	1.4227	0.6218	2.1250	1.3125	23408.4386	23024.3069	0	0
fresh-shift-23-conventional-d110	23	conventional	470	ce929	1.3992	0.9455	1.8750	1.4375	15859.8541	16400.7805	0	0
fresh-shift-23-conventional-d110	23	conventional	470	ce930	0.7681	0.7632	1.5000	1.5000	24397.4735	24560.4341	0	0
fresh-shift-23-conventional-d110	23	conventional	470	ce932	1.2830	0.9873	1.7500	1.4375	15565.6714	15007.3117	0	0
fresh-shift-23-conventional-d110	23	conventional	470	ce933	1.1923	0.3185	1.6250	0.7500	14424.0858	14383.8191	0	0
fresh-shift-23-conventional-d110	23	conventional	470	ce934	0.8219	0.9471	1.6250	1.7500	26769.6131	26764.8060	0	0
fresh-shift-23-conventional-d110	23	conventional	470	ce935	0.3398	-0.2312	1.0625	0.5000	24090.5587	24374.3703	0	0
fresh-shift-23-conventional-d110	23	conventional	470	ce936	2.0375	0.7986	2.6250	1.3750	19584.8080	19212.9335	0	0
fresh-shift-23-conventional-d110	23	conventional	470	ce938	1.0924	0.2817	1.6875	0.8750	19835.4487	19775.4889	0	0
fresh-shift-23-conventional-d110	23	conventional	470	ce940	0.9605	0.3910	1.5000	0.9375	17984.6144	18215.3115	0	0
fresh-shift-23-conventional-d110	23	conventional	470	ce942	1.5329	0.5049	2.1250	1.0625	19736.3644	18587.4373	0	0
fresh-shift-23-conventional-d110	23	conventional	470	ce946	0.1098	-0.0948	0.8125	0.6250	23422.3866	23992.4949	0	0
fresh-shift-23-conventional-d110	23	conventional	470	ce947	2.1417	0.9089	2.6875	1.4375	18194.5356	17621.6540	0	0
fresh-shift-23-conventional-d110	23	conventional	470	ce949	2.4972	1.4351	3.1875	2.1250	23009.2490	22997.8628	0	0
fresh-shift-23-conventional-d110	23	conventional	470	ce951	0.3809	0.0608	1.0000	0.6875	20637.7810	20889.6109	0	0
fresh-shift-23-conventional-d110	23	conventional	470	ce953	1.4643	1.1367	1.9375	1.6250	15773.2395	16277.0132	0	0
fresh-shift-23-conventional-d110	23	conventional	470	ce954	1.8258	0.1744	2.4375	0.7500	20388.6203	19185.8615	0	0
fresh-shift-23-conventional-d110	23	conventional	470	ce957	2.7037	1.0087	3.3125	1.6250	20291.9492	20543.2232	0	0
fresh-shift-23-conventional-d110	23	conventional	470	ce959	2.0683	0.3255	2.6250	0.9375	18556.6906	20398.8991	0	0
fresh-shift-23-conventional-d110	23	conventional	470	ce961	1.4890	0.4142	2.1250	1.0625	21200.0939	21610.7764	0	0
fresh-shift-23-conventional-d110	23	conventional	470	ce963	1.8545	0.9417	2.4375	1.5000	19432.2146	18611.5552	0	0
fresh-shift-23-conventional-d110	23	conventional	470	ce964	1.2826	0.5937	2.0000	1.3125	23914.5731	23958.5282	0	0
fresh-shift-23-conventional-d110	23	conventional	470	ce967	1.6690	0.6099	2.4375	1.3750	25615.2880	25502.0973	0	0
fresh-shift-23-conventional-d110	23	conventional	470	ce968	2.3172	0.6512	2.9375	1.2500	20676.2887	19960.9904	0	0
fresh-shift-23-conventional-d110	23	conventional	470	ce969	1.4685	0.2133	1.7500	0.5000	9383.6194	9558.1336	0	0
fresh-shift-23-conventional-d110	23	conventional	470	ce971	1.2168	0.8449	1.9375	1.5625	24024.8610	23920.1850	0	0
fresh-shift-23-conventional-d110	23	conventional	470	ce972	1.6095	0.7443	2.1250	1.2500	17184.5986	16858.1409	0	0
fresh-shift-23-conventional-d110	23	conventional	470	ce973	2.1746	0.8244	2.7500	1.3750	19180.6723	18354.0914	0	0
fresh-shift-23-conventional-d110	23	conventional	470	ce974	1.3883	0.2556	2.0000	0.8750	20388.3355	20646.7650	0	0
fresh-shift-23-conventional-d110	23	conventional	470	ce975	1.4162	0.6900	2.2500	1.4375	27793.5483	24916.6492	0	0
fresh-shift-23-conventional-d110	23	conventional	470	ce976	1.1484	0.5379	1.6875	1.0625	17971.4991	17485.0076	0	0
fresh-shift-23-conventional-d110	23	conventional	470	ce977	0.5537	0.3978	1.2500	1.1250	23208.6710	24240.6215	0	0
fresh-shift-23-conventional-d110	23	conventional	470	ce978	2.2873	0.6412	2.9375	1.3125	21674.9254	22378.0694	0	0
fresh-shift-23-conventional-d110	23	conventional	470	ce981	1.3268	0.7976	2.0000	1.4375	22440.0540	21331.2492	0	0
fresh-shift-23-conventional-d110	23	conventional	470	ce982	1.2720	0.8575	1.8125	1.3750	18017.7466	17249.1752	0	0
fresh-shift-23-conventional-d110	23	conventional	470	ce983	3.9642	2.4413	4.5625	3.0000	19944.8131	18624.8870	0	1
fresh-shift-23-conventional-d110	23	conventional	470	ce987	1.3368	0.7221	1.8750	1.2500	17938.7085	17597.1330	0	0
fresh-shift-23-conventional-d110	23	conventional	470	ce988	1.9629	0.8327	2.2500	1.1250	9569.2966	9742.1708	0	0
fresh-shift-23-conventional-d110	23	conventional	470	ce989	0.9888	0.2420	1.4375	0.7500	14958.0701	16934.5621	0	0
fresh-shift-23-conventional-d110	23	conventional	470	ce990	0.4876	0.7351	1.0625	1.3125	19164.9493	19246.2674	0	0
fresh-shift-23-conventional-d110	23	conventional	470	ce991	0.6891	0.1937	1.5000	1.0000	27029.6798	26875.2733	0	0
fresh-shift-23-conventional-d110	23	conventional	470	ce992	0.4772	0.4188	1.0000	0.9375	17425.0406	17290.8872	0	0
fresh-shift-23-conventional-d110	23	conventional	470	ce993	1.8034	0.4760	2.3750	1.0625	19054.4967	19549.6640	0	0
fresh-shift-23-conventional-d110	23	conventional	470	ce994	0.8391	-0.1859	1.5625	0.5625	24112.8317	24947.1739	0	0
fresh-shift-23-conventional-d110	23	conventional	470	ce995	0.8347	0.0265	1.6250	0.8125	26343.2640	26198.6253	0	0
fresh-shift-23-conventional-d110	23	conventional	470	ce996	1.1583	0.9094	1.6875	1.4375	17641.5116	17602.4854	0	0
