# garden fresh-base-20-conventional-d110 seed 20 conventional season 470 n=60 J=16 worlds=16..31 run=/tmp/rbt107-hrep/base-20 work_cost=0.03 (118 s, workers 4)
fresh-base-20-conventional-d110	20	conventional	470	ce1000	2.6018	1.1134	3.2500	1.7500	21605.2334	21220.7830	0	0
fresh-base-20-conventional-d110	20	conventional	470	ce1002	1.1393	1.3239	1.8125	2.0000	22439.3266	22537.6914	0	0
fresh-base-20-conventional-d110	20	conventional	470	ce1003	2.1315	1.4490	2.8750	2.1875	24783.7166	24617.1438	0	0
fresh-base-20-conventional-d110	20	conventional	470	ce1004	2.8908	1.3126	3.3750	1.8125	16139.0482	16664.1663	0	0
fresh-base-20-conventional-d110	20	conventional	470	ce1007	1.9340	0.7412	2.6250	1.4375	23032.0509	23211.0905	0	0
fresh-base-20-conventional-d110	20	conventional	470	ce1009	0.2313	-0.0199	0.5625	0.3125	11038.5316	11081.6583	0	0
fresh-base-20-conventional-d110	20	conventional	470	ce1010	1.7004	0.1907	2.3750	0.8750	22486.1420	22811.4536	0	0
fresh-base-20-conventional-d110	20	conventional	470	ce1011	0.8445	0.2819	1.4375	0.8750	19767.7064	19771.3846	0	0
fresh-base-20-conventional-d110	20	conventional	470	ce1012	1.7360	1.8056	2.5625	2.6250	27551.1751	27314.8452	0	0
fresh-base-20-conventional-d110	20	conventional	470	ce1015	0.9696	0.7722	1.7500	1.5625	26012.1470	26344.4019	0	0
fresh-base-20-conventional-d110	20	conventional	470	ce1016	2.0772	0.8830	2.7500	1.5625	22425.9352	22649.3428	0	0
fresh-base-20-conventional-d110	20	conventional	470	ce1017	1.9193	1.2931	2.6875	2.0625	25607.2996	25645.7312	0	0
fresh-base-20-conventional-d110	20	conventional	470	ce1021	1.6778	0.6861	2.3750	1.3750	23239.6823	22963.1773	0	0
fresh-base-20-conventional-d110	20	conventional	470	ce1022	1.4202	0.3704	2.1250	1.0625	23494.7046	23068.4220	0	0
fresh-base-20-conventional-d110	20	conventional	470	ce1023	2.7061	0.7844	3.2500	1.3125	18128.3934	17602.2531	0	0
fresh-base-20-conventional-d110	20	conventional	470	ce1025	0.7904	0.5966	1.5625	1.3750	25737.5301	25947.2406	0	0
fresh-base-20-conventional-d110	20	conventional	470	ce1026	1.5424	0.6623	2.1875	1.3125	21502.3592	21672.4527	0	0
fresh-base-20-conventional-d110	20	conventional	470	ce1027	2.6041	0.7305	3.1875	1.3125	19446.3635	19398.9745	0	0
fresh-base-20-conventional-d110	20	conventional	470	ce1028	1.4385	0.7431	2.1875	1.5000	24968.0330	25229.8598	0	0
fresh-base-20-conventional-d110	20	conventional	470	ce1029	1.6244	0.8078	2.2500	1.4375	20852.5551	20989.2643	0	0
fresh-base-20-conventional-d110	20	conventional	470	ce1030	1.5828	0.7121	2.1875	1.3125	20156.3490	20014.3852	0	0
fresh-base-20-conventional-d110	20	conventional	470	ce935	1.0406	0.6689	1.6875	1.3125	21562.7190	21454.7973	0	0
fresh-base-20-conventional-d110	20	conventional	470	ce936	1.7908	0.6119	2.5000	1.3125	23641.1659	23354.9981	0	0
fresh-base-20-conventional-d110	20	conventional	470	ce937	1.4824	0.1814	2.1250	0.8125	21421.1649	21037.8809	0	0
fresh-base-20-conventional-d110	20	conventional	470	ce939	1.6021	0.7478	2.3750	1.5000	25761.9233	25074.8940	0	0
fresh-base-20-conventional-d110	20	conventional	470	ce940	1.8356	1.1661	2.5625	1.8750	24228.5987	23630.3303	0	0
fresh-base-20-conventional-d110	20	conventional	470	ce943	0.9377	0.4927	1.6250	1.1875	22910.6738	23161.4208	0	0
fresh-base-20-conventional-d110	20	conventional	470	ce947	2.6820	1.6338	3.1875	2.1250	16851.6626	16372.3596	0	0
fresh-base-20-conventional-d110	20	conventional	470	ce949	2.3586	0.8666	3.1250	1.6250	25545.8772	25280.0808	0	0
fresh-base-20-conventional-d110	20	conventional	470	ce950	1.8418	0.5921	2.5000	1.2500	21940.3319	21930.7339	0	0
fresh-base-20-conventional-d110	20	conventional	470	ce951	1.5751	0.5149	2.2500	1.1875	22495.3673	22420.6987	0	0
fresh-base-20-conventional-d110	20	conventional	470	ce952	1.3670	1.0520	2.1250	1.8125	25266.5459	25349.5815	0	0
fresh-base-20-conventional-d110	20	conventional	470	ce954	0.4292	0.3065	1.1250	1.0000	23193.0692	23117.8784	0	0
fresh-base-20-conventional-d110	20	conventional	470	ce955	1.4591	0.7058	2.2500	1.5000	26363.9545	26473.1601	0	0
fresh-base-20-conventional-d110	20	conventional	470	ce957	2.6863	0.7512	3.5000	1.5625	27122.5823	27044.7575	0	0
fresh-base-20-conventional-d110	20	conventional	470	ce958	1.0338	0.5358	1.6250	1.1250	19707.8698	19638.7012	0	0
fresh-base-20-conventional-d110	20	conventional	470	ce959	2.2719	1.4568	3.0000	2.1875	24268.6220	24355.9918	0	0
fresh-base-20-conventional-d110	20	conventional	470	ce960	1.6708	0.6044	2.3750	1.3125	23473.4537	23602.5031	0	0
fresh-base-20-conventional-d110	20	conventional	470	ce961	0.9739	0.7112	1.3750	1.1250	13369.8238	13793.8525	0	0
fresh-base-20-conventional-d110	20	conventional	470	ce962	2.9160	1.9843	3.5625	2.6250	21549.4122	21355.9155	0	0
fresh-base-20-conventional-d110	20	conventional	470	ce963	1.7600	0.9707	2.5000	1.6875	24666.5608	23894.8068	0	0
fresh-base-20-conventional-d110	20	conventional	470	ce965	1.7542	0.8076	2.5000	1.5625	24858.4805	25162.6726	0	0
fresh-base-20-conventional-d110	20	conventional	470	ce966	1.9165	0.9859	2.7500	1.8125	27784.4977	27554.9660	0	0
fresh-base-20-conventional-d110	20	conventional	470	ce968	2.5903	1.5874	3.3125	2.3125	24074.7914	24168.8246	0	0
fresh-base-20-conventional-d110	20	conventional	470	ce970	2.8895	1.8293	3.6250	2.5625	24515.9209	24441.1184	0	0
fresh-base-20-conventional-d110	20	conventional	470	ce971	1.3630	0.9381	2.0625	1.6250	23316.5724	22897.1719	0	0
fresh-base-20-conventional-d110	20	conventional	470	ce972	3.3913	1.3814	4.1250	2.1250	24455.0875	24786.1618	0	0
fresh-base-20-conventional-d110	20	conventional	470	ce975	2.4031	1.1380	2.8750	1.6250	15729.5333	16234.7478	0	0
fresh-base-20-conventional-d110	20	conventional	470	ce977	0.8761	0.8711	1.6250	1.6250	24962.7114	25130.8980	0	0
fresh-base-20-conventional-d110	20	conventional	470	ce978	3.1406	1.4296	3.7500	2.0625	20313.7071	21097.4198	0	0
fresh-base-20-conventional-d110	20	conventional	470	ce980	2.3156	1.2469	3.1250	2.0625	26979.0294	27185.1231	0	0
fresh-base-20-conventional-d110	20	conventional	470	ce982	1.6234	1.0510	2.3750	1.8125	25054.4355	25382.8985	0	0
fresh-base-20-conventional-d110	20	conventional	470	ce983	1.5526	0.7502	2.2500	1.4375	23246.4865	22909.6278	0	0
fresh-base-20-conventional-d110	20	conventional	470	ce985	2.1094	1.1769	2.5625	1.6250	15102.7730	14937.3414	0	0
fresh-base-20-conventional-d110	20	conventional	470	ce993	1.5374	0.9733	2.1875	1.6250	21671.6175	21722.2697	0	0
fresh-base-20-conventional-d110	20	conventional	470	ce994	1.9198	0.9497	2.3750	1.4375	15173.4522	16261.5632	0	0
fresh-base-20-conventional-d110	20	conventional	470	ce996	0.8966	0.0143	1.4375	0.5625	18028.5911	18273.9187	0	0
fresh-base-20-conventional-d110	20	conventional	470	ce997	1.4709	0.8388	2.1875	1.5625	23888.2159	24122.7327	0	0
fresh-base-20-conventional-d110	20	conventional	470	ce998	2.2815	0.7541	3.0000	1.4375	23950.0953	22779.9967	0	0
fresh-base-20-conventional-d110	20	conventional	470	ce999	1.2637	0.5701	1.9375	1.2500	22460.8204	22662.8925	0	0
