# garden fresh-shift-19-conventional-d110 seed 19 conventional season 470 n=60 J=16 worlds=0..15 run=/tmp/rbt107-hrep/shift-19 work_cost=0.03 (94 s, workers 4)
fresh-shift-19-conventional-d110	19	conventional	470	ce863	0.5043	0.2059	1.1875	0.8750	22771.7479	22302.7637	0	0
fresh-shift-19-conventional-d110	19	conventional	470	ce864	3.0682	1.3814	3.6250	1.9375	18559.7539	18537.8715	0	0
fresh-shift-19-conventional-d110	19	conventional	470	ce866	0.9544	0.3912	1.5000	0.9375	18185.6052	18208.9452	0	0
fresh-shift-19-conventional-d110	19	conventional	470	ce867	0.6112	0.6104	1.1250	1.1250	17126.8699	17153.3434	0	0
fresh-shift-19-conventional-d110	19	conventional	470	ce868	2.1501	1.0512	2.8125	1.6875	22080.3252	21209.2364	0	0
fresh-shift-19-conventional-d110	19	conventional	470	ce869	3.1225	0.9720	3.6875	1.4375	18833.8694	15517.1349	0	0
fresh-shift-19-conventional-d110	19	conventional	470	ce870	0.8170	0.3778	1.3750	0.9375	18600.6661	18657.1850	0	0
fresh-shift-19-conventional-d110	19	conventional	470	ce871	1.7892	1.1149	2.3125	1.6250	17443.4123	17001.9979	0	0
fresh-shift-19-conventional-d110	19	conventional	470	ce872	-0.2409	-0.3040	0.6250	0.5625	28862.0341	28884.8321	0	0
fresh-shift-19-conventional-d110	19	conventional	470	ce874	2.3619	1.0336	2.8750	1.5625	17103.0172	17630.8830	0	0
fresh-shift-19-conventional-d110	19	conventional	470	ce878	0.7302	0.2162	1.5000	0.9375	25658.5802	24042.0228	0	0
fresh-shift-19-conventional-d110	19	conventional	470	ce883	2.1178	1.1920	2.6250	1.6875	16906.1187	16515.4000	0	0
fresh-shift-19-conventional-d110	19	conventional	470	ce884	3.5043	0.5482	4.1250	1.1875	20689.5706	21310.3789	0	0
fresh-shift-19-conventional-d110	19	conventional	470	ce885	0.4376	0.3582	0.8750	0.8125	14578.8126	15142.9418	0	0
fresh-shift-19-conventional-d110	19	conventional	470	ce886	1.1106	1.3844	1.5625	1.8750	15061.7404	16352.6779	0	0
fresh-shift-19-conventional-d110	19	conventional	470	ce888	1.6200	0.3866	2.1250	0.9375	16831.9076	18361.6829	0	0
fresh-shift-19-conventional-d110	19	conventional	470	ce889	0.8683	0.2556	1.5000	0.8750	21056.8771	20648.1357	0	0
fresh-shift-19-conventional-d110	19	conventional	470	ce890	0.5035	0.3257	1.1250	0.9375	20717.7665	20393.0705	0	0
fresh-shift-19-conventional-d110	19	conventional	470	ce891	1.5284	0.9666	2.1250	1.5625	19887.0784	19863.5002	0	0
fresh-shift-19-conventional-d110	19	conventional	470	ce892	2.8907	0.6988	3.4375	1.2500	18227.8238	18372.9234	0	0
fresh-shift-19-conventional-d110	19	conventional	470	ce893	2.7888	1.7904	3.1875	2.1875	13289.8138	13235.0443	0	0
fresh-shift-19-conventional-d110	19	conventional	470	ce894	2.7425	1.3081	3.2500	1.8125	16916.6521	16813.1013	0	0
fresh-shift-19-conventional-d110	19	conventional	470	ce898	1.8049	0.5688	2.5625	1.3125	25251.9745	24789.0074	0	0
fresh-shift-19-conventional-d110	19	conventional	470	ce900	3.0055	1.1564	3.5000	1.6875	16483.8653	17701.7564	0	0
fresh-shift-19-conventional-d110	19	conventional	470	ce902	2.8868	0.9847	3.3750	1.5000	16273.9878	17175.3399	0	0
fresh-shift-19-conventional-d110	19	conventional	470	ce904	3.2672	1.9609	3.7500	2.4375	16092.0803	15887.1233	0	0
fresh-shift-19-conventional-d110	19	conventional	470	ce908	1.0396	0.7103	1.7500	1.3750	23679.1241	22155.3992	0	0
fresh-shift-19-conventional-d110	19	conventional	470	ce909	1.4903	0.6755	1.8750	1.0625	12823.8648	12899.3391	0	0
fresh-shift-19-conventional-d110	19	conventional	470	ce910	2.7130	1.0918	3.1875	1.5625	15816.9293	15688.4698	0	0
fresh-shift-19-conventional-d110	19	conventional	470	ce911	0.6586	0.2040	1.0625	0.6250	13464.8140	14033.8845	0	0
fresh-shift-19-conventional-d110	19	conventional	470	ce912	1.0431	0.6074	1.5625	1.1250	17313.4869	17251.7768	0	0
fresh-shift-19-conventional-d110	19	conventional	470	ce913	2.7511	0.7594	3.2500	1.2500	16631.3878	16353.6915	0	0
fresh-shift-19-conventional-d110	19	conventional	470	ce914	0.8857	0.3279	1.5000	0.9375	20476.5963	20320.7100	0	0
fresh-shift-19-conventional-d110	19	conventional	470	ce915	0.3856	0.2003	0.8750	0.6875	16314.5260	16240.4875	0	0
fresh-shift-19-conventional-d110	19	conventional	470	ce917	2.6005	1.0275	3.1250	1.5625	17484.1057	17832.3591	0	0
fresh-shift-19-conventional-d110	19	conventional	470	ce919	2.7629	0.4801	3.3750	1.0625	20402.2297	19414.6329	0	0
fresh-shift-19-conventional-d110	19	conventional	470	ce922	2.8009	0.9913	3.3125	1.5000	17054.4618	16956.4123	0	0
fresh-shift-19-conventional-d110	19	conventional	470	ce923	2.0747	1.5160	2.6250	2.0625	18343.7430	18215.3199	0	0
fresh-shift-19-conventional-d110	19	conventional	470	ce924	0.5328	0.4028	1.0000	0.8125	15573.4624	13658.1229	0	1
fresh-shift-19-conventional-d110	19	conventional	470	ce925	1.6336	0.7796	2.0625	1.1875	14297.9580	13598.0412	0	0
fresh-shift-19-conventional-d110	19	conventional	470	ce926	0.8095	0.4992	1.4375	1.1250	20934.4060	20860.6287	0	0
fresh-shift-19-conventional-d110	19	conventional	470	ce930	2.0276	0.6922	2.6875	1.3125	21996.0612	20675.7834	0	1
fresh-shift-19-conventional-d110	19	conventional	470	ce931	1.1955	0.8274	1.3750	1.0625	5983.2981	7836.2896	0	0
fresh-shift-19-conventional-d110	19	conventional	470	ce932	1.2103	0.4618	1.7500	1.0000	17989.2931	17940.2935	0	0
fresh-shift-19-conventional-d110	19	conventional	470	ce933	2.8325	1.1259	3.3125	1.6250	15998.5960	16637.1083	0	0
fresh-shift-19-conventional-d110	19	conventional	470	ce934	0.6389	0.4517	1.1875	1.0000	18286.2513	18276.3047	0	0
fresh-shift-19-conventional-d110	19	conventional	470	ce936	0.3179	0.3745	1.0000	1.0625	22736.1087	22931.9782	0	0
fresh-shift-19-conventional-d110	19	conventional	470	ce937	2.4241	0.9356	3.0625	1.5625	21281.4450	20895.7859	0	0
fresh-shift-19-conventional-d110	19	conventional	470	ce938	2.5739	1.2607	3.1250	1.8125	18371.0759	18392.3299	0	0
fresh-shift-19-conventional-d110	19	conventional	470	ce939	2.0124	0.7037	2.5000	1.1875	16253.8940	16126.5671	0	0
fresh-shift-19-conventional-d110	19	conventional	470	ce940	0.5320	0.4721	0.8125	0.7500	9351.3818	9264.1296	0	0
fresh-shift-19-conventional-d110	19	conventional	470	ce941	2.7524	1.8565	3.3750	2.5000	20753.2780	21451.2678	0	0
fresh-shift-19-conventional-d110	19	conventional	470	ce942	2.5777	0.4593	3.1250	1.0000	18241.9313	18024.8071	0	0
fresh-shift-19-conventional-d110	19	conventional	470	ce944	0.6455	0.2113	0.6875	0.2500	1399.5275	1290.9311	0	0
fresh-shift-19-conventional-d110	19	conventional	470	ce946	1.7578	1.2878	2.4375	1.9375	22655.8670	21655.8169	0	0
fresh-shift-19-conventional-d110	19	conventional	470	ce947	1.5660	0.8187	2.1250	1.3750	18632.2638	18543.9328	0	0
fresh-shift-19-conventional-d110	19	conventional	470	ce949	1.8483	0.9593	2.3125	1.4375	15474.4617	15939.2317	0	0
fresh-shift-19-conventional-d110	19	conventional	470	ce950	0.5935	0.2181	1.1250	0.7500	17715.4094	17730.9129	0	0
fresh-shift-19-conventional-d110	19	conventional	470	ce951	1.6687	0.8570	1.9375	1.1250	8960.6829	8934.5899	0	1
fresh-shift-19-conventional-d110	19	conventional	470	ce952	1.3308	1.0175	1.8750	1.5625	18140.1827	18165.1163	0	0
