# garden fresh-cull20-27-conventional-d110 seed 27 conventional season 470 n=60 J=16 worlds=16..31 run=/tmp/rbt107-hrep/cull20-27 work_cost=0.03 (118 s, workers 4)
fresh-cull20-27-conventional-d110	27	conventional	470	ce1000	-0.3067	-0.4213	0.5625	0.4375	28973.9880	28627.6892	0	0
fresh-cull20-27-conventional-d110	27	conventional	470	ce899	0.5926	0.2739	1.1875	0.8750	19831.4620	20037.9928	0	0
fresh-cull20-27-conventional-d110	27	conventional	470	ce903	1.1791	0.6139	1.6250	1.0625	14862.7483	14953.8474	0	0
fresh-cull20-27-conventional-d110	27	conventional	470	ce904	0.8549	0.3543	1.5625	1.0625	23588.1559	23605.5646	0	0
fresh-cull20-27-conventional-d110	27	conventional	470	ce906	1.3521	0.5359	2.0000	1.1875	21598.1874	21720.8630	0	0
fresh-cull20-27-conventional-d110	27	conventional	470	ce909	2.4083	1.3701	3.0000	2.0000	19723.4001	20997.5244	0	0
fresh-cull20-27-conventional-d110	27	conventional	470	ce910	0.1937	0.0737	0.4375	0.3125	8125.1077	7961.3567	0	0
fresh-cull20-27-conventional-d110	27	conventional	470	ce913	2.0084	1.1327	2.3125	1.4375	10135.2692	10159.4940	0	0
fresh-cull20-27-conventional-d110	27	conventional	470	ce914	1.4655	0.7340	2.0625	1.3125	19899.8327	19282.0938	0	0
fresh-cull20-27-conventional-d110	27	conventional	470	ce915	1.0629	0.7349	1.6250	1.3125	18737.3394	19252.0906	0	0
fresh-cull20-27-conventional-d110	27	conventional	470	ce918	2.1572	0.6006	2.8750	1.3125	23925.9070	23730.3915	0	0
fresh-cull20-27-conventional-d110	27	conventional	470	ce919	0.6822	0.4933	1.2500	1.0625	18925.0732	18971.7852	0	0
fresh-cull20-27-conventional-d110	27	conventional	470	ce922	1.9479	1.2040	2.6875	1.9375	24654.4425	24449.2132	0	0
fresh-cull20-27-conventional-d110	27	conventional	470	ce923	1.6336	0.3884	2.3125	1.0625	22631.5889	22468.6533	0	0
fresh-cull20-27-conventional-d110	27	conventional	470	ce924	0.4531	0.1358	1.0625	0.7500	20314.1444	20473.4157	0	0
fresh-cull20-27-conventional-d110	27	conventional	470	ce926	0.4730	0.2779	1.1250	0.9375	21734.5371	21985.3067	0	0
fresh-cull20-27-conventional-d110	27	conventional	470	ce927	1.1150	0.1881	1.8125	0.8750	23251.0155	22895.6709	0	0
fresh-cull20-27-conventional-d110	27	conventional	470	ce928	0.9110	0.4746	1.0625	0.6250	5049.0033	5012.3396	0	0
fresh-cull20-27-conventional-d110	27	conventional	470	ce929	2.4260	0.7585	3.0625	1.5000	21216.7897	24716.2998	0	0
fresh-cull20-27-conventional-d110	27	conventional	470	ce930	2.4211	1.0303	3.0000	1.6250	19297.3270	19821.9176	0	0
fresh-cull20-27-conventional-d110	27	conventional	470	ce932	1.2794	0.9443	1.8125	1.4375	17769.0647	16438.4048	0	1
fresh-cull20-27-conventional-d110	27	conventional	470	ce933	1.5362	0.6572	2.0000	1.1250	15458.9002	15594.8307	0	0
fresh-cull20-27-conventional-d110	27	conventional	470	ce935	1.2004	0.5470	1.6875	1.0625	16236.3446	17181.7711	0	0
fresh-cull20-27-conventional-d110	27	conventional	470	ce940	2.9376	1.2137	3.6875	1.9375	24998.2541	24127.1357	0	0
fresh-cull20-27-conventional-d110	27	conventional	470	ce941	1.3715	0.5066	2.0625	1.1875	23032.0288	22696.3212	0	0
fresh-cull20-27-conventional-d110	27	conventional	470	ce942	1.1328	0.7719	1.6250	1.2500	16406.8274	15935.9541	0	0
fresh-cull20-27-conventional-d110	27	conventional	470	ce943	0.6334	0.3845	1.4375	1.1875	26802.8999	26768.0532	0	0
fresh-cull20-27-conventional-d110	27	conventional	470	ce946	1.6753	1.4907	2.3750	2.1875	23321.7275	23225.5629	0	0
fresh-cull20-27-conventional-d110	27	conventional	470	ce947	1.4642	0.5277	2.1875	1.2500	24110.1923	24076.0576	0	0
fresh-cull20-27-conventional-d110	27	conventional	470	ce948	1.3088	0.3637	1.6875	0.7500	12622.2398	12876.4466	0	0
fresh-cull20-27-conventional-d110	27	conventional	470	ce950	0.6908	-0.1815	1.2500	0.3750	18639.9332	18548.5236	0	0
fresh-cull20-27-conventional-d110	27	conventional	470	ce953	0.8960	0.2680	1.6250	1.0000	24299.5024	24399.5409	0	0
fresh-cull20-27-conventional-d110	27	conventional	470	ce956	0.1155	0.2410	0.3750	0.5000	8650.2887	8634.4397	0	0
fresh-cull20-27-conventional-d110	27	conventional	470	ce960	1.4422	0.2686	2.1875	1.0000	24843.2768	24379.2541	0	0
fresh-cull20-27-conventional-d110	27	conventional	470	ce962	1.3045	0.6871	1.7500	1.1250	14850.8986	14597.8778	0	0
fresh-cull20-27-conventional-d110	27	conventional	470	ce963	1.2298	0.5929	2.0000	1.3750	25674.0729	26069.9559	0	0
fresh-cull20-27-conventional-d110	27	conventional	470	ce964	2.5418	1.0339	3.0625	1.5625	17356.5476	17620.3562	0	0
fresh-cull20-27-conventional-d110	27	conventional	470	ce966	0.4883	0.6796	1.3125	1.5000	27473.7487	27346.3227	0	0
fresh-cull20-27-conventional-d110	27	conventional	470	ce967	1.0667	0.5035	1.6250	1.0625	18610.7603	18633.4139	0	0
fresh-cull20-27-conventional-d110	27	conventional	470	ce969	1.2651	0.6811	1.9375	1.3750	22414.4416	23130.1658	0	0
fresh-cull20-27-conventional-d110	27	conventional	470	ce971	0.2990	0.2898	0.5000	0.5000	6699.8403	7007.9106	0	0
fresh-cull20-27-conventional-d110	27	conventional	470	ce975	1.0041	1.1885	1.6250	1.8125	20696.4572	20799.9681	0	0
fresh-cull20-27-conventional-d110	27	conventional	470	ce976	1.5947	0.6544	2.3750	1.4375	26009.7955	26104.2860	0	0
fresh-cull20-27-conventional-d110	27	conventional	470	ce977	1.5064	0.3814	2.0625	0.9375	18535.7524	18536.9450	0	0
fresh-cull20-27-conventional-d110	27	conventional	470	ce978	1.2457	0.5084	2.0000	1.2500	25142.8665	24720.7754	0	0
fresh-cull20-27-conventional-d110	27	conventional	470	ce979	0.2248	0.1517	0.8125	0.7500	19589.1108	19944.5569	0	0
fresh-cull20-27-conventional-d110	27	conventional	470	ce980	2.1687	1.3232	2.6250	1.7500	15208.8656	14226.3487	0	1
fresh-cull20-27-conventional-d110	27	conventional	470	ce981	0.4217	0.0890	1.0000	0.6875	19276.3444	19948.4139	0	0
fresh-cull20-27-conventional-d110	27	conventional	470	ce984	1.9334	0.5622	2.6875	1.3125	25135.1212	25009.6984	0	0
fresh-cull20-27-conventional-d110	27	conventional	470	ce985	1.0931	0.5238	1.3125	0.7500	7313.2139	7538.6154	0	0
fresh-cull20-27-conventional-d110	27	conventional	470	ce988	1.4799	0.5721	2.0625	1.1875	19420.9352	20512.5604	0	0
fresh-cull20-27-conventional-d110	27	conventional	470	ce989	1.0707	0.3627	1.3750	0.6875	10144.2153	10827.0012	0	0
fresh-cull20-27-conventional-d110	27	conventional	470	ce990	1.7174	1.8213	2.3125	2.4375	19838.2370	20540.0320	0	0
fresh-cull20-27-conventional-d110	27	conventional	470	ce991	2.0388	0.7845	2.8125	1.5625	25788.5952	25934.8918	0	0
fresh-cull20-27-conventional-d110	27	conventional	470	ce992	0.7146	0.2770	1.5000	1.0625	26180.4970	26183.3523	0	0
fresh-cull20-27-conventional-d110	27	conventional	470	ce993	-0.2456	0.0653	0.3125	0.6250	18604.7795	18657.2676	0	0
fresh-cull20-27-conventional-d110	27	conventional	470	ce994	1.4991	0.7529	2.2500	1.5000	25030.1689	24903.6546	0	0
fresh-cull20-27-conventional-d110	27	conventional	470	ce995	2.0180	1.3942	2.8125	2.1875	26484.6174	26443.2522	0	0
fresh-cull20-27-conventional-d110	27	conventional	470	ce998	1.2094	1.0695	1.8125	1.6875	20104.1900	20598.8920	0	0
fresh-cull20-27-conventional-d110	27	conventional	470	ce999	0.4808	-0.0894	1.1250	0.5625	21473.8648	21731.6012	0	0
