# garden fresh-base-16-holistic-d110 seed 16 holistic season 470 n=60 J=16 worlds=0..15 run=/tmp/rbt107-hrep/base-16 work_cost=0.03 (58 s, workers 4)
fresh-base-16-holistic-d110	16	holistic	470	he708	0.8727	0.7487	1.0625	0.9375	6325.7425	6291.7492	0	0
fresh-base-16-holistic-d110	16	holistic	470	he709	0.9038	0.4031	1.5000	1.0000	19871.8347	19896.1966	0	0
fresh-base-16-holistic-d110	16	holistic	470	he712	1.0249	1.4009	1.3125	1.6875	9587.4776	9554.1224	0	0
fresh-base-16-holistic-d110	16	holistic	470	he713	1.2215	0.5956	1.4375	0.8125	7200.5337	7228.7165	0	0
fresh-base-16-holistic-d110	16	holistic	470	he715	0.7331	0.4839	0.7500	0.5000	562.8530	537.8559	0	0
fresh-base-16-holistic-d110	16	holistic	470	he718	1.2100	1.7780	1.5625	2.1875	11749.5848	13650.6342	3	1
fresh-base-16-holistic-d110	16	holistic	470	he719	0.6412	0.7021	0.9375	1.0000	9877.2276	9928.8324	0	0
fresh-base-16-holistic-d110	16	holistic	470	he720	1.9354	1.2617	2.0625	1.3750	4237.0884	3778.1523	0	0
fresh-base-16-holistic-d110	16	holistic	470	he721	1.1737	0.7998	1.4375	1.0625	8793.0680	8755.8465	0	0
fresh-base-16-holistic-d110	16	holistic	470	he722	1.6734	0.8007	2.1875	1.3125	17137.2739	17059.3958	2	2
fresh-base-16-holistic-d110	16	holistic	470	he725	0.1779	0.1781	0.5625	0.5625	12820.0717	12813.0819	0	0
fresh-base-16-holistic-d110	16	holistic	470	he726	0.9578	0.7099	1.3750	1.1250	13908.2348	13835.1335	0	0
fresh-base-16-holistic-d110	16	holistic	470	he728	1.0615	0.9976	1.3750	1.3125	10450.0987	10497.5886	0	0
fresh-base-16-holistic-d110	16	holistic	470	he731	0.8254	0.3895	0.8750	0.4375	1652.2826	1599.9330	0	0
fresh-base-16-holistic-d110	16	holistic	470	he732	1.1751	1.2393	1.2500	1.3125	2495.4045	2441.1230	0	0
fresh-base-16-holistic-d110	16	holistic	470	he735	1.1518	0.5879	1.5000	0.9375	11607.3965	11653.1248	0	0
fresh-base-16-holistic-d110	16	holistic	470	he736	1.4043	1.1565	1.6875	1.4375	9440.8118	9367.5972	0	0
fresh-base-16-holistic-d110	16	holistic	470	he737	1.0678	1.3183	1.2500	1.5000	6074.0155	6055.9819	0	0
fresh-base-16-holistic-d110	16	holistic	470	he738	0.7839	0.6008	0.8125	0.6250	954.3664	806.7236	0	0
fresh-base-16-holistic-d110	16	holistic	470	he740	2.3835	1.4453	2.8125	1.8750	14300.8014	14322.1660	0	0
fresh-base-16-holistic-d110	16	holistic	470	he743	1.8337	1.0235	2.3750	1.5625	18043.2047	17965.7521	0	0
fresh-base-16-holistic-d110	16	holistic	470	he745	2.2361	1.2316	2.5625	1.5625	10881.2375	11030.6274	0	0
fresh-base-16-holistic-d110	16	holistic	470	he746	1.0632	1.0064	1.3750	1.3125	10392.7272	10203.3203	0	0
fresh-base-16-holistic-d110	16	holistic	470	he747	1.2940	0.7338	1.6875	1.1250	13117.4083	13038.6994	0	0
fresh-base-16-holistic-d110	16	holistic	470	he748	1.1478	0.8957	1.5625	1.3125	13822.2690	13891.7242	0	0
fresh-base-16-holistic-d110	16	holistic	470	he749	3.1034	3.2281	3.3125	3.4375	6969.1361	6980.2047	0	0
fresh-base-16-holistic-d110	16	holistic	470	he750	1.5984	0.9097	1.8125	1.1250	7136.9396	7176.2535	0	0
fresh-base-16-holistic-d110	16	holistic	470	he751	1.4479	1.0738	1.5000	1.1250	1736.7696	1707.4434	0	0
fresh-base-16-holistic-d110	16	holistic	470	he752	0.5206	0.3341	0.7500	0.5625	7647.9022	7614.1661	0	0
fresh-base-16-holistic-d110	16	holistic	470	he753	1.3795	1.0065	1.4375	1.0625	1933.7659	1867.3726	0	0
fresh-base-16-holistic-d110	16	holistic	470	he754	1.2442	1.0569	1.6250	1.4375	12692.9623	12686.0585	0	0
fresh-base-16-holistic-d110	16	holistic	470	he755	1.4191	0.5450	1.7500	0.8750	11029.1284	10998.9255	0	0
fresh-base-16-holistic-d110	16	holistic	470	he756	0.8695	0.4941	1.3750	1.0000	16850.4406	16863.0410	0	0
fresh-base-16-holistic-d110	16	holistic	470	he758	1.5354	0.9729	1.7500	1.1875	7152.9178	7151.7511	0	0
fresh-base-16-holistic-d110	16	holistic	470	he759	-0.0078	-0.0079	0.0000	0.0000	258.6943	264.4286	0	0
fresh-base-16-holistic-d110	16	holistic	470	he761	1.9561	1.8337	2.5000	2.3750	18130.5052	18044.0008	1	1
fresh-base-16-holistic-d110	16	holistic	470	he762	1.7496	1.8138	2.0000	2.0625	8346.4707	8289.8940	0	0
fresh-base-16-holistic-d110	16	holistic	470	he763	1.1403	0.8287	1.1875	0.8750	1572.4288	1542.1244	0	0
fresh-base-16-holistic-d110	16	holistic	470	he765	0.6160	0.3643	0.8750	0.6250	8632.4623	8688.4528	0	0
fresh-base-16-holistic-d110	16	holistic	470	he766	1.6385	1.4512	1.9375	1.7500	9965.4964	9959.7805	0	0
fresh-base-16-holistic-d110	16	holistic	470	he767	0.8581	1.1707	0.8750	1.1875	564.4003	559.4919	0	0
fresh-base-16-holistic-d110	16	holistic	470	he768	0.8976	1.6499	1.0625	1.8125	5497.8181	5419.2355	0	0
fresh-base-16-holistic-d110	16	holistic	470	he769	1.2715	1.0845	1.6875	1.5000	13868.1065	13851.2057	0	0
fresh-base-16-holistic-d110	16	holistic	470	he770	0.7295	0.5410	1.0625	0.8750	11099.3797	11131.8652	0	0
fresh-base-16-holistic-d110	16	holistic	470	he771	1.0496	1.4372	1.5625	1.9375	17095.0800	16677.6679	2	2
fresh-base-16-holistic-d110	16	holistic	470	he773	1.9604	1.7728	2.3125	2.1250	11736.2779	11739.2987	0	0
fresh-base-16-holistic-d110	16	holistic	470	he775	0.7504	0.5627	0.8125	0.6250	2069.1328	2076.4468	0	0
fresh-base-16-holistic-d110	16	holistic	470	he776	1.8440	1.1584	2.0625	1.3750	7283.0567	7220.1378	0	0
fresh-base-16-holistic-d110	16	holistic	470	he778	1.6468	1.4004	2.0000	1.7500	11774.2619	11653.6122	0	0
fresh-base-16-holistic-d110	16	holistic	470	he779	1.1828	1.7010	1.8125	2.2500	20990.5398	18298.5747	1	1
fresh-base-16-holistic-d110	16	holistic	470	he780	2.1942	2.1322	2.3750	2.3125	6027.7330	6011.6640	0	0
fresh-base-16-holistic-d110	16	holistic	470	he781	1.4378	2.1240	1.8750	2.5625	14572.3241	14615.3422	0	0
fresh-base-16-holistic-d110	16	holistic	470	he782	1.0464	0.9843	1.0625	1.0000	536.6917	523.7464	0	0
fresh-base-16-holistic-d110	16	holistic	470	he784	1.2792	1.2802	1.5000	1.5000	7360.7028	7325.3902	0	0
fresh-base-16-holistic-d110	16	holistic	470	he785	2.1335	1.8372	2.6875	2.4375	18466.7605	20011.0315	1	0
fresh-base-16-holistic-d110	16	holistic	470	he786	0.7441	0.8071	1.0000	1.0625	8531.5309	8514.3637	0	0
fresh-base-16-holistic-d110	16	holistic	470	he788	0.5852	0.5242	1.0000	0.9375	13827.3410	13777.7639	0	0
fresh-base-16-holistic-d110	16	holistic	470	he790	0.3413	0.2761	0.3750	0.3125	1121.7105	1211.7312	0	0
fresh-base-16-holistic-d110	16	holistic	470	he791	0.9456	0.9488	1.0625	1.0625	3896.5559	3790.7023	0	0
fresh-base-16-holistic-d110	16	holistic	470	he792	0.0000	0.0000	0.0000	0.0000	0.0000	0.0000	0	0
