# garden fresh-shift-16-holistic-d110 seed 16 holistic season 470 n=60 J=16 worlds=16..31 run=/tmp/rbt107-hrep/shift-16 work_cost=0.03 (69 s, workers 4)
fresh-shift-16-holistic-d110	16	holistic	470	he715	0.9470	0.9469	1.0625	1.0625	3851.4665	3851.8568	0	0
fresh-shift-16-holistic-d110	16	holistic	470	he717	1.2981	1.2394	1.4375	1.3750	4646.5072	4519.8135	0	0
fresh-shift-16-holistic-d110	16	holistic	470	he719	1.1002	0.8513	1.3125	1.0625	7077.4391	7039.6611	0	0
fresh-shift-16-holistic-d110	16	holistic	470	he721	0.5973	0.5362	0.6250	0.5625	923.5616	877.1168	0	0
fresh-shift-16-holistic-d110	16	holistic	470	he722	1.8061	1.9384	1.9375	2.0625	4378.7227	4135.5702	0	0
fresh-shift-16-holistic-d110	16	holistic	470	he723	1.2641	1.0771	1.3125	1.1250	1611.7897	1596.2867	0	0
fresh-shift-16-holistic-d110	16	holistic	470	he724	1.8274	0.5204	2.0000	0.6875	5752.9692	5570.4385	0	0
fresh-shift-16-holistic-d110	16	holistic	470	he725	1.5472	2.2365	1.6875	2.3750	4676.9904	4616.5328	0	0
fresh-shift-16-holistic-d110	16	holistic	470	he726	1.6885	1.6278	1.8750	1.8125	6216.2075	6157.6290	0	0
fresh-shift-16-holistic-d110	16	holistic	470	he728	1.3529	1.1032	1.3750	1.1250	735.9599	727.5711	0	0
fresh-shift-16-holistic-d110	16	holistic	470	he729	1.2234	1.2232	1.4375	1.4375	7135.5944	7143.4187	0	0
fresh-shift-16-holistic-d110	16	holistic	470	he730	1.3590	0.8629	1.4375	0.9375	2615.0947	2485.6545	0	0
fresh-shift-16-holistic-d110	16	holistic	470	he732	1.2377	1.1760	1.3750	1.3125	4575.2868	4549.2754	0	0
fresh-shift-16-holistic-d110	16	holistic	470	he733	2.2576	2.0688	2.3750	2.1875	3913.5891	3955.4403	0	0
fresh-shift-16-holistic-d110	16	holistic	470	he734	1.0548	0.5575	1.3125	0.8125	8590.3063	8500.2119	0	0
fresh-shift-16-holistic-d110	16	holistic	470	he735	1.1481	0.9001	1.1875	0.9375	1314.6576	1246.3192	0	0
fresh-shift-16-holistic-d110	16	holistic	470	he738	1.3742	0.9377	1.4375	1.0000	2108.9570	2075.2913	0	0
fresh-shift-16-holistic-d110	16	holistic	470	he740	0.5869	0.3379	0.7500	0.5000	5436.2872	5404.8560	0	0
fresh-shift-16-holistic-d110	16	holistic	470	he741	0.2570	0.3785	0.3125	0.4375	1848.9784	1967.1121	0	0
fresh-shift-16-holistic-d110	16	holistic	470	he743	1.0705	1.9435	1.1875	2.0625	3898.3912	3967.0386	0	0
fresh-shift-16-holistic-d110	16	holistic	470	he744	1.3632	0.8632	1.6875	1.1875	10810.1939	10808.7771	0	0
fresh-shift-16-holistic-d110	16	holistic	470	he747	1.7680	1.5815	1.8750	1.6875	3566.0668	3533.3072	0	0
fresh-shift-16-holistic-d110	16	holistic	470	he748	0.0625	0.2500	0.0625	0.2500	0.0000	0.0000	0	0
fresh-shift-16-holistic-d110	16	holistic	470	he750	1.1172	0.8055	1.3125	1.0000	6511.2398	6484.3239	0	0
fresh-shift-16-holistic-d110	16	holistic	470	he751	0.7724	0.6483	0.8125	0.6875	1337.0168	1306.8502	0	0
fresh-shift-16-holistic-d110	16	holistic	470	he752	1.7169	1.6546	2.0000	1.9375	9435.0857	9430.0556	0	0
fresh-shift-16-holistic-d110	16	holistic	470	he754	2.7941	1.9240	2.8750	2.0000	2695.7840	2532.1091	0	0
fresh-shift-16-holistic-d110	16	holistic	470	he755	2.3783	2.3152	2.5625	2.5000	6138.9336	6160.3650	0	0
fresh-shift-16-holistic-d110	16	holistic	470	he756	0.2099	0.0859	0.2500	0.1250	1337.5548	1303.4435	0	0
fresh-shift-16-holistic-d110	16	holistic	470	he757	0.7228	0.9105	0.9375	1.1250	7158.0838	7150.6819	0	0
fresh-shift-16-holistic-d110	16	holistic	470	he758	0.9475	1.6352	1.0625	1.7500	3833.6810	3827.1600	0	0
fresh-shift-16-holistic-d110	16	holistic	470	he759	0.4727	0.3471	0.5000	0.3750	911.0789	928.4485	0	0
fresh-shift-16-holistic-d110	16	holistic	470	he760	0.9810	1.5357	1.3750	1.9375	13133.5064	13392.0156	0	0
fresh-shift-16-holistic-d110	16	holistic	470	he764	1.2825	0.8344	1.6250	1.1875	11416.5064	11770.0799	0	0
fresh-shift-16-holistic-d110	16	holistic	470	he765	2.0012	2.1267	2.1875	2.3125	6210.0591	6194.2442	0	0
fresh-shift-16-holistic-d110	16	holistic	470	he766	0.7675	1.2055	0.9375	1.3750	5666.4375	5650.4664	0	0
fresh-shift-16-holistic-d110	16	holistic	470	he767	1.4263	1.3627	1.4375	1.3750	373.8657	408.6307	0	0
fresh-shift-16-holistic-d110	16	holistic	470	he768	1.5996	0.9134	1.6250	0.9375	846.5600	803.1895	0	0
fresh-shift-16-holistic-d110	16	holistic	470	he769	0.6844	0.8095	0.6875	0.8125	102.1361	100.5027	0	0
fresh-shift-16-holistic-d110	16	holistic	470	he770	1.5240	1.4623	1.7500	1.6875	7534.0699	7506.8551	0	0
fresh-shift-16-holistic-d110	16	holistic	470	he773	0.6512	0.4690	0.7500	0.5625	3294.5941	3115.8292	0	0
fresh-shift-16-holistic-d110	16	holistic	470	he774	0.5845	0.4623	0.6250	0.5000	1348.5394	1257.0740	0	0
fresh-shift-16-holistic-d110	16	holistic	470	he776	0.7694	0.3962	0.8125	0.4375	1437.0380	1378.2320	0	0
fresh-shift-16-holistic-d110	16	holistic	470	he777	1.8110	2.3734	1.9375	2.5000	4217.3792	4218.4269	0	0
fresh-shift-16-holistic-d110	16	holistic	470	he779	2.6466	2.3850	2.9375	2.6875	9696.1077	10084.9096	0	0
fresh-shift-16-holistic-d110	16	holistic	470	he785	1.2874	1.1610	1.3125	1.1875	837.5445	883.2862	0	0
fresh-shift-16-holistic-d110	16	holistic	470	he788	1.5297	1.3422	1.7500	1.5625	7342.0377	7344.7245	0	0
fresh-shift-16-holistic-d110	16	holistic	470	he789	0.3969	0.1477	0.4375	0.1875	1353.1793	1327.7617	0	0
fresh-shift-16-holistic-d110	16	holistic	470	he791	1.2065	1.2070	1.3750	1.3750	5615.2716	5598.9479	0	0
fresh-shift-16-holistic-d110	16	holistic	470	he792	0.0984	0.0371	0.1250	0.0625	886.5762	846.0379	0	0
fresh-shift-16-holistic-d110	16	holistic	470	he793	1.2869	1.2849	1.5625	1.5625	9185.9954	9252.0386	0	0
fresh-shift-16-holistic-d110	16	holistic	470	he794	1.2060	1.3306	1.3125	1.4375	3550.0551	3564.5350	0	0
fresh-shift-16-holistic-d110	16	holistic	470	he795	1.3914	1.6421	1.5625	1.8125	5703.2091	5679.1693	0	0
fresh-shift-16-holistic-d110	16	holistic	470	he796	1.7374	1.3646	1.8750	1.5000	4585.3256	4514.6479	0	0
fresh-shift-16-holistic-d110	16	holistic	470	he798	1.1316	0.5690	1.3125	0.7500	6030.4318	6032.5047	0	0
fresh-shift-16-holistic-d110	16	holistic	470	he799	1.0859	0.8985	1.1250	0.9375	1303.4752	1299.6572	0	0
fresh-shift-16-holistic-d110	16	holistic	470	he800	0.7572	0.7674	1.0000	1.0000	8093.2034	7753.4939	0	0
fresh-shift-16-holistic-d110	16	holistic	470	he801	2.2592	1.7586	2.4375	1.9375	5944.8871	5963.7690	0	0
fresh-shift-16-holistic-d110	16	holistic	470	he802	1.2852	1.2223	1.4375	1.3750	5077.4826	5089.3629	0	0
fresh-shift-16-holistic-d110	16	holistic	470	he803	1.1054	2.1047	1.3750	2.3750	8986.9340	9008.4523	0	0
