RBT-80 population carriage — runs/RBT-80/seedB
arms: seeded, control, drift; seasons sampled every 10; direction probe 2 seeds x 3s, cached per genotype

### seeded: 451 distinct genotypes over 31 sampled seasons
| season | alive | carriers | fraction | median a | grad-dominant | inverted |
|---|---|---|---|---|---|---|
| 0 | 60 | 53 | 0.883 | +64.0 | 1.00 | 7 |
| 10 | 60 | 55 | 0.917 | +64.0 | 0.98 | 5 |
| 20 | 60 | 58 | 0.967 | +64.0 | 1.00 | 2 |
| 30 | 60 | 59 | 0.983 | +64.0 | 1.00 | 1 |
| 40 | 60 | 59 | 0.983 | +64.0 | 1.00 | 1 |
| 50 | 60 | 59 | 0.983 | +64.0 | 1.00 | 1 |
| 60 | 60 | 57 | 0.950 | +64.1 | 0.98 | 2 |
| 70 | 60 | 57 | 0.950 | +64.2 | 0.98 | 2 |
| 80 | 60 | 59 | 0.983 | +64.2 | 0.98 | 0 |
| 90 | 60 | 59 | 0.983 | +64.2 | 0.98 | 0 |
| 100 | 60 | 59 | 0.983 | +64.2 | 0.98 | 0 |
| 110 | 60 | 57 | 0.950 | +64.1 | 0.98 | 2 |
| 120 | 60 | 52 | 0.867 | +64.0 | 0.93 | 4 |
| 130 | 60 | 53 | 0.883 | +63.9 | 0.92 | 2 |
| 140 | 60 | 52 | 0.867 | +64.1 | 0.88 | 1 |
| 150 | 60 | 51 | 0.850 | +64.3 | 0.88 | 2 |
| 160 | 60 | 51 | 0.850 | +64.3 | 0.87 | 1 |
| 170 | 60 | 51 | 0.850 | +64.0 | 0.88 | 2 |
| 180 | 60 | 49 | 0.817 | +64.1 | 0.85 | 2 |
| 190 | 60 | 49 | 0.817 | +62.7 | 0.83 | 1 |
| 200 | 60 | 46 | 0.767 | +62.6 | 0.82 | 1 |
| 210 | 60 | 45 | 0.750 | +62.6 | 0.80 | 1 |
| 220 | 60 | 45 | 0.750 | +61.6 | 0.78 | 0 |
| 230 | 60 | 44 | 0.733 | +60.3 | 0.77 | 0 |
| 240 | 60 | 38 | 0.633 | +40.5 | 0.73 | 3 |
| 250 | 60 | 38 | 0.633 | +40.7 | 0.68 | 1 |
| 260 | 60 | 41 | 0.683 | +58.7 | 0.72 | 2 |
| 270 | 60 | 43 | 0.717 | +59.8 | 0.73 | 2 |
| 280 | 60 | 43 | 0.717 | +60.0 | 0.75 | 2 |
| 290 | 60 | 46 | 0.767 | +60.2 | 0.78 | 1 |
| 299 | 60 | 46 | 0.767 | +59.8 | 0.78 | 2 |
### control: 462 distinct genotypes over 31 sampled seasons
| season | alive | carriers | fraction | median a | grad-dominant | inverted |
|---|---|---|---|---|---|---|
| 0 | 60 | 0 | 0.000 | +0.0 | 0.00 | 0 |
| 10 | 60 | 0 | 0.000 | +0.0 | 0.00 | 0 |
| 20 | 60 | 0 | 0.000 | +0.0 | 0.00 | 0 |
| 30 | 60 | 0 | 0.000 | +0.0 | 0.00 | 0 |
| 40 | 60 | 0 | 0.000 | +0.0 | 0.00 | 0 |
| 50 | 60 | 0 | 0.000 | +0.0 | 0.00 | 0 |
| 60 | 60 | 0 | 0.000 | +0.0 | 0.00 | 0 |
| 70 | 60 | 0 | 0.000 | +0.0 | 0.00 | 0 |
| 80 | 60 | 0 | 0.000 | +0.0 | 0.00 | 0 |
| 90 | 60 | 0 | 0.000 | +0.0 | 0.00 | 0 |
| 100 | 60 | 0 | 0.000 | +0.0 | 0.00 | 0 |
| 110 | 60 | 0 | 0.000 | +0.0 | 0.00 | 0 |
| 120 | 60 | 0 | 0.000 | +0.0 | 0.00 | 0 |
| 130 | 60 | 0 | 0.000 | +0.0 | 0.02 | 0 |
| 140 | 60 | 0 | 0.000 | +0.0 | 0.05 | 0 |
| 150 | 60 | 0 | 0.000 | +0.0 | 0.07 | 0 |
| 160 | 60 | 0 | 0.000 | +0.0 | 0.05 | 0 |
| 170 | 60 | 0 | 0.000 | +0.0 | 0.05 | 0 |
| 180 | 60 | 0 | 0.000 | +0.0 | 0.05 | 0 |
| 190 | 60 | 0 | 0.000 | +0.0 | 0.05 | 0 |
| 200 | 60 | 0 | 0.000 | +0.0 | 0.03 | 0 |
| 210 | 60 | 0 | 0.000 | +0.0 | 0.05 | 0 |
| 220 | 60 | 0 | 0.000 | +0.0 | 0.08 | 0 |
| 230 | 60 | 0 | 0.000 | +0.0 | 0.08 | 0 |
| 240 | 60 | 0 | 0.000 | +0.0 | 0.10 | 0 |
| 250 | 60 | 0 | 0.000 | +0.0 | 0.10 | 0 |
| 260 | 60 | 0 | 0.000 | +0.0 | 0.07 | 0 |
| 270 | 60 | 0 | 0.000 | +0.0 | 0.05 | 0 |
| 280 | 60 | 0 | 0.000 | +0.0 | 0.02 | 0 |
| 290 | 60 | 0 | 0.000 | +0.0 | 0.03 | 0 |
| 299 | 60 | 0 | 0.000 | +0.0 | 0.02 | 0 |
### drift: 360 distinct genotypes over 31 sampled seasons
| season | alive | carriers | fraction | median a | grad-dominant | inverted |
|---|---|---|---|---|---|---|
| 0 | 60 | 53 | 0.883 | +64.0 | 1.00 | 7 |
| 10 | 60 | 52 | 0.867 | +64.0 | 1.00 | 8 |
| 20 | 60 | 52 | 0.867 | +64.0 | 1.00 | 8 |
| 30 | 60 | 53 | 0.883 | +64.0 | 1.00 | 7 |
| 40 | 60 | 53 | 0.883 | +64.0 | 1.00 | 7 |
| 50 | 60 | 47 | 0.783 | +64.0 | 1.00 | 12 |
| 60 | 60 | 49 | 0.817 | +63.5 | 1.00 | 10 |
| 70 | 60 | 50 | 0.833 | +63.8 | 1.00 | 9 |
| 80 | 60 | 51 | 0.850 | +63.8 | 1.00 | 8 |
| 90 | 60 | 50 | 0.833 | +63.1 | 1.00 | 9 |
| 100 | 60 | 50 | 0.833 | +61.1 | 1.00 | 9 |
| 110 | 60 | 54 | 0.900 | +61.1 | 1.00 | 6 |
| 120 | 60 | 50 | 0.833 | +54.3 | 0.98 | 8 |
| 130 | 60 | 49 | 0.817 | +53.3 | 0.98 | 9 |
| 140 | 60 | 49 | 0.817 | +53.3 | 0.98 | 9 |
| 150 | 60 | 50 | 0.833 | +56.3 | 0.98 | 8 |
| 160 | 60 | 49 | 0.817 | +56.3 | 0.98 | 9 |
| 170 | 60 | 51 | 0.850 | +54.3 | 0.98 | 7 |
| 180 | 60 | 50 | 0.833 | +50.7 | 1.00 | 10 |
| 190 | 60 | 51 | 0.850 | +50.7 | 1.00 | 9 |
| 200 | 60 | 51 | 0.850 | +50.8 | 1.00 | 9 |
| 210 | 60 | 50 | 0.833 | +50.7 | 1.00 | 10 |
| 220 | 60 | 51 | 0.850 | +49.9 | 1.00 | 9 |
| 230 | 60 | 48 | 0.800 | +41.0 | 1.00 | 12 |
| 240 | 60 | 45 | 0.750 | +43.1 | 0.97 | 12 |
| 250 | 60 | 45 | 0.750 | +46.0 | 0.97 | 12 |
| 260 | 60 | 45 | 0.750 | +46.0 | 0.97 | 12 |
| 270 | 60 | 45 | 0.750 | +46.0 | 0.97 | 12 |
| 280 | 60 | 45 | 0.750 | +47.7 | 0.97 | 12 |
| 290 | 60 | 45 | 0.750 | +46.0 | 0.97 | 12 |
| 299 | 60 | 45 | 0.750 | +40.3 | 0.97 | 13 |

### Carrier fraction at the final sampled season
  seeded   season 299: 0.767  (n=60)
  control  season 299: 0.000  (n=60)
  drift    season 299: 0.750  (n=60)

  seeded − drift = +0.017   (pre-registered: HELD if >= +0.20, NOT HELD if |d| < 0.10; mutation-only floor 0.575 at 11 mutations)

[exited with code 0]

### Transient check, season 290 -> 299 (seed B)

| arm | mean age 290 | mean age 299 | newborns | turnover |
|---|---|---|---|---|
| seeded | 30.0 | 29.9 | 4 | 14/60 |
| control | 30.5 | 32.2 | 3 | 9/60 |
| drift | 40.1 | 9.1 | 15 | 40/60 |

The drift transient RECURS, identically to seed A. It is structural: with the
economy flattened, deaths come only from max_age=60 against founders staggered
over [0,60), so the cohort cycle is set by the age distribution, not the
genotypes, and lands the same whatever the evolution seed. Lineages and configs
confirm the replication is genuine (different checksums, seeds 801 vs 802).

### Both readouts, both seeds, computed identically

| seed | plateau 250-299 seeded-drift (PRIMARY) | season 299 seeded-drift |
|---|---|---|
| A | +0.270 | +0.100 |
| B | -0.036 | +0.017 |
