RBT-80 carrier predicate under depths (1, 2, 4) — runs/RBT-80/seedA
arms: seeded, control, drift; seasons sampled every 10; direction probe 2 seeds x 3s, cached per genotype
carrier iff re-signed a >= +16; founder direction BACKWARD

### seeded: 429/429 genotypes measured over 31 seasons
| season | alive | carr d1 | frac d1 | med a d1 | carr d2 | frac d2 | med a d2 | carr d4 | frac d4 | med a d4 | inverted d2 | balance>0 | opposed<0 | median rho |
|---|---|---|---|---|---|---|---|---|---|---|---|---|---|---|
| 0 | 60 | 0 | 0.000 | +0.0 | 53 | 0.883 | +64.0 | 53 | 0.883 | +64.0 | 7 | 0 | 0 | 2.86 |
| 10 | 60 | 0 | 0.000 | +0.0 | 57 | 0.950 | +64.0 | 57 | 0.950 | +64.0 | 3 | 0 | 0 | 2.86 |
| 20 | 60 | 0 | 0.000 | +0.0 | 58 | 0.967 | +64.0 | 58 | 0.967 | +64.0 | 2 | 0 | 0 | 2.86 |
| 30 | 60 | 0 | 0.000 | +0.0 | 59 | 0.983 | +64.0 | 59 | 0.983 | +64.0 | 1 | 0 | 0 | 2.86 |
| 40 | 60 | 0 | 0.000 | +0.0 | 59 | 0.983 | +64.0 | 59 | 0.983 | +64.0 | 1 | 0 | 0 | 2.86 |
| 50 | 60 | 0 | 0.000 | +0.0 | 58 | 0.967 | +64.0 | 58 | 0.967 | +64.0 | 2 | 0 | 0 | 2.82 |
| 60 | 60 | 0 | 0.000 | +0.0 | 58 | 0.967 | +63.9 | 58 | 0.967 | +64.0 | 2 | 0 | 0 | 2.81 |
| 70 | 60 | 0 | 0.000 | +0.0 | 60 | 1.000 | +63.9 | 60 | 1.000 | +64.2 | 0 | 0 | 0 | 2.81 |
| 80 | 60 | 0 | 0.000 | +0.0 | 60 | 1.000 | +63.9 | 59 | 0.983 | +64.4 | 0 | 0 | 0 | 2.86 |
| 90 | 60 | 0 | 0.000 | +0.0 | 59 | 0.983 | +63.8 | 58 | 0.967 | +64.1 | 1 | 0 | 0 | 2.87 |
| 100 | 60 | 0 | 0.000 | +0.0 | 60 | 1.000 | +63.7 | 59 | 0.983 | +64.1 | 0 | 0 | 0 | 2.86 |
| 110 | 60 | 0 | 0.000 | +0.0 | 60 | 1.000 | +63.7 | 59 | 0.983 | +64.3 | 0 | 0 | 0 | 2.89 |
| 120 | 60 | 0 | 0.000 | +0.0 | 58 | 0.967 | +63.6 | 55 | 0.917 | +64.9 | 2 | 0 | 0 | 3.08 |
| 130 | 60 | 0 | 0.000 | +0.0 | 59 | 0.983 | +63.6 | 56 | 0.933 | +65.2 | 1 | 0 | 0 | 3.03 |
| 140 | 60 | 0 | 0.000 | +0.0 | 58 | 0.967 | +63.5 | 58 | 0.967 | +64.5 | 2 | 0 | 0 | 3.03 |
| 150 | 60 | 0 | 0.000 | +0.0 | 58 | 0.967 | +63.6 | 58 | 0.967 | +65.0 | 2 | 0 | 0 | 3.03 |
| 160 | 60 | 0 | 0.000 | +0.0 | 60 | 1.000 | +63.8 | 60 | 1.000 | +65.4 | 0 | 0 | 0 | 3.01 |
| 170 | 60 | 0 | 0.000 | +0.0 | 59 | 0.983 | +63.6 | 59 | 0.983 | +67.4 | 1 | 0 | 0 | 2.97 |
| 180 | 60 | 0 | 0.000 | +0.0 | 59 | 0.983 | +64.2 | 59 | 0.983 | +74.3 | 1 | 0 | 0 | 2.96 |
| 190 | 60 | 0 | 0.000 | +0.0 | 59 | 0.983 | +63.3 | 59 | 0.983 | +66.0 | 0 | 0 | 0 | 2.98 |
| 200 | 60 | 0 | 0.000 | +0.0 | 60 | 1.000 | +63.3 | 60 | 1.000 | +68.5 | 0 | 0 | 0 | 2.98 |
| 210 | 60 | 0 | 0.000 | +0.0 | 60 | 1.000 | +63.2 | 60 | 1.000 | +67.7 | 0 | 0 | 0 | 2.99 |
| 220 | 60 | 0 | 0.000 | +0.0 | 60 | 1.000 | +63.2 | 60 | 1.000 | +68.5 | 0 | 0 | 0 | 2.99 |
| 230 | 60 | 0 | 0.000 | +0.0 | 59 | 0.983 | +62.6 | 59 | 0.983 | +67.1 | 1 | 0 | 0 | 3.02 |
| 240 | 60 | 0 | 0.000 | +0.0 | 59 | 0.983 | +62.0 | 59 | 0.983 | +67.1 | 1 | 0 | 0 | 2.98 |
| 250 | 60 | 0 | 0.000 | +0.0 | 58 | 0.967 | +62.8 | 58 | 0.967 | +65.5 | 1 | 0 | 0 | 3.07 |
| 260 | 60 | 0 | 0.000 | +0.0 | 58 | 0.967 | +62.1 | 58 | 0.967 | +64.7 | 2 | 0 | 0 | 3.05 |
| 270 | 60 | 0 | 0.000 | +0.0 | 58 | 0.967 | +62.0 | 58 | 0.967 | +64.6 | 2 | 0 | 0 | 3.01 |
| 280 | 60 | 0 | 0.000 | +0.0 | 58 | 0.967 | +62.0 | 58 | 0.967 | +64.6 | 2 | 1 | 1 | 3.05 |
| 290 | 60 | 0 | 0.000 | +0.0 | 58 | 0.967 | +61.9 | 58 | 0.967 | +64.0 | 2 | 1 | 1 | 3.08 |
| 299 | 60 | 0 | 0.000 | +0.0 | 56 | 0.933 | +61.9 | 56 | 0.933 | +64.5 | 4 | 1 | 1 | 3.11 |
### control: 479/479 genotypes measured over 31 seasons
| season | alive | carr d1 | frac d1 | med a d1 | carr d2 | frac d2 | med a d2 | carr d4 | frac d4 | med a d4 | inverted d2 | balance>0 | opposed<0 | median rho |
|---|---|---|---|---|---|---|---|---|---|---|---|---|---|---|
| 0 | 60 | 0 | 0.000 | +0.0 | 0 | 0.000 | +0.0 | 0 | 0.000 | +0.0 | 0 | 0 | 0 | 2.86 |
| 10 | 60 | 0 | 0.000 | +0.0 | 0 | 0.000 | +0.0 | 0 | 0.000 | +0.0 | 0 | 0 | 0 | 2.90 |
| 20 | 60 | 0 | 0.000 | +0.0 | 0 | 0.000 | +0.0 | 0 | 0.000 | +0.0 | 0 | 0 | 0 | 3.04 |
| 30 | 60 | 0 | 0.000 | +0.0 | 0 | 0.000 | +0.0 | 0 | 0.000 | +0.0 | 0 | 0 | 0 | 3.02 |
| 40 | 60 | 0 | 0.000 | +0.0 | 0 | 0.000 | +0.0 | 0 | 0.000 | +0.0 | 0 | 0 | 0 | 2.95 |
| 50 | 60 | 0 | 0.000 | +0.0 | 0 | 0.000 | +0.0 | 0 | 0.000 | +0.0 | 0 | 0 | 0 | 3.00 |
| 60 | 60 | 0 | 0.000 | +0.0 | 0 | 0.000 | +0.0 | 0 | 0.000 | +0.0 | 0 | 0 | 0 | 3.02 |
| 70 | 60 | 0 | 0.000 | +0.0 | 0 | 0.000 | +0.0 | 0 | 0.000 | +0.0 | 0 | 0 | 0 | 2.90 |
| 80 | 60 | 0 | 0.000 | +0.0 | 0 | 0.000 | +0.0 | 0 | 0.000 | +0.0 | 0 | 0 | 0 | 2.89 |
| 90 | 60 | 0 | 0.000 | +0.0 | 0 | 0.000 | +0.0 | 0 | 0.000 | +0.0 | 0 | 0 | 0 | 2.91 |
| 100 | 60 | 0 | 0.000 | +0.0 | 0 | 0.000 | +0.0 | 0 | 0.000 | +0.0 | 0 | 0 | 0 | 2.79 |
| 110 | 60 | 0 | 0.000 | +0.0 | 0 | 0.000 | +0.0 | 0 | 0.000 | +0.0 | 0 | 0 | 0 | 2.79 |
| 120 | 60 | 0 | 0.000 | +0.0 | 0 | 0.000 | +0.0 | 0 | 0.000 | +0.0 | 0 | 0 | 0 | 2.67 |
| 130 | 60 | 0 | 0.000 | +0.0 | 0 | 0.000 | +0.0 | 0 | 0.000 | +0.0 | 0 | 0 | 0 | 2.66 |
| 140 | 60 | 0 | 0.000 | +0.0 | 0 | 0.000 | +0.0 | 0 | 0.000 | +0.0 | 0 | 0 | 0 | 2.70 |
| 150 | 60 | 0 | 0.000 | +0.0 | 0 | 0.000 | +0.0 | 0 | 0.000 | +0.0 | 0 | 0 | 0 | 2.68 |
| 160 | 60 | 0 | 0.000 | +0.0 | 0 | 0.000 | +0.0 | 0 | 0.000 | +0.0 | 0 | 0 | 0 | 2.68 |
| 170 | 60 | 0 | 0.000 | +0.0 | 0 | 0.000 | +0.0 | 0 | 0.000 | +0.0 | 0 | 0 | 0 | 2.69 |
| 180 | 60 | 0 | 0.000 | +0.0 | 0 | 0.000 | +0.0 | 0 | 0.000 | +0.0 | 0 | 0 | 0 | 2.73 |
| 190 | 60 | 0 | 0.000 | +0.0 | 0 | 0.000 | +0.0 | 0 | 0.000 | +0.0 | 0 | 0 | 0 | 2.74 |
| 200 | 60 | 0 | 0.000 | +0.0 | 0 | 0.000 | +0.0 | 0 | 0.000 | +0.0 | 0 | 0 | 0 | 2.73 |
| 210 | 60 | 0 | 0.000 | +0.0 | 0 | 0.000 | +0.0 | 0 | 0.000 | +0.0 | 0 | 0 | 0 | 2.74 |
| 220 | 60 | 0 | 0.000 | +0.0 | 0 | 0.000 | +0.0 | 0 | 0.000 | +0.0 | 0 | 0 | 0 | 2.78 |
| 230 | 60 | 0 | 0.000 | +0.0 | 0 | 0.000 | +0.0 | 0 | 0.000 | +0.0 | 0 | 0 | 0 | 2.79 |
| 240 | 60 | 0 | 0.000 | +0.0 | 0 | 0.000 | +0.0 | 0 | 0.000 | +0.0 | 0 | 0 | 0 | 2.78 |
| 250 | 60 | 0 | 0.000 | +0.0 | 0 | 0.000 | +0.0 | 0 | 0.000 | +0.0 | 0 | 0 | 0 | 2.89 |
| 260 | 60 | 0 | 0.000 | +0.0 | 0 | 0.000 | +0.0 | 0 | 0.000 | +0.0 | 0 | 0 | 0 | 2.93 |
| 270 | 60 | 0 | 0.000 | +0.0 | 0 | 0.000 | +0.0 | 0 | 0.000 | +0.0 | 0 | 0 | 0 | 2.85 |
| 280 | 60 | 0 | 0.000 | +0.0 | 0 | 0.000 | +0.0 | 0 | 0.000 | +0.0 | 0 | 0 | 0 | 2.88 |
| 290 | 60 | 0 | 0.000 | +0.0 | 0 | 0.000 | +0.0 | 0 | 0.000 | +0.0 | 0 | 1 | 1 | 2.89 |
| 299 | 60 | 0 | 0.000 | +0.0 | 0 | 0.000 | +0.0 | 0 | 0.000 | +0.0 | 0 | 0 | 0 | 2.89 |
### drift: 360/360 genotypes measured over 31 seasons
| season | alive | carr d1 | frac d1 | med a d1 | carr d2 | frac d2 | med a d2 | carr d4 | frac d4 | med a d4 | inverted d2 | balance>0 | opposed<0 | median rho |
|---|---|---|---|---|---|---|---|---|---|---|---|---|---|---|
| 0 | 60 | 0 | 0.000 | +0.0 | 53 | 0.883 | +64.0 | 53 | 0.883 | +64.0 | 7 | 0 | 0 | 2.86 |
| 10 | 60 | 0 | 0.000 | +0.0 | 53 | 0.883 | +64.0 | 53 | 0.883 | +64.0 | 7 | 0 | 0 | 2.87 |
| 20 | 60 | 0 | 0.000 | +0.0 | 54 | 0.900 | +64.0 | 54 | 0.900 | +64.0 | 6 | 0 | 0 | 2.87 |
| 30 | 60 | 0 | 0.000 | +0.0 | 54 | 0.900 | +64.0 | 54 | 0.900 | +64.0 | 6 | 0 | 0 | 2.90 |
| 40 | 60 | 0 | 0.000 | +0.0 | 54 | 0.900 | +64.0 | 54 | 0.900 | +64.0 | 6 | 0 | 0 | 2.87 |
| 50 | 60 | 0 | 0.000 | +0.0 | 51 | 0.850 | +64.0 | 50 | 0.833 | +64.0 | 9 | 0 | 0 | 2.85 |
| 60 | 60 | 0 | 0.000 | +0.0 | 42 | 0.700 | +63.8 | 40 | 0.667 | +62.4 | 18 | 1 | 1 | 2.82 |
| 70 | 60 | 0 | 0.000 | +0.0 | 42 | 0.700 | +63.8 | 40 | 0.667 | +61.2 | 18 | 1 | 1 | 2.80 |
| 80 | 60 | 0 | 0.000 | +0.0 | 42 | 0.700 | +63.8 | 40 | 0.667 | +61.2 | 18 | 1 | 1 | 2.80 |
| 90 | 60 | 0 | 0.000 | +0.0 | 42 | 0.700 | +62.5 | 40 | 0.667 | +61.2 | 18 | 1 | 1 | 2.80 |
| 100 | 60 | 0 | 0.000 | +0.0 | 40 | 0.667 | +61.7 | 38 | 0.633 | +58.3 | 20 | 1 | 1 | 2.80 |
| 110 | 60 | 0 | 0.000 | +0.0 | 37 | 0.617 | +61.2 | 36 | 0.600 | +59.8 | 23 | 1 | 1 | 2.79 |
| 120 | 60 | 0 | 0.000 | +0.0 | 37 | 0.617 | +61.3 | 37 | 0.617 | +64.7 | 23 | 0 | 0 | 2.62 |
| 130 | 60 | 0 | 0.000 | +0.0 | 36 | 0.600 | +61.2 | 36 | 0.600 | +64.7 | 24 | 0 | 0 | 2.62 |
| 140 | 60 | 0 | 0.000 | +0.0 | 35 | 0.583 | +61.2 | 35 | 0.583 | +64.4 | 25 | 0 | 0 | 2.66 |
| 150 | 60 | 0 | 0.000 | +0.0 | 36 | 0.600 | +61.3 | 36 | 0.600 | +64.0 | 24 | 0 | 0 | 2.62 |
| 160 | 60 | 0 | 0.000 | +0.0 | 37 | 0.617 | +61.6 | 37 | 0.617 | +64.4 | 23 | 0 | 0 | 2.62 |
| 170 | 60 | 0 | 0.000 | +0.0 | 39 | 0.650 | +62.6 | 39 | 0.650 | +64.8 | 21 | 0 | 0 | 2.71 |
| 180 | 60 | 0 | 0.000 | +0.0 | 39 | 0.650 | +63.6 | 39 | 0.650 | +65.9 | 21 | 1 | 0 | 2.77 |
| 190 | 60 | 0 | 0.000 | +0.0 | 40 | 0.667 | +63.6 | 40 | 0.667 | +65.9 | 20 | 1 | 0 | 2.77 |
| 200 | 60 | 0 | 0.000 | +0.0 | 40 | 0.667 | +63.6 | 40 | 0.667 | +65.9 | 20 | 1 | 0 | 2.79 |
| 210 | 60 | 0 | 0.000 | +0.0 | 39 | 0.650 | +61.2 | 39 | 0.650 | +65.9 | 21 | 2 | 0 | 2.79 |
| 220 | 60 | 0 | 0.000 | +0.0 | 39 | 0.650 | +61.2 | 39 | 0.650 | +65.9 | 21 | 2 | 0 | 2.79 |
| 230 | 60 | 0 | 0.000 | +0.0 | 41 | 0.683 | +65.5 | 41 | 0.683 | +66.4 | 19 | 3 | 0 | 2.78 |
| 240 | 60 | 0 | 0.000 | +0.0 | 40 | 0.667 | +58.9 | 39 | 0.650 | +58.9 | 20 | 2 | 0 | 2.79 |
| 250 | 60 | 0 | 0.000 | +0.0 | 39 | 0.650 | +58.3 | 38 | 0.633 | +58.3 | 21 | 2 | 0 | 2.78 |
| 260 | 60 | 0 | 0.000 | +0.0 | 40 | 0.667 | +58.9 | 39 | 0.650 | +58.9 | 20 | 2 | 0 | 2.77 |
| 270 | 60 | 0 | 0.000 | +0.0 | 41 | 0.683 | +60.3 | 40 | 0.667 | +60.9 | 19 | 1 | 0 | 2.76 |
| 280 | 60 | 0 | 0.000 | +0.0 | 42 | 0.700 | +61.4 | 41 | 0.683 | +62.5 | 18 | 1 | 0 | 2.77 |
| 290 | 60 | 0 | 0.000 | +0.0 | 42 | 0.700 | +60.3 | 41 | 0.683 | +60.6 | 18 | 0 | 0 | 2.79 |
| 299 | 60 | 0 | 0.000 | +0.0 | 51 | 0.850 | +67.3 | 50 | 0.833 | +71.6 | 8 | 2 | 0 | 2.71 |

### Verdict quantity  seeded - drift,  under each predicate
| readout | d1 seeded | d1 drift | d1 diff | d2 seeded | d2 drift | d2 diff | d4 seeded | d4 drift | d4 diff |
|---|---|---|---|---|---|---|---|---|---|
| plateau 250-299 | 0.000 | 0.000 | +0.000 | 0.961 | 0.708 | +0.253 | 0.961 | 0.692 | +0.269 |
| season 299 | 0.000 | 0.000 | +0.000 | 0.933 | 0.850 | +0.083 | 0.933 | 0.833 | +0.100 |
