# RBT-102 structural carriage -- runs/RBT-104/S1-805

seed 805; state.json season 600 of 600; fauna: conventional (fixed_body 'pioneer'); window seasons 300-599
genomes saved at birth: 1211; living names without a genome: 0

## Positive control (before any number)

  20 window genomes (seed 102); installs ((1.0, 1.0), (8.0, -1.0)) (w, sign)
  installed motif detected 40 of 40; install invalid 0; bare genomes carrying 8 of 20
  positive control: PASSED

## Carriage per season (living conventional fauna)

| season | alive | carriers | fraction | mean depth |
|---|---|---|---|---|
| 0 | 60 | 31 | 0.5167 | 0.0 |
| 1 | 60 | 32 | 0.5333 | 0.1 |
| 2 | 60 | 32 | 0.5333 | 0.1 |
| 3 | 60 | 31 | 0.5167 | 0.2 |
| 4 | 60 | 32 | 0.5333 | 0.3 |
| 5 | 60 | 29 | 0.4833 | 0.4 |
| 6 | 60 | 25 | 0.4167 | 0.5 |
| 7 | 60 | 29 | 0.4833 | 0.5 |
| 8 | 60 | 31 | 0.5167 | 0.6 |
| 9 | 60 | 31 | 0.5167 | 0.6 |
| 10 | 60 | 31 | 0.5167 | 0.7 |
| 11 | 60 | 31 | 0.5167 | 0.8 |
| 12 | 60 | 31 | 0.5167 | 0.8 |
| 13 | 60 | 32 | 0.5333 | 0.8 |
| 14 | 60 | 31 | 0.5167 | 0.8 |
| 15 | 60 | 31 | 0.5167 | 0.9 |
| 16 | 60 | 30 | 0.5000 | 0.8 |
| 17 | 60 | 30 | 0.5000 | 0.9 |
| 18 | 60 | 31 | 0.5167 | 0.9 |
| 19 | 60 | 31 | 0.5167 | 0.9 |
| 20 | 60 | 33 | 0.5500 | 0.9 |
| 21 | 60 | 33 | 0.5500 | 0.9 |
| 22 | 60 | 34 | 0.5667 | 1.0 |
| 23 | 60 | 33 | 0.5500 | 1.0 |
| 24 | 60 | 32 | 0.5333 | 1.1 |
| 25 | 60 | 33 | 0.5500 | 1.0 |
| 26 | 60 | 33 | 0.5500 | 1.1 |
| 27 | 60 | 33 | 0.5500 | 1.1 |
| 28 | 60 | 32 | 0.5333 | 1.1 |
| 29 | 60 | 35 | 0.5833 | 1.1 |
| 30 | 60 | 34 | 0.5667 | 1.2 |
| 31 | 60 | 35 | 0.5833 | 1.1 |
| 32 | 60 | 33 | 0.5500 | 1.2 |
| 33 | 60 | 32 | 0.5333 | 1.2 |
| 34 | 60 | 34 | 0.5667 | 1.2 |
| 35 | 60 | 34 | 0.5667 | 1.2 |
| 36 | 60 | 34 | 0.5667 | 1.3 |
| 37 | 60 | 33 | 0.5500 | 1.3 |
| 38 | 60 | 33 | 0.5500 | 1.5 |
| 39 | 60 | 32 | 0.5333 | 1.5 |
| 40 | 60 | 31 | 0.5167 | 1.5 |
| 41 | 60 | 33 | 0.5500 | 1.6 |
| 42 | 60 | 33 | 0.5500 | 1.6 |
| 43 | 60 | 32 | 0.5333 | 1.6 |
| 44 | 60 | 32 | 0.5333 | 1.6 |
| 45 | 60 | 33 | 0.5500 | 1.6 |
| 46 | 60 | 33 | 0.5500 | 1.6 |
| 47 | 60 | 33 | 0.5500 | 1.6 |
| 48 | 60 | 33 | 0.5500 | 1.6 |
| 49 | 60 | 33 | 0.5500 | 1.6 |
| 50 | 60 | 33 | 0.5500 | 1.6 |
| 51 | 60 | 32 | 0.5333 | 1.6 |
| 52 | 60 | 33 | 0.5500 | 1.7 |
| 53 | 60 | 33 | 0.5500 | 1.7 |
| 54 | 60 | 31 | 0.5167 | 1.7 |
| 55 | 60 | 31 | 0.5167 | 1.8 |
| 56 | 60 | 31 | 0.5167 | 1.8 |
| 57 | 60 | 30 | 0.5000 | 1.8 |
| 58 | 60 | 30 | 0.5000 | 1.8 |
| 59 | 60 | 31 | 0.5167 | 1.7 |
| 60 | 60 | 31 | 0.5167 | 1.7 |
| 61 | 60 | 30 | 0.5000 | 1.8 |
| 62 | 60 | 31 | 0.5167 | 1.9 |
| 63 | 60 | 31 | 0.5167 | 2.0 |
| 64 | 60 | 32 | 0.5333 | 2.0 |
| 65 | 60 | 34 | 0.5667 | 2.0 |
| 66 | 60 | 34 | 0.5667 | 2.1 |
| 67 | 60 | 34 | 0.5667 | 2.1 |
| 68 | 60 | 34 | 0.5667 | 2.2 |
| 69 | 60 | 33 | 0.5500 | 2.3 |
| 70 | 60 | 33 | 0.5500 | 2.3 |
| 71 | 60 | 34 | 0.5667 | 2.3 |
| 72 | 60 | 38 | 0.6333 | 2.4 |
| 73 | 60 | 38 | 0.6333 | 2.5 |
| 74 | 60 | 38 | 0.6333 | 2.6 |
| 75 | 60 | 38 | 0.6333 | 2.7 |
| 76 | 60 | 38 | 0.6333 | 2.7 |
| 77 | 60 | 38 | 0.6333 | 2.8 |
| 78 | 60 | 38 | 0.6333 | 2.7 |
| 79 | 60 | 38 | 0.6333 | 2.8 |
| 80 | 60 | 38 | 0.6333 | 2.9 |
| 81 | 60 | 37 | 0.6167 | 2.9 |
| 82 | 60 | 36 | 0.6000 | 2.9 |
| 83 | 60 | 36 | 0.6000 | 2.9 |
| 84 | 60 | 36 | 0.6000 | 2.9 |
| 85 | 60 | 34 | 0.5667 | 3.0 |
| 86 | 60 | 34 | 0.5667 | 3.0 |
| 87 | 60 | 34 | 0.5667 | 3.0 |
| 88 | 60 | 35 | 0.5833 | 3.0 |
| 89 | 60 | 35 | 0.5833 | 3.0 |
| 90 | 60 | 36 | 0.6000 | 3.1 |
| 91 | 60 | 34 | 0.5667 | 3.1 |
| 92 | 60 | 36 | 0.6000 | 3.2 |
| 93 | 60 | 36 | 0.6000 | 3.2 |
| 94 | 60 | 36 | 0.6000 | 3.4 |
| 95 | 60 | 35 | 0.5833 | 3.4 |
| 96 | 60 | 34 | 0.5667 | 3.4 |
| 97 | 60 | 34 | 0.5667 | 3.4 |
| 98 | 60 | 35 | 0.5833 | 3.4 |
| 99 | 60 | 34 | 0.5667 | 3.5 |
| 100 | 60 | 34 | 0.5667 | 3.5 |
| 101 | 60 | 35 | 0.5833 | 3.5 |
| 102 | 60 | 34 | 0.5667 | 3.5 |
| 103 | 60 | 35 | 0.5833 | 3.6 |
| 104 | 60 | 34 | 0.5667 | 3.6 |
| 105 | 60 | 34 | 0.5667 | 3.6 |
| 106 | 60 | 34 | 0.5667 | 3.6 |
| 107 | 60 | 34 | 0.5667 | 3.6 |
| 108 | 60 | 35 | 0.5833 | 3.7 |
| 109 | 60 | 34 | 0.5667 | 3.7 |
| 110 | 60 | 34 | 0.5667 | 3.7 |
| 111 | 60 | 34 | 0.5667 | 3.7 |
| 112 | 60 | 34 | 0.5667 | 3.7 |
| 113 | 60 | 34 | 0.5667 | 3.7 |
| 114 | 60 | 35 | 0.5833 | 3.7 |
| 115 | 60 | 35 | 0.5833 | 3.8 |
| 116 | 60 | 35 | 0.5833 | 3.8 |
| 117 | 60 | 35 | 0.5833 | 3.8 |
| 118 | 60 | 34 | 0.5667 | 3.8 |
| 119 | 60 | 33 | 0.5500 | 3.8 |
| 120 | 60 | 33 | 0.5500 | 3.8 |
| 121 | 60 | 33 | 0.5500 | 3.8 |
| 122 | 60 | 33 | 0.5500 | 3.9 |
| 123 | 60 | 32 | 0.5333 | 4.0 |
| 124 | 60 | 32 | 0.5333 | 4.0 |
| 125 | 60 | 32 | 0.5333 | 4.0 |
| 126 | 60 | 32 | 0.5333 | 4.0 |
| 127 | 60 | 32 | 0.5333 | 4.0 |
| 128 | 60 | 32 | 0.5333 | 4.0 |
| 129 | 60 | 32 | 0.5333 | 4.0 |
| 130 | 60 | 33 | 0.5500 | 4.1 |
| 131 | 60 | 33 | 0.5500 | 4.1 |
| 132 | 60 | 34 | 0.5667 | 4.2 |
| 133 | 60 | 34 | 0.5667 | 4.2 |
| 134 | 60 | 34 | 0.5667 | 4.2 |
| 135 | 60 | 34 | 0.5667 | 4.3 |
| 136 | 60 | 33 | 0.5500 | 4.3 |
| 137 | 60 | 35 | 0.5833 | 4.3 |
| 138 | 60 | 33 | 0.5500 | 4.3 |
| 139 | 60 | 34 | 0.5667 | 4.5 |
| 140 | 60 | 34 | 0.5667 | 4.5 |
| 141 | 60 | 34 | 0.5667 | 4.5 |
| 142 | 60 | 35 | 0.5833 | 4.5 |
| 143 | 60 | 34 | 0.5667 | 4.6 |
| 144 | 60 | 34 | 0.5667 | 4.6 |
| 145 | 60 | 37 | 0.6167 | 4.8 |
| 146 | 60 | 36 | 0.6000 | 4.8 |
| 147 | 60 | 34 | 0.5667 | 4.8 |
| 148 | 60 | 33 | 0.5500 | 4.8 |
| 149 | 60 | 32 | 0.5333 | 4.9 |
| 150 | 60 | 34 | 0.5667 | 4.9 |
| 151 | 60 | 35 | 0.5833 | 4.9 |
| 152 | 60 | 35 | 0.5833 | 5.0 |
| 153 | 60 | 35 | 0.5833 | 5.0 |
| 154 | 60 | 34 | 0.5667 | 5.0 |
| 155 | 60 | 34 | 0.5667 | 5.0 |
| 156 | 60 | 34 | 0.5667 | 5.1 |
| 157 | 60 | 32 | 0.5333 | 5.2 |
| 158 | 60 | 32 | 0.5333 | 5.2 |
| 159 | 60 | 32 | 0.5333 | 5.2 |
| 160 | 60 | 32 | 0.5333 | 5.2 |
| 161 | 60 | 31 | 0.5167 | 5.2 |
| 162 | 60 | 31 | 0.5167 | 5.3 |
| 163 | 60 | 31 | 0.5167 | 5.3 |
| 164 | 60 | 32 | 0.5333 | 5.4 |
| 165 | 60 | 33 | 0.5500 | 5.4 |
| 166 | 60 | 33 | 0.5500 | 5.3 |
| 167 | 60 | 33 | 0.5500 | 5.3 |
| 168 | 60 | 32 | 0.5333 | 5.5 |
| 169 | 60 | 33 | 0.5500 | 5.5 |
| 170 | 60 | 33 | 0.5500 | 5.5 |
| 171 | 60 | 33 | 0.5500 | 5.5 |
| 172 | 60 | 33 | 0.5500 | 5.5 |
| 173 | 60 | 33 | 0.5500 | 5.5 |
| 174 | 60 | 35 | 0.5833 | 5.5 |
| 175 | 60 | 35 | 0.5833 | 5.6 |
| 176 | 60 | 35 | 0.5833 | 5.6 |
| 177 | 60 | 35 | 0.5833 | 5.6 |
| 178 | 60 | 35 | 0.5833 | 5.7 |
| 179 | 60 | 35 | 0.5833 | 5.7 |
| 180 | 60 | 35 | 0.5833 | 5.7 |
| 181 | 60 | 35 | 0.5833 | 5.7 |
| 182 | 60 | 36 | 0.6000 | 5.7 |
| 183 | 60 | 38 | 0.6333 | 5.8 |
| 184 | 60 | 38 | 0.6333 | 5.8 |
| 185 | 60 | 36 | 0.6000 | 5.9 |
| 186 | 60 | 36 | 0.6000 | 6.0 |
| 187 | 60 | 36 | 0.6000 | 6.0 |
| 188 | 60 | 36 | 0.6000 | 6.0 |
| 189 | 60 | 35 | 0.5833 | 6.0 |
| 190 | 60 | 33 | 0.5500 | 6.2 |
| 191 | 60 | 33 | 0.5500 | 6.2 |
| 192 | 60 | 33 | 0.5500 | 6.2 |
| 193 | 60 | 32 | 0.5333 | 6.2 |
| 194 | 60 | 32 | 0.5333 | 6.2 |
| 195 | 60 | 32 | 0.5333 | 6.2 |
| 196 | 60 | 33 | 0.5500 | 6.2 |
| 197 | 60 | 33 | 0.5500 | 6.3 |
| 198 | 60 | 33 | 0.5500 | 6.3 |
| 199 | 60 | 36 | 0.6000 | 6.4 |
| 200 | 60 | 36 | 0.6000 | 6.4 |
| 201 | 60 | 36 | 0.6000 | 6.4 |
| 202 | 60 | 33 | 0.5500 | 6.5 |
| 203 | 60 | 33 | 0.5500 | 6.5 |
| 204 | 60 | 33 | 0.5500 | 6.5 |
| 205 | 60 | 32 | 0.5333 | 6.6 |
| 206 | 60 | 33 | 0.5500 | 6.8 |
| 207 | 60 | 33 | 0.5500 | 6.8 |
| 208 | 60 | 34 | 0.5667 | 6.7 |
| 209 | 60 | 34 | 0.5667 | 6.8 |
| 210 | 60 | 33 | 0.5500 | 6.9 |
| 211 | 60 | 33 | 0.5500 | 6.9 |
| 212 | 60 | 32 | 0.5333 | 7.1 |
| 213 | 60 | 32 | 0.5333 | 7.2 |
| 214 | 60 | 31 | 0.5167 | 7.2 |
| 215 | 60 | 31 | 0.5167 | 7.2 |
| 216 | 60 | 32 | 0.5333 | 7.2 |
| 217 | 60 | 33 | 0.5500 | 7.3 |
| 218 | 60 | 34 | 0.5667 | 7.3 |
| 219 | 60 | 34 | 0.5667 | 7.3 |
| 220 | 60 | 34 | 0.5667 | 7.3 |
| 221 | 60 | 34 | 0.5667 | 7.3 |
| 222 | 60 | 37 | 0.6167 | 7.5 |
| 223 | 60 | 37 | 0.6167 | 7.5 |
| 224 | 60 | 36 | 0.6000 | 7.5 |
| 225 | 60 | 35 | 0.5833 | 7.6 |
| 226 | 60 | 35 | 0.5833 | 7.6 |
| 227 | 60 | 35 | 0.5833 | 7.6 |
| 228 | 60 | 35 | 0.5833 | 7.7 |
| 229 | 60 | 33 | 0.5500 | 7.8 |
| 230 | 60 | 33 | 0.5500 | 7.8 |
| 231 | 60 | 33 | 0.5500 | 7.8 |
| 232 | 60 | 34 | 0.5667 | 7.8 |
| 233 | 60 | 34 | 0.5667 | 7.8 |
| 234 | 60 | 34 | 0.5667 | 7.9 |
| 235 | 60 | 35 | 0.5833 | 8.0 |
| 236 | 60 | 35 | 0.5833 | 8.0 |
| 237 | 60 | 35 | 0.5833 | 8.0 |
| 238 | 60 | 35 | 0.5833 | 8.1 |
| 239 | 60 | 35 | 0.5833 | 8.1 |
| 240 | 60 | 35 | 0.5833 | 8.1 |
| 241 | 60 | 36 | 0.6000 | 8.1 |
| 242 | 60 | 36 | 0.6000 | 8.2 |
| 243 | 60 | 36 | 0.6000 | 8.2 |
| 244 | 60 | 36 | 0.6000 | 8.2 |
| 245 | 60 | 36 | 0.6000 | 8.3 |
| 246 | 60 | 35 | 0.5833 | 8.3 |
| 247 | 60 | 36 | 0.6000 | 8.3 |
| 248 | 60 | 36 | 0.6000 | 8.3 |
| 249 | 60 | 35 | 0.5833 | 8.3 |
| 250 | 60 | 37 | 0.6167 | 8.4 |
| 251 | 60 | 37 | 0.6167 | 8.4 |
| 252 | 60 | 37 | 0.6167 | 8.4 |
| 253 | 60 | 37 | 0.6167 | 8.5 |
| 254 | 60 | 37 | 0.6167 | 8.5 |
| 255 | 60 | 36 | 0.6000 | 8.6 |
| 256 | 60 | 37 | 0.6167 | 8.5 |
| 257 | 60 | 36 | 0.6000 | 8.6 |
| 258 | 60 | 36 | 0.6000 | 8.6 |
| 259 | 60 | 35 | 0.5833 | 8.7 |
| 260 | 60 | 36 | 0.6000 | 8.7 |
| 261 | 60 | 36 | 0.6000 | 8.8 |
| 262 | 60 | 36 | 0.6000 | 8.8 |
| 263 | 60 | 37 | 0.6167 | 8.8 |
| 264 | 60 | 37 | 0.6167 | 8.8 |
| 265 | 60 | 39 | 0.6500 | 8.8 |
| 266 | 60 | 38 | 0.6333 | 8.9 |
| 267 | 60 | 36 | 0.6000 | 8.9 |
| 268 | 60 | 36 | 0.6000 | 8.9 |
| 269 | 60 | 37 | 0.6167 | 8.9 |
| 270 | 60 | 36 | 0.6000 | 9.0 |
| 271 | 60 | 36 | 0.6000 | 9.1 |
| 272 | 60 | 36 | 0.6000 | 9.2 |
| 273 | 60 | 37 | 0.6167 | 9.3 |
| 274 | 60 | 35 | 0.5833 | 9.4 |
| 275 | 60 | 33 | 0.5500 | 9.4 |
| 276 | 60 | 34 | 0.5667 | 9.4 |
| 277 | 60 | 33 | 0.5500 | 9.5 |
| 278 | 60 | 34 | 0.5667 | 9.6 |
| 279 | 60 | 34 | 0.5667 | 9.6 |
| 280 | 60 | 34 | 0.5667 | 9.6 |
| 281 | 60 | 35 | 0.5833 | 9.6 |
| 282 | 60 | 33 | 0.5500 | 9.7 |
| 283 | 60 | 33 | 0.5500 | 9.7 |
| 284 | 60 | 31 | 0.5167 | 9.7 |
| 285 | 60 | 32 | 0.5333 | 9.7 |
| 286 | 60 | 33 | 0.5500 | 9.7 |
| 287 | 60 | 32 | 0.5333 | 9.9 |
| 288 | 60 | 32 | 0.5333 | 10.0 |
| 289 | 60 | 32 | 0.5333 | 10.1 |
| 290 | 60 | 32 | 0.5333 | 10.1 |
| 291 | 60 | 32 | 0.5333 | 10.0 |
| 292 | 60 | 33 | 0.5500 | 9.9 |
| 293 | 60 | 34 | 0.5667 | 9.9 |
| 294 | 60 | 33 | 0.5500 | 9.9 |
| 295 | 60 | 33 | 0.5500 | 10.1 |
| 296 | 60 | 32 | 0.5333 | 10.3 |
| 297 | 60 | 32 | 0.5333 | 10.3 |
| 298 | 60 | 33 | 0.5500 | 10.2 |
| 299 | 60 | 32 | 0.5333 | 10.2 |
| 300 | 60 | 33 | 0.5500 | 10.2 |
| 301 | 60 | 33 | 0.5500 | 10.2 |
| 302 | 60 | 31 | 0.5167 | 10.3 |
| 303 | 60 | 31 | 0.5167 | 10.3 |
| 304 | 60 | 31 | 0.5167 | 10.3 |
| 305 | 60 | 31 | 0.5167 | 10.3 |
| 306 | 60 | 33 | 0.5500 | 10.3 |
| 307 | 60 | 35 | 0.5833 | 10.4 |
| 308 | 60 | 34 | 0.5667 | 10.5 |
| 309 | 60 | 33 | 0.5500 | 10.6 |
| 310 | 60 | 31 | 0.5167 | 10.5 |
| 311 | 60 | 32 | 0.5333 | 10.6 |
| 312 | 60 | 31 | 0.5167 | 10.6 |
| 313 | 60 | 32 | 0.5333 | 10.6 |
| 314 | 60 | 32 | 0.5333 | 10.6 |
| 315 | 60 | 32 | 0.5333 | 10.6 |
| 316 | 60 | 33 | 0.5500 | 10.7 |
| 317 | 60 | 32 | 0.5333 | 10.6 |
| 318 | 60 | 32 | 0.5333 | 10.6 |
| 319 | 60 | 33 | 0.5500 | 10.6 |
| 320 | 60 | 34 | 0.5667 | 10.7 |
| 321 | 60 | 34 | 0.5667 | 10.7 |
| 322 | 60 | 34 | 0.5667 | 10.7 |
| 323 | 60 | 34 | 0.5667 | 10.8 |
| 324 | 60 | 35 | 0.5833 | 10.8 |
| 325 | 60 | 35 | 0.5833 | 10.8 |
| 326 | 60 | 35 | 0.5833 | 10.8 |
| 327 | 60 | 34 | 0.5667 | 10.8 |
| 328 | 60 | 34 | 0.5667 | 10.8 |
| 329 | 60 | 34 | 0.5667 | 10.9 |
| 330 | 60 | 36 | 0.6000 | 11.0 |
| 331 | 60 | 36 | 0.6000 | 11.0 |
| 332 | 60 | 36 | 0.6000 | 11.0 |
| 333 | 60 | 37 | 0.6167 | 11.0 |
| 334 | 60 | 38 | 0.6333 | 11.0 |
| 335 | 60 | 37 | 0.6167 | 11.1 |
| 336 | 60 | 36 | 0.6000 | 11.2 |
| 337 | 60 | 37 | 0.6167 | 11.2 |
| 338 | 60 | 38 | 0.6333 | 11.2 |
| 339 | 60 | 38 | 0.6333 | 11.2 |
| 340 | 60 | 37 | 0.6167 | 11.4 |
| 341 | 60 | 39 | 0.6500 | 11.4 |
| 342 | 60 | 40 | 0.6667 | 11.5 |
| 343 | 60 | 40 | 0.6667 | 11.5 |
| 344 | 60 | 39 | 0.6500 | 11.6 |
| 345 | 60 | 38 | 0.6333 | 11.6 |
| 346 | 60 | 38 | 0.6333 | 11.6 |
| 347 | 60 | 39 | 0.6500 | 11.6 |
| 348 | 60 | 39 | 0.6500 | 11.7 |
| 349 | 60 | 39 | 0.6500 | 11.7 |
| 350 | 60 | 39 | 0.6500 | 11.7 |
| 351 | 60 | 39 | 0.6500 | 11.7 |
| 352 | 60 | 39 | 0.6500 | 11.8 |
| 353 | 60 | 39 | 0.6500 | 11.8 |
| 354 | 60 | 40 | 0.6667 | 11.9 |
| 355 | 60 | 39 | 0.6500 | 12.0 |
| 356 | 60 | 40 | 0.6667 | 12.0 |
| 357 | 60 | 40 | 0.6667 | 12.0 |
| 358 | 60 | 39 | 0.6500 | 12.1 |
| 359 | 60 | 39 | 0.6500 | 12.1 |
| 360 | 60 | 40 | 0.6667 | 12.2 |
| 361 | 60 | 40 | 0.6667 | 12.2 |
| 362 | 60 | 39 | 0.6500 | 12.2 |
| 363 | 60 | 39 | 0.6500 | 12.2 |
| 364 | 60 | 39 | 0.6500 | 12.2 |
| 365 | 60 | 38 | 0.6333 | 12.1 |
| 366 | 60 | 38 | 0.6333 | 12.1 |
| 367 | 60 | 37 | 0.6167 | 12.3 |
| 368 | 60 | 37 | 0.6167 | 12.3 |
| 369 | 60 | 37 | 0.6167 | 12.3 |
| 370 | 60 | 37 | 0.6167 | 12.4 |
| 371 | 60 | 36 | 0.6000 | 12.5 |
| 372 | 60 | 36 | 0.6000 | 12.5 |
| 373 | 60 | 36 | 0.6000 | 12.5 |
| 374 | 60 | 36 | 0.6000 | 12.5 |
| 375 | 60 | 36 | 0.6000 | 12.5 |
| 376 | 60 | 34 | 0.5667 | 12.6 |
| 377 | 60 | 33 | 0.5500 | 12.7 |
| 378 | 60 | 33 | 0.5500 | 12.7 |
| 379 | 60 | 34 | 0.5667 | 12.7 |
| 380 | 60 | 34 | 0.5667 | 12.8 |
| 381 | 60 | 34 | 0.5667 | 12.8 |
| 382 | 60 | 34 | 0.5667 | 12.8 |
| 383 | 60 | 33 | 0.5500 | 12.9 |
| 384 | 60 | 31 | 0.5167 | 12.9 |
| 385 | 60 | 32 | 0.5333 | 12.9 |
| 386 | 60 | 32 | 0.5333 | 12.9 |
| 387 | 60 | 33 | 0.5500 | 12.9 |
| 388 | 60 | 33 | 0.5500 | 12.9 |
| 389 | 60 | 33 | 0.5500 | 13.0 |
| 390 | 60 | 32 | 0.5333 | 13.2 |
| 391 | 60 | 32 | 0.5333 | 13.2 |
| 392 | 60 | 33 | 0.5500 | 13.2 |
| 393 | 60 | 32 | 0.5333 | 13.2 |
| 394 | 60 | 32 | 0.5333 | 13.2 |
| 395 | 60 | 33 | 0.5500 | 13.3 |
| 396 | 60 | 32 | 0.5333 | 13.3 |
| 397 | 60 | 32 | 0.5333 | 13.4 |
| 398 | 60 | 33 | 0.5500 | 13.4 |
| 399 | 60 | 34 | 0.5667 | 13.4 |
| 400 | 60 | 33 | 0.5500 | 13.4 |
| 401 | 60 | 32 | 0.5333 | 13.4 |
| 402 | 60 | 34 | 0.5667 | 13.6 |
| 403 | 60 | 34 | 0.5667 | 13.6 |
| 404 | 60 | 32 | 0.5333 | 13.9 |
| 405 | 60 | 32 | 0.5333 | 13.9 |
| 406 | 60 | 33 | 0.5500 | 13.8 |
| 407 | 60 | 31 | 0.5167 | 13.8 |
| 408 | 60 | 32 | 0.5333 | 13.8 |
| 409 | 60 | 32 | 0.5333 | 13.8 |
| 410 | 60 | 33 | 0.5500 | 13.8 |
| 411 | 60 | 34 | 0.5667 | 13.8 |
| 412 | 60 | 34 | 0.5667 | 13.8 |
| 413 | 60 | 32 | 0.5333 | 13.9 |
| 414 | 60 | 33 | 0.5500 | 13.9 |
| 415 | 60 | 33 | 0.5500 | 14.0 |
| 416 | 60 | 31 | 0.5167 | 14.1 |
| 417 | 60 | 31 | 0.5167 | 14.0 |
| 418 | 60 | 30 | 0.5000 | 14.1 |
| 419 | 60 | 31 | 0.5167 | 14.2 |
| 420 | 60 | 31 | 0.5167 | 14.2 |
| 421 | 60 | 30 | 0.5000 | 14.2 |
| 422 | 60 | 30 | 0.5000 | 14.3 |
| 423 | 60 | 30 | 0.5000 | 14.3 |
| 424 | 60 | 30 | 0.5000 | 14.4 |
| 425 | 60 | 29 | 0.4833 | 14.3 |
| 426 | 60 | 29 | 0.4833 | 14.3 |
| 427 | 60 | 29 | 0.4833 | 14.3 |
| 428 | 60 | 28 | 0.4667 | 14.4 |
| 429 | 60 | 28 | 0.4667 | 14.4 |
| 430 | 60 | 28 | 0.4667 | 14.4 |
| 431 | 60 | 28 | 0.4667 | 14.5 |
| 432 | 60 | 29 | 0.4833 | 14.5 |
| 433 | 60 | 28 | 0.4667 | 14.5 |
| 434 | 60 | 28 | 0.4667 | 14.5 |
| 435 | 60 | 28 | 0.4667 | 14.5 |
| 436 | 60 | 28 | 0.4667 | 14.5 |
| 437 | 60 | 29 | 0.4833 | 14.6 |
| 438 | 60 | 28 | 0.4667 | 14.6 |
| 439 | 60 | 29 | 0.4833 | 14.7 |
| 440 | 60 | 28 | 0.4667 | 14.8 |
| 441 | 60 | 28 | 0.4667 | 14.8 |
| 442 | 60 | 31 | 0.5167 | 14.8 |
| 443 | 60 | 30 | 0.5000 | 14.8 |
| 444 | 60 | 30 | 0.5000 | 14.8 |
| 445 | 60 | 30 | 0.5000 | 14.8 |
| 446 | 60 | 30 | 0.5000 | 14.8 |
| 447 | 60 | 31 | 0.5167 | 14.8 |
| 448 | 60 | 31 | 0.5167 | 14.9 |
| 449 | 60 | 30 | 0.5000 | 14.9 |
| 450 | 60 | 28 | 0.4667 | 14.9 |
| 451 | 60 | 27 | 0.4500 | 14.9 |
| 452 | 60 | 28 | 0.4667 | 14.9 |
| 453 | 60 | 29 | 0.4833 | 15.1 |
| 454 | 60 | 28 | 0.4667 | 15.0 |
| 455 | 60 | 28 | 0.4667 | 15.1 |
| 456 | 60 | 28 | 0.4667 | 15.1 |
| 457 | 60 | 26 | 0.4333 | 15.1 |
| 458 | 60 | 26 | 0.4333 | 15.1 |
| 459 | 60 | 26 | 0.4333 | 15.1 |
| 460 | 60 | 27 | 0.4500 | 15.1 |
| 461 | 60 | 27 | 0.4500 | 15.1 |
| 462 | 60 | 25 | 0.4167 | 15.2 |
| 463 | 60 | 24 | 0.4000 | 15.2 |
| 464 | 60 | 26 | 0.4333 | 15.3 |
| 465 | 60 | 25 | 0.4167 | 15.3 |
| 466 | 60 | 25 | 0.4167 | 15.3 |
| 467 | 60 | 25 | 0.4167 | 15.3 |
| 468 | 60 | 25 | 0.4167 | 15.3 |
| 469 | 60 | 24 | 0.4000 | 15.3 |
| 470 | 60 | 23 | 0.3833 | 15.4 |
| 471 | 60 | 23 | 0.3833 | 15.4 |
| 472 | 60 | 24 | 0.4000 | 15.4 |
| 473 | 60 | 25 | 0.4167 | 15.6 |
| 474 | 60 | 24 | 0.4000 | 15.6 |
| 475 | 60 | 24 | 0.4000 | 15.6 |
| 476 | 60 | 25 | 0.4167 | 15.7 |
| 477 | 60 | 24 | 0.4000 | 15.8 |
| 478 | 60 | 22 | 0.3667 | 15.9 |
| 479 | 60 | 22 | 0.3667 | 15.9 |
| 480 | 60 | 21 | 0.3500 | 15.9 |
| 481 | 60 | 23 | 0.3833 | 16.0 |
| 482 | 60 | 24 | 0.4000 | 16.0 |
| 483 | 60 | 24 | 0.4000 | 16.0 |
| 484 | 60 | 25 | 0.4167 | 16.1 |
| 485 | 60 | 26 | 0.4333 | 16.2 |
| 486 | 60 | 26 | 0.4333 | 16.1 |
| 487 | 60 | 25 | 0.4167 | 16.2 |
| 488 | 60 | 24 | 0.4000 | 16.2 |
| 489 | 60 | 22 | 0.3667 | 16.2 |
| 490 | 60 | 23 | 0.3833 | 16.3 |
| 491 | 60 | 23 | 0.3833 | 16.3 |
| 492 | 60 | 23 | 0.3833 | 16.3 |
| 493 | 60 | 24 | 0.4000 | 16.4 |
| 494 | 60 | 24 | 0.4000 | 16.4 |
| 495 | 60 | 23 | 0.3833 | 16.4 |
| 496 | 60 | 23 | 0.3833 | 16.4 |
| 497 | 60 | 22 | 0.3667 | 16.4 |
| 498 | 60 | 22 | 0.3667 | 16.4 |
| 499 | 60 | 22 | 0.3667 | 16.4 |
| 500 | 60 | 21 | 0.3500 | 16.6 |
| 501 | 60 | 21 | 0.3500 | 16.5 |
| 502 | 60 | 19 | 0.3167 | 16.6 |
| 503 | 60 | 19 | 0.3167 | 16.6 |
| 504 | 60 | 18 | 0.3000 | 16.6 |
| 505 | 60 | 18 | 0.3000 | 16.6 |
| 506 | 60 | 18 | 0.3000 | 16.6 |
| 507 | 60 | 18 | 0.3000 | 16.7 |
| 508 | 60 | 18 | 0.3000 | 16.7 |
| 509 | 60 | 19 | 0.3167 | 16.9 |
| 510 | 60 | 20 | 0.3333 | 17.0 |
| 511 | 60 | 19 | 0.3167 | 17.1 |
| 512 | 60 | 17 | 0.2833 | 17.2 |
| 513 | 60 | 17 | 0.2833 | 17.2 |
| 514 | 60 | 17 | 0.2833 | 17.1 |
| 515 | 60 | 16 | 0.2667 | 17.1 |
| 516 | 60 | 16 | 0.2667 | 17.2 |
| 517 | 60 | 16 | 0.2667 | 17.2 |
| 518 | 60 | 16 | 0.2667 | 17.3 |
| 519 | 60 | 16 | 0.2667 | 17.3 |
| 520 | 60 | 15 | 0.2500 | 17.3 |
| 521 | 60 | 14 | 0.2333 | 17.4 |
| 522 | 60 | 14 | 0.2333 | 17.5 |
| 523 | 60 | 14 | 0.2333 | 17.5 |
| 524 | 60 | 13 | 0.2167 | 17.5 |
| 525 | 60 | 13 | 0.2167 | 17.5 |
| 526 | 60 | 12 | 0.2000 | 17.6 |
| 527 | 60 | 13 | 0.2167 | 17.6 |
| 528 | 60 | 13 | 0.2167 | 17.6 |
| 529 | 60 | 13 | 0.2167 | 17.6 |
| 530 | 60 | 12 | 0.2000 | 17.6 |
| 531 | 60 | 12 | 0.2000 | 17.6 |
| 532 | 60 | 11 | 0.1833 | 17.6 |
| 533 | 60 | 10 | 0.1667 | 17.7 |
| 534 | 60 | 10 | 0.1667 | 17.7 |
| 535 | 60 | 11 | 0.1833 | 17.8 |
| 536 | 60 | 12 | 0.2000 | 17.9 |
| 537 | 60 | 12 | 0.2000 | 17.9 |
| 538 | 60 | 13 | 0.2167 | 17.9 |
| 539 | 60 | 14 | 0.2333 | 18.0 |
| 540 | 60 | 14 | 0.2333 | 18.0 |
| 541 | 60 | 11 | 0.1833 | 18.1 |
| 542 | 60 | 11 | 0.1833 | 18.1 |
| 543 | 60 | 11 | 0.1833 | 18.1 |
| 544 | 60 | 10 | 0.1667 | 18.1 |
| 545 | 60 | 10 | 0.1667 | 18.1 |
| 546 | 60 | 10 | 0.1667 | 18.2 |
| 547 | 60 | 10 | 0.1667 | 18.2 |
| 548 | 60 | 10 | 0.1667 | 18.2 |
| 549 | 60 | 10 | 0.1667 | 18.3 |
| 550 | 60 | 10 | 0.1667 | 18.3 |
| 551 | 60 | 10 | 0.1667 | 18.3 |
| 552 | 60 | 10 | 0.1667 | 18.3 |
| 553 | 60 | 10 | 0.1667 | 18.3 |
| 554 | 60 | 10 | 0.1667 | 18.3 |
| 555 | 60 | 10 | 0.1667 | 18.3 |
| 556 | 60 | 10 | 0.1667 | 18.3 |
| 557 | 60 | 10 | 0.1667 | 18.4 |
| 558 | 60 | 11 | 0.1833 | 18.4 |
| 559 | 60 | 10 | 0.1667 | 18.4 |
| 560 | 60 | 11 | 0.1833 | 18.6 |
| 561 | 60 | 9 | 0.1500 | 18.6 |
| 562 | 60 | 9 | 0.1500 | 18.7 |
| 563 | 60 | 9 | 0.1500 | 18.7 |
| 564 | 60 | 10 | 0.1667 | 18.7 |
| 565 | 60 | 10 | 0.1667 | 18.7 |
| 566 | 60 | 10 | 0.1667 | 18.7 |
| 567 | 60 | 9 | 0.1500 | 18.8 |
| 568 | 60 | 9 | 0.1500 | 18.8 |
| 569 | 60 | 9 | 0.1500 | 18.8 |
| 570 | 60 | 9 | 0.1500 | 18.8 |
| 571 | 60 | 10 | 0.1667 | 18.9 |
| 572 | 60 | 11 | 0.1833 | 18.9 |
| 573 | 60 | 10 | 0.1667 | 18.9 |
| 574 | 60 | 9 | 0.1500 | 19.0 |
| 575 | 60 | 9 | 0.1500 | 19.1 |
| 576 | 60 | 9 | 0.1500 | 19.1 |
| 577 | 60 | 8 | 0.1333 | 19.2 |
| 578 | 60 | 8 | 0.1333 | 19.2 |
| 579 | 60 | 8 | 0.1333 | 19.3 |
| 580 | 60 | 8 | 0.1333 | 19.3 |
| 581 | 60 | 8 | 0.1333 | 19.3 |
| 582 | 60 | 7 | 0.1167 | 19.3 |
| 583 | 60 | 7 | 0.1167 | 19.3 |
| 584 | 60 | 7 | 0.1167 | 19.3 |
| 585 | 60 | 7 | 0.1167 | 19.3 |
| 586 | 60 | 7 | 0.1167 | 19.4 |
| 587 | 60 | 7 | 0.1167 | 19.5 |
| 588 | 60 | 7 | 0.1167 | 19.5 |
| 589 | 60 | 8 | 0.1333 | 19.5 |
| 590 | 60 | 8 | 0.1333 | 19.5 |
| 591 | 60 | 7 | 0.1167 | 19.6 |
| 592 | 60 | 7 | 0.1167 | 19.7 |
| 593 | 60 | 7 | 0.1167 | 19.6 |
| 594 | 60 | 8 | 0.1333 | 19.6 |
| 595 | 60 | 7 | 0.1167 | 19.5 |
| 596 | 60 | 7 | 0.1167 | 19.6 |
| 597 | 60 | 7 | 0.1167 | 19.7 |
| 598 | 60 | 6 | 0.1000 | 19.8 |
| 599 | 60 | 7 | 0.1167 | 19.8 |

## Births

  founders 59, carrying 30
  births 1151; carriers born 539; DE NOVO arrivals (no parent carries) 12; inherited 527
  births at depth 17-21 (RBT-91's k = 19 +- 2): 61 of 228 = 26.754% [21.428, 32.851]
  RBT-91 drift proposal rate: 84 of 200000 = 0.042% [0.0339, 0.0520] (Wilson 95%)

## Window statistic

  X = mean carriage over seasons 300-599 = 41.2778%  (mean depth of the living in the window 15.0); seasons with any carrier 600 of 600

## Carriers alive in the window, signed at the reference probe (16 x 15 s)

| carrier | depth | seasons alive in window | whole-brain a | links-alone a | heading | R | re-signed a | verdict | links-alone sign agrees |
|---|---|---|---|---|---|---|---|---|---|
| ce1000 | 16 | 2 | -0.1462 | -0.2197 | +180.0 | 0.84 | -0.1462 | ANTI-COMPASS | yes |
| ce1001 | 16 | 3 | -0.1038 | -0.1888 | -170.1 | 0.79 | -0.1038 | ANTI-COMPASS | yes |
| ce1005 | 18 | 2 | +0.0000 | +0.0000 | -175.5 | 0.65 | +0.0000 | ANTI-COMPASS | yes |
| ce1012 | 17 | 12 | -0.2288 | -0.2317 | -169.2 | 0.75 | -0.2288 | ANTI-COMPASS | yes |
| ce1014 | 18 | 10 | +0.0000 | +0.0000 | -170.6 | 0.85 | +0.0000 | ANTI-COMPASS | yes |
| ce1016 | 17 | 2 | -0.2168 | +0.0000 | -158.2 | 0.08 | -0.2168 | ANTI-COMPASS | yes |
| ce1022 | 16 | 60 | +0.0000 | +0.0000 | -1.2 | 0.53 | -0.0000 | ANTI-COMPASS | yes |
| ce1023 | 16 | 1 | -0.1289 | +0.0000 | +179.6 | 0.97 | -0.1289 | ANTI-COMPASS | yes |
| ce1027 | 16 | 60 | -0.0432 | -0.0363 | -174.7 | 0.76 | -0.0432 | ANTI-COMPASS | yes |
| ce1028 | 17 | 3 | +0.0627 | +0.0000 | +179.3 | 0.95 | +0.0627 | COMPASS | no |
| ce1029 | 17 | 60 | -0.0009 | -0.1187 | -173.2 | 0.79 | -0.0009 | ANTI-COMPASS | yes |
| ce1034 | 19 | 60 | +0.0000 | +0.0000 | -167.0 | 0.73 | +0.0000 | COMPASS | no |
| ce1037 | 17 | 3 | -0.0187 | -0.0462 | +177.9 | 0.86 | -0.0187 | ANTI-COMPASS | yes |
| ce1039 | 19 | 60 | -0.0340 | -0.2212 | -171.9 | 0.86 | -0.0340 | ANTI-COMPASS | yes |
| ce1042 | 18 | 1 | -0.3826 | -0.1627 | -177.1 | 0.88 | -0.3826 | ANTI-COMPASS | yes |
| ce1044 | 19 | 8 | -0.0640 | -0.2172 | -169.9 | 0.88 | -0.0640 | ANTI-COMPASS | yes |
| ce1059 | 17 | 60 | -0.0012 | +0.0000 | -176.8 | 0.89 | -0.0012 | ANTI-COMPASS | yes |
| ce1061 | 19 | 2 | +0.0000 | +0.0000 | -168.8 | 0.84 | +0.0000 | COMPASS | no |
| ce1069 | 19 | 60 | +0.0179 | -0.2983 | -169.3 | 0.69 | +0.0179 | COMPASS | no |
| ce1079 | 20 | 3 | +0.0024 | -0.3059 | -163.8 | 0.73 | +0.0024 | COMPASS | no |
| ce1091 | 20 | 60 | +0.0000 | +0.0000 | -169.2 | 0.80 | +0.0000 | COMPASS | no |
| ce1094 | 17 | 60 | +0.0000 | +0.0000 | -170.1 | 0.60 | +0.0000 | COMPASS | no |
| ce1102 | 18 | 60 | -0.0202 | -0.0222 | -171.2 | 0.77 | -0.0202 | ANTI-COMPASS | yes |
| ce1103 | 18 | 3 | -0.0953 | -0.1187 | -172.0 | 0.78 | -0.0953 | ANTI-COMPASS | yes |
| ce1104 | 20 | 3 | -0.2204 | -0.2576 | -178.2 | 0.76 | -0.2204 | ANTI-COMPASS | yes |
| ce1111 | 18 | 2 | -0.0006 | +0.0000 | -176.9 | 0.89 | -0.0006 | ANTI-COMPASS | yes |
| ce1127 | 17 | 42 | +0.0000 | +0.0000 | -171.1 | 0.67 | +0.0000 | ANTI-COMPASS | yes |
| ce1129 | 19 | 40 | -0.0189 | -0.0222 | -175.6 | 0.72 | -0.0189 | ANTI-COMPASS | yes |
| ce1135 | 20 | 36 | +0.0714 | -0.1795 | +178.8 | 0.69 | +0.0714 | COMPASS | no |
| ce1143 | 18 | 31 | +0.0000 | +0.0000 | -165.6 | 0.76 | +0.0000 | COMPASS | no |
| ce1145 | 18 | 2 | -0.0116 | -0.0327 | -168.8 | 0.65 | -0.0116 | ANTI-COMPASS | yes |
| ce1148 | 18 | 2 | +0.0000 | +0.0000 | -175.2 | 0.71 | +0.0000 | COMPASS | no |
| ce1185 | 21 | 2 | +0.0000 | +0.0000 | -170.6 | 0.66 | +0.0000 | COMPASS | no |
| ce1198 | 18 | 3 | +0.0000 | +0.0000 | -0.4 | 0.97 | -0.0000 | ANTI-COMPASS | yes |
| ce1200 | 20 | 4 | -0.0045 | -0.0101 | -173.2 | 0.90 | -0.0045 | ANTI-COMPASS | yes |
| ce1205 | 20 | 3 | +0.0950 | +0.1185 | +179.5 | 0.62 | +0.0950 | COMPASS | yes |
| ce1211 | 19 | 1 | +0.0010 | -0.1903 | -153.1 | 0.67 | +0.0010 | COMPASS | no |
| ce556 | 9 | 2 | +0.0446 | +0.0000 | -179.5 | 0.65 | +0.0446 | COMPASS | no |
| ce557 | 9 | 2 | -0.0759 | -0.0640 | -170.0 | 0.68 | -0.0759 | ANTI-COMPASS | yes |
| ce563 | 8 | 7 | -0.2991 | -0.6126 | -174.2 | 0.76 | -0.2991 | ANTI-COMPASS | yes |
| ce565 | 10 | 8 | +0.0000 | +0.0000 | -173.3 | 0.83 | +0.0000 | ANTI-COMPASS | yes |
| ce566 | 8 | 9 | -0.3591 | -0.5430 | -1.9 | 0.72 | +0.3591 | COMPASS | yes |
| ce568 | 10 | 10 | +0.0000 | +0.0000 | -173.3 | 0.79 | +0.0000 | ANTI-COMPASS | yes |
| ce569 | 9 | 10 | -0.4655 | -0.7390 | -173.2 | 0.81 | -0.4655 | ANTI-COMPASS | yes |
| ce576 | 10 | 17 | -0.0317 | -0.8342 | -170.1 | 0.77 | -0.0317 | ANTI-COMPASS | yes |
| ce582 | 9 | 20 | +0.0000 | +0.0000 | -172.5 | 0.85 | +0.0000 | ANTI-COMPASS | yes |
| ce584 | 10 | 21 | +0.0000 | +0.0000 | -177.5 | 0.71 | +0.0000 | ANTI-COMPASS | yes |
| ce588 | 10 | 23 | -0.0174 | -0.1821 | -176.0 | 0.80 | -0.0174 | ANTI-COMPASS | yes |
| ce597 | 10 | 27 | -0.0148 | -0.7390 | -175.0 | 0.75 | -0.0148 | ANTI-COMPASS | yes |
| ce601 | 10 | 29 | -0.0372 | -0.1065 | -178.9 | 0.78 | -0.0372 | ANTI-COMPASS | yes |
| ce624 | 9 | 35 | -0.0641 | -1.2293 | -50.0 | 0.15 | +0.0641 | COMPASS | yes |
| ce627 | 11 | 36 | +0.0000 | +0.0000 | -175.9 | 0.72 | +0.0000 | ANTI-COMPASS | yes |
| ce628 | 9 | 36 | -0.3312 | -0.7093 | -179.0 | 0.68 | -0.3312 | ANTI-COMPASS | yes |
| ce632 | 11 | 38 | +0.0000 | +0.0000 | -169.7 | 0.81 | +0.0000 | ANTI-COMPASS | yes |
| ce636 | 9 | 40 | -0.0212 | -0.9266 | -55.0 | 0.20 | +0.0212 | COMPASS | yes |
| ce637 | 11 | 41 | +0.0000 | +0.0000 | -173.3 | 0.76 | +0.0000 | ANTI-COMPASS | yes |
| ce638 | 11 | 41 | -0.0357 | -0.8236 | -174.4 | 0.81 | -0.0357 | ANTI-COMPASS | yes |
| ce646 | 10 | 44 | -0.0005 | -0.0579 | -168.8 | 0.80 | -0.0005 | ANTI-COMPASS | yes |
| ce647 | 10 | 45 | -0.0123 | -0.1073 | -179.6 | 0.78 | -0.0123 | ANTI-COMPASS | yes |
| ce652 | 10 | 48 | -0.0124 | -0.0863 | -170.0 | 0.83 | -0.0124 | ANTI-COMPASS | yes |
| ce657 | 10 | 51 | -0.0060 | -0.0564 | -168.5 | 0.79 | -0.0060 | ANTI-COMPASS | yes |
| ce659 | 9 | 52 | +0.0000 | +0.0000 | -174.5 | 0.74 | +0.0000 | ANTI-COMPASS | yes |
| ce662 | 10 | 2 | -0.0199 | -0.0640 | -175.7 | 0.88 | -0.0199 | ANTI-COMPASS | yes |
| ce664 | 11 | 55 | +0.0000 | +0.0000 | -172.1 | 0.68 | +0.0000 | ANTI-COMPASS | yes |
| ce666 | 10 | 55 | -0.0029 | +0.0000 | +178.2 | 0.71 | -0.0029 | ANTI-COMPASS | yes |
| ce669 | 12 | 56 | +0.0000 | +0.0000 | -173.7 | 0.85 | +0.0000 | ANTI-COMPASS | yes |
| ce672 | 12 | 56 | +0.0000 | +0.0000 | -173.0 | 0.84 | +0.0000 | ANTI-COMPASS | yes |
| ce675 | 11 | 58 | +0.0000 | +0.0000 | -171.1 | 0.81 | +0.0000 | ANTI-COMPASS | yes |
| ce676 | 12 | 10 | +0.0000 | +0.0000 | -27.2 | 0.06 | -0.0000 | ANTI-COMPASS | yes |
| ce680 | 10 | 16 | -0.0365 | -0.9266 | -27.4 | 0.43 | +0.0365 | COMPASS | yes |
| ce682 | 12 | 60 | +0.0000 | +0.0000 | -172.9 | 0.69 | +0.0000 | ANTI-COMPASS | yes |
| ce689 | 11 | 2 | -0.0921 | -0.0920 | +44.9 | 0.46 | +0.0921 | COMPASS | yes |
| ce690 | 12 | 6 | +0.0000 | +0.0000 | -176.4 | 0.77 | +0.0000 | ANTI-COMPASS | yes |
| ce691 | 12 | 2 | -0.3388 | -1.2761 | -21.1 | 0.54 | +0.3388 | COMPASS | yes |
| ce692 | 11 | 60 | -0.0353 | -0.1195 | -175.1 | 0.70 | -0.0353 | ANTI-COMPASS | yes |
| ce693 | 10 | 60 | -0.5587 | -1.2293 | +30.9 | 0.26 | +0.5587 | COMPASS | yes |
| ce694 | 12 | 60 | +0.0000 | +0.0000 | -173.0 | 0.70 | +0.0000 | ANTI-COMPASS | yes |
| ce696 | 12 | 2 | +0.0000 | +0.0000 | +179.5 | 0.91 | +0.0000 | ANTI-COMPASS | yes |
| ce701 | 12 | 60 | +0.0000 | +0.0000 | -177.4 | 0.80 | +0.0000 | ANTI-COMPASS | yes |
| ce703 | 11 | 60 | -0.0153 | -0.2007 | -176.0 | 0.77 | -0.0153 | ANTI-COMPASS | yes |
| ce705 | 12 | 60 | +0.0000 | +0.0000 | -174.8 | 0.85 | +0.0000 | ANTI-COMPASS | yes |
| ce709 | 12 | 60 | -0.0394 | -0.1261 | -171.2 | 0.82 | -0.0394 | ANTI-COMPASS | yes |
| ce711 | 12 | 60 | -0.0371 | -0.0633 | -177.6 | 0.74 | -0.0371 | ANTI-COMPASS | yes |
| ce712 | 11 | 1 | -0.1150 | -0.0696 | -170.0 | 0.71 | -0.1150 | ANTI-COMPASS | yes |
| ce714 | 10 | 60 | +0.0000 | +0.0000 | -173.0 | 0.80 | +0.0000 | ANTI-COMPASS | yes |
| ce716 | 11 | 10 | -0.0492 | -1.3580 | +178.5 | 0.64 | -0.0492 | ANTI-COMPASS | yes |
| ce717 | 13 | 60 | +0.0000 | +0.0000 | -177.8 | 0.77 | +0.0000 | ANTI-COMPASS | yes |
| ce718 | 11 | 60 | -0.0005 | -0.0635 | -168.3 | 0.73 | -0.0005 | ANTI-COMPASS | yes |
| ce719 | 11 | 60 | -0.0839 | -0.5054 | -177.1 | 0.77 | -0.0839 | ANTI-COMPASS | yes |
| ce720 | 12 | 60 | -0.6294 | -0.9150 | +179.7 | 0.71 | -0.6294 | ANTI-COMPASS | yes |
| ce721 | 14 | 60 | +0.0000 | +0.0000 | -177.8 | 0.79 | +0.0000 | ANTI-COMPASS | yes |
| ce723 | 11 | 33 | +0.1920 | -0.0444 | -165.1 | 0.73 | +0.1920 | COMPASS | no |
| ce724 | 13 | 60 | +0.0000 | +0.0000 | -176.2 | 0.91 | +0.0000 | ANTI-COMPASS | yes |
| ce726 | 11 | 60 | -0.0004 | +0.0000 | -177.9 | 0.76 | -0.0004 | ANTI-COMPASS | yes |
| ce727 | 12 | 60 | +0.0000 | +0.0000 | -175.2 | 0.86 | +0.0000 | ANTI-COMPASS | yes |
| ce729 | 11 | 60 | -0.0016 | +0.0000 | -179.5 | 0.70 | -0.0016 | ANTI-COMPASS | yes |
| ce730 | 13 | 60 | +0.0000 | +0.0000 | -176.7 | 0.73 | +0.0000 | ANTI-COMPASS | yes |
| ce733 | 15 | 60 | +0.0000 | +0.0000 | -174.1 | 0.81 | +0.0000 | ANTI-COMPASS | yes |
| ce735 | 12 | 60 | -0.2329 | -0.3285 | -173.7 | 0.85 | -0.2329 | ANTI-COMPASS | yes |
| ce736 | 13 | 2 | -0.0188 | -0.2173 | -168.0 | 0.92 | -0.0188 | ANTI-COMPASS | yes |
| ce737 | 10 | 2 | -0.0154 | -0.9266 | -179.3 | 0.83 | -0.0154 | ANTI-COMPASS | yes |
| ce741 | 12 | 4 | -0.0000 | +0.0000 | -179.8 | 0.93 | -0.0000 | ANTI-COMPASS | yes |
| ce742 | 13 | 2 | -0.2559 | -0.8384 | -179.3 | 0.93 | -0.2559 | ANTI-COMPASS | yes |
| ce744 | 13 | 1 | +0.0000 | +0.0000 | -48.2 | 0.47 | -0.0000 | ANTI-COMPASS | yes |
| ce745 | 13 | 4 | +0.0000 | +0.0000 | -173.6 | 0.95 | +0.0000 | ANTI-COMPASS | yes |
| ce746 | 11 | 11 | -0.2390 | -0.1089 | -168.1 | 0.80 | -0.2390 | ANTI-COMPASS | yes |
| ce747 | 11 | 3 | -0.2621 | +0.0000 | +178.0 | 0.79 | -0.2621 | ANTI-COMPASS | yes |
| ce748 | 13 | 60 | -0.0650 | +0.0000 | -177.5 | 0.65 | -0.0650 | ANTI-COMPASS | yes |
| ce749 | 13 | 60 | +0.0000 | +0.0000 | -174.9 | 0.74 | +0.0000 | ANTI-COMPASS | yes |
| ce750 | 16 | 60 | +0.0000 | +0.0000 | -177.4 | 0.81 | +0.0000 | ANTI-COMPASS | yes |
| ce757 | 12 | 60 | -0.0468 | -0.0531 | -167.8 | 0.76 | -0.0468 | ANTI-COMPASS | yes |
| ce758 | 12 | 60 | -0.1082 | +0.0000 | -178.2 | 0.74 | -0.1082 | ANTI-COMPASS | yes |
| ce759 | 12 | 35 | -0.0185 | +0.0000 | -168.0 | 0.77 | -0.0185 | ANTI-COMPASS | yes |
| ce762 | 13 | 60 | -0.0439 | -0.0575 | -170.0 | 0.86 | -0.0439 | ANTI-COMPASS | yes |
| ce763 | 15 | 60 | +0.0000 | +0.0000 | -5.6 | 0.80 | -0.0000 | ANTI-COMPASS | yes |
| ce765 | 11 | 60 | +0.0000 | +0.0000 | -175.5 | 0.84 | +0.0000 | ANTI-COMPASS | yes |
| ce766 | 12 | 2 | -0.1917 | -0.4045 | -177.4 | 0.79 | -0.1917 | ANTI-COMPASS | yes |
| ce767 | 16 | 13 | +0.0000 | +0.0000 | -4.0 | 0.93 | -0.0000 | ANTI-COMPASS | yes |
| ce770 | 16 | 2 | +0.0000 | +0.0000 | -173.1 | 0.82 | +0.0000 | ANTI-COMPASS | yes |
| ce771 | 11 | 4 | -0.0001 | +0.0000 | -172.0 | 0.80 | -0.0001 | ANTI-COMPASS | yes |
| ce773 | 13 | 60 | -0.0833 | -0.1888 | -173.1 | 0.76 | -0.0833 | ANTI-COMPASS | yes |
| ce775 | 16 | 2 | +0.0000 | +0.0000 | -1.4 | 0.98 | -0.0000 | ANTI-COMPASS | yes |
| ce776 | 12 | 18 | -0.0000 | +0.0000 | -177.8 | 0.75 | -0.0000 | ANTI-COMPASS | yes |
| ce777 | 13 | 60 | -0.7909 | -0.7406 | -172.5 | 0.82 | -0.7909 | ANTI-COMPASS | yes |
| ce778 | 13 | 60 | +0.0000 | +0.0000 | -172.0 | 0.90 | +0.0000 | ANTI-COMPASS | yes |
| ce780 | 11 | 60 | -0.5843 | -1.3603 | +2.6 | 0.88 | +0.5843 | COMPASS | yes |
| ce783 | 14 | 60 | -0.0901 | -0.1403 | -178.5 | 0.91 | -0.0901 | ANTI-COMPASS | yes |
| ce784 | 12 | 60 | -0.0299 | -0.0908 | -177.2 | 0.64 | -0.0299 | ANTI-COMPASS | yes |
| ce785 | 13 | 60 | +0.0000 | +0.0000 | -171.6 | 0.67 | +0.0000 | ANTI-COMPASS | yes |
| ce791 | 16 | 60 | +0.0000 | +0.0000 | -2.9 | 0.93 | -0.0000 | ANTI-COMPASS | yes |
| ce792 | 12 | 60 | -0.0184 | -0.9126 | -178.1 | 0.69 | -0.0184 | ANTI-COMPASS | yes |
| ce793 | 15 | 14 | -0.0819 | +0.0000 | +179.0 | 0.83 | -0.0819 | ANTI-COMPASS | yes |
| ce795 | 14 | 60 | -0.7990 | -0.4216 | -177.8 | 0.73 | -0.7990 | ANTI-COMPASS | yes |
| ce798 | 15 | 5 | -0.3665 | -0.9741 | +177.8 | 0.93 | -0.3665 | ANTI-COMPASS | yes |
| ce801 | 14 | 2 | -0.0943 | +0.0000 | -173.6 | 0.81 | -0.0943 | ANTI-COMPASS | yes |
| ce807 | 14 | 2 | +0.0000 | +0.0000 | -178.0 | 0.77 | +0.0000 | ANTI-COMPASS | yes |
| ce812 | 17 | 10 | -0.3447 | -1.5072 | -32.9 | 0.41 | +0.3447 | COMPASS | yes |
| ce813 | 14 | 60 | -0.0252 | -0.1078 | -179.4 | 0.72 | -0.0252 | ANTI-COMPASS | yes |
| ce814 | 13 | 60 | -0.0020 | +0.0000 | -177.4 | 0.79 | -0.0020 | ANTI-COMPASS | yes |
| ce815 | 14 | 17 | +0.0000 | +0.0000 | -174.3 | 0.74 | +0.0000 | ANTI-COMPASS | yes |
| ce817 | 12 | 3 | +0.0000 | +0.0000 | -174.2 | 0.87 | +0.0000 | ANTI-COMPASS | yes |
| ce818 | 13 | 3 | -0.0000 | +0.0000 | -1.0 | 0.65 | +0.0000 | COMPASS | no |
| ce821 | 16 | 60 | +0.0000 | +0.0000 | -173.1 | 0.62 | +0.0000 | ANTI-COMPASS | yes |
| ce825 | 13 | 5 | -0.2307 | -0.3326 | -173.3 | 0.74 | -0.2307 | ANTI-COMPASS | yes |
| ce826 | 12 | 3 | -0.0002 | -0.0129 | -160.6 | 0.47 | -0.0002 | ANTI-COMPASS | yes |
| ce830 | 14 | 60 | +0.0000 | +0.0000 | -169.8 | 0.73 | +0.0000 | ANTI-COMPASS | yes |
| ce831 | 13 | 2 | +0.0000 | +0.0000 | -178.9 | 0.88 | +0.0000 | ANTI-COMPASS | yes |
| ce832 | 17 | 60 | +0.0000 | +0.0000 | -2.5 | 0.96 | -0.0000 | ANTI-COMPASS | yes |
| ce833 | 15 | 2 | -0.1270 | -0.1354 | -179.4 | 0.86 | -0.1270 | ANTI-COMPASS | yes |
| ce835 | 12 | 60 | +0.0000 | +0.0000 | -179.1 | 0.73 | +0.0000 | ANTI-COMPASS | yes |
| ce836 | 15 | 60 | -0.0145 | -0.1844 | -175.7 | 0.76 | -0.0145 | ANTI-COMPASS | yes |
| ce838 | 13 | 60 | -0.0008 | +0.0000 | -174.2 | 0.52 | -0.0008 | ANTI-COMPASS | yes |
| ce839 | 14 | 60 | -0.1357 | +0.0000 | -177.0 | 0.85 | -0.1357 | ANTI-COMPASS | yes |
| ce841 | 18 | 60 | +0.0000 | +0.0000 | -3.3 | 0.96 | -0.0000 | ANTI-COMPASS | yes |
| ce845 | 13 | 7 | -0.0651 | -0.0742 | +179.8 | 0.93 | -0.0651 | ANTI-COMPASS | yes |
| ce846 | 14 | 60 | -0.0301 | -0.6672 | -172.5 | 0.89 | -0.0301 | ANTI-COMPASS | yes |
| ce848 | 15 | 2 | -0.5202 | -0.4172 | -163.1 | 0.87 | -0.5202 | ANTI-COMPASS | yes |
| ce849 | 17 | 60 | +0.0000 | +0.0000 | -1.3 | 0.98 | -0.0000 | ANTI-COMPASS | yes |
| ce850 | 15 | 60 | +0.0000 | +0.0000 | -173.9 | 0.61 | +0.0000 | ANTI-COMPASS | yes |
| ce851 | 13 | 1 | -0.5196 | -0.9434 | +178.1 | 0.82 | -0.5196 | ANTI-COMPASS | yes |
| ce852 | 17 | 2 | +0.0000 | +0.0000 | -175.4 | 0.79 | +0.0000 | ANTI-COMPASS | yes |
| ce856 | 14 | 60 | -0.2136 | -0.1369 | -168.0 | 0.83 | -0.2136 | ANTI-COMPASS | yes |
| ce857 | 18 | 2 | +0.0000 | +0.0000 | -13.0 | 0.87 | -0.0000 | ANTI-COMPASS | yes |
| ce858 | 16 | 60 | -0.0162 | -0.2035 | -178.7 | 0.76 | -0.0162 | ANTI-COMPASS | yes |
| ce859 | 15 | 60 | -0.0013 | -0.0852 | +179.3 | 0.74 | -0.0013 | ANTI-COMPASS | yes |
| ce860 | 14 | 60 | +0.0000 | +0.0000 | -3.0 | 0.91 | -0.0000 | ANTI-COMPASS | yes |
| ce861 | 14 | 2 | +0.0000 | +0.0000 | -3.8 | 0.96 | -0.0000 | ANTI-COMPASS | yes |
| ce866 | 15 | 3 | -0.0144 | +0.0000 | -179.7 | 0.94 | -0.0144 | ANTI-COMPASS | yes |
| ce867 | 17 | 2 | +0.0000 | +0.0000 | +179.6 | 0.91 | +0.0000 | ANTI-COMPASS | yes |
| ce869 | 15 | 3 | -0.1037 | -0.1232 | -175.3 | 0.93 | -0.1037 | ANTI-COMPASS | yes |
| ce870 | 13 | 7 | +0.0000 | +0.0000 | +179.8 | 0.79 | +0.0000 | ANTI-COMPASS | yes |
| ce873 | 15 | 3 | -0.0418 | -0.1403 | -169.5 | 0.83 | -0.0418 | ANTI-COMPASS | yes |
| ce874 | 14 | 2 | +0.0000 | +0.0000 | -1.4 | 0.55 | -0.0000 | ANTI-COMPASS | yes |
| ce876 | 15 | 60 | -0.6558 | -0.3977 | -174.4 | 0.75 | -0.6558 | ANTI-COMPASS | yes |
| ce877 | 14 | 60 | -0.1342 | -0.1888 | -172.2 | 0.84 | -0.1342 | ANTI-COMPASS | yes |
| ce878 | 15 | 3 | +0.0000 | +0.0000 | -14.3 | 0.81 | -0.0000 | ANTI-COMPASS | yes |
| ce880 | 15 | 3 | +0.0000 | +0.0000 | -9.1 | 0.87 | -0.0000 | ANTI-COMPASS | yes |
| ce881 | 13 | 2 | +0.0000 | +0.0000 | -171.9 | 0.92 | +0.0000 | ANTI-COMPASS | yes |
| ce882 | 15 | 7 | -0.6119 | -0.4417 | -175.9 | 0.69 | -0.6119 | ANTI-COMPASS | yes |
| ce884 | 16 | 4 | -0.0055 | -0.2469 | +179.8 | 0.73 | -0.0055 | ANTI-COMPASS | yes |
| ce886 | 17 | 60 | +0.0000 | +0.0000 | -173.1 | 0.54 | +0.0000 | ANTI-COMPASS | yes |
| ce887 | 14 | 60 | -0.1011 | +0.0000 | -177.6 | 0.74 | -0.1011 | ANTI-COMPASS | yes |
| ce890 | 16 | 3 | -0.0019 | -0.0852 | -174.9 | 0.82 | -0.0019 | ANTI-COMPASS | yes |
| ce895 | 12 | 60 | -0.1730 | -0.8708 | +2.1 | 0.85 | +0.1730 | COMPASS | yes |
| ce898 | 16 | 60 | -0.5494 | -0.3977 | -174.6 | 0.69 | -0.5494 | ANTI-COMPASS | yes |
| ce900 | 17 | 60 | -0.0211 | -0.2172 | -175.3 | 0.71 | -0.0211 | ANTI-COMPASS | yes |
| ce901 | 16 | 7 | -0.0023 | -0.2298 | +178.3 | 0.67 | -0.0023 | ANTI-COMPASS | yes |
| ce902 | 18 | 2 | +0.0000 | +0.0000 | -3.0 | 0.94 | -0.0000 | ANTI-COMPASS | yes |
| ce903 | 13 | 60 | +0.0000 | +0.0000 | -174.4 | 0.88 | +0.0000 | COMPASS | no |
| ce905 | 17 | 60 | +0.0000 | +0.0000 | -170.8 | 0.82 | +0.0000 | ANTI-COMPASS | yes |
| ce911 | 15 | 60 | -0.1286 | -0.1372 | -176.8 | 0.80 | -0.1286 | ANTI-COMPASS | yes |
| ce915 | 18 | 2 | +0.0000 | +0.0000 | -170.4 | 0.56 | +0.0000 | ANTI-COMPASS | yes |
| ce916 | 15 | 6 | +0.0000 | +0.0000 | -175.8 | 0.96 | +0.0000 | ANTI-COMPASS | yes |
| ce919 | 15 | 60 | +0.0043 | +0.0000 | -177.5 | 0.72 | +0.0043 | COMPASS | no |
| ce921 | 16 | 60 | -0.3184 | -0.0423 | -175.1 | 0.86 | -0.3184 | ANTI-COMPASS | yes |
| ce922 | 15 | 60 | +0.2601 | -0.5622 | -175.5 | 0.79 | +0.2601 | COMPASS | no |
| ce926 | 15 | 60 | -0.0665 | +0.0000 | -170.6 | 0.87 | -0.0665 | ANTI-COMPASS | yes |
| ce927 | 18 | 8 | +0.0000 | +0.0000 | +169.5 | 0.28 | +0.0000 | ANTI-COMPASS | yes |
| ce928 | 15 | 60 | +0.0000 | +0.0000 | -179.9 | 0.74 | +0.0000 | ANTI-COMPASS | yes |
| ce932 | 16 | 10 | -0.5488 | -0.3745 | +176.6 | 0.68 | -0.5488 | ANTI-COMPASS | yes |
| ce933 | 15 | 60 | -0.0010 | +0.0000 | -176.7 | 0.80 | -0.0010 | ANTI-COMPASS | yes |
| ce937 | 15 | 60 | -0.1740 | -1.0088 | -169.6 | 0.80 | -0.1740 | ANTI-COMPASS | yes |
| ce939 | 17 | 60 | +0.0000 | +0.0000 | -171.2 | 0.80 | +0.0000 | ANTI-COMPASS | yes |
| ce943 | 15 | 60 | -0.2076 | -0.1888 | -170.9 | 0.79 | -0.2076 | ANTI-COMPASS | yes |
| ce944 | 18 | 2 | +0.0977 | -0.1638 | -173.6 | 0.60 | +0.0977 | COMPASS | no |
| ce946 | 16 | 4 | +0.0000 | +0.0000 | -173.8 | 0.84 | +0.0000 | ANTI-COMPASS | yes |
| ce948 | 15 | 60 | -0.0831 | -0.1446 | -169.8 | 0.82 | -0.0831 | ANTI-COMPASS | yes |
| ce949 | 18 | 60 | -0.0077 | -0.4431 | -178.7 | 0.75 | -0.0077 | ANTI-COMPASS | yes |
| ce953 | 19 | 7 | -0.0326 | -0.6625 | -171.7 | 0.68 | -0.0326 | ANTI-COMPASS | yes |
| ce955 | 13 | 3 | -0.5098 | -0.8708 | -1.6 | 0.82 | +0.5098 | COMPASS | yes |
| ce956 | 15 | 60 | -0.0097 | -0.1888 | -170.7 | 0.79 | -0.0097 | ANTI-COMPASS | yes |
| ce960 | 18 | 60 | +0.0000 | +0.0000 | -134.7 | 0.16 | +0.0000 | ANTI-COMPASS | yes |
| ce962 | 18 | 2 | +0.0000 | +0.0000 | +178.3 | 0.86 | +0.0000 | ANTI-COMPASS | yes |
| ce963 | 18 | 60 | -0.0283 | -0.2172 | -175.9 | 0.79 | -0.0283 | ANTI-COMPASS | yes |
| ce967 | 17 | 60 | -0.5526 | -0.3977 | -170.5 | 0.81 | -0.5526 | ANTI-COMPASS | yes |
| ce974 | 18 | 60 | +0.0000 | +0.0000 | -169.7 | 0.79 | +0.0000 | COMPASS | no |
| ce975 | 18 | 60 | -0.0534 | -0.1032 | -175.5 | 0.69 | -0.0534 | ANTI-COMPASS | yes |
| ce977 | 17 | 4 | -0.6367 | -0.0533 | -178.3 | 0.80 | -0.6367 | ANTI-COMPASS | yes |
| ce981 | 16 | 2 | -0.0021 | -0.1384 | +2.3 | 0.62 | +0.0021 | COMPASS | yes |
| ce985 | 17 | 5 | -0.5787 | -0.0421 | -179.3 | 0.86 | -0.5787 | ANTI-COMPASS | yes |
| ce988 | 16 | 60 | -0.0698 | -0.2317 | -175.5 | 0.76 | -0.0698 | ANTI-COMPASS | yes |
| ce992 | 16 | 60 | -0.0007 | +0.0000 | -176.3 | 0.88 | -0.0007 | ANTI-COMPASS | yes |
| ce993 | 18 | 60 | -0.3656 | -0.4676 | -173.8 | 0.83 | -0.3656 | ANTI-COMPASS | yes |
| ce994 | 16 | 4 | +0.0017 | -0.3766 | -177.8 | 0.85 | +0.0017 | COMPASS | no |
| ce995 | 19 | 19 | -0.0085 | -0.4542 | -177.7 | 0.82 | -0.0085 | ANTI-COMPASS | yes |
| ce996 | 17 | 5 | -0.2848 | -0.3297 | -169.5 | 0.82 | -0.2848 | ANTI-COMPASS | yes |
| ce997 | 19 | 5 | +0.0000 | +0.0000 | -170.7 | 0.67 | +0.0000 | COMPASS | no |

  compasses 35, ANTI-COMPASSES (the inversion count) 192, undetermined 0 of 227 distinct window carriers; links-alone |a| >= paying rung: 0

wall time 572 s
SUMMARY {"seed": 805, "pc_pass": true, "pc_detected": 40, "pc_total": 40, "pc_invalid": 0, "X": 0.41277777777777774, "window_depth": 14.978555555555555, "seasons_any": 600, "n_seasons": 600, "genomes": 1211, "missing": 0, "founders": 59, "founder_carriers": 30, "births": 1151, "carriers_born": 539, "de_novo": 12, "depth_matched": 228, "depth_matched_carriers": 61, "window_carriers": 227, "compass": 35, "anti": 192, "undetermined": 0, "alone_agrees": 205, "alone_reaches_rung": 0, "probed": true}
