season	population	alive	births	deaths	mean_lifetime_score	best_lifetime_score	mean_age	max_age
0	holistic	60	1	1	-0.008908213596790634	0.9795962525444637	26.916666666666668	59
0	conventional	60	1	1	-0.23130761305255412	3.5247509309882457	27.05	58
1	holistic	60	1	1	0.0650207601240758	1.979906805020824	26.916666666666668	56
1	conventional	60	0	0	0.032083028517159475	2.977168549316282	28.05	59
2	holistic	60	0	0	0.07351435385199528	1.934711699359479	27.916666666666668	57
2	conventional	60	7	7	0.16263590672946912	2.49078016527474	24.2	57
3	holistic	60	0	0	0.06954129192513338	1.6960874011983111	28.916666666666668	58
3	conventional	60	8	8	0.25754128427779194	2.908090546551567	21.316666666666666	58
4	holistic	60	1	1	0.053719557495226465	1.5410843384713613	29.85	59
4	conventional	60	10	10	0.3175500795777104	2.4059063560676854	19.533333333333335	59
5	holistic	60	2	2	0.06820691782036996	1.6057348279569768	29.783333333333335	59
5	conventional	60	8	8	0.3734833430148896	3.4255435732370243	18.3	59
6	holistic	60	2	2	0.06468019688224277	1.3651449999007694	28.783333333333335	59
6	conventional	60	4	4	0.36714600896416844	2.404371955960864	17.933333333333334	59
7	holistic	60	2	2	0.05463535621731083	1.1922319217290605	28.75	58
7	conventional	60	10	10	0.5922498538142131	6.313460596319471	16.633333333333333	58
8	holistic	60	2	2	0.06984044907191218	1.1658688857447985	28.816666666666666	59
8	conventional	60	7	7	0.5068173609996919	3.447842817418441	13.533333333333333	58
9	holistic	60	2	2	0.07026145060609654	1.04105242403249	28.25	56
9	conventional	60	6	6	0.6413494570361756	4.5555663302888405	13.65	59
10	holistic	60	2	2	0.0760683733543931	1.1210840323027096	28.733333333333334	57
10	conventional	60	2	2	0.7916008191311453	3.2243969011441203	13.6	56
11	holistic	20	3	43	0.2277426752743764	1.0213750607199659	12.85	47
11	conventional	60	4	4	0.9218944814435598	3.502513382769134	14.283333333333333	57
12	holistic	23	4	1	0.17995171629594378	0.9382813761202432	11.869565217391305	48
12	conventional	60	6	6	0.9857345440219375	6.300037034255793	14.783333333333333	58
13	holistic	22	1	2	0.22732664581857176	0.9588474947169862	12.909090909090908	49
13	conventional	60	1	1	0.9071973624241252	2.8120489779067745	15.766666666666667	59
14	holistic	20	2	4	0.2565270841532152	0.8077612030009731	12.0	50
14	conventional	60	3	3	0.7662160764519054	1.8107092717186062	15.683333333333334	59
15	holistic	20	4	4	0.41843261103401863	0.9715323648976549	8.65	42
15	conventional	60	3	3	0.7255636796057424	1.7787169044103277	15.4	54
16	holistic	26	8	2	0.3819069800404788	1.5522828914421345	7.115384615384615	43
16	conventional	60	2	2	0.7875523544446146	1.81391961979852	16.266666666666666	55
17	holistic	34	8	0	0.3625856957795038	1.3948189023127362	6.205882352941177	44
17	conventional	60	1	1	0.8773408158859642	1.9927857194492682	17.183333333333334	56
18	holistic	48	14	0	0.5514086125465031	3.9460539643776777	5.104166666666667	45
18	conventional	60	1	1	0.8270866219272236	2.0504942952880953	18.133333333333333	57
19	holistic	58	11	1	0.43825400447106844	2.9289579146517215	4.982758620689655	46
19	conventional	60	1	1	0.8034430153359303	2.2579134876082314	18.95	58
20	holistic	60	9	7	0.6167288708995061	2.667600790975854	4.65	47
20	conventional	60	0	0	0.8538070525606279	2.5277045948010746	19.95	59
21	holistic	60	5	5	0.6010435484236427	1.9365525044123053	5.366666666666666	48
21	conventional	60	3	3	0.8106251435811473	1.9832005309744791	19.083333333333332	58
22	holistic	60	5	5	0.7396764868580097	3.9413937434819637	6.033333333333333	49
22	conventional	60	1	1	0.861722292347055	1.8872422799608553	19.983333333333334	59
23	holistic	60	2	2	0.728483866681249	2.4420601410925316	6.9	50
23	conventional	60	2	2	0.8407122716826503	1.9139339762565521	19.783333333333335	55
24	holistic	60	0	0	0.7469055133073721	2.4264938491697823	7.9	51
24	conventional	60	1	1	0.8726815035724295	2.1711925875385205	20.433333333333334	56
25	holistic	60	3	3	0.7191817110878925	2.7244674721124342	8.7	52
25	conventional	60	2	2	0.9093835948396923	2.5604233253209143	20.616666666666667	57
26	holistic	60	5	5	0.7222522974946738	2.268759772051789	9.333333333333334	53
26	conventional	60	0	0	0.9306417857409596	2.421342411731854	21.616666666666667	58
27	holistic	60	3	3	0.8405378902930022	2.640766565415401	10.116666666666667	54
27	conventional	60	1	1	0.8805314149168104	1.9199723060062517	22.033333333333335	59
28	holistic	60	0	0	0.8935232132225251	2.675364216448694	11.116666666666667	55
28	conventional	60	1	1	0.8500322751674726	1.751940000371819	22.033333333333335	55
29	holistic	60	2	2	0.8631136948609863	2.5915563969407738	11.8	56
29	conventional	60	1	1	0.8017941452680454	1.6903137626112956	22.166666666666668	56
30	holistic	60	0	0	0.910116396399831	2.5254566194834913	12.8	57
30	conventional	60	1	1	0.9021124516107655	1.6199490090291657	23.133333333333333	57
31	holistic	60	2	2	0.9162378948994463	2.289143927633837	13.666666666666666	58
31	conventional	60	0	0	0.8727357169663174	1.5280300382242216	24.133333333333333	58
32	holistic	60	0	0	0.8895503276076866	2.5920211435545855	14.666666666666666	59
32	conventional	60	1	1	0.8702116691113322	1.5799181628401429	25.1	59
33	holistic	60	1	1	0.8707060300730206	2.4640049798155794	14.666666666666666	39
33	conventional	60	1	1	0.8620380285180664	2.2055716761604884	25.1	59
34	holistic	60	0	0	0.9597252019811348	2.974342843303506	15.666666666666666	40
34	conventional	60	2	2	0.892012076572564	2.5242699347093778	24.95	58
35	holistic	60	0	0	0.9649989372867084	2.525383783054364	16.666666666666668	41
35	conventional	60	0	0	0.9488151100480368	3.402518816681356	25.95	59
36	holistic	60	0	0	0.9315390213992474	2.4255014632967997	17.666666666666668	42
36	conventional	60	1	1	0.9142264383704248	2.919840009264355	25.95	58
37	holistic	60	0	0	0.9120787798415733	2.336931646575615	18.666666666666668	43
37	conventional	60	0	0	0.9250159883043875	2.4230983306396734	26.95	59
38	holistic	60	0	0	0.9120462460405198	2.3140857559368366	19.666666666666668	44
38	conventional	60	1	1	0.9052061009552204	1.9325214551789587	26.95	52
39	holistic	60	0	0	0.9068502517335202	2.3994186788458376	20.666666666666668	45
39	conventional	60	1	1	0.9551217087387528	3.610110730604669	27.416666666666668	53
40	holistic	60	0	0	0.8971193448085173	2.3257523538899885	21.666666666666668	46
40	conventional	60	1	1	0.8823284415645503	2.0900335542130346	28.316666666666666	54
41	holistic	60	0	0	0.8875893848699018	2.30667897652936	22.666666666666668	47
41	conventional	60	0	0	0.906453007990031	1.927908423450986	29.316666666666666	55
42	holistic	60	2	2	0.8685578156467559	2.2447091300474162	23.116666666666667	48
42	conventional	60	0	0	0.9299993650222417	2.3375585509937578	30.316666666666666	56
43	holistic	60	0	0	0.9325446366828268	2.6702065654302536	24.116666666666667	49
43	conventional	60	1	1	0.8914825132177501	1.7385105621177435	31.266666666666666	57
44	holistic	60	0	0	0.9399522741706735	2.6635449277534002	25.116666666666667	50
44	conventional	60	0	0	0.9302552362843252	2.2704377363841064	32.266666666666666	58
45	holistic	60	0	0	0.9581690578692229	2.9964012368017237	26.116666666666667	51
45	conventional	60	1	1	0.9272392682483864	3.2801008974311276	32.75	59
46	holistic	60	0	0	0.928257471340436	2.1641100717805033	27.116666666666667	52
46	conventional	60	1	1	0.8893167451176133	2.270436736063431	32.75	58
47	holistic	60	0	0	0.9224008499353548	2.112149511992115	28.116666666666667	53
47	conventional	60	0	0	0.9174393875440985	2.2758328708439275	33.75	59
48	holistic	60	0	0	0.9215268237946965	2.1769109987051083	29.116666666666667	54
48	conventional	60	1	1	0.926545513627888	2.679313881063591	33.75	59
49	holistic	60	0	0	0.925790899593372	2.1333487102541246	30.116666666666667	55
49	conventional	60	1	1	0.9217325309637185	2.2776680298392504	33.75	59
50	holistic	60	0	0	0.920859456910947	2.126630192865639	31.116666666666667	56
50	conventional	60	1	1	0.9191469043341329	1.9937250215338427	33.75	59
51	holistic	60	0	0	0.9253458499735758	2.1083114602285185	32.11666666666667	57
51	conventional	60	2	2	0.863431739025911	1.8303780270520633	32.75	57
52	holistic	60	0	0	0.922257786307122	2.051751728205688	33.11666666666667	58
52	conventional	60	1	1	0.8877744929335001	2.3175079681349446	33.68333333333333	58
53	holistic	60	0	0	0.9314991340415464	2.0177986091735747	34.11666666666667	59
53	conventional	60	1	1	0.8895079576063156	1.8748170520130096	34.61666666666667	59
54	holistic	60	1	1	0.9194823921634787	1.9561672779275463	34.11666666666667	56
54	conventional	60	2	2	0.8391521796898813	1.8223236019473825	34.56666666666667	57
55	holistic	60	0	0	0.9250965066061396	1.8983037028133285	35.11666666666667	57
55	conventional	60	0	0	0.8569738120583608	1.6063731259293481	35.56666666666667	58
56	holistic	60	0	0	0.9089635631515572	1.8711819784320651	36.11666666666667	58
56	conventional	60	2	2	0.8601923189465016	1.5276022025282443	36.45	59
57	holistic	60	0	0	0.9305505809584329	1.9534136384208625	37.11666666666667	59
57	conventional	60	1	1	0.8529278099329252	1.5114210082365516	36.45	57
58	holistic	60	1	1	0.9056250227270868	1.8210116321667098	37.11666666666667	54
58	conventional	60	0	0	0.9440157504969645	3.4879522269467973	37.45	58
59	holistic	60	0	0	0.8990202745108652	1.7719514466672355	38.11666666666667	55
59	conventional	60	0	0	0.9047836565458204	1.7146041709387856	38.45	59
60	holistic	60	0	0	0.8970173909736512	1.800737159967103	39.11666666666667	56
60	conventional	60	1	1	0.9029391053979386	2.1663651946318447	38.45	58
61	holistic	60	0	0	0.9013664246415013	1.7550754872884788	40.11666666666667	57
61	conventional	60	0	0	0.9145165582015858	1.613983268462923	39.45	59
62	holistic	60	1	1	0.8987621690065538	1.7354961873635335	41.05	58
62	conventional	60	2	2	0.8848555172476187	1.660097320767473	39.25	59
63	holistic	60	0	0	0.9056600918785846	1.7397540721783964	42.05	59
63	conventional	60	2	2	0.8464499335429995	1.5945588693122028	38.25	59
64	holistic	60	1	1	0.8874919275505018	1.7213874241939948	42.05	57
64	conventional	60	6	6	0.7477000392203005	1.5576556861700723	35.18333333333333	59
65	holistic	60	0	0	0.890933929718979	1.7037697703932522	43.05	58
65	conventional	60	4	4	0.733482856313715	1.5722694493646197	33.166666666666664	59
66	holistic	60	0	0	0.8965795805125567	1.6867484874059073	44.05	59
66	conventional	60	2	2	0.7353544838290861	1.590740662500804	32.166666666666664	59
67	holistic	60	1	1	0.8806181294927834	1.6919103244943696	44.05	59
67	conventional	60	5	5	0.8311257809366885	4.314831589492912	29.133333333333333	59
68	holistic	60	1	1	0.8718381419585041	1.655144660532567	44.05	59
68	conventional	60	4	4	0.8597828496244831	5.368711692935834	26.133333333333333	59
69	holistic	60	1	1	0.851966026438633	1.6810383687225707	44.05	58
69	conventional	60	3	3	1.0200403822336375	4.357859417340615	25.05	59
70	holistic	60	0	0	0.8612424367519872	1.6459271169311291	45.05	59
70	conventional	60	1	1	1.08944791069119	5.390280931827388	25.05	59
71	holistic	60	1	1	0.858392089672244	1.6122452377074332	45.05	59
71	conventional	60	1	1	0.9988881043195172	2.3919305563510154	25.05	59
72	holistic	60	3	3	0.8273742335171086	1.5991967571196324	43.983333333333334	59
72	conventional	60	3	3	0.8705505182928803	1.905585880293963	23.05	58
73	holistic	60	2	2	0.820874440191493	1.5865129553049118	43.916666666666664	59
73	conventional	60	2	2	0.859300096951536	2.1704791161690826	23.95	59
74	holistic	60	2	2	0.8429653254216303	1.5559420336464556	43.86666666666667	59
74	conventional	60	3	3	0.8069952018197458	1.8740047963027773	22.85	59
75	holistic	60	3	3	0.7956070712209942	1.544536938054665	41.86666666666667	59
75	conventional	60	3	3	0.9079757233957337	2.4097138771232762	21.65	59
76	holistic	60	4	4	0.749676298963265	1.5156667713473586	39.8	59
76	conventional	60	2	2	0.8868846371753742	2.414345116268982	21.45	59
77	holistic	60	5	5	0.8071169957661913	1.9417157093408346	35.8	59
77	conventional	60	3	3	0.992482763741963	3.5304702234741248	21.25	58
78	holistic	60	7	7	0.7538791898970059	1.9695846427884105	29.8	59
78	conventional	60	0	0	0.952268535836801	1.8235422648483584	22.25	59
79	holistic	60	10	10	0.6831085617321776	1.9657264409834285	22.683333333333334	59
79	conventional	60	2	2	0.913809026303514	1.8266107868732857	22.1	58
80	holistic	60	8	8	0.6946660866001324	3.869168765622892	16.616666666666667	59
80	conventional	60	2	2	0.8929377705918496	1.7371708164224464	22.916666666666668	59
81	holistic	60	3	3	0.8650094681732697	7.735092115894964	15.55	59
81	conventional	60	5	5	0.9023116536417946	3.481919192348242	20.866666666666667	59
82	holistic	60	6	6	0.9025501975803176	3.853782652562158	15.216666666666667	59
82	conventional	60	2	2	0.9220655381744595	5.362500004066984	20.85	59
83	holistic	60	4	4	0.8730118475099224	3.8556742366767547	14.933333333333334	57
83	conventional	60	4	4	0.8791022774384669	2.3627965730069445	20.716666666666665	59
84	holistic	60	1	1	0.8924445236304934	2.871694189803276	15.866666666666667	58
84	conventional	60	2	2	0.8161836661088873	1.8367963530039808	20.666666666666668	59
85	holistic	60	0	0	0.9698371999314215	2.5334629801936486	16.866666666666667	59
85	conventional	60	2	2	0.7926901380796914	1.5870689054860674	20.633333333333333	58
86	holistic	60	9	9	0.8768058295623468	2.397704803119472	13.483333333333333	59
86	conventional	60	1	1	0.85645649603835	1.6826964275983773	21.6	59
87	holistic	60	1	1	1.0653850377918268	3.9497449363301627	13.483333333333333	58
87	conventional	60	3	3	0.9074478988602762	3.4558554279932916	21.466666666666665	58
88	holistic	60	1	1	0.9819938577849189	2.9583664298495784	14.416666666666666	59
88	conventional	60	2	2	0.915400950301628	3.2669022967322925	22.4	59
89	holistic	60	3	3	0.9410250637616083	2.4438339314306394	13.366666666666667	58
89	conventional	60	2	2	0.8864764746158803	2.2665480197349015	22.366666666666667	57
90	holistic	60	2	2	0.8948452000710077	2.0237541931627354	14.05	59
90	conventional	60	1	1	0.8682642903728531	2.4574144259710566	23.333333333333332	58
91	holistic	60	3	3	0.9151746921913531	3.887070051053738	12.983333333333333	58
91	conventional	60	2	2	0.9388783736521628	2.6530069305041204	24.25	59
92	holistic	60	0	0	0.9465507136065224	1.8922133605876303	13.983333333333333	59
92	conventional	60	1	1	0.8673077320073941	2.2755506628736737	24.25	59
93	holistic	60	3	3	0.8719512557189317	1.775121962943014	13.85	51
93	conventional	60	2	2	0.8401684839523246	2.158739992582934	24.216666666666665	59
94	holistic	60	1	1	0.9678641555606207	1.956811111490667	14.783333333333333	52
94	conventional	60	2	2	0.9091242783951212	3.4652961260424946	24.183333333333334	58
95	holistic	60	1	1	0.9308264559474306	1.7476030988358193	15.716666666666667	53
95	conventional	60	1	1	0.8409477113238115	1.7797559541652097	25.116666666666667	59
96	holistic	60	0	0	0.9137159772756701	1.695740622273473	16.716666666666665	54
96	conventional	60	2	2	0.811249570080163	1.7476084362382411	25.0	58
97	holistic	60	1	1	0.9120003088417687	1.6500666622809292	17.65	55
97	conventional	60	0	0	0.842510716962397	1.6476269663302252	26.0	59
98	holistic	60	0	0	0.9718486500532156	2.2215682384267614	18.65	56
98	conventional	60	3	3	0.8346594013444493	1.551655776540608	25.933333333333334	59
99	holistic	60	0	0	0.9530975032327027	1.7715835629488847	19.65	57
99	conventional	60	3	3	0.8037578120686271	1.6702517242807569	25.9	56
100	holistic	60	0	0	0.9187348087788593	1.6101833773983316	20.65	58
100	conventional	60	1	1	0.784093569632093	1.6944830289438464	26.866666666666667	57
101	holistic	60	1	1	0.914027227612377	1.549575925979695	21.3	59
101	conventional	60	2	2	0.7801882765645552	1.663517146845909	27.7	58
102	holistic	60	2	2	0.8808646322355265	1.7223072664649002	20.3	48
102	conventional	60	2	2	0.7831564745870249	1.6615283499782632	28.616666666666667	59
103	holistic	60	0	0	0.9534811084427874	3.7206055087129757	21.3	49
103	conventional	60	1	1	0.8685816389638191	4.510364345141682	28.616666666666667	58
104	holistic	60	0	0	0.9366096733512893	3.716174540864035	22.3	50
104	conventional	60	1	1	0.9230434452392655	4.519603622500584	29.583333333333332	59
105	holistic	60	0	0	0.9308991328672075	2.715070318673384	23.3	51
105	conventional	60	1	1	0.8800307480013071	2.8450446727800878	29.583333333333332	59
106	holistic	60	2	2	0.9249995128428643	1.9640228297262068	23.8	52
106	conventional	60	1	1	0.9062020564297225	2.7595139704753096	29.583333333333332	54
107	holistic	60	0	0	0.9288234716273622	1.9187717384584488	24.8	53
107	conventional	60	1	1	0.90246047682533	2.884156242485193	30.033333333333335	55
108	holistic	60	0	0	0.9321758481833103	1.7175463692439958	25.8	54
108	conventional	60	0	0	0.8740932816804967	2.29396337263381	31.033333333333335	56
109	holistic	60	0	0	0.9587598142773038	1.943250206005508	26.8	55
109	conventional	60	0	0	0.8563290302584713	2.3060523480189494	32.03333333333333	57
110	holistic	60	1	1	0.9477751212495547	1.5502229272218004	27.733333333333334	56
110	conventional	60	1	1	0.8976537504913182	2.3146959434890464	32.46666666666667	58
111	holistic	60	0	0	0.9587499489435153	1.497810665141711	28.733333333333334	57
111	conventional	60	0	0	0.8856167243239175	3.048497203966802	33.46666666666667	59
112	holistic	60	0	0	0.9423206974748909	1.6218054798581407	29.733333333333334	58
112	conventional	60	1	1	0.874942266751304	2.350151608626979	33.46666666666667	59
113	holistic	60	0	0	0.9543363767869235	1.6269947245716478	30.733333333333334	59
113	conventional	60	2	2	0.8241161428510162	1.8784283990609716	32.65	59
114	holistic	60	1	1	0.9480485290875005	2.3170459384271225	30.733333333333334	52
114	conventional	60	3	3	0.7922414721580188	1.5919574024376493	32.6	58
115	holistic	60	1	1	1.0021768919557579	2.718196936517854	31.65	53
115	conventional	60	4	4	0.7858635994179356	1.5102956001738959	33.516666666666666	59
116	holistic	60	0	0	0.9749769317734851	2.7390754278556293	32.65	54
116	conventional	60	4	4	0.7833669207818824	2.633296832478311	31.666666666666668	59
117	holistic	60	0	0	0.9615914800405296	2.4851163972171224	33.65	55
117	conventional	60	3	3	0.7366329803987332	2.1168664146770073	31.333333333333332	57
118	holistic	60	0	0	0.9835630935129581	2.6064819190695796	34.65	56
118	conventional	60	4	4	0.7871214926642139	2.597049002343254	31.85	58
119	holistic	60	1	1	0.9837092940629709	2.4780625552779063	35.583333333333336	57
119	conventional	60	1	1	1.0529956533617468	5.425984377678722	32.8	59
120	holistic	60	0	0	1.0045555189453488	2.5816725396571454	36.583333333333336	58
120	conventional	60	1	1	0.9775007316861274	2.4645276617648384	32.8	57
121	holistic	60	0	0	1.0060638224156895	2.5382274454998877	37.583333333333336	59
121	conventional	60	0	0	0.9540996480009283	3.0453850487745684	33.8	58
122	holistic	60	1	1	1.025511879863655	3.281201754828777	37.583333333333336	58
122	conventional	60	1	1	0.9080814655493344	2.1305351346849584	34.71666666666667	59
123	holistic	60	0	0	1.0236604174794393	2.4670409411900036	38.583333333333336	59
123	conventional	60	1	1	0.8756440981877477	2.1894706433054885	34.71666666666667	59
124	holistic	60	1	1	1.0137495795074278	2.437819439381849	38.583333333333336	57
124	conventional	60	3	3	0.8406825021259561	2.0527127815434247	33.56666666666667	59
125	holistic	60	0	0	0.9930336254817014	2.359227384535597	39.583333333333336	58
125	conventional	60	3	3	0.7941501253149599	1.9513892874582228	31.566666666666666	59
126	holistic	60	0	0	1.0039083046131942	2.3880566322943313	40.583333333333336	59
126	conventional	60	2	2	0.8187848403235602	2.0035536367267994	30.566666666666666	59
127	holistic	60	1	1	0.9772954234237725	2.272952206695681	40.583333333333336	55
127	conventional	60	5	5	0.7590581234469231	2.002438548326074	27.533333333333335	59
128	holistic	60	0	0	0.9669322108823695	2.3034725216509937	41.583333333333336	56
128	conventional	60	5	5	0.7937072107565655	1.8434085979826682	25.383333333333333	59
129	holistic	60	0	0	0.9840703923716433	2.288187557584276	42.583333333333336	57
129	conventional	60	3	3	0.9600989914333639	4.246775501721043	24.35	57
130	holistic	60	0	0	0.9808364680396197	2.1907985965566747	43.583333333333336	58
130	conventional	60	0	0	0.9588493607180989	2.7711112754277067	25.35	58
131	holistic	60	0	0	0.9901778904865122	2.3806009494291795	44.583333333333336	59
131	conventional	60	2	2	0.9389247080267966	2.354078790518299	26.25	59
132	holistic	60	2	2	0.9486735264957069	2.2871249412503634	43.583333333333336	59
132	conventional	60	4	4	0.9095849284683802	2.1750009507612873	25.016666666666666	59
133	holistic	60	2	2	0.9597725884584546	2.2372360271339584	42.583333333333336	59
133	conventional	60	3	3	0.8776420134942422	1.946765172161453	24.0	59
134	holistic	60	1	1	0.9405063087594423	2.2265527655524737	42.583333333333336	59
134	conventional	60	2	2	0.8535152223635684	1.7156533294633747	23.0	59
135	holistic	60	1	1	0.9131006600905149	2.182740937636149	42.583333333333336	59
135	conventional	60	4	4	0.8745580319883597	2.860907341857541	22.016666666666666	59
136	holistic	60	2	2	0.8783498947215617	2.108493878946371	41.583333333333336	59
136	conventional	60	1	1	0.8393957607162555	2.023647188792527	22.016666666666666	59
137	holistic	60	5	5	0.9080094402627346	3.9775818112358476	38.516666666666666	59
137	conventional	60	3	3	0.8783145459763488	2.1074322234023057	20.983333333333334	57
138	holistic	60	3	3	1.0224197328712517	5.951513081070736	37.483333333333334	59
138	conventional	60	2	2	0.8737560477799442	1.9829864432759237	21.9	58
139	holistic	60	7	7	0.8489755880797432	3.9509398134102742	31.483333333333334	59
139	conventional	60	0	0	0.9155071525254457	2.4370830644030486	22.9	59
140	holistic	60	6	6	0.8819208817979776	2.617363282725438	27.433333333333334	59
140	conventional	60	2	2	0.8428264495130544	1.9229994644991655	22.816666666666666	59
141	holistic	60	6	6	0.8757506503063954	2.7077997621346586	25.2	59
141	conventional	60	2	2	0.8220357587629058	2.0288184589112896	22.75	59
142	holistic	60	4	4	0.9102766743707746	3.8727330394441952	24.066666666666666	59
142	conventional	60	2	2	0.8899310192149275	2.215916488890844	22.716666666666665	59
143	holistic	60	7	7	0.8692907849424863	3.8585131105097488	20.866666666666667	57
143	conventional	60	2	2	0.816941312945207	2.0715837746703594	22.616666666666667	59
144	holistic	60	3	3	0.958941008946405	2.953386802023583	21.666666666666668	58
144	conventional	60	4	4	0.8131018778501785	2.038573230913527	22.5	59
145	holistic	60	1	1	0.9967495256830656	2.6263779598002723	22.6	59
145	conventional	60	2	2	0.8758996054858251	2.330892694766508	22.466666666666665	59
146	holistic	60	8	8	0.9195023846549649	2.2349385468081	16.533333333333335	58
146	conventional	60	2	2	0.9002256338344231	3.333094014832227	22.433333333333334	59
147	holistic	60	0	0	0.9758099598421094	3.892310387022287	17.533333333333335	59
147	conventional	60	2	2	0.9112053343652697	3.625764755699307	22.416666666666668	57
148	holistic	60	3	3	0.9260984643510205	2.388966101333218	17.366666666666667	59
148	conventional	60	1	1	0.849256661193341	2.0256959685496874	23.35	58
149	holistic	60	1	1	0.970104581165551	2.7124539907076404	17.366666666666667	59
149	conventional	60	2	2	0.8455023207826787	1.8855060941334036	24.283333333333335	59
150	holistic	60	2	2	0.9070915736889659	2.1085168959899656	17.3	59
150	conventional	60	1	1	0.9627245405535094	3.5076921800632515	24.283333333333335	57
151	holistic	60	2	2	0.9057068945662333	2.1642178986455205	16.3	58
151	conventional	60	1	1	0.8714466844572194	1.956228015941515	25.1	58
152	holistic	60	0	0	0.9223251693530049	2.078182667407426	17.3	59
152	conventional	60	1	1	0.88508282372115	2.1137999001394863	25.6	59
153	holistic	60	2	2	0.9096850661176659	2.065240919655901	16.3	59
153	conventional	60	1	1	0.8987669617416072	2.123302734766186	25.6	59
154	holistic	60	4	4	0.9189815091896231	2.050239146151281	15.983333333333333	59
154	conventional	60	2	2	0.8103459323657851	2.068089836695758	24.6	59
155	holistic	60	3	3	0.937371209258581	2.0374840874381803	15.85	58
155	conventional	60	1	1	0.8196089726089777	1.9842532346615178	24.6	54
156	holistic	60	1	1	0.9719662450952653	2.9251905181933253	16.716666666666665	59
156	conventional	60	1	1	0.8059421008045209	1.9366455356571877	25.566666666666666	55
157	holistic	60	1	1	0.9425068933900699	2.420951753403992	16.716666666666665	56
157	conventional	60	1	1	0.8578024954228592	2.522001784272818	26.433333333333334	56
158	holistic	60	2	2	0.927159061218518	2.520684445393298	17.583333333333332	57
158	conventional	60	0	0	0.9616708733171078	5.347804766795646	27.433333333333334	57
159	holistic	60	1	1	0.9397648660915919	2.4224905078051324	18.516666666666666	58
159	conventional	60	0	0	0.8962788030841587	2.8334576674047582	28.433333333333334	58
160	holistic	60	0	0	0.9766177999965332	2.763108254182511	19.516666666666666	59
160	conventional	60	0	0	0.8725885114811966	1.8803040570065361	29.433333333333334	59
161	holistic	60	1	1	0.9558787671982786	2.423264987016979	19.516666666666666	59
161	conventional	60	1	1	0.8358859239182203	1.8142876191295922	29.433333333333334	59
162	holistic	60	1	1	0.9755991082847546	2.477526316657638	19.516666666666666	56
162	conventional	60	1	1	0.8266407926235994	1.8027517057926992	29.433333333333334	59
163	holistic	60	1	1	0.9809070797690593	2.2239751025275143	20.483333333333334	57
163	conventional	60	1	1	0.8065505635187374	1.8191318492117001	29.433333333333334	59
164	holistic	60	1	1	0.9777978795615944	2.287358375692747	21.45	58
164	conventional	60	2	2	0.7896010813959075	1.810599168633064	29.4	59
165	holistic	60	0	0	1.003206025443002	2.3396499899177647	22.45	59
165	conventional	60	1	1	0.7607834761340323	1.8022929754858144	29.4	58
166	holistic	60	1	1	0.9402333176768348	2.1544864988957553	22.45	52
166	conventional	60	2	2	0.7715337069967723	1.7471669331967863	30.333333333333332	59
167	holistic	60	1	1	0.994443816372959	3.9000141795763748	23.383333333333333	53
167	conventional	60	1	1	0.7435402820804057	1.7128744549650516	30.333333333333332	52
168	holistic	60	0	0	0.9780072697174131	2.3998112346427765	24.383333333333333	54
168	conventional	60	0	0	0.8090280827739292	1.797651177600982	31.333333333333332	53
169	holistic	60	0	0	0.9841349698997117	2.567127638825007	25.383333333333333	55
169	conventional	60	0	0	0.8591630166416607	2.0439819769465295	32.333333333333336	54
170	holistic	60	0	0	0.9823716499192271	2.148706775515493	26.383333333333333	56
170	conventional	60	0	0	0.857701556003062	1.8769664659871843	33.333333333333336	55
171	holistic	60	1	1	0.9674451453393861	1.9336749322367477	27.316666666666666	57
171	conventional	60	0	0	0.8358931663903113	1.7314184069988023	34.333333333333336	56
172	holistic	60	0	0	0.9696268735800808	2.0315458565370186	28.316666666666666	58
172	conventional	60	0	0	0.8180178364433833	1.7470484706314304	35.333333333333336	57
173	holistic	60	0	0	0.9726823872159024	2.076297014606238	29.316666666666666	59
173	conventional	60	0	0	0.8051762569686931	1.7010592200629482	36.333333333333336	58
174	holistic	60	1	1	0.9610581469769183	1.9838855985221304	29.316666666666666	55
174	conventional	60	0	0	0.8032316216537757	1.6942900205150733	37.333333333333336	59
175	holistic	60	0	0	0.9628195522192472	1.9808747256182817	30.316666666666666	56
175	conventional	60	3	3	0.7555507418686979	1.6512060782591855	35.65	59
176	holistic	60	0	0	0.9660329338352194	2.012346640011416	31.316666666666666	57
176	conventional	60	2	2	0.782416876116517	2.6146923026628004	35.63333333333333	59
177	holistic	60	0	0	0.9558729006797555	1.951237393692327	32.31666666666667	58
177	conventional	60	2	2	0.7986448556582438	3.6137082584490545	34.63333333333333	59
178	holistic	60	1	1	0.9485619432774265	1.9251169024827173	33.25	59
178	conventional	60	4	4	0.7241672557037818	2.621391069052977	31.633333333333333	59
179	holistic	60	2	2	0.9361122025438219	1.963388729400492	33.233333333333334	57
179	conventional	60	2	2	0.7684573676829776	2.646965613019006	31.6	56
180	holistic	60	0	0	0.9580787279677199	1.925082549198785	34.233333333333334	58
180	conventional	60	1	1	0.80144823291714	2.651200733710177	32.583333333333336	57
181	holistic	60	0	0	0.9584123050931661	1.9251054502194707	35.233333333333334	59
181	conventional	60	1	1	0.8234152248499603	2.166199838470034	33.53333333333333	58
182	holistic	60	1	1	0.9468295137791647	1.9256224961401502	35.233333333333334	58
182	conventional	60	0	0	0.80762347645028	1.9485839623362515	34.53333333333333	59
183	holistic	60	1	1	0.942247340830691	1.9591514284032425	36.166666666666664	59
183	conventional	60	1	1	0.8062725009246823	2.0312306993429607	34.53333333333333	59
184	holistic	60	1	1	0.9407170804786179	2.1510009367021015	36.166666666666664	57
184	conventional	60	2	2	0.7732169536167721	1.7917241030284154	33.53333333333333	59
185	holistic	60	0	0	1.0268166890200778	4.982636718547706	37.166666666666664	58
185	conventional	60	4	4	0.8569544405980802	3.4630658129840683	32.31666666666667	59
186	holistic	60	1	1	0.9885576095943998	2.9835352566883033	38.1	59
186	conventional	60	1	1	0.8425293604414213	3.4597571566839362	32.31666666666667	59
187	holistic	60	2	2	0.976704424993835	2.2190992596365615	38.03333333333333	55
187	conventional	60	4	4	0.7643719236394766	2.7185046220051508	30.283333333333335	59
188	holistic	60	0	0	1.0196584681572196	2.858735982218424	39.03333333333333	56
188	conventional	60	4	4	0.8465591781242452	2.4683516953917253	28.233333333333334	59
189	holistic	60	0	0	0.985263072092912	2.1892746257333253	40.03333333333333	57
189	conventional	60	5	5	0.8673294740100468	3.277696176243096	26.133333333333333	58
190	holistic	60	0	0	0.9961011804900388	2.6066181086744082	41.03333333333333	58
190	conventional	60	3	3	0.7775871572105673	2.2223200766900666	26.733333333333334	59
191	holistic	60	0	0	0.9966874094805487	2.2588125316793977	42.03333333333333	59
191	conventional	60	4	4	0.8242917524047795	2.497196432994005	26.633333333333333	59
192	holistic	60	2	2	0.9744394308813106	2.35948393117437	41.03333333333333	58
192	conventional	60	5	5	0.8591405351736757	3.1662739763734558	24.566666666666666	59
193	holistic	60	0	0	0.9975923668302248	2.1460434854532933	42.03333333333333	59
193	conventional	60	3	3	0.845845553667881	2.498160817071858	23.533333333333335	59
194	holistic	60	1	1	0.9566071492112087	2.071891673657443	42.03333333333333	59
194	conventional	60	4	4	0.8918164118230004	3.4240799444727985	23.383333333333333	59
195	holistic	60	1	1	0.9266181227272349	2.0447721181651706	42.03333333333333	59
195	conventional	60	2	2	0.7928137731019422	2.3422874307310724	23.25	58
196	holistic	60	1	1	0.9235343294769108	2.018492613736393	42.03333333333333	59
196	conventional	60	4	4	0.8699562974151143	2.256816396644973	24.133333333333333	59
197	holistic	60	3	3	0.8802552720611337	1.993687507538214	40.03333333333333	59
197	conventional	60	2	2	0.8660999776028468	2.2921673308718096	24.116666666666667	59
198	holistic	60	1	1	0.8642684130170187	2.0146317903535027	40.03333333333333	59
198	conventional	60	3	3	0.9015876261358903	2.412002493546345	23.083333333333332	57
199	holistic	60	4	4	0.8394841580173508	2.0341725578680916	37.96666666666667	59
199	conventional	60	1	1	0.9019438233789983	2.3474163099918886	24.05	58
200	holistic	60	2	2	0.8816088627187921	3.8186087554188743	36.96666666666667	59
200	conventional	60	0	0	0.9233572983253965	2.5094642953794417	25.05	59
201	holistic	60	6	6	0.8224421295857332	2.3193934073231492	32.9	59
201	conventional	60	2	2	0.8655898969312733	2.0270304301801443	25.0	58
202	holistic	60	3	3	0.778064528036091	1.9252469410500181	30.9	59
202	conventional	60	0	0	0.8679616818074835	1.9338380939829105	26.0	59
203	holistic	60	7	7	0.7861146945443999	1.9454332723356438	25.833333333333332	59
203	conventional	60	2	2	0.8170270793306499	1.7880235344337216	25.966666666666665	59
204	holistic	60	4	4	0.8170553527658619	2.8972044990261225	23.766666666666666	59
204	conventional	60	2	2	0.850319144349641	4.47013431466145	24.966666666666665	59
205	holistic	60	3	3	0.8054030154660625	2.4732540564402594	23.566666666666666	59
205	conventional	60	3	3	0.8796985179684527	5.445986725772023	23.866666666666667	59
206	holistic	60	7	7	0.7292573976491927	1.962620057956453	18.366666666666667	58
206	conventional	60	3	3	0.815199480308967	2.9114410126033063	23.35	58
207	holistic	60	2	2	0.8477291675604707	2.849522643245726	19.233333333333334	59
207	conventional	60	2	2	0.756840140975087	2.422188667064283	24.1	59
208	holistic	60	3	3	0.8635195078718133	1.9914892772000137	17.4	59
208	conventional	60	3	3	0.8546068045991535	2.3304156829521037	24.033333333333335	59
209	holistic	60	2	2	0.8618178466873258	1.9603797358801505	17.333333333333332	56
209	conventional	60	1	1	0.8460142396218211	2.027999457153906	24.033333333333335	59
210	holistic	60	2	2	0.8404837651053568	1.890553542112762	18.2	57
210	conventional	60	3	3	0.8667501687620877	2.4948614674465066	23.966666666666665	59
211	holistic	60	0	0	0.8592645396564632	2.1870266539292023	19.2	58
211	conventional	60	1	1	0.8221108087374407	3.50891110752525	23.966666666666665	59
212	holistic	60	0	0	0.9312080656239695	1.8949210847535518	20.2	59
212	conventional	60	3	3	0.8386005481892537	3.1685835603378183	23.9	59
213	holistic	60	2	2	0.8539800252117301	2.0144811902612765	19.2	59
213	conventional	60	2	2	0.8467350214871889	5.401700977762952	23.733333333333334	59
214	holistic	60	3	3	0.8376637748546439	2.2263465701866743	18.133333333333333	59
214	conventional	60	1	1	0.8557676873083618	3.905963718846019	23.733333333333334	59
215	holistic	60	2	2	0.8030013988634974	2.084118182681722	17.133333333333333	59
215	conventional	60	2	2	0.9000654273416525	4.742436836724623	23.666666666666668	59
216	holistic	60	1	1	0.8784101477137085	4.9351036119273495	17.133333333333333	59
216	conventional	60	1	1	0.8990914806562622	3.662000350501727	23.666666666666668	59
217	holistic	60	2	2	0.8303295863606454	2.9341312678701263	17.066666666666666	59
217	conventional	60	3	3	0.8765054539219341	2.8149420361073	23.6	56
218	holistic	60	3	3	0.8458350427236713	2.59888041717919	16.933333333333334	59
218	conventional	60	1	1	0.8300330185550613	2.746596355012993	24.516666666666666	57
219	holistic	60	2	2	0.8424407475830863	2.431955303028996	16.866666666666667	55
219	conventional	60	2	2	0.8553427746135273	2.556684894786699	25.366666666666667	58
220	holistic	60	1	1	0.8625564529470453	2.531010542933279	17.833333333333332	56
220	conventional	60	1	1	0.8377436112411552	2.1630866173694883	26.333333333333332	59
221	holistic	60	1	1	0.8626847199200777	2.264432471744909	18.783333333333335	57
221	conventional	60	4	4	0.8776776110108135	1.8573503403992586	25.616666666666667	58
222	holistic	60	0	0	0.8593195274507183	2.0020656097177714	19.783333333333335	58
222	conventional	60	0	0	0.8191746922379064	1.7120227365883391	26.616666666666667	59
223	holistic	60	2	2	0.851983367246583	1.8836624690917567	20.666666666666668	59
223	conventional	60	1	1	0.8275421385281857	1.5536571310102978	26.616666666666667	58
224	holistic	60	1	1	0.8661290485498413	1.8841870357698214	20.666666666666668	58
224	conventional	60	0	0	0.8284666465120779	1.648864677452253	27.616666666666667	59
225	holistic	60	1	1	0.8849619757069395	1.8849784595260153	21.6	59
225	conventional	60	1	1	0.8198254330663939	1.7224953342130183	27.616666666666667	59
226	holistic	60	2	2	0.8802783844119829	1.9602709013344572	21.566666666666666	55
226	conventional	60	4	4	0.8379326648914843	1.556907779625029	26.433333333333334	59
227	holistic	60	0	0	0.9220655216513992	1.9296736533274563	22.566666666666666	56
227	conventional	60	1	1	0.9222817566606456	2.6975097344392327	26.433333333333334	52
228	holistic	60	0	0	0.8952300707014982	2.0149927401238448	23.566666666666666	57
228	conventional	60	1	1	0.9054848736981923	1.6982365433551	27.4	53
229	holistic	60	0	0	0.8816950083960656	2.009693379974054	24.566666666666666	58
229	conventional	60	0	0	0.8562937338552691	1.625380278305401	28.4	54
230	holistic	60	0	0	0.8758239190196224	1.9645704436595883	25.566666666666666	59
230	conventional	60	1	1	0.8598307079292916	1.5944290989796188	29.333333333333332	55
231	holistic	60	1	1	0.8648003671285377	2.1147261559356227	25.566666666666666	52
231	conventional	60	2	2	0.8265218801244852	1.577189584228414	29.716666666666665	56
232	holistic	60	0	0	0.8708671683752424	2.106311138636297	26.566666666666666	53
232	conventional	60	0	0	0.8834517829337628	1.4872234497208403	30.716666666666665	57
233	holistic	60	0	0	0.889675095080397	2.1344124863472165	27.566666666666666	54
233	conventional	60	0	0	0.8657412108737649	1.6240729539247893	31.716666666666665	58
234	holistic	60	0	0	0.9111596907502073	2.1252998138325063	28.566666666666666	55
234	conventional	60	1	1	0.8875048110420863	2.165752447954951	32.666666666666664	59
235	holistic	60	0	0	0.9142224889939505	2.1503336247867115	29.566666666666666	56
235	conventional	60	3	3	0.8556132390691853	1.774543637477846	31.583333333333332	59
236	holistic	60	0	0	0.9213720869220662	2.1746949532019277	30.566666666666666	57
236	conventional	60	2	2	0.9075320254683686	2.317734574234379	31.566666666666666	58
237	holistic	60	0	0	0.9432884239918241	2.2285090145877597	31.566666666666666	58
237	conventional	60	1	1	0.9503199224284306	2.3222188695865795	32.516666666666666	59
238	holistic	60	0	0	0.9500929623496828	2.1876871914201392	32.56666666666667	59
238	conventional	60	2	2	0.9164338021422054	2.6993607252325824	31.516666666666666	58
239	holistic	60	1	1	0.9398610731332814	2.1491961060580365	32.56666666666667	55
239	conventional	60	3	3	0.9130962987081958	2.1981611293652787	32.416666666666664	59
240	holistic	60	0	0	0.9467052622720611	2.32301412671044	33.56666666666667	56
240	conventional	60	1	1	1.0704822954890916	5.52236132390708	32.416666666666664	57
241	holistic	60	0	0	0.9562894180125493	2.2785527139835056	34.56666666666667	57
241	conventional	60	0	0	1.0254396908137688	4.523460857761913	33.416666666666664	58
242	holistic	60	0	0	0.9586650264018101	2.150863991095427	35.56666666666667	58
242	conventional	60	1	1	0.9996442824990996	3.524469294988649	34.38333333333333	59
243	holistic	60	1	1	0.9645669168333783	1.9902826588551839	36.5	59
243	conventional	60	1	1	0.9471028661919044	2.5274817706358728	34.38333333333333	59
244	holistic	60	1	1	0.9557526315844646	2.0392312159201444	36.5	58
244	conventional	60	2	2	0.9630013343314039	2.330961975684717	33.38333333333333	59
245	holistic	60	0	0	0.9854838029011765	2.7526930959096787	37.5	59
245	conventional	60	1	1	1.0161682587988925	3.577310691282139	33.38333333333333	59
246	holistic	60	1	1	0.9569925908693894	2.76176038674424	37.5	59
246	conventional	60	1	1	0.9901235695165144	2.0655092551015097	33.38333333333333	59
247	holistic	60	2	2	0.9313903534695246	2.773382114857178	36.5	55
247	conventional	60	2	2	1.0305281009239975	5.487067765848363	32.38333333333333	59
248	holistic	60	0	0	0.933035381567803	2.5203861918045765	37.5	56
248	conventional	60	3	3	0.9658583352822024	2.549606060721184	31.366666666666667	59
249	holistic	60	0	0	0.9258571908881694	2.165700383317311	38.5	57
249	conventional	60	2	2	0.8902450344729711	2.600812993989681	31.15	59
250	holistic	60	1	1	0.9215783705442208	2.0968135220793442	39.43333333333333	58
250	conventional	60	2	2	0.888059102771708	2.2719289935652243	31.116666666666667	59
251	holistic	60	2	2	0.9141775863471343	2.1901206574200103	40.3	59
251	conventional	60	6	6	0.867646125159798	2.0789736577898243	28.95	59
252	holistic	60	2	2	0.9176374075602951	1.9493620712051882	39.3	56
252	conventional	60	3	3	0.9388495478232042	2.5596970187142927	26.95	59
253	holistic	60	0	0	0.8981738838839463	1.9061802752252728	40.3	57
253	conventional	60	3	3	0.8532001413951562	1.831139835648432	25.916666666666668	59
254	holistic	60	0	0	0.9012978447395069	1.9256955116491166	41.3	58
254	conventional	60	3	3	0.8809787857837176	2.1447863192650676	24.866666666666667	58
255	holistic	60	1	1	0.895072194891673	1.9051904659066299	42.233333333333334	59
255	conventional	60	4	4	0.806718308568108	1.7430243880949454	25.483333333333334	59
256	holistic	60	3	3	0.8777109538704806	1.8656108749202711	42.1	59
256	conventional	60	5	5	0.8421394479743938	1.7399689668109313	24.333333333333332	58
257	holistic	60	1	1	0.8548638957874152	1.8273540316235357	42.1	59
257	conventional	60	1	1	0.9161855795844894	3.312416081215971	25.083333333333332	59
258	holistic	60	1	1	0.8555897170830298	1.8096906918241407	42.1	59
258	conventional	60	3	3	0.8760869977065641	3.3121090060012714	24.05	57
259	holistic	60	5	5	0.8153507055664193	1.8295705467282266	40.0	59
259	conventional	60	2	2	0.8760781615399867	2.3068738383956506	24.933333333333334	58
260	holistic	60	1	1	0.8280554676499179	1.9310702540143037	40.0	59
260	conventional	60	3	3	0.9075676081920743	2.5589838771927864	25.7	59
261	holistic	60	5	5	0.7732459520909463	1.8139358871635454	36.0	59
261	conventional	60	3	3	1.0087223891567414	6.378716971631446	25.583333333333332	58
262	holistic	60	4	4	0.822753773089181	1.8729844987959134	33.93333333333333	59
262	conventional	60	0	0	1.113179063978471	3.880437810129714	26.583333333333332	59
263	holistic	60	6	6	0.8045859237720071	1.9264552690490189	29.866666666666667	59
263	conventional	60	1	1	0.9981831532710401	2.379057061476457	26.583333333333332	59
264	holistic	60	5	5	0.9470039895748931	4.412038918686265	26.8	59
264	conventional	60	2	2	0.9552902476689694	2.375822523299451	25.583333333333332	59
265	holistic	60	2	2	0.8922807731673398	2.909817348357346	25.8	59
265	conventional	60	1	1	0.9690417840636536	1.97817660775361	25.583333333333332	59
266	holistic	60	5	5	0.8002969943321632	2.404023601080929	21.8	59
266	conventional	60	1	1	0.9427318167138772	1.800712817941067	25.583333333333332	59
267	holistic	60	3	3	0.8344423193051335	2.6567057658857367	20.666666666666668	59
267	conventional	60	2	2	0.9313861981569456	1.7368603658912345	24.583333333333332	59
268	holistic	60	5	5	0.8516571095553542	3.9816888769751575	18.533333333333335	59
268	conventional	60	1	1	1.0021405078441432	3.58808166818645	24.583333333333332	59
269	holistic	60	2	2	0.7936007045817262	2.4828059113407686	17.533333333333335	59
269	conventional	60	2	2	0.9554815269242475	2.1328871833280254	24.533333333333335	59
270	holistic	60	3	3	0.7623023710584972	1.8639915995206486	17.433333333333334	57
270	conventional	60	1	1	0.9708980596360465	2.6660129179682435	24.533333333333335	58
271	holistic	60	0	0	0.7975958434582503	1.753160029208859	18.433333333333334	58
271	conventional	60	2	2	0.9551641273247004	3.3877759762504733	25.416666666666668	59
272	holistic	60	2	2	0.8004296369577232	2.0198596321798727	19.3	59
272	conventional	60	2	2	0.9421950226584279	2.3850869840803184	24.416666666666668	59
273	holistic	60	1	1	0.776330116431564	1.9128126214043633	19.3	59
273	conventional	60	2	2	0.8958951418389294	1.9985183602701642	24.383333333333333	58
274	holistic	60	4	4	0.8555588278552825	3.8214212741537548	19.033333333333335	59
274	conventional	60	0	0	0.9524001275727366	2.0340597565138006	25.383333333333333	59
275	holistic	60	1	1	0.8449446879986457	3.82472573710028	19.033333333333335	59
275	conventional	60	3	3	0.9455318844301035	1.970220355322205	24.95	58
276	holistic	60	3	3	0.909324167653479	4.32320085084226	18.916666666666668	59
276	conventional	60	0	0	1.0416735374709856	2.7507962735002605	25.95	59
277	holistic	60	3	3	0.9811299778215367	5.620407637832871	17.716666666666665	59
277	conventional	60	1	1	0.9734569551921963	2.488824501678789	25.95	58
278	holistic	60	3	3	1.0491102173676399	5.323708475499754	17.266666666666666	59
278	conventional	60	0	0	0.9920684709156805	2.320229933947009	26.95	59
279	holistic	60	1	1	1.0356719657711182	5.1068037166514415	17.266666666666666	56
279	conventional	60	3	3	0.9295925498635024	2.3367856736738575	25.916666666666668	58
280	holistic	60	0	0	1.0475066763281562	4.443920779247342	18.266666666666666	57
280	conventional	60	0	0	0.8886696539427006	2.1503430640740815	26.916666666666668	59
281	holistic	60	0	0	1.0378724319497372	4.373139407909615	19.266666666666666	58
281	conventional	60	7	7	0.8506209869319309	1.9855625502687204	24.716666666666665	58
282	holistic	60	1	1	1.0229998563758789	4.0176639135601375	20.2	59
282	conventional	60	0	0	1.0225498486313964	5.227307986332464	25.716666666666665	59
283	holistic	60	4	4	0.9739240418630873	3.637075433964155	19.116666666666667	58
283	conventional	60	2	2	0.9833681461684202	3.2446949666909926	25.683333333333334	58
284	holistic	60	0	0	0.9993278909718862	3.9041926506437785	20.116666666666667	59
284	conventional	60	0	0	0.9668345562882604	2.5558609298306916	26.683333333333334	59
285	holistic	60	1	1	0.9973851232191165	3.7406566501760556	20.116666666666667	59
285	conventional	60	1	1	0.9963620292126774	3.478763745970394	26.683333333333334	59
286	holistic	60	4	4	0.9494638626913446	3.6725310189344036	18.783333333333335	55
286	conventional	60	2	2	0.9371427893965641	3.031579601456138	25.683333333333334	59
287	holistic	60	2	2	0.9113891950567748	3.48030567654383	19.65	56
287	conventional	60	2	2	0.8924681769917192	2.3999259007568816	25.65	56
288	holistic	60	1	1	0.939111747578151	3.500959486961335	20.616666666666667	57
288	conventional	60	0	0	0.9202304308695782	2.323686476780382	26.65	57
289	holistic	60	2	2	0.9175002314943431	3.400806443909961	21.5	58
289	conventional	60	5	5	0.8799712153215301	1.8302878108421698	27.1	58
290	holistic	60	0	0	0.9706655783840498	3.312744095991191	22.5	59
290	conventional	60	0	0	0.9710728501901911	2.9959495140288297	28.1	59
291	holistic	60	1	1	0.9485113129832926	3.285111219599387	22.5	48
291	conventional	60	2	2	0.9270622820935587	2.333207683090196	28.066666666666666	56
292	holistic	60	0	0	0.979020217621625	3.261205869566125	23.5	49
292	conventional	60	1	1	0.9810774731893496	2.53226759199584	28.716666666666665	57
293	holistic	60	1	1	0.9883158110671932	3.1923283177974477	24.433333333333334	50
293	conventional	60	1	1	0.930432561480577	2.1644395853033793	29.65	58
294	holistic	60	0	0	1.0370890103593402	3.2205316451531663	25.433333333333334	51
294	conventional	60	0	0	0.9844553735004886	2.330850533163828	30.65	59
295	holistic	60	0	0	1.0604425073566204	3.2019072295177025	26.433333333333334	52
295	conventional	60	3	3	0.9033042407775811	2.0811589121534313	29.583333333333332	57
296	holistic	60	0	0	1.0629264500625095	3.102166664923186	27.433333333333334	53
296	conventional	60	0	0	0.9155223638796351	1.9983625299019832	30.583333333333332	58
297	holistic	60	0	0	1.0457281781502241	3.170679093682701	28.433333333333334	54
297	conventional	60	2	2	0.9828613079274497	2.8577366917953775	31.516666666666666	59
298	holistic	60	0	0	1.0567736641366647	3.1580436340653533	29.433333333333334	55
298	conventional	60	2	2	1.0101933726214882	2.6916513640004536	31.433333333333334	59
299	holistic	60	0	0	1.072403807365507	3.1818006731627957	30.433333333333334	56
299	conventional	60	2	2	1.0869742303718757	3.831945764525652	30.433333333333334	56
300	holistic	60	0	0	1.0643524488311553	3.1686556176655856	31.433333333333334	57
300	conventional	60	1	1	1.0829681869424073	3.326255465533291	30.7	57
301	holistic	60	0	0	1.0554685154476324	3.0519238550808776	32.43333333333333	58
301	conventional	60	1	1	1.0582470778300521	2.5857489215543947	31.666666666666668	58
302	holistic	60	0	0	1.0575136847115256	3.0438585247293073	33.43333333333333	59
302	conventional	60	0	0	1.0831547329081272	3.273501186619361	32.666666666666664	59
303	holistic	60	1	1	1.033079237860032	2.9388783294849636	33.43333333333333	59
303	conventional	60	1	1	1.0327003895884284	2.756589995288084	32.666666666666664	59
304	holistic	60	1	1	1.0215202856567238	2.871452026562272	33.43333333333333	54
304	conventional	60	2	2	0.9775811163841932	1.9220140327786568	31.666666666666668	58
305	holistic	60	0	0	1.0232590848949166	2.7779879227900857	34.43333333333333	55
305	conventional	60	1	1	0.9405530197338733	2.013720927021772	32.65	59
306	holistic	60	0	0	1.0279054547232476	2.748914856653827	35.43333333333333	56
306	conventional	60	2	2	0.92666357409627	1.8866469720368733	32.61666666666667	59
307	holistic	60	0	0	1.0316974600360365	2.693911695211538	36.43333333333333	57
307	conventional	60	1	1	1.025470220513043	3.3675014595568906	32.61666666666667	59
308	holistic	60	0	0	1.0389543484389279	2.697269943912317	37.43333333333333	58
308	conventional	60	2	2	0.9852307073519417	1.861815256021889	31.616666666666667	58
309	holistic	60	0	0	1.0414696117321094	2.6997122913124785	38.43333333333333	59
309	conventional	60	0	0	0.9841807192386244	1.8053644509251023	32.61666666666667	59
310	holistic	60	2	2	1.019025364892263	2.6235410851003165	38.333333333333336	59
310	conventional	60	1	1	0.9363420454469559	1.8168425897714628	32.61666666666667	59
311	holistic	60	1	1	1.0113266358080903	2.704961745755026	38.333333333333336	56
311	conventional	60	3	3	0.9144083265413364	1.7856393427160484	30.616666666666667	59
312	holistic	60	0	0	1.0749936141624659	2.6578434759718172	39.333333333333336	57
312	conventional	60	1	1	1.1006182193283773	6.3101738238515885	30.616666666666667	58
313	holistic	60	0	0	1.0659820447328794	2.613567986792336	40.333333333333336	58
313	conventional	60	0	0	1.0501900859770612	3.812118433070012	31.616666666666667	59
314	holistic	60	0	0	1.0817770665242625	2.593882220361171	41.333333333333336	59
314	conventional	60	1	1	1.0012535281744492	2.6437731945329443	31.616666666666667	59
315	holistic	60	1	1	1.0589606486364087	2.528967832047915	41.333333333333336	59
315	conventional	60	4	4	0.9008846722036148	1.8645856089002553	28.616666666666667	59
316	holistic	60	1	1	1.0482257997092685	2.5345672321365083	41.333333333333336	59
316	conventional	60	3	3	0.975513022337031	2.3076406401548986	27.583333333333332	58
317	holistic	60	1	1	1.044500627174928	2.5410010831851526	41.333333333333336	58
317	conventional	60	1	1	0.9486505625367344	2.1984305107184796	28.566666666666666	59
318	holistic	60	0	0	1.0269986056471139	2.4820573712311744	42.333333333333336	59
318	conventional	60	3	3	0.8859181357886177	2.086304425434078	28.416666666666668	59
319	holistic	60	2	2	0.9851773002509197	2.467488385003517	41.333333333333336	58
319	conventional	60	2	2	0.8656373052709901	1.738002068439221	28.283333333333335	59
320	holistic	60	0	0	1.0304088690920403	2.45423523942681	42.333333333333336	59
320	conventional	60	3	3	0.854036956796493	1.7135083014097627	26.283333333333335	59
321	holistic	60	5	5	0.9541346691548013	2.4411098937531954	38.333333333333336	59
321	conventional	60	5	5	0.8133948269494956	3.329667597418588	23.95	58
322	holistic	60	4	4	0.8714427127582433	2.4489342548777957	35.333333333333336	59
322	conventional	60	3	3	0.8782493652313365	3.4819312037651557	24.75	59
323	holistic	60	6	6	0.8494135236422672	2.495491929415426	30.333333333333332	59
323	conventional	60	3	3	0.7830340697173203	1.9716577433814775	24.666666666666668	59
324	holistic	60	3	3	0.8808969701215789	2.903042405930444	28.333333333333332	59
324	conventional	60	4	4	0.7884708258117146	3.4726986913623037	23.566666666666666	59
325	holistic	60	3	3	0.9134875565486229	2.488092374808188	28.2	59
325	conventional	60	1	1	0.812678931919923	2.7219093455423042	23.566666666666666	58
326	holistic	60	4	4	0.952390484169399	5.8305275242761	26.133333333333333	59
326	conventional	60	4	4	0.8033138835744793	2.2557282905747122	24.383333333333333	59
327	holistic	60	5	5	0.8897313453504861	2.848227465404563	24.016666666666666	59
327	conventional	60	3	3	0.8363960454437642	2.5217095991591094	24.3	58
328	holistic	60	2	2	0.9172059416529447	2.50681110555904	23.016666666666666	59
328	conventional	60	2	2	0.8110981126330172	2.24644666982581	24.866666666666667	59
329	holistic	60	2	2	0.9229060731077666	2.475756905664139	22.016666666666666	57
329	conventional	60	2	2	0.8285151400970434	1.8527572828546424	23.866666666666667	59
330	holistic	60	1	1	1.0239679057743385	3.8307195805267384	22.95	58
330	conventional	60	3	3	0.8215071011813202	1.7403847014515423	23.2	58
331	holistic	60	2	2	1.0069993099824495	2.606063573689143	23.816666666666666	59
331	conventional	60	1	1	0.9380506133319976	3.405591911893244	24.166666666666668	59
332	holistic	60	2	2	1.0279991106132462	2.8840469314704382	23.75	58
332	conventional	60	1	1	0.9635923843692666	2.3424907331670473	24.166666666666668	59
333	holistic	60	0	0	1.0312786736592559	2.379335722089814	24.75	59
333	conventional	60	1	1	0.9144312571688816	2.5621662695233756	24.166666666666668	58
334	holistic	60	3	3	0.9661225012653853	1.9504714320263343	22.75	59
334	conventional	60	1	1	0.9067829401743431	2.2094862969997653	25.066666666666666	59
335	holistic	60	2	2	0.9451067069633525	1.683140474007158	22.683333333333334	59
335	conventional	60	4	4	0.8328790233372393	2.2180956501528684	23.966666666666665	54
336	holistic	60	3	3	0.9023614793559457	1.7546761385925658	20.683333333333334	59
336	conventional	60	0	0	0.9339774783584974	4.450759626663459	24.966666666666665	55
337	holistic	60	3	3	0.890984610194131	1.8067174843777478	18.683333333333334	59
337	conventional	60	2	2	0.9270320218289766	2.9430318900735712	25.616666666666667	56
338	holistic	60	2	2	0.8192305507215029	1.6952225848687206	18.616666666666667	55
338	conventional	60	1	1	0.9369837801599464	3.1083501190125027	26.333333333333332	57
339	holistic	60	1	1	0.8006731377686823	1.5841297368159204	19.55	56
339	conventional	60	1	1	0.9469988928520398	2.758304873227084	27.3	58
340	holistic	60	2	2	0.8205350790741668	1.6121687612220588	20.416666666666668	57
340	conventional	60	0	0	0.9134173575400271	2.7265355695246134	28.3	59
341	holistic	60	1	1	0.9154699626765839	1.6254693911494957	21.35	58
341	conventional	60	5	5	0.8519228020618043	2.6985320130390305	24.3	58
342	holistic	60	0	0	0.9522013711065607	2.833178885557745	22.35	59
342	conventional	60	1	1	0.9181962061553899	2.553058765901081	25.233333333333334	59
343	holistic	60	3	3	0.9375819465800956	1.8169033888806423	21.283333333333335	57
343	conventional	60	4	4	0.8749268185331379	2.280468232603486	24.116666666666667	56
344	holistic	60	0	0	0.9265707970808765	1.869157564095951	22.283333333333335	58
344	conventional	60	0	0	0.9088021515834511	4.49340631433406	25.116666666666667	57
345	holistic	60	1	1	0.9333930109120602	1.8634754024757967	23.25	59
345	conventional	60	2	2	0.8574078309824011	2.120185040545904	26.05	58
346	holistic	60	2	2	0.912068526339606	1.9080689998221838	22.25	59
346	conventional	60	0	0	0.8415198410362588	2.0262983127166407	27.05	59
347	holistic	60	2	2	0.925509940579624	1.9486820084718761	21.25	59
347	conventional	60	1	1	0.8770094518926987	2.14227277235562	27.05	58
348	holistic	60	1	1	0.9313214520625359	1.922959861289802	21.25	59
348	conventional	60	0	0	0.8881824816976265	2.056397484813455	28.05	59
349	holistic	60	1	1	0.899560693205927	1.8019140736463963	21.25	58
349	conventional	60	3	3	0.8287690576313655	2.0690911251849595	26.05	57
350	holistic	60	1	1	0.9338123311542398	1.8065381208270952	22.183333333333334	59
350	conventional	60	1	1	0.8718553554801758	2.4584368229042357	27.033333333333335	58
351	holistic	60	1	1	0.9011628675722634	1.7819123364242706	22.183333333333334	58
351	conventional	60	0	0	0.8401023532777313	2.0510289900290632	28.033333333333335	59
352	holistic	60	0	0	0.9455374312510454	2.4406954720870435	23.183333333333334	59
352	conventional	60	1	1	0.8247767896353201	2.0208535145871585	28.033333333333335	57
353	holistic	60	2	2	0.8884050620803471	1.9420472415903334	22.866666666666667	50
353	conventional	60	0	0	0.8023351124650768	1.9944259776880389	29.033333333333335	58
354	holistic	60	1	1	0.8732504290717212	1.6936199695414311	23.35	51
354	conventional	60	0	0	0.8263111353316805	1.9332958217635143	30.033333333333335	59
355	holistic	60	2	2	0.9285150679741155	2.977738275352592	24.15	52
355	conventional	60	1	1	0.8245215006273342	1.9292358042858155	30.033333333333335	58
356	holistic	60	1	1	0.9529596644582028	3.976651578440724	24.783333333333335	53
356	conventional	60	0	0	0.7990136059333827	1.906561117171893	31.033333333333335	59
357	holistic	60	1	1	0.9697516009517585	2.642689849633117	25.716666666666665	54
357	conventional	60	2	2	0.7770582535430827	1.8858746031346245	30.033333333333335	59
358	holistic	60	0	0	1.0031650052458294	2.725961860874753	26.716666666666665	55
358	conventional	60	2	2	0.7302667464145003	1.8335708023812243	29.033333333333335	59
359	holistic	60	2	2	0.9724011604402859	2.17651995381286	27.583333333333332	56
359	conventional	60	2	2	0.7487198144760587	1.8398318706569083	28.916666666666668	59
360	holistic	60	1	1	1.0639770963867536	3.7761199457386954	28.466666666666665	57
360	conventional	60	1	1	0.8023099105101582	2.318114160604226	28.916666666666668	59
361	holistic	60	0	0	1.0261399425805027	2.253273852038367	29.466666666666665	58
361	conventional	60	2	2	0.7908109969584343	2.3395531350260335	28.866666666666667	58
362	holistic	60	0	0	1.0057465689811589	1.8699462809305365	30.466666666666665	59
362	conventional	60	0	0	0.7726316239158872	1.6845171104864722	29.866666666666667	59
363	holistic	60	1	1	0.9861661845733583	1.893728519787923	30.466666666666665	53
363	conventional	60	4	4	0.7643570167607127	1.982103806311601	29.45	57
364	holistic	60	1	1	1.0105113318640007	1.8639528376529804	31.4	54
364	conventional	60	0	0	0.8147607384153337	1.752614265819797	30.45	58
365	holistic	60	0	0	1.0376603712132235	2.754241750098602	32.4	55
365	conventional	60	2	2	0.7982202262122102	1.7790324547096183	31.35	59
366	holistic	60	0	0	1.041405884692898	2.753604604461469	33.4	56
366	conventional	60	2	2	0.8694288657534639	6.262834453104621	30.35	58
367	holistic	60	0	0	1.017839468498817	2.056447023256459	34.4	57
367	conventional	60	2	2	0.8428795717319815	3.29105512611972	30.9	59
368	holistic	60	0	0	1.0222330681515324	2.3513159332128777	35.4	58
368	conventional	60	3	3	0.8365587305533815	4.0109279248630285	29.816666666666666	58
369	holistic	60	1	1	1.0164486403663628	2.2513625817463936	36.31666666666667	59
369	conventional	60	1	1	0.8944528695513082	3.033272891448157	30.416666666666668	59
370	holistic	60	2	2	0.972093195772856	2.0906974375200162	35.31666666666667	59
370	conventional	60	2	2	0.8161127799685304	2.5205271731256564	30.366666666666667	59
371	holistic	60	1	1	0.9794527514253163	2.108964707740273	35.31666666666667	56
371	conventional	60	2	2	0.9461156223838949	4.515774124454062	30.316666666666666	59
372	holistic	60	1	1	0.9824993702796243	2.1265707062146686	36.28333333333333	57
372	conventional	60	2	2	0.9227805066469779	3.523675845596875	30.266666666666666	57
373	holistic	60	0	0	0.990538047094904	2.0989384132004782	37.28333333333333	58
373	conventional	60	0	0	0.9114761871233378	2.8496749554359373	31.266666666666666	58
374	holistic	60	0	0	1.016301763820158	2.227091732607841	38.28333333333333	59
374	conventional	60	0	0	0.8835483016603546	2.6176580611628184	32.266666666666666	59
375	holistic	60	1	1	0.9724395377053694	2.2595890024861514	38.28333333333333	59
375	conventional	60	3	3	0.8305335351812999	2.4880295117031013	30.266666666666666	59
376	holistic	60	1	1	0.9651505095678682	2.209945785897479	38.28333333333333	59
376	conventional	60	2	2	0.7947853408503633	2.4727728476194746	30.2	58
377	holistic	60	1	1	0.9620591088211436	2.223304902770478	38.28333333333333	58
377	conventional	60	1	1	0.819966639235238	2.2100833985614545	31.183333333333334	59
378	holistic	60	0	0	0.9674140908064506	2.27625050501734	39.28333333333333	59
378	conventional	60	2	2	0.8386384383971965	1.9859109201815919	31.133333333333333	59
379	holistic	60	3	3	0.9554238238081239	2.2685270267480915	38.166666666666664	58
379	conventional	60	3	3	0.864583313005814	1.8631586735432282	29.866666666666667	59
380	holistic	60	0	0	0.9968938239632321	2.8160365419354534	39.166666666666664	59
380	conventional	60	1	1	0.936282172688342	4.241368447434818	29.866666666666667	59
381	holistic	60	4	4	0.9547817166552218	2.31920426463878	37.1	59
381	conventional	60	5	5	0.8726966794887984	3.254071490943218	28.716666666666665	59
382	holistic	60	3	3	0.9904205352671237	4.615435703076961	35.1	59
382	conventional	60	2	2	0.9880683702426605	2.58256220550736	28.7	59
383	holistic	60	5	5	0.8763582565160337	2.615931106519767	32.03333333333333	59
383	conventional	60	2	2	0.8898850340844859	1.993216251519769	28.45	59
384	holistic	60	4	4	0.9065844675765466	2.5198365580194313	30.85	59
384	conventional	60	2	2	0.8761922111670974	1.8326718165042923	28.416666666666668	58
385	holistic	60	4	4	0.8892591574181791	2.491106831728864	28.783333333333335	59
385	conventional	60	0	0	0.8768907757977316	1.8585888954174257	29.416666666666668	59
386	holistic	60	3	3	0.852713365793998	2.4804936437852403	26.783333333333335	59
386	conventional	60	4	4	0.8829711988942568	1.9006084840124542	26.416666666666668	59
387	holistic	60	6	6	0.846197714402512	2.4361403847430454	24.583333333333332	59
387	conventional	60	3	3	0.8531040076437412	1.7077293005814689	24.416666666666668	59
388	holistic	60	1	1	0.9467899933647289	1.9603150391285262	24.583333333333332	59
388	conventional	60	3	3	0.8132753571897047	1.6318324306239846	24.366666666666667	58
389	holistic	60	2	2	0.9130662669070925	1.9579781988757778	23.583333333333332	59
389	conventional	60	0	0	0.8349661274827402	1.6116693956787584	25.366666666666667	59
390	holistic	60	2	2	0.8970093957902857	1.6447470509912971	23.516666666666666	59
390	conventional	60	3	3	0.8444330927000362	1.6134586850803245	24.333333333333332	59
391	holistic	60	1	1	0.9799341142957751	2.879546649963926	23.516666666666666	59
391	conventional	60	2	2	0.8250145482808462	1.6793600864399096	24.266666666666666	59
392	holistic	60	4	4	0.9393924935792498	2.9548311598200834	22.366666666666667	57
392	conventional	60	3	3	0.91390421544879	2.5751626271400507	24.133333333333333	59
393	holistic	60	0	0	0.9808653760986495	2.913081946969561	23.366666666666667	58
393	conventional	60	1	1	1.0640600462618481	5.315319895353434	24.133333333333333	58
394	holistic	60	0	0	0.9484261310914582	2.4213650872223877	24.366666666666667	59
394	conventional	60	0	0	1.0310977016040614	3.8067691320243515	25.133333333333333	59
395	holistic	60	1	1	0.900783412435319	1.9225310312403845	24.366666666666667	59
395	conventional	60	3	3	0.9456929361497852	2.9703419659091543	23.133333333333333	56
396	holistic	60	2	2	0.9189077707443111	2.4151859569951055	24.3	59
396	conventional	60	0	0	0.9733903633192018	2.0539295113205713	24.133333333333333	57
397	holistic	60	3	3	0.9093465791518545	2.3179385641345314	23.166666666666668	59
397	conventional	60	0	0	0.9878359405744553	2.026769486900526	25.133333333333333	58
398	holistic	60	2	2	0.9104460092676128	3.7119293663870345	22.166666666666668	58
398	conventional	60	0	0	0.9574785139252557	2.302679699427209	26.133333333333333	59
399	holistic	60	0	0	0.8997837536670051	2.2079426140925746	23.166666666666668	59
399	conventional	60	1	1	0.9788658364910766	2.3039811109464035	26.133333333333333	58
400	holistic	60	3	3	0.8647324165818767	2.0574398562999985	22.033333333333335	59
400	conventional	60	1	1	0.986152386688764	2.054696772219497	27.116666666666667	59
401	holistic	60	2	2	0.8756677402900332	1.9401915725193213	21.966666666666665	58
401	conventional	60	5	5	0.9104461435603409	2.1935119938208802	24.1	58
402	holistic	60	0	0	0.8822814995066965	1.8479146889140468	22.966666666666665	59
402	conventional	60	1	1	0.9257968948882147	2.2037032123228846	25.083333333333332	59
403	holistic	60	2	2	0.8417178998999018	1.9953727495525528	21.966666666666665	58
403	conventional	60	2	2	0.9124373405905534	2.8311384951515697	24.083333333333332	58
404	holistic	60	3	3	0.917105661419973	2.9138108294636442	22.65	59
404	conventional	60	2	2	0.8778748950258602	2.329190060670181	25.033333333333335	59
405	holistic	60	1	1	0.8414271376947842	1.9145411621728932	22.65	59
405	conventional	60	3	3	0.832318188942373	2.0767775997261984	24.933333333333334	56
406	holistic	60	1	1	0.8238393830635112	1.9143938299960264	22.65	59
406	conventional	60	0	0	0.8590648902503815	2.1283874485949976	25.933333333333334	57
407	holistic	60	1	1	0.821177452386274	2.406842332125609	22.65	59
407	conventional	60	2	2	0.8738251609043574	2.161129872173314	26.85	58
408	holistic	60	3	3	0.8062827237908248	2.317483888797103	22.516666666666666	59
408	conventional	60	0	0	0.8975581145417131	2.1840411173741683	27.85	59
409	holistic	60	1	1	0.8955599829656585	4.381922365063221	22.516666666666666	59
409	conventional	60	3	3	0.8767589800987952	2.076993296709141	26.5	59
410	holistic	60	2	2	0.8805957018686398	2.923742241349496	22.45	56
410	conventional	60	2	2	0.9108376650234256	1.8834612288730765	26.483333333333334	55
411	holistic	60	1	1	0.8618304440636385	2.0361905734169117	23.383333333333333	57
411	conventional	60	0	0	0.8973242184180034	1.7274765775142928	27.483333333333334	56
412	holistic	60	0	0	0.8716155553439919	2.765661436737449	24.383333333333333	58
412	conventional	60	2	2	0.8859347948268864	1.6897233362591464	28.083333333333332	57
413	holistic	60	1	1	0.8893054563035668	2.760292792049527	25.333333333333332	59
413	conventional	60	0	0	0.924000604851382	1.824663675671915	29.083333333333332	58
414	holistic	60	1	1	0.8532583805998627	1.751127053763043	25.333333333333332	58
414	conventional	60	2	2	0.8850921851371568	1.6052110286789627	29.9	59
415	holistic	60	0	0	0.911113169374851	1.7517445412643111	26.333333333333332	59
415	conventional	60	1	1	0.8601702921549705	1.6451610821943206	29.9	58
416	holistic	60	1	1	0.8662244497365428	1.7466342894986753	26.333333333333332	59
416	conventional	60	1	1	0.8724981736837296	1.5650755787683022	30.833333333333332	59
417	holistic	60	2	2	0.8437795902800079	1.844902280080102	25.75	58
417	conventional	60	2	2	0.9364840847616666	4.223456560900331	30.783333333333335	59
418	holistic	60	0	0	0.8641215265974996	1.8496657037048954	26.75	59
418	conventional	60	2	2	0.9857480220768475	5.392080184186948	30.766666666666666	59
419	holistic	60	2	2	0.8572366699371378	1.828119923276395	25.75	56
419	conventional	60	3	3	0.9454613011345245	2.3900835470846915	29.683333333333334	58
420	holistic	60	1	1	0.8692679074328543	1.6839437357601095	26.683333333333334	57
420	conventional	60	0	0	0.9460182658432542	2.314408981264673	30.683333333333334	59
421	holistic	60	1	1	0.8710592054136376	1.7524939934096049	27.1	58
421	conventional	60	1	1	0.9337228892322021	1.9026763639774888	30.683333333333334	58
422	holistic	60	0	0	0.8863560066912828	1.8789446731092756	28.1	59
422	conventional	60	0	0	0.9072890332586693	1.5363882476469315	31.683333333333334	59
423	holistic	60	2	2	0.8614195246579145	1.6195274567548985	28.033333333333335	54
423	conventional	60	2	2	0.8875816999547239	1.5368427723985025	31.6	58
424	holistic	60	1	1	0.9221177175163411	2.786460931746054	28.966666666666665	55
424	conventional	60	0	0	0.9939461154501597	3.304229875401236	32.6	59
425	holistic	60	0	0	0.8948038738792579	1.668399678491791	29.966666666666665	56
425	conventional	60	2	2	0.9359171025087885	2.8001168711753683	31.6	59
426	holistic	60	0	0	0.9051632642021163	1.7885241085977839	30.966666666666665	57
426	conventional	60	1	1	0.893051154351627	2.9689604943006636	31.6	59
427	holistic	60	1	1	0.9019507421754447	1.6097351303291805	31.9	58
427	conventional	60	1	1	0.9160955938834501	2.8025643687624466	31.6	59
428	holistic	60	0	0	0.9126099220907081	1.618956418382292	32.9	59
428	conventional	60	1	1	0.8914859054897328	2.5069832193644994	31.6	58
429	holistic	60	1	1	0.8708231882511626	1.6278076723140347	32.9	59
429	conventional	60	0	0	0.9560696426049707	2.8343697062015165	32.6	59
430	holistic	60	1	1	0.8835138263127458	1.896180310944241	32.9	59
430	conventional	60	3	3	0.903389381355888	3.001480936981896	31.516666666666666	59
431	holistic	60	1	1	0.8737952359554206	1.7536799689155316	32.9	56
431	conventional	60	3	3	0.911670353814164	2.834995837717956	30.5	59
432	holistic	60	0	0	0.9670354985561287	4.473210557102192	33.9	57
432	conventional	60	1	1	0.9364001493117791	2.7343128999521262	30.5	57
433	holistic	60	0	0	0.9430336197269509	2.2673383114127628	34.9	58
433	conventional	60	0	0	0.9399078617028412	2.333906541554878	31.5	58
434	holistic	60	0	0	0.928575800695445	2.51458140725872	35.9	59
434	conventional	60	2	2	0.9018228861561745	2.1912933588560173	32.38333333333333	59
435	holistic	60	1	1	0.9038402880764591	2.244579019040294	35.9	56
435	conventional	60	2	2	0.9272661128881757	1.9597579274119998	31.383333333333333	59
436	holistic	60	0	0	0.9381476768064448	2.5954442305529977	36.9	57
436	conventional	60	1	1	0.9096109639609902	2.082959053116397	31.383333333333333	58
437	holistic	60	0	0	0.944481188058884	2.9208060906378415	37.9	58
437	conventional	60	0	0	0.9994612600256895	2.3903269417072	32.38333333333333	59
438	holistic	60	0	0	0.936800531097767	2.795643340585363	38.9	59
438	conventional	60	1	1	0.9506003014475607	2.789519809233664	32.38333333333333	59
439	holistic	60	2	2	0.9007252352022159	2.5814258126130074	37.9	58
439	conventional	60	3	3	0.9703523039124982	4.270508037190692	31.3	59
440	holistic	60	0	0	0.9182455906914091	2.414316768563068	38.9	59
440	conventional	60	2	2	0.9360244408017903	3.184355547682284	31.2	59
441	holistic	60	2	2	0.9109348572513273	2.369994955484007	37.9	59
441	conventional	60	4	4	0.9163222574483918	3.356634850187194	28.2	59
442	holistic	60	2	2	0.8727964120710179	2.248528690335218	36.9	59
442	conventional	60	1	1	0.9746751946372023	3.6241112251834195	28.2	59
443	holistic	60	4	4	0.9007084191699505	2.3008973613109043	35.85	59
443	conventional	60	2	2	0.9338559266941504	2.719721623979673	27.2	59
444	holistic	60	4	4	0.8274632213509804	2.344170602478445	32.85	59
444	conventional	60	3	3	0.875286631520739	2.1323423966368527	26.15	58
445	holistic	60	4	4	0.8012436346942642	2.246284863405939	29.85	59
445	conventional	60	2	2	0.8754347832627694	1.7241718842413951	27.1	59
446	holistic	60	2	2	0.8995392130242184	2.905833804138393	29.783333333333335	59
446	conventional	60	4	4	0.8290539136616647	1.6538137341914263	25.833333333333332	59
447	holistic	60	6	6	0.8166388029968566	2.4132554265653225	25.716666666666665	58
447	conventional	60	3	3	0.8075577962700323	1.6377921143060212	25.783333333333335	59
448	holistic	60	0	0	0.8297349970853971	2.4112137431997454	26.716666666666665	59
448	conventional	60	1	1	0.9225066362467145	2.5639026253430823	25.783333333333335	58
449	holistic	60	2	2	0.8062164571380367	2.3831325471676252	26.683333333333334	59
449	conventional	60	1	1	0.9879630474090617	2.7232322747861035	26.75	59
450	holistic	60	6	6	0.8280884506584729	2.3107402070230743	25.466666666666665	59
450	conventional	60	2	2	0.9141234006941871	1.8310681341127775	26.733333333333334	59
451	holistic	60	1	1	0.8628999917435269	3.8558108506680346	25.466666666666665	59
451	conventional	60	2	2	0.8902242971961788	1.7795806339207019	25.733333333333334	59
452	holistic	60	3	3	0.8012425259828891	2.4123113266156606	24.35	57
452	conventional	60	3	3	0.815984832385893	2.069676195128006	23.733333333333334	59
453	holistic	60	3	3	0.7670033551386045	2.3905806838697585	25.016666666666666	58
453	conventional	60	5	5	0.8250480365796242	2.4238878323310464	23.466666666666665	58
454	holistic	60	2	2	0.834091218897856	2.329563669153338	25.883333333333333	59
454	conventional	60	0	0	0.8538439570041514	1.8692983285857945	24.466666666666665	59
455	holistic	60	2	2	0.8497462858971421	2.27208437630721	25.816666666666666	59
455	conventional	60	4	4	0.9087246338009691	3.7950562510784427	22.383333333333333	54
456	holistic	60	1	1	0.8415424024356662	2.181969217304616	25.816666666666666	59
456	conventional	60	1	1	0.8754001578695071	2.3940778957271767	23.333333333333332	55
457	holistic	60	2	2	0.8788247869622468	2.097772849397988	25.783333333333335	59
457	conventional	60	1	1	0.9048391003969148	2.383247181207196	24.3	56
458	holistic	60	2	2	0.832550774545574	2.0568983422003946	24.783333333333335	58
458	conventional	60	1	1	0.9681864598924045	3.7137212261713457	25.25	57
459	holistic	60	0	0	0.9058661106660763	2.8345078382181144	25.783333333333335	59
459	conventional	60	0	0	0.9893381455768715	3.243114507861846	26.25	58
460	holistic	60	3	3	0.8904339444125646	2.013103603441816	24.733333333333334	59
460	conventional	60	0	0	0.9752296757836517	3.387617955234388	27.25	59
461	holistic	60	2	2	0.9330243145202474	3.021853204828433	23.733333333333334	58
461	conventional	60	4	4	0.9075668385938066	3.0441445184862084	25.116666666666667	57
462	holistic	60	0	0	0.9991219256511134	4.9375938793473875	24.733333333333334	59
462	conventional	60	0	0	1.028828672539346	5.336995777957313	26.116666666666667	58
463	holistic	60	2	2	0.9271309069172041	3.0376614874714867	23.733333333333334	59
463	conventional	60	0	0	1.0124477407543744	5.826481442921102	27.116666666666667	59
464	holistic	60	3	3	0.904167136819584	2.5053684951417883	23.6	59
464	conventional	60	1	1	0.9374376467535939	3.657639362796237	27.116666666666667	59
465	holistic	60	2	2	0.961545583216077	2.124920219110917	23.533333333333335	57
465	conventional	60	3	3	0.8484064902368408	2.5749549421719715	25.983333333333334	58
466	holistic	60	0	0	0.9867232701452856	1.9653184617255248	24.533333333333335	58
466	conventional	60	0	0	0.8991368083479043	2.226234502666937	26.983333333333334	59
467	holistic	60	1	1	1.0360372458107638	2.8239311585433637	25.466666666666665	59
467	conventional	60	2	2	0.909567890761279	2.8205003473025467	26.95	58
468	holistic	60	4	4	0.9513449066288454	1.9594400084592487	23.4	59
468	conventional	60	0	0	0.9370986741185487	2.9829086093089145	27.95	59
469	holistic	60	1	1	0.9870356230229862	2.0617912957592925	23.4	59
469	conventional	60	4	4	0.9190357265187998	3.066258472890585	26.85	57
470	holistic	60	1	1	1.0047250073902085	2.017813120263053	23.4	59
470	conventional	60	0	0	0.9885822493357217	4.203918379768267	27.85	58
