season	population	alive	energy_head	ran	starved	aged	net_survivors	net_all_ub	food	work
0	holistic	59	2.7110	59	0	0	-0.0390	-0.0390	0.0000	0.0390
0	conventional	60	2.5606	59	0	0	-0.1460	-0.1460	0.4407	0.5867
1	holistic	60	2.4042	59	0	0	-0.0160	-0.0160	0.0169	0.0330
1	conventional	60	2.5809	57	0	3	0.3753	0.3753	0.9649	0.5896
2	holistic	60	2.3234	59	0	1	0.2101	0.2101	0.2542	0.0441
2	conventional	60	2.6408	55	4	1	0.3956	0.3367	0.9455	0.5498
3	holistic	60	2.1014	60	0	0	0.0281	0.0281	0.0667	0.0386
3	conventional	60	2.7985	54	5	1	0.5303	0.4518	1.0741	0.5438
4	holistic	60	1.8193	59	0	1	-0.0031	-0.0031	0.0339	0.0370
4	conventional	60	2.9518	54	3	3	0.7592	0.7086	1.2963	0.5371
5	holistic	60	1.5445	58	1	1	-0.0013	-0.0019	0.0345	0.0358
5	conventional	60	3.0296	52	8	0	0.4075	0.3278	0.9423	0.5348
6	holistic	60	1.3119	59	1	0	0.0169	0.0174	0.0678	0.0509
6	conventional	60	3.2525	56	4	0	0.5069	0.4729	1.0536	0.5466
7	holistic	60	1.2118	58	2	0	0.1576	0.1498	0.2069	0.0493
7	conventional	60	3.3685	50	9	1	0.4559	0.3805	0.9800	0.5241
8	holistic	59	1.0915	55	3	2	0.1477	0.1413	0.1818	0.0341
8	conventional	60	3.5578	54	6	0	0.5049	0.4393	1.0185	0.5136
9	holistic	60	0.9123	55	2	2	0.0986	0.0960	0.1455	0.0469
9	conventional	60	3.7644	55	5	0	0.5426	0.4566	1.0545	0.5119
10	holistic	59	0.8333	55	3	2	0.2029	0.1970	0.2545	0.0516
10	conventional	60	3.9728	54	5	1	0.5389	0.4852	1.0370	0.4981
11	holistic	29	1.5831	23	35	1	0.4629	0.1983	0.6087	0.1458
11	conventional	60	3.7937	54	5	1	0.4453	0.3803	0.9444	0.4991
12	holistic	28	1.5849	25	4	0	0.2139	0.1971	0.3600	0.1461
12	conventional	60	3.6177	52	8	0	0.1394	0.0741	0.6346	0.4952
13	holistic	36	1.6582	26	2	0	0.8615	0.7971	1.0000	0.1385
13	conventional	60	3.6795	57	3	0	0.3415	0.3118	0.8421	0.5006
14	holistic	47	1.7320	35	1	0	0.8744	0.8530	1.0000	0.1256
14	conventional	60	4.1565	56	4	0	0.7871	0.7270	1.2857	0.4986
15	holistic	51	1.5138	45	2	0	0.1675	0.1605	0.3111	0.1436
15	conventional	60	4.0384	55	5	0	0.1642	0.1319	0.6364	0.4722
16	holistic	57	1.7584	48	3	0	0.7458	0.7016	0.8750	0.1292
16	conventional	60	4.2589	53	7	0	0.5566	0.4705	1.0566	0.5000
17	holistic	60	2.0141	51	6	0	0.6762	0.6116	0.8039	0.1278
17	conventional	60	4.5296	52	7	1	0.6453	0.5515	1.0962	0.4508
18	holistic	60	2.4964	59	1	0	0.7448	0.7324	0.8644	0.1196
18	conventional	60	5.1347	59	1	0	0.8823	0.8551	1.3559	0.4736
19	holistic	60	3.2112	57	3	0	1.0143	0.9647	1.1404	0.1260
19	conventional	60	5.3559	54	5	1	0.7936	0.7260	1.2778	0.4841
20	holistic	60	3.9494	53	7	0	1.1183	0.9882	1.2453	0.1270
20	conventional	60	5.5450	57	2	1	0.8759	0.8306	1.3509	0.4750
21	holistic	60	4.7039	57	3	0	1.0540	1.0044	1.1930	0.1390
21	conventional	60	6.0939	60	0	0	0.7989	0.7989	1.2833	0.4845
22	holistic	60	5.6021	60	0	0	1.1483	1.1483	1.2833	0.1350
22	conventional	60	6.1721	56	3	1	0.5053	0.4670	0.9821	0.4769
23	holistic	60	6.3577	57	3	0	1.0621	1.0056	1.1930	0.1309
23	conventional	60	7.0648	58	2	0	1.1975	1.1426	1.6724	0.4750
24	holistic	60	6.9696	58	2	0	0.8920	0.8619	1.0172	0.1252
24	conventional	60	7.1721	59	1	0	0.3657	0.3573	0.8475	0.4818
25	holistic	60	7.4864	58	1	1	0.8731	0.8604	1.0000	0.1269
25	conventional	60	7.5970	59	1	0	0.6930	0.6750	1.1695	0.4765
26	holistic	60	8.0095	60	0	0	0.7730	0.7730	0.9000	0.1270
26	conventional	60	7.8912	59	1	0	0.5515	0.5441	1.0169	0.4654
27	holistic	60	9.0999	57	3	0	1.4096	1.3404	1.5439	0.1342
27	conventional	60	8.4575	59	1	0	0.8332	0.8163	1.3220	0.4888
28	holistic	60	9.9862	59	1	0	1.1555	1.1363	1.2881	0.1326
28	conventional	60	8.9243	59	1	0	0.7305	0.7167	1.2203	0.4898
29	holistic	60	10.7868	59	1	0	1.0681	1.0506	1.2034	0.1353
29	conventional	60	9.2718	58	2	0	0.6379	0.5976	1.1034	0.4655
30	holistic	60	11.5533	59	1	0	1.0360	1.0165	1.1695	0.1335
30	conventional	60	10.1016	58	2	0	1.1236	1.0798	1.6034	0.4798
31	holistic	60	12.5030	59	1	0	1.2200	1.1997	1.3559	0.1359
31	conventional	60	10.6295	58	2	0	0.7999	0.7779	1.2759	0.4760
32	holistic	60	13.0912	59	0	1	0.9887	0.9887	1.1186	0.1299
32	conventional	60	10.5089	59	0	1	0.4928	0.4928	0.9661	0.4734
33	holistic	60	14.1208	57	3	0	1.3415	1.2795	1.4737	0.1322
33	conventional	60	11.3776	58	2	0	1.1614	1.1186	1.6379	0.4765
34	holistic	60	14.7609	59	1	0	0.9049	0.8901	1.0339	0.1290
34	conventional	60	11.9730	59	1	0	0.8637	0.8454	1.3390	0.4753
35	holistic	60	15.1534	59	1	0	0.6534	0.6425	0.7797	0.1263
35	conventional	60	12.3110	59	1	0	0.5952	0.5880	1.0508	0.4556
36	holistic	60	15.9263	59	1	0	1.0390	1.0229	1.1695	0.1305
36	conventional	60	12.6623	58	2	0	0.6261	0.6013	1.1034	0.4773
37	holistic	60	16.5602	59	1	0	0.8989	0.8839	1.0339	0.1350
37	conventional	60	12.9172	59	0	1	0.8781	0.8781	1.3559	0.4778
38	holistic	60	17.1616	60	0	0	0.8514	0.8514	0.9833	0.1319
38	conventional	60	12.7444	58	1	1	0.4510	0.4435	0.9310	0.4801
39	holistic	60	17.8321	59	1	0	0.9340	0.9205	1.0678	0.1338
39	conventional	60	12.4186	56	3	1	0.5308	0.4944	1.0000	0.4692
40	holistic	60	18.9487	60	0	0	1.3666	1.3666	1.5000	0.1334
40	conventional	60	13.2278	59	1	0	1.0899	1.0592	1.5593	0.4695
41	holistic	60	19.4679	59	1	0	0.7820	0.7692	0.9153	0.1333
41	conventional	60	13.0008	59	0	1	0.5462	0.5462	1.0169	0.4707
42	holistic	60	19.7838	59	1	0	0.5746	0.5659	0.7119	0.1373
42	conventional	60	12.8253	57	2	1	0.4120	0.3997	0.8772	0.4652
43	holistic	60	20.5998	59	1	0	1.0841	1.0661	1.2203	0.1362
43	conventional	60	13.1200	59	0	1	0.8272	0.8272	1.3051	0.4779
44	holistic	60	21.7130	60	0	0	1.3632	1.3632	1.5000	0.1368
44	conventional	60	14.1022	59	1	0	1.2502	1.2322	1.7288	0.4786
45	holistic	60	22.7587	60	0	0	1.2957	1.2957	1.4333	0.1376
45	conventional	60	14.9180	59	1	0	1.0838	1.0659	1.5763	0.4924
46	holistic	60	23.9402	59	1	0	1.4556	1.4315	1.5932	0.1376
46	conventional	60	15.4637	57	3	0	0.8489	0.7957	1.3333	0.4844
47	holistic	60	24.8692	60	0	0	1.1790	1.1790	1.3167	0.1376
47	conventional	60	16.2530	60	0	0	1.0393	1.0393	1.5333	0.4940
48	holistic	60	26.2626	60	0	0	1.6434	1.6434	1.7833	0.1399
48	conventional	60	17.1069	60	0	0	1.1039	1.1039	1.6000	0.4961
49	holistic	60	27.1228	60	0	0	1.1102	1.1102	1.2500	0.1398
49	conventional	60	17.2195	59	0	1	0.6845	0.6845	1.1695	0.4850
50	holistic	60	27.8671	60	0	0	0.9943	0.9943	1.1333	0.1390
50	conventional	60	17.7774	58	2	0	0.8371	0.8079	1.3276	0.4905
51	holistic	60	28.6102	60	0	0	0.9930	0.9930	1.1333	0.1403
51	conventional	60	18.5935	60	0	0	1.0661	1.0661	1.5500	0.4839
52	holistic	60	29.5028	60	0	0	1.1427	1.1427	1.2833	0.1407
52	conventional	60	18.7940	58	1	1	0.7090	0.6942	1.1897	0.4806
53	holistic	60	30.4944	60	0	0	1.2416	1.2416	1.3833	0.1417
53	conventional	60	19.1849	60	0	0	0.6409	0.6409	1.1333	0.4925
54	holistic	60	31.1190	60	0	0	0.8745	0.8745	1.0167	0.1421
54	conventional	60	19.2782	60	0	0	0.3433	0.3433	0.8333	0.4901
55	holistic	60	31.6794	60	0	0	0.8104	0.8104	0.9500	0.1396
55	conventional	60	19.9047	60	0	0	0.8765	0.8765	1.3667	0.4902
56	holistic	60	32.6570	60	0	0	1.2276	1.2276	1.3667	0.1390
56	conventional	60	20.6706	58	2	0	1.0617	1.0159	1.5517	0.4901
57	holistic	60	32.9918	59	0	1	1.0115	1.0115	1.1525	0.1410
57	conventional	60	20.8506	60	0	0	0.4300	0.4300	0.9167	0.4866
58	holistic	60	33.9401	60	0	0	1.1983	1.1983	1.3333	0.1351
58	conventional	60	21.8676	59	1	0	1.2899	1.2670	1.7797	0.4897
59	holistic	60	34.3002	59	0	1	0.9274	0.9274	1.0678	0.1404
59	conventional	60	22.1735	59	1	0	0.5747	0.5559	1.0508	0.4762
60	holistic	60	34.9651	60	0	0	0.9149	0.9149	1.0500	0.1351
60	conventional	60	22.4430	59	0	1	0.8616	0.8616	1.3390	0.4773
61	holistic	60	34.8298	59	0	1	0.4929	0.4929	0.6271	0.1342
61	conventional	60	21.6325	59	0	1	0.0924	0.0924	0.5763	0.4838
62	holistic	60	35.5445	60	0	0	0.9647	0.9647	1.1000	0.1353
62	conventional	60	21.0811	58	0	2	0.8595	0.8595	1.3621	0.5026
63	holistic	60	36.0589	59	1	0	0.7773	0.7644	0.9153	0.1379
63	conventional	60	21.2043	58	1	1	0.8797	0.8573	1.3793	0.4996
64	holistic	60	36.7888	60	0	0	0.9799	0.9799	1.1167	0.1368
64	conventional	60	22.0011	59	1	0	1.0652	1.0468	1.5593	0.4941
65	holistic	60	37.9708	60	0	0	1.4320	1.4320	1.5667	0.1347
65	conventional	60	20.8245	57	1	2	0.7805	0.7541	1.2807	0.5002
66	holistic	60	38.5142	59	0	1	1.2193	1.2193	1.3559	0.1366
66	conventional	60	20.6630	57	1	2	0.8015	0.7845	1.3158	0.5143
67	holistic	60	37.1757	57	1	2	1.0938	1.0751	1.2281	0.1343
67	conventional	60	20.4980	58	1	1	0.4759	0.4681	0.9828	0.5068
68	holistic	60	37.8909	60	0	0	0.9652	0.9652	1.1000	0.1348
68	conventional	60	18.5730	57	1	2	0.2086	0.2059	0.7193	0.5107
69	holistic	60	36.9123	58	0	2	0.6907	0.6907	0.8276	0.1369
69	conventional	60	18.1099	58	1	1	0.3599	0.3539	0.8793	0.5194
70	holistic	60	35.7913	56	1	3	0.9734	0.9599	1.1071	0.1337
70	conventional	60	17.4917	56	2	2	0.6273	0.6004	1.1429	0.5156
71	holistic	60	34.0180	56	1	3	0.8478	0.8352	0.9821	0.1344
71	conventional	60	17.3337	56	3	1	0.5059	0.4821	1.0357	0.5298
72	holistic	60	32.3556	58	0	2	1.4542	1.4542	1.5862	0.1320
72	conventional	60	17.3512	58	1	1	0.7621	0.7531	1.2759	0.5138
73	holistic	60	28.9786	52	2	6	1.2135	1.1716	1.3462	0.1327
73	conventional	60	16.5299	56	2	2	1.0564	1.0197	1.5893	0.5329
74	holistic	60	24.3945	53	0	7	1.1131	1.1131	1.2453	0.1322
74	conventional	60	15.5508	56	1	3	0.7261	0.7128	1.2500	0.5239
75	holistic	60	21.5407	54	2	4	1.1283	1.0844	1.2593	0.1309
75	conventional	60	15.0737	57	0	3	0.8417	0.8417	1.3860	0.5442
76	holistic	60	20.9626	57	1	2	0.8849	0.8697	1.0175	0.1326
76	conventional	60	13.5864	54	4	2	0.4920	0.4458	1.0370	0.5450
77	holistic	60	16.6446	55	1	4	0.6444	0.6332	0.7818	0.1374
77	conventional	60	13.0852	55	2	3	0.6053	0.5672	1.1455	0.5402
78	holistic	60	16.6518	56	3	1	0.6684	0.6353	0.8036	0.1352
78	conventional	60	13.5099	55	5	0	0.7449	0.6748	1.2909	0.5460
79	holistic	60	16.9347	57	2	1	0.7543	0.7288	0.8947	0.1405
79	conventional	60	11.4223	51	5	4	0.6030	0.5195	1.1373	0.5343
80	holistic	60	13.5853	54	2	4	0.8829	0.8447	1.0185	0.1356
80	conventional	60	12.0262	57	3	0	0.9083	0.8539	1.4386	0.5303
81	holistic	60	14.0354	59	1	0	0.7120	0.7001	0.8475	0.1355
81	conventional	60	12.3517	57	3	0	0.6170	0.5755	1.1404	0.5234
82	holistic	60	15.3280	56	4	0	1.6473	1.5425	1.7857	0.1384
82	conventional	60	11.7566	56	2	2	1.0326	0.9929	1.5536	0.5210
83	holistic	60	16.0045	58	1	1	1.0490	1.0312	1.1897	0.1407
83	conventional	60	11.1192	56	3	1	0.4093	0.3665	0.9286	0.5193
84	holistic	60	16.1037	57	2	1	0.6840	0.6618	0.8246	0.1405
84	conventional	60	10.4294	54	5	1	0.6976	0.6212	1.2037	0.5061
85	holistic	60	14.5827	56	2	2	1.1821	1.1447	1.3214	0.1393
85	conventional	60	10.1610	57	2	1	0.5559	0.5274	1.0702	0.5142
86	holistic	60	15.5286	60	0	0	1.1960	1.1960	1.3333	0.1374
86	conventional	60	10.6351	57	3	0	0.7766	0.7241	1.2982	0.5216
87	holistic	60	14.3784	57	1	2	0.9483	0.9321	1.0877	0.1394
87	conventional	60	11.3880	58	2	0	1.0357	1.0029	1.5345	0.4988
88	holistic	60	13.6262	57	2	1	0.6610	0.6387	0.8070	0.1460
88	conventional	60	10.9258	56	3	1	0.4781	0.4426	0.9821	0.5041
89	holistic	60	14.7167	58	2	0	1.3862	1.3405	1.5345	0.1483
89	conventional	60	11.0176	57	2	1	0.8396	0.8090	1.3509	0.5113
90	holistic	60	14.8025	58	1	1	0.7129	0.7029	0.8621	0.1492
90	conventional	60	11.3149	59	1	0	0.5540	0.5474	1.0678	0.5138
91	holistic	60	15.6428	60	0	0	1.0903	1.0903	1.2333	0.1430
91	conventional	60	11.9556	56	3	1	0.9835	0.9341	1.5000	0.5165
92	holistic	60	16.3816	59	1	0	1.0056	0.9888	1.1525	0.1470
92	conventional	60	11.8969	59	1	0	0.2073	0.1914	0.7119	0.5045
93	holistic	60	15.5695	56	2	2	1.1492	1.1090	1.3036	0.1543
93	conventional	60	12.6916	58	1	1	1.2804	1.2572	1.7931	0.5127
94	holistic	60	16.2203	60	0	0	0.9008	0.9008	1.0500	0.1492
94	conventional	60	13.0386	59	1	0	0.6156	0.5970	1.1356	0.5200
95	holistic	60	16.3085	58	1	1	1.0558	1.0371	1.2069	0.1511
95	conventional	60	13.6625	60	0	0	0.8739	0.8739	1.3667	0.4928
96	holistic	60	15.7071	58	1	1	0.5775	0.5710	0.7241	0.1467
96	conventional	60	14.0624	58	1	1	0.7858	0.7696	1.2931	0.5073
97	holistic	60	16.7679	56	4	0	1.3965	1.3108	1.5536	0.1571
97	conventional	60	15.4276	60	0	0	1.6152	1.6152	2.1333	0.5182
98	holistic	60	17.6930	59	1	0	1.1914	1.1751	1.3390	0.1476
98	conventional	60	14.1352	56	2	2	0.6247	0.5982	1.1429	0.5182
99	holistic	60	18.7482	60	0	0	1.3053	1.3053	1.4500	0.1447
99	conventional	60	13.2308	58	1	1	0.6100	0.6006	1.1379	0.5279
100	holistic	60	19.8329	60	0	0	1.3346	1.3346	1.4833	0.1487
100	conventional	60	13.8649	59	1	0	0.8974	0.8841	1.4237	0.5263
101	holistic	60	19.3798	57	2	1	0.9865	0.9531	1.1404	0.1538
101	conventional	60	14.3300	58	2	0	0.7428	0.7150	1.2759	0.5331
102	holistic	60	19.9100	59	1	0	0.7926	0.7802	0.9492	0.1566
102	conventional	60	13.6158	55	3	2	0.2368	0.2083	0.7636	0.5269
103	holistic	60	20.5657	59	0	1	1.1706	1.1706	1.3220	0.1515
103	conventional	60	13.8817	58	2	0	0.5522	0.5159	1.0690	0.5167
104	holistic	60	21.4611	60	0	0	1.1453	1.1453	1.3000	0.1547
104	conventional	60	14.3184	59	0	1	0.9539	0.9539	1.4746	0.5207
105	holistic	60	22.0761	58	2	0	0.8966	0.8651	1.0517	0.1552
105	conventional	60	14.9744	58	2	0	0.9330	0.9059	1.4483	0.5153
106	holistic	60	22.0622	58	1	1	1.6521	1.6241	1.8103	0.1583
106	conventional	60	15.7058	60	0	0	0.9814	0.9814	1.5000	0.5186
107	holistic	60	23.2042	60	0	0	1.3920	1.3920	1.5500	0.1580
107	conventional	60	16.6034	60	0	0	1.1476	1.1476	1.6667	0.5191
108	holistic	60	23.8323	60	0	0	0.8781	0.8781	1.0333	0.1552
108	conventional	60	16.9881	60	0	0	0.6347	0.6347	1.1500	0.5153
109	holistic	60	24.8146	59	1	0	1.2507	1.2323	1.4068	0.1561
109	conventional	60	16.8494	59	0	1	0.5986	0.5986	1.1017	0.5031
110	holistic	60	25.9105	59	1	0	1.3684	1.3459	1.5254	0.1570
110	conventional	60	16.4950	59	0	1	0.5832	0.5832	1.1017	0.5185
111	holistic	60	27.1071	60	0	0	1.4466	1.4466	1.6000	0.1534
111	conventional	60	16.7253	57	3	0	0.5214	0.4803	1.0351	0.5137
112	holistic	60	28.0369	60	0	0	1.1799	1.1799	1.3333	0.1535
112	conventional	60	16.7098	59	0	1	0.6837	0.6837	1.2034	0.5197
113	holistic	60	28.9989	60	0	0	1.2119	1.2119	1.3667	0.1547
113	conventional	60	17.4024	60	0	0	0.9426	0.9426	1.4833	0.5407
114	holistic	60	30.2455	59	1	0	1.5191	1.4967	1.6780	0.1589
114	conventional	60	17.9062	57	3	0	0.7944	0.7538	1.3158	0.5214
115	holistic	60	31.3079	60	0	0	1.3124	1.3124	1.4667	0.1543
115	conventional	60	18.2794	59	1	0	0.6405	0.6231	1.1525	0.5120
116	holistic	60	32.1370	60	0	0	1.0790	1.0790	1.2333	0.1543
116	conventional	60	18.4840	59	1	0	0.4640	0.4546	0.9831	0.5191
117	holistic	60	32.2082	59	0	1	0.8952	0.8952	1.0508	0.1556
117	conventional	60	18.6804	58	2	0	0.4641	0.4464	0.9828	0.5186
118	holistic	60	33.3555	59	1	0	1.4210	1.3973	1.5763	0.1553
118	conventional	60	19.3927	59	1	0	0.9769	0.9623	1.4915	0.5146
119	holistic	60	34.1172	60	0	0	1.0117	1.0117	1.1667	0.1550
119	conventional	60	19.8659	59	1	0	0.7359	0.7232	1.2542	0.5183
120	holistic	60	34.7469	60	0	0	0.8797	0.8797	1.0333	0.1536
120	conventional	60	19.6487	58	1	1	0.5066	0.4982	1.0345	0.5278
121	holistic	60	34.8015	59	0	1	1.0862	1.0862	1.2373	0.1511
121	conventional	60	19.0498	58	1	1	0.5357	0.5243	1.0690	0.5333
122	holistic	60	35.7005	59	1	0	1.1684	1.1491	1.3220	0.1536
122	conventional	60	19.5112	59	1	0	0.7207	0.7114	1.2542	0.5335
123	holistic	60	36.3809	60	0	0	0.9304	0.9304	1.0833	0.1529
123	conventional	60	18.9886	59	0	1	0.6583	0.6583	1.1864	0.5282
124	holistic	60	37.2593	60	0	0	1.1284	1.1284	1.2833	0.1550
124	conventional	60	19.5253	59	1	0	0.7977	0.7866	1.3220	0.5244
125	holistic	60	38.1221	60	0	0	1.1129	1.1129	1.2667	0.1538
125	conventional	60	19.4741	59	0	1	0.5566	0.5566	1.0678	0.5112
126	holistic	60	39.0075	59	1	0	1.1537	1.1353	1.3051	0.1514
126	conventional	60	19.4149	58	0	2	1.0148	1.0148	1.5517	0.5369
127	holistic	60	37.9018	58	0	2	0.9172	0.9172	1.0690	0.1517
127	conventional	60	18.5534	58	1	1	0.5190	0.5059	1.0517	0.5327
128	holistic	60	38.8152	60	0	0	1.1633	1.1633	1.3167	0.1533
128	conventional	60	17.1373	56	2	2	0.3940	0.3759	0.9286	0.5346
129	holistic	60	37.9023	59	0	1	0.9478	0.9478	1.1017	0.1539
129	conventional	60	17.3992	59	1	0	0.5188	0.5119	1.0508	0.5320
130	holistic	60	36.5011	57	0	3	1.3705	1.3705	1.5263	0.1558
130	conventional	60	17.2324	57	2	1	0.9311	0.8805	1.4386	0.5075
131	holistic	60	34.1020	57	0	3	1.1797	1.1797	1.3333	0.1537
131	conventional	60	16.6264	56	2	2	0.4760	0.4547	1.0000	0.5240
132	holistic	60	33.6641	59	0	1	0.9451	0.9451	1.1017	0.1566
132	conventional	60	16.6225	58	1	1	1.0803	1.0542	1.5862	0.5059
133	holistic	60	29.6222	55	0	5	0.9715	0.9715	1.1273	0.1558
133	conventional	60	16.3043	57	1	2	0.6742	0.6620	1.1754	0.5012
134	holistic	60	28.8117	57	0	3	1.1643	1.1643	1.3158	0.1515
134	conventional	60	17.0151	58	2	0	1.0054	0.9607	1.5000	0.4946
135	holistic	60	26.3304	56	1	3	0.8136	0.7993	0.9643	0.1507
135	conventional	60	17.3336	60	0	0	0.5685	0.5685	1.0833	0.5148
136	holistic	60	25.7627	57	1	2	0.6127	0.6039	0.7544	0.1416
136	conventional	60	17.0806	58	0	2	0.6516	0.6516	1.1724	0.5208
137	holistic	60	24.1520	56	2	2	1.2608	1.2174	1.4107	0.1499
137	conventional	60	17.1984	58	1	1	0.9005	0.8800	1.4138	0.5133
138	holistic	60	22.6202	57	1	2	0.5432	0.5339	0.6842	0.1410
138	conventional	60	16.2591	57	0	3	0.6573	0.6573	1.1754	0.5182
139	holistic	60	22.6047	58	1	1	1.0676	1.0499	1.2069	0.1393
139	conventional	60	14.1559	53	2	5	0.3299	0.3176	0.8491	0.5191
140	holistic	60	19.0867	54	1	5	0.9897	0.9713	1.1296	0.1399
140	conventional	60	14.4353	58	1	1	0.8092	0.7828	1.3448	0.5356
141	holistic	60	20.2291	58	2	0	1.4404	1.3923	1.5862	0.1459
141	conventional	60	13.3417	55	3	2	0.9334	0.8940	1.4727	0.5393
142	holistic	60	19.1001	58	0	2	0.8268	0.8268	0.9655	0.1387
142	conventional	60	12.8174	57	2	1	0.2750	0.2631	0.8070	0.5320
143	holistic	60	19.7125	58	1	1	1.2055	1.1853	1.3448	0.1393
143	conventional	60	13.0143	58	2	0	0.4755	0.4469	1.0000	0.5245
144	holistic	60	19.6521	58	1	1	1.0647	1.0466	1.2069	0.1422
144	conventional	60	12.0466	53	4	3	1.2317	1.1102	1.7736	0.5419
145	holistic	60	18.7137	57	1	2	0.9639	0.9463	1.1053	0.1413
145	conventional	60	11.6329	57	2	1	0.6516	0.6134	1.1930	0.5413
146	holistic	60	19.3592	59	1	0	0.9074	0.8955	1.0508	0.1434
146	conventional	60	10.5416	55	3	2	0.7510	0.7199	1.2909	0.5400
147	holistic	60	16.9965	56	1	3	0.7028	0.6932	0.8393	0.1365
147	conventional	60	10.1759	55	4	1	0.6144	0.5515	1.1455	0.5310
148	holistic	60	15.6238	57	1	2	1.2007	1.1812	1.3509	0.1501
148	conventional	60	9.1363	53	4	3	0.8495	0.7590	1.3962	0.5467
149	holistic	60	15.1229	58	1	1	0.8659	0.8513	1.0172	0.1513
149	conventional	60	9.4467	58	2	0	0.5816	0.5604	1.1207	0.5391
150	holistic	60	16.2621	58	2	0	1.4388	1.3892	1.5862	0.1474
150	conventional	60	9.7073	54	6	0	0.5913	0.5106	1.1296	0.5383
151	holistic	60	16.8081	60	0	0	0.7960	0.7960	0.9500	0.1540
151	conventional	60	9.3222	58	1	1	0.5804	0.5648	1.1207	0.5403
152	holistic	60	16.9172	59	0	1	0.9655	0.9655	1.1186	0.1532
152	conventional	60	9.9147	57	3	0	0.8988	0.8425	1.4386	0.5398
153	holistic	60	18.0715	59	1	0	1.4282	1.4044	1.5763	0.1481
153	conventional	60	9.9632	57	2	1	0.7233	0.6849	1.2632	0.5398
154	holistic	60	18.5891	59	1	0	0.7802	0.7675	0.9322	0.1520
154	conventional	60	10.2851	60	0	0	0.5719	0.5719	1.1000	0.5281
155	holistic	60	18.3666	59	0	1	1.3540	1.3540	1.5085	0.1545
155	conventional	60	10.9386	58	2	0	0.9427	0.9035	1.4828	0.5400
156	holistic	60	17.1672	56	2	2	1.2033	1.1613	1.3571	0.1539
156	conventional	60	11.2603	58	2	0	0.5954	0.5717	1.1379	0.5425
157	holistic	60	16.9499	58	0	2	0.9997	0.9997	1.1552	0.1554
157	conventional	60	11.6490	59	1	0	0.6622	0.6387	1.2034	0.5411
158	holistic	60	16.6068	59	0	1	1.2751	1.2751	1.4237	0.1486
158	conventional	60	10.9906	57	1	2	0.6748	0.6559	1.2105	0.5357
159	holistic	60	17.8308	59	1	0	1.4989	1.4740	1.6441	0.1452
159	conventional	60	10.8285	57	1	2	1.2546	1.2201	1.7895	0.5348
160	holistic	60	18.5330	60	0	0	0.9523	0.9523	1.1000	0.1477
160	conventional	60	11.4847	58	2	0	0.9633	0.9062	1.5000	0.5367
161	holistic	60	17.5538	58	1	1	0.8840	0.8690	1.0345	0.1505
161	conventional	60	11.6555	58	1	1	0.6845	0.6664	1.2241	0.5396
162	holistic	60	18.4159	59	1	0	1.1309	1.1121	1.2881	0.1572
162	conventional	60	12.4275	59	0	1	1.1078	1.1078	1.6441	0.5362
163	holistic	60	19.2318	60	0	0	1.0659	1.0659	1.2167	0.1507
163	conventional	60	12.7455	60	0	0	0.5680	0.5680	1.1000	0.5320
164	holistic	60	19.6855	60	0	0	0.7037	0.7037	0.8500	0.1463
164	conventional	60	12.7881	57	2	1	0.5902	0.5583	1.1228	0.5326
165	holistic	60	19.1021	57	1	2	0.7620	0.7509	0.9123	0.1503
165	conventional	60	12.5841	56	2	2	0.5748	0.5563	1.1071	0.5323
166	holistic	60	19.9671	59	1	0	1.1335	1.1150	1.2881	0.1546
166	conventional	60	12.7305	59	1	0	0.3992	0.3965	0.9322	0.5330
167	holistic	60	21.0011	60	0	0	1.2840	1.2840	1.4333	0.1494
167	conventional	60	13.1329	59	1	0	0.6619	0.6524	1.1864	0.5246
168	holistic	60	21.6673	60	0	0	0.9163	0.9163	1.0667	0.1504
168	conventional	60	13.7507	58	2	0	0.9070	0.8678	1.4483	0.5413
169	holistic	60	21.3655	58	1	1	1.0540	1.0362	1.2069	0.1529
169	conventional	60	14.4039	58	2	0	0.9491	0.9032	1.4828	0.5337
170	holistic	60	21.8787	59	1	0	0.7761	0.7632	0.9322	0.1561
170	conventional	60	14.5795	59	0	1	1.1794	1.1794	1.7119	0.5324
171	holistic	60	22.4488	60	0	0	0.8201	0.8201	0.9833	0.1632
171	conventional	60	14.8251	59	1	0	0.5019	0.4956	1.0339	0.5319
172	holistic	60	23.0888	59	1	0	0.9102	0.8900	1.0678	0.1576
172	conventional	60	14.9110	57	3	0	0.3594	0.3359	0.8947	0.5354
173	holistic	60	23.9335	59	1	0	1.1138	1.0947	1.2712	0.1574
173	conventional	60	15.3736	60	0	0	0.7126	0.7126	1.2500	0.5374
174	holistic	60	24.5346	59	1	0	0.8662	0.8511	1.0169	0.1508
174	conventional	60	15.6313	58	2	0	0.5367	0.5076	1.0690	0.5323
175	holistic	60	25.1386	60	0	0	0.8540	0.8540	1.0000	0.1460
175	conventional	60	16.6739	60	0	0	1.2926	1.2926	1.8333	0.5407
176	holistic	60	25.5602	60	0	0	0.6716	0.6716	0.8167	0.1450
176	conventional	60	16.3730	57	2	1	0.5504	0.5297	1.0702	0.5198
177	holistic	60	26.4222	57	2	1	1.3011	1.2596	1.4561	0.1551
177	conventional	60	16.3905	58	1	1	0.5577	0.5452	1.0862	0.5285
178	holistic	60	27.5792	59	1	0	1.4309	1.4070	1.5932	0.1623
178	conventional	60	16.7301	60	0	0	0.5897	0.5897	1.1167	0.5270
179	holistic	60	28.5218	60	0	0	1.1925	1.1925	1.3500	0.1575
179	conventional	60	17.2186	59	0	1	0.8432	0.8432	1.3559	0.5128
180	holistic	60	29.3293	60	0	0	1.0575	1.0575	1.2167	0.1591
180	conventional	60	18.3568	60	0	0	1.3882	1.3882	1.9167	0.5285
181	holistic	60	28.9956	59	0	1	1.1781	1.1781	1.3390	0.1609
181	conventional	60	17.6823	58	0	2	1.3607	1.3607	1.8793	0.5186
182	holistic	60	29.3266	58	1	1	1.1683	1.1485	1.3276	0.1593
182	conventional	60	17.9535	58	2	0	0.5495	0.5213	1.0690	0.5194
183	holistic	60	30.1065	60	0	0	1.0299	1.0299	1.2000	0.1701
183	conventional	60	18.2915	59	1	0	0.5966	0.5879	1.1186	0.5220
184	holistic	60	30.8423	60	0	0	0.9858	0.9858	1.1500	0.1642
184	conventional	60	18.9133	59	1	0	0.8925	0.8718	1.4068	0.5142
185	holistic	60	31.3233	59	1	0	0.7434	0.7310	0.9153	0.1719
185	conventional	60	19.1885	59	1	0	0.5400	0.5252	1.0678	0.5278
186	holistic	60	31.7654	59	0	1	1.2721	1.2721	1.4407	0.1686
186	conventional	60	19.5240	59	0	1	1.2352	1.2352	1.7458	0.5106
187	holistic	60	30.9643	58	0	2	1.3900	1.3900	1.5517	0.1618
187	conventional	60	20.2493	60	0	0	0.9753	0.9753	1.5000	0.5247
188	holistic	60	31.7561	60	0	0	1.0418	1.0418	1.2000	0.1582
188	conventional	60	20.3142	59	0	1	0.9267	0.9267	1.4407	0.5139
189	holistic	60	32.3919	59	0	1	1.5803	1.5803	1.7458	0.1655
189	conventional	60	20.3769	58	1	1	0.5161	0.4946	1.0172	0.5012
190	holistic	60	31.8036	57	1	2	1.2872	1.2666	1.4561	0.1689
190	conventional	60	20.7919	58	1	1	1.1452	1.1189	1.6724	0.5273
191	holistic	60	30.7003	58	0	2	1.0123	1.0123	1.1724	0.1601
191	conventional	60	18.9481	56	1	3	0.3478	0.3433	0.8750	0.5272
192	holistic	60	30.7315	59	0	1	0.7716	0.7716	0.9322	0.1606
192	conventional	60	18.1119	57	1	2	0.7175	0.7042	1.2456	0.5281
193	holistic	60	30.6003	59	0	1	0.7729	0.7729	0.9322	0.1593
193	conventional	60	17.8686	55	3	2	0.8433	0.7972	1.3818	0.5385
194	holistic	60	29.2060	57	1	2	1.0657	1.0476	1.2281	0.1624
194	conventional	60	18.5565	59	0	1	1.1176	1.1176	1.6441	0.5264
195	holistic	60	29.4066	57	1	2	1.0296	1.0119	1.1930	0.1634
195	conventional	60	19.0648	59	1	0	0.7686	0.7583	1.2881	0.5195
196	holistic	60	27.5506	57	0	3	0.6203	0.6203	0.7719	0.1516
196	conventional	60	18.7620	58	1	1	0.3619	0.3523	0.8793	0.5174
197	holistic	60	27.4467	57	1	2	1.1958	1.1777	1.3509	0.1551
197	conventional	60	18.5836	54	5	1	0.5648	0.5089	1.0926	0.5278
198	holistic	60	26.0551	57	1	2	0.4957	0.4872	0.6491	0.1535
198	conventional	60	18.5772	58	1	1	0.8431	0.8161	1.3793	0.5362
199	holistic	60	25.6426	57	1	2	1.3802	1.3565	1.5263	0.1461
199	conventional	60	16.2630	57	0	3	0.8425	0.8425	1.3684	0.5259
200	holistic	60	22.8184	55	1	4	0.9374	0.9209	1.0909	0.1535
200	conventional	60	15.4568	59	0	1	0.3480	0.3480	0.8814	0.5334
201	holistic	60	21.6949	56	2	2	1.2867	1.2439	1.4464	0.1598
201	conventional	60	15.1111	58	0	2	0.9217	0.9217	1.4483	0.5266
202	holistic	60	20.8966	58	1	1	0.4544	0.4484	0.6207	0.1662
202	conventional	60	14.9793	56	4	0	0.1535	0.1182	0.6786	0.5251
203	holistic	60	21.4276	58	1	1	1.4380	1.4137	1.6034	0.1654
203	conventional	60	15.4373	59	1	0	0.7267	0.7081	1.2542	0.5275
204	holistic	60	20.9150	58	1	1	0.6977	0.6858	0.8621	0.1644
204	conventional	60	14.1653	56	1	3	0.0121	0.0123	0.5357	0.5236
205	holistic	60	20.7013	59	0	1	0.6819	0.6819	0.8475	0.1656
205	conventional	60	14.5390	59	1	0	0.6371	0.6237	1.1525	0.5155
206	holistic	60	20.4274	58	1	1	1.0378	1.0202	1.2069	0.1691
206	conventional	60	14.2084	57	1	2	0.9658	0.9430	1.4912	0.5255
207	holistic	60	19.6829	55	2	3	1.2379	1.1991	1.4000	0.1621
207	conventional	60	13.4158	57	1	2	0.5077	0.4860	1.0351	0.5274
208	holistic	60	18.3043	56	1	3	1.1911	1.1702	1.3571	0.1660
208	conventional	60	12.8789	57	1	2	0.8523	0.8352	1.3860	0.5336
209	holistic	60	15.6286	57	1	2	0.6424	0.6349	0.8070	0.1646
209	conventional	60	13.5709	60	0	0	0.9420	0.9420	1.4667	0.5247
210	holistic	60	14.2317	56	2	2	1.1949	1.1475	1.3571	0.1622
210	conventional	60	12.2417	55	2	3	0.7165	0.6907	1.2545	0.5381
211	holistic	60	14.8533	56	4	0	0.9286	0.8716	1.0893	0.1607
211	conventional	60	11.6146	57	2	1	0.2011	0.1874	0.7368	0.5358
212	holistic	60	15.8519	59	1	0	1.2728	1.2486	1.4237	0.1510
212	conventional	60	12.1672	57	3	0	0.8568	0.8026	1.3860	0.5292
213	holistic	60	16.6921	60	0	0	1.0902	1.0902	1.2333	0.1431
213	conventional	60	11.4652	58	0	2	0.9328	0.9328	1.4828	0.5500
214	holistic	60	17.0068	59	0	1	0.7651	0.7651	0.9153	0.1502
214	conventional	60	11.7243	60	0	0	0.5091	0.5091	1.0500	0.5409
215	holistic	60	17.6100	58	2	0	0.8823	0.8532	1.0345	0.1522
215	conventional	60	11.5861	58	1	1	0.7561	0.7445	1.3103	0.5543
216	holistic	60	14.7836	56	1	3	1.0435	1.0260	1.1964	0.1529
216	conventional	60	11.3303	59	0	1	0.0694	0.0694	0.6102	0.5408
217	holistic	60	15.8386	60	0	0	1.3050	1.3050	1.4500	0.1450
217	conventional	60	11.5569	57	2	1	0.8471	0.8248	1.3684	0.5213
218	holistic	60	17.1095	60	0	0	1.5209	1.5209	1.6667	0.1458
218	conventional	60	11.5639	57	2	1	1.2517	1.2031	1.7895	0.5378
219	holistic	60	17.1945	58	1	1	1.0549	1.0370	1.2069	0.1520
219	conventional	60	11.3822	58	1	1	0.4780	0.4699	1.0172	0.5393
220	holistic	60	17.8151	59	1	0	0.8853	0.8705	1.0339	0.1486
220	conventional	60	11.1187	58	1	1	0.5518	0.5389	1.1034	0.5517
221	holistic	60	17.8870	59	0	1	1.7479	1.7479	1.8983	0.1504
221	conventional	60	10.8552	55	3	2	0.9025	0.8273	1.4545	0.5521
222	holistic	60	18.2922	60	0	0	0.6553	0.6553	0.8000	0.1447
222	conventional	60	11.7207	60	0	0	1.1155	1.1156	1.6500	0.5345
223	holistic	60	18.9652	60	0	0	0.9229	0.9229	1.0667	0.1437
223	conventional	60	11.3931	59	1	0	-0.0794	-0.0776	0.4576	0.5370
224	holistic	60	19.9812	59	1	0	1.2872	1.2661	1.4407	0.1535
224	conventional	60	11.7517	59	0	1	1.1609	1.1609	1.7119	0.5510
225	holistic	60	20.0499	59	0	1	0.8376	0.8376	0.9831	0.1454
225	conventional	60	11.8191	57	2	1	0.6694	0.6505	1.2281	0.5587
226	holistic	60	20.8375	60	0	0	1.0376	1.0376	1.1833	0.1457
226	conventional	60	12.0105	58	2	0	0.4705	0.4413	1.0345	0.5640
227	holistic	60	21.3363	60	0	0	0.7488	0.7488	0.9000	0.1512
227	conventional	60	12.2369	59	1	0	0.4808	0.4765	1.0339	0.5531
228	holistic	60	22.1072	60	0	0	1.0209	1.0209	1.1667	0.1458
228	conventional	60	11.8798	57	2	1	0.3017	0.2952	0.8596	0.5579
229	holistic	60	22.2271	59	0	1	1.2395	1.2395	1.3898	0.1503
229	conventional	60	12.2140	57	2	1	1.0694	1.0330	1.6316	0.5622
230	holistic	60	23.2450	60	0	0	1.2679	1.2679	1.4167	0.1488
230	conventional	60	12.4864	59	1	0	0.5270	0.5224	1.1017	0.5747
231	holistic	60	24.3538	59	1	0	1.3785	1.3588	1.5254	0.1469
231	conventional	60	12.7235	58	1	1	1.2107	1.1926	1.7759	0.5652
232	holistic	60	24.1017	58	1	1	1.0441	1.0293	1.1897	0.1455
232	conventional	60	12.9300	57	1	2	0.7811	0.7638	1.3509	0.5698
233	holistic	60	24.7100	59	1	0	0.8714	0.8582	1.0169	0.1456
233	conventional	60	13.4938	58	2	0	0.8468	0.8139	1.4310	0.5843
234	holistic	60	25.2502	60	0	0	0.7903	0.7903	0.9333	0.1431
234	conventional	60	13.8366	58	2	0	0.6238	0.5928	1.1724	0.5487
235	holistic	60	25.6673	60	0	0	0.6671	0.6671	0.8167	0.1496
235	conventional	60	14.0065	58	2	0	0.4393	0.4198	1.0172	0.5779
236	holistic	60	26.4459	58	2	0	1.0624	1.0286	1.2069	0.1445
236	conventional	60	13.9296	55	3	2	0.9945	0.9461	1.5636	0.5692
237	holistic	60	24.3688	56	1	3	0.9296	0.9136	1.0714	0.1419
237	conventional	60	13.4841	57	2	1	0.5805	0.5575	1.1579	0.5774
238	holistic	60	25.0806	60	0	0	0.9618	0.9618	1.1167	0.1549
238	conventional	60	13.5875	59	1	0	0.3578	0.3534	0.9322	0.5744
239	holistic	60	25.6685	59	1	0	0.8509	0.8379	1.0000	0.1491
239	conventional	60	14.1633	60	0	0	0.8258	0.8258	1.4000	0.5742
240	holistic	60	26.0370	60	0	0	0.6185	0.6185	0.7667	0.1481
240	conventional	60	14.4339	58	2	0	0.5396	0.5206	1.1207	0.5811
241	holistic	60	26.4574	60	0	0	0.6704	0.6704	0.8167	0.1463
241	conventional	60	14.6556	59	1	0	0.4818	0.4717	1.0678	0.5860
242	holistic	60	27.2004	58	0	2	1.6068	1.6068	1.7414	0.1346
242	conventional	60	15.2607	60	0	0	0.8551	0.8551	1.4500	0.5949
243	holistic	60	28.2318	59	1	0	1.3030	1.2814	1.4407	0.1377
243	conventional	60	16.0978	59	1	0	1.1063	1.0871	1.6949	0.5886
244	holistic	60	29.4485	60	0	0	1.4667	1.4667	1.6000	0.1333
244	conventional	60	16.0044	58	1	1	0.5943	0.5779	1.1897	0.5953
245	holistic	60	29.7675	58	1	1	1.1862	1.1694	1.3276	0.1414
245	conventional	60	16.7264	59	1	0	1.0012	0.9720	1.5932	0.5920
246	holistic	60	30.5771	60	0	0	1.0597	1.0597	1.2000	0.1403
246	conventional	60	16.6880	58	2	0	0.2342	0.2116	0.8103	0.5762
247	holistic	60	29.7339	58	0	2	0.9323	0.9323	1.0690	0.1366
247	conventional	60	17.0502	59	1	0	0.6352	0.6122	1.2203	0.5851
248	holistic	60	30.3162	60	0	0	0.8323	0.8323	0.9667	0.1344
248	conventional	60	17.1347	59	1	0	0.3467	0.3345	0.9322	0.5855
249	holistic	60	30.3526	58	1	1	0.8843	0.8696	1.0172	0.1329
249	conventional	60	17.0513	58	0	2	0.9057	0.9057	1.4828	0.5770
250	holistic	60	30.0914	56	1	3	1.4370	1.4104	1.5714	0.1344
250	conventional	60	17.2704	59	0	1	1.5926	1.5926	2.1695	0.5769
251	holistic	60	30.7268	59	1	0	0.9004	0.8854	1.0339	0.1335
251	conventional	60	17.0123	58	0	2	0.5686	0.5686	1.1379	0.5693
252	holistic	60	30.9147	59	0	1	1.2472	1.2472	1.3729	0.1257
252	conventional	60	16.8440	59	0	1	0.8945	0.8945	1.4576	0.5632
253	holistic	60	31.3385	58	1	1	0.8631	0.8505	1.0000	0.1369
253	conventional	60	17.3682	58	2	0	0.8017	0.7742	1.3793	0.5776
254	holistic	60	32.1989	58	1	1	1.2442	1.2231	1.3793	0.1351
254	conventional	60	18.0164	58	1	1	1.1129	1.0918	1.6897	0.5768
255	holistic	60	30.8231	58	0	2	0.7978	0.7978	0.9310	0.1332
255	conventional	60	18.2793	59	1	0	0.5203	0.5129	1.1017	0.5814
256	holistic	60	30.2255	58	0	2	1.4087	1.4087	1.5517	0.1430
256	conventional	60	18.5269	58	1	1	1.2581	1.2347	1.8448	0.5867
257	holistic	60	29.1392	58	1	1	1.0195	1.0022	1.1552	0.1357
257	conventional	60	17.9178	57	0	3	0.8682	0.8682	1.4561	0.5880
258	holistic	60	28.2483	56	1	3	0.8819	0.8689	1.0179	0.1359
258	conventional	60	18.1282	60	0	0	0.4604	0.4604	1.0667	0.6063
259	holistic	60	26.9314	58	0	2	0.6579	0.6579	0.7931	0.1353
259	conventional	60	17.0175	57	2	1	0.1784	0.1703	0.7719	0.5935
260	holistic	60	24.5778	55	1	4	1.3629	1.3384	1.4909	0.1280
260	conventional	60	17.3544	57	2	1	0.8158	0.7747	1.4035	0.5877
261	holistic	60	22.6147	56	0	4	1.4298	1.4298	1.5536	0.1237
261	conventional	60	17.7916	58	1	1	1.1185	1.1015	1.7241	0.6056
262	holistic	60	22.1616	58	1	1	1.0740	1.0558	1.1897	0.1157
262	conventional	60	17.5864	58	0	2	1.0001	1.0001	1.6034	0.6034
263	holistic	60	22.6004	60	0	0	0.6889	0.6889	0.8000	0.1112
263	conventional	60	16.9302	56	3	1	0.6328	0.6049	1.2321	0.5994
264	holistic	60	23.0736	58	1	1	1.0413	1.0236	1.1552	0.1139
264	conventional	60	16.3742	55	2	3	1.1165	1.0510	1.7273	0.6108
265	holistic	60	24.2078	57	3	0	1.4564	1.3842	1.5789	0.1225
265	conventional	60	15.9137	58	1	1	0.6150	0.6084	1.2069	0.5919
266	holistic	60	25.1016	58	1	1	1.4686	1.4475	1.5862	0.1176
266	conventional	60	16.0532	54	5	1	0.8471	0.7694	1.4444	0.5973
267	holistic	60	24.7124	58	1	1	0.7091	0.7010	0.8276	0.1184
267	conventional	60	16.3180	59	0	1	1.0337	1.0337	1.6441	0.6103
268	holistic	60	23.0240	56	1	3	1.0203	1.0026	1.1429	0.1225
268	conventional	60	16.3990	60	0	0	0.3310	0.3310	0.9333	0.6023
269	holistic	60	20.6471	57	1	2	0.5241	0.5115	0.6316	0.1075
269	conventional	60	17.1017	59	1	0	0.9773	0.9526	1.5763	0.5990
270	holistic	60	16.8496	54	2	4	0.5804	0.5597	0.7037	0.1233
270	conventional	60	15.7939	55	2	3	0.7249	0.6986	1.3091	0.5842
271	holistic	60	15.7886	58	0	2	0.7597	0.7597	0.8793	0.1196
271	conventional	60	14.9626	57	1	2	0.5411	0.5314	1.1579	0.6168
272	holistic	60	16.3957	58	2	0	0.8865	0.8571	1.0000	0.1135
272	conventional	60	14.5667	55	2	3	1.3922	1.3485	2.0000	0.6078
273	holistic	60	17.1062	59	1	0	0.9753	0.9606	1.0847	0.1094
273	conventional	60	14.0470	55	4	1	0.7091	0.6657	1.3273	0.6182
274	holistic	60	16.8851	57	2	1	0.8822	0.8542	1.0000	0.1178
274	conventional	60	14.5225	59	1	0	0.7357	0.7254	1.3559	0.6202
275	holistic	60	16.2634	58	1	1	0.7078	0.6958	0.8276	0.1198
275	conventional	60	15.1165	58	2	0	0.8734	0.8440	1.4828	0.6094
276	holistic	60	15.3132	57	1	2	1.3074	1.2881	1.4211	0.1137
276	conventional	60	16.4176	60	0	0	1.5512	1.5512	2.1667	0.6155
277	holistic	60	16.1630	60	0	0	1.0998	1.0998	1.2167	0.1169
277	conventional	60	15.5822	57	1	2	0.6965	0.6835	1.3158	0.6193
278	holistic	60	16.5442	60	0	0	0.6312	0.6312	0.7500	0.1188
278	conventional	60	14.6976	58	0	2	0.7089	0.7089	1.3276	0.6187
279	holistic	60	15.4742	57	1	2	0.7075	0.6978	0.8246	0.1171
279	conventional	60	15.3940	59	0	1	1.1734	1.1734	1.7797	0.6063
280	holistic	60	16.3218	57	3	0	1.1552	1.0976	1.2807	0.1255
280	conventional	60	15.2937	59	0	1	0.7829	0.7829	1.4068	0.6238
281	holistic	60	17.4330	59	1	0	1.3831	1.3612	1.5085	0.1254
281	conventional	60	16.5128	59	0	1	1.5291	1.5291	2.1525	0.6235
282	holistic	60	18.1548	60	0	0	0.9718	0.9718	1.1000	0.1282
282	conventional	60	17.1611	60	0	0	0.8983	0.8983	1.5167	0.6184
283	holistic	60	18.9990	59	1	0	1.1125	1.0942	1.2373	0.1248
283	conventional	60	16.8474	59	0	1	0.7030	0.7030	1.3220	0.6190
284	holistic	60	18.8210	57	2	1	1.1945	1.1507	1.3158	0.1213
284	conventional	60	16.8126	59	0	1	1.0333	1.0333	1.6610	0.6277
285	holistic	60	19.6573	58	2	0	1.1219	1.0862	1.2414	0.1195
285	conventional	60	17.8425	58	1	1	1.7588	1.7183	2.3621	0.6033
286	holistic	60	20.2818	60	0	0	0.8746	0.8746	1.0000	0.1254
286	conventional	60	17.7196	59	0	1	0.8873	0.8873	1.5085	0.6211
287	holistic	60	21.1062	59	1	0	1.0924	1.0744	1.2203	0.1279
287	conventional	60	18.3873	60	0	0	0.9178	0.9178	1.5500	0.6322
288	holistic	60	22.2681	58	2	0	1.4595	1.4119	1.5862	0.1267
288	conventional	60	18.6234	59	0	1	0.9500	0.9500	1.5763	0.6263
289	holistic	60	22.8506	59	1	0	0.8437	0.8325	0.9661	0.1224
289	conventional	60	19.3395	59	0	1	1.3244	1.3244	1.9492	0.6248
290	holistic	60	23.3430	60	0	0	0.7424	0.7424	0.8667	0.1242
290	conventional	60	19.4433	58	1	1	0.6344	0.6249	1.2414	0.6070
291	holistic	60	24.1231	58	1	1	1.4731	1.4482	1.6034	0.1303
291	conventional	60	20.5493	60	0	0	1.3560	1.3560	1.9833	0.6274
292	holistic	60	24.8968	58	2	0	1.0590	1.0237	1.1897	0.1307
292	conventional	60	20.0990	58	0	2	1.1227	1.1227	1.7414	0.6187
293	holistic	60	26.1535	60	0	0	1.5067	1.5067	1.6333	0.1266
293	conventional	60	20.8163	60	0	0	0.9674	0.9674	1.6000	0.6326
294	holistic	60	27.4408	60	0	0	1.5372	1.5372	1.6667	0.1294
294	conventional	60	21.4586	59	1	0	0.9047	0.8923	1.5254	0.6207
295	holistic	60	28.5721	60	0	0	1.3813	1.3813	1.5167	0.1354
295	conventional	60	22.2941	58	1	1	1.6495	1.6088	2.2759	0.6264
296	holistic	60	29.8362	58	1	1	1.6471	1.6195	1.7759	0.1288
296	conventional	60	20.4940	57	0	3	0.3705	0.3705	1.0000	0.6295
297	holistic	60	27.2133	57	0	3	0.6553	0.6553	0.7895	0.1342
297	conventional	60	20.1315	59	0	1	0.7290	0.7290	1.3559	0.6269
298	holistic	60	27.9564	60	0	0	0.9932	0.9932	1.1167	0.1235
298	conventional	60	21.0892	58	2	0	1.2423	1.2076	1.8793	0.6370
299	holistic	60	29.2026	60	0	0	1.4961	1.4961	1.6167	0.1206
299	conventional	60	21.8884	60	0	0	1.0493	1.0493	1.6833	0.6340
300	holistic	60	29.7138	60	0	0	0.7612	0.7612	0.8833	0.1221
300	conventional	60	22.4451	59	1	0	0.8270	0.8067	1.4407	0.6137
301	holistic	60	30.4195	56	4	0	1.0247	0.9557	1.1607	0.1361
301	conventional	60	23.3487	60	0	0	1.1536	1.1536	1.7833	0.6298
302	holistic	60	28.8217	58	0	2	0.9134	0.9134	1.0345	0.1211
302	conventional	60	24.2380	60	0	0	1.1393	1.1393	1.7667	0.6274
303	holistic	60	28.0651	59	0	1	1.0300	1.0300	1.1525	0.1225
303	conventional	60	25.1721	60	0	0	1.1841	1.1841	1.8167	0.6326
304	holistic	60	28.9463	60	0	0	1.1312	1.1312	1.2500	0.1188
304	conventional	60	24.9035	59	0	1	0.6735	0.6735	1.3051	0.6316
305	holistic	60	29.9120	57	3	0	1.2795	1.2157	1.4035	0.1240
305	conventional	60	24.6971	59	0	1	0.8207	0.8207	1.4576	0.6369
306	holistic	60	30.5774	58	2	0	0.9448	0.9154	1.0690	0.1242
306	conventional	60	23.7950	59	0	1	0.1603	0.1603	0.7966	0.6363
307	holistic	60	31.5816	60	0	0	1.2541	1.2541	1.3833	0.1292
307	conventional	60	24.1989	58	1	1	1.2066	1.1739	1.8448	0.6382
308	holistic	60	32.0199	59	1	0	0.7000	0.6884	0.8305	0.1305
308	conventional	60	23.1379	59	0	1	0.2292	0.2292	0.8644	0.6352
309	holistic	60	31.6488	59	0	1	0.8682	0.8682	1.0000	0.1318
309	conventional	60	22.4326	57	1	2	0.4827	0.4721	1.1228	0.6401
310	holistic	60	30.0897	58	0	2	0.9159	0.9159	1.0517	0.1358
310	conventional	60	22.4493	60	0	0	0.2667	0.2667	0.9000	0.6333
311	holistic	60	29.5873	59	0	1	0.7934	0.7934	0.9153	0.1219
311	conventional	60	22.7170	59	0	1	1.0123	1.0123	1.6441	0.6318
312	holistic	60	28.9936	59	0	1	1.3348	1.3348	1.4576	0.1228
312	conventional	60	22.4177	59	0	1	0.7808	0.7808	1.4237	0.6429
313	holistic	60	28.5643	58	1	1	0.8925	0.8797	1.0172	0.1247
313	conventional	60	22.9631	59	1	0	0.8060	0.7953	1.4576	0.6517
314	holistic	60	28.0641	58	0	2	1.2838	1.2838	1.4138	0.1300
314	conventional	60	22.2294	58	0	2	1.4255	1.4255	2.0345	0.6090
315	holistic	60	28.1958	59	0	1	0.8605	0.8605	0.9831	0.1226
315	conventional	60	21.5199	58	1	1	0.5906	0.5815	1.2241	0.6335
316	holistic	60	27.9402	57	1	2	1.2638	1.2420	1.3860	0.1221
316	conventional	60	21.6912	59	1	0	0.4293	0.4213	1.0678	0.6385
317	holistic	60	28.0885	59	0	1	0.7466	0.7466	0.8644	0.1178
317	conventional	60	22.0358	58	2	0	0.6189	0.5946	1.2586	0.6397
318	holistic	60	26.1935	56	2	2	0.8721	0.8427	0.9821	0.1100
318	conventional	60	22.6884	59	1	0	0.9149	0.9026	1.5424	0.6275
319	holistic	60	25.7011	58	0	2	0.9644	0.9644	1.0690	0.1046
319	conventional	60	23.2002	58	1	1	0.9718	0.9510	1.6034	0.6316
320	holistic	60	23.1918	55	1	4	0.7825	0.7686	0.8909	0.1084
320	conventional	60	21.9671	57	1	2	1.0767	1.0577	1.7018	0.6250
321	holistic	60	23.1209	56	3	1	1.2940	1.2164	1.4107	0.1167
321	conventional	60	22.6182	59	1	0	0.9161	0.9011	1.5424	0.6263
322	holistic	60	24.0045	57	3	0	1.1949	1.1336	1.3158	0.1208
322	conventional	60	21.3027	58	0	2	0.8036	0.8036	1.4310	0.6274
323	holistic	60	24.7214	59	1	0	0.9831	0.9669	1.1017	0.1186
323	conventional	60	21.9157	59	1	0	0.8903	0.8630	1.5254	0.6351
324	holistic	60	24.9719	57	2	1	1.2117	1.1707	1.3333	0.1216
324	conventional	60	21.3022	56	2	2	1.0349	0.9878	1.6607	0.6258
325	holistic	60	22.7742	57	0	3	0.9376	0.9376	1.0526	0.1150
325	conventional	60	21.3759	59	0	1	1.1174	1.1174	1.7458	0.6283
326	holistic	60	23.0624	60	0	0	0.5382	0.5382	0.6500	0.1118
326	conventional	60	19.2220	54	2	4	0.2772	0.2439	0.8889	0.6117
327	holistic	60	22.9716	57	2	1	0.8884	0.8592	1.0000	0.1116
327	conventional	60	19.6160	58	2	0	0.6921	0.6440	1.3103	0.6183
328	holistic	60	22.2752	57	2	1	0.6390	0.6182	0.7544	0.1154
328	conventional	60	20.0709	59	1	0	0.7207	0.7049	1.3390	0.6183
329	holistic	60	20.3635	56	1	3	0.8465	0.8317	0.9643	0.1177
329	conventional	60	20.8537	59	1	0	1.0547	1.0328	1.6610	0.6063
330	holistic	60	18.8854	55	1	4	1.3535	1.3318	1.4727	0.1193
330	conventional	60	20.7411	57	1	2	1.6081	1.5790	2.2281	0.6200
331	holistic	60	18.1345	59	0	1	0.9590	0.9590	1.0678	0.1088
331	conventional	60	21.1025	59	0	1	1.2471	1.2471	1.8644	0.6173
332	holistic	60	17.8866	57	2	1	0.7527	0.7287	0.8596	0.1069
332	conventional	60	18.8622	56	0	4	0.3930	0.3930	1.0179	0.6249
333	holistic	60	17.4238	57	2	1	0.6549	0.6336	0.7719	0.1170
333	conventional	60	15.9143	55	1	4	0.5591	0.5357	1.1636	0.6046
334	holistic	60	17.4258	55	4	1	0.7560	0.7026	0.8727	0.1168
334	conventional	60	16.1609	59	0	1	1.1805	1.1805	1.7797	0.5991
335	holistic	60	15.8684	57	1	2	1.0607	1.0424	1.1754	0.1148
335	conventional	60	16.6752	59	0	1	1.1078	1.1078	1.7119	0.6040
336	holistic	60	15.6828	59	0	1	1.1381	1.1381	1.2542	0.1162
336	conventional	60	17.2386	60	0	0	0.8134	0.8134	1.4167	0.6032
337	holistic	60	16.4516	59	1	0	1.0359	1.0188	1.1525	0.1167
337	conventional	60	15.0938	57	0	3	0.7103	0.7103	1.3158	0.6055
338	holistic	60	17.2309	59	1	0	1.0462	1.0293	1.1695	0.1233
338	conventional	60	13.6758	58	0	2	0.3376	0.3376	0.9483	0.6106
339	holistic	60	17.0466	56	3	1	0.6408	0.6068	0.7679	0.1271
339	conventional	60	13.0396	58	1	1	0.4287	0.4236	1.0345	0.6058
340	holistic	60	15.8440	57	1	2	0.6099	0.5998	0.7368	0.1270
340	conventional	60	13.1278	59	0	1	0.5614	0.5614	1.1695	0.6081
341	holistic	60	16.1358	60	0	0	0.5418	0.5418	0.6667	0.1249
341	conventional	60	12.7946	57	2	1	0.4625	0.4369	1.0702	0.6076
342	holistic	60	16.6867	59	1	0	0.8118	0.8009	0.9322	0.1204
342	conventional	60	13.4914	60	0	0	0.9468	0.9468	1.5500	0.6032
343	holistic	60	17.3515	59	1	0	0.9297	0.9148	1.0508	0.1212
343	conventional	60	14.6084	59	1	0	1.3961	1.3671	2.0000	0.6039
344	holistic	60	17.8461	56	4	0	0.7978	0.7447	0.9286	0.1308
344	conventional	60	14.7427	58	1	1	0.7749	0.7580	1.3793	0.6044
345	holistic	60	16.3723	57	1	2	1.0303	1.0149	1.1579	0.1276
345	conventional	60	14.7039	58	1	1	0.7941	0.7679	1.3966	0.6025
346	holistic	60	17.1261	60	0	0	1.0038	1.0038	1.1333	0.1295
346	conventional	60	15.5711	60	0	0	1.1172	1.1172	1.7167	0.5995
347	holistic	60	17.7867	59	1	0	0.9246	0.9105	1.0508	0.1263
347	conventional	60	16.2780	58	2	0	0.9966	0.9570	1.5862	0.5896
348	holistic	60	18.4387	59	1	0	0.9164	0.9020	1.0508	0.1344
348	conventional	60	16.5631	58	1	1	0.8288	0.8023	1.4310	0.6022
349	holistic	60	18.1756	57	2	1	0.8901	0.8637	1.0175	0.1274
349	conventional	60	16.1475	59	0	1	0.4872	0.4872	1.0508	0.5637
350	holistic	60	18.8479	60	0	0	0.9223	0.9223	1.0500	0.1277
350	conventional	60	15.8953	59	0	1	0.4343	0.4343	1.0339	0.5996
351	holistic	60	17.1719	58	0	2	0.8871	0.8871	1.0172	0.1301
351	conventional	60	16.7287	60	0	0	1.0834	1.0834	1.6833	0.6000
352	holistic	60	16.5145	58	0	2	0.7851	0.7851	0.9138	0.1286
352	conventional	60	16.7742	59	0	1	0.9047	0.9047	1.4915	0.5868
353	holistic	60	17.2373	59	1	0	0.9892	0.9728	1.1186	0.1294
353	conventional	60	17.4132	59	1	0	0.9168	0.8890	1.5085	0.5917
354	holistic	60	18.0864	60	0	0	1.0991	1.0991	1.2333	0.1343
354	conventional	60	18.3241	60	0	0	1.1609	1.1609	1.7500	0.5891
355	holistic	60	18.7724	59	1	0	0.9539	0.9361	1.0847	0.1309
355	conventional	60	18.5777	59	0	1	0.8415	0.8415	1.4407	0.5992
356	holistic	60	18.1313	59	0	1	0.7889	0.7889	0.9153	0.1264
356	conventional	60	18.1883	58	1	1	0.4851	0.4743	1.0517	0.5666
357	holistic	60	18.5717	60	0	0	0.6904	0.6904	0.8167	0.1263
357	conventional	60	18.1314	59	0	1	0.6383	0.6383	1.2203	0.5820
358	holistic	60	19.1782	60	0	0	0.8565	0.8565	0.9833	0.1268
358	conventional	60	18.1231	58	0	2	1.1121	1.1121	1.7069	0.5948
359	holistic	60	19.2064	60	0	0	0.2782	0.2782	0.4000	0.1218
359	conventional	60	17.7073	59	1	0	-0.1726	-0.1658	0.4237	0.5963
360	holistic	60	19.4259	59	1	0	0.4774	0.4695	0.6102	0.1327
360	conventional	60	16.7254	57	2	1	0.2024	0.1896	0.7895	0.5871
361	holistic	60	19.2675	59	0	1	0.3133	0.3133	0.4407	0.1274
361	conventional	60	16.4325	58	2	0	-0.0482	-0.0429	0.5517	0.5999
362	holistic	60	19.5349	59	0	1	0.6197	0.6197	0.7458	0.1260
362	conventional	60	16.4126	57	3	0	0.2413	0.2301	0.8246	0.5832
363	holistic	60	19.7058	60	0	0	0.4209	0.4209	0.5500	0.1291
363	conventional	60	16.4309	58	2	0	0.2763	0.2683	0.8621	0.5858
364	holistic	60	19.8459	60	0	0	0.3901	0.3901	0.5167	0.1265
364	conventional	60	15.6799	54	5	1	-0.0521	-0.0724	0.5370	0.5891
365	holistic	60	18.3257	58	0	2	0.3364	0.3364	0.4655	0.1291
365	conventional	60	15.5327	58	2	0	0.1322	0.1028	0.7241	0.5920
366	holistic	60	18.0985	58	0	2	0.3213	0.3213	0.4483	0.1269
366	conventional	60	14.5855	57	2	1	0.0140	0.0030	0.5965	0.5825
367	holistic	60	18.2373	60	0	0	0.3888	0.3888	0.5167	0.1279
367	conventional	60	13.2696	56	2	2	-0.1102	-0.1084	0.4821	0.5923
368	holistic	60	18.1262	59	0	1	0.6184	0.6184	0.7458	0.1274
368	conventional	60	13.1279	52	7	1	0.3884	0.3380	0.9615	0.5732
369	holistic	60	18.3501	59	1	0	0.4819	0.4739	0.6102	0.1282
369	conventional	60	12.4657	54	4	2	0.1537	0.1231	0.7407	0.5870
370	holistic	60	17.3915	59	0	1	0.4656	0.4656	0.5932	0.1277
370	conventional	60	12.4621	58	2	0	0.2550	0.2464	0.8448	0.5898
371	holistic	60	17.0419	58	1	1	0.2144	0.2129	0.3448	0.1304
371	conventional	60	12.7017	59	1	0	0.5039	0.4896	1.0847	0.5808
372	holistic	60	17.0935	59	1	0	0.3067	0.3016	0.4407	0.1339
372	conventional	60	12.0501	57	2	1	0.0199	0.0160	0.5965	0.5765
373	holistic	60	16.6490	58	1	1	0.4713	0.4655	0.6034	0.1322
373	conventional	60	11.8238	55	5	0	0.0548	0.0236	0.6364	0.5815
374	holistic	60	15.5320	58	1	1	0.3686	0.3664	0.5000	0.1314
374	conventional	60	10.8957	58	1	1	-0.0984	-0.0985	0.4828	0.5812
375	holistic	60	15.3972	58	1	1	0.6663	0.6587	0.7931	0.1268
375	conventional	60	10.2804	57	1	2	0.4390	0.4314	1.0351	0.5961
376	holistic	60	14.3610	57	1	2	0.3311	0.3269	0.4561	0.1250
376	conventional	60	10.1489	58	2	0	0.1329	0.1186	0.7069	0.5740
377	holistic	60	14.5406	59	1	0	0.4361	0.4295	0.5593	0.1232
377	conventional	60	10.2691	59	1	0	0.3727	0.3702	0.9492	0.5764
378	holistic	60	13.8627	57	1	2	0.7842	0.7711	0.9123	0.1281
378	conventional	60	10.5113	56	4	0	0.5378	0.4922	1.1250	0.5872
379	holistic	60	13.9993	56	3	1	0.4579	0.4343	0.5893	0.1314
379	conventional	60	10.3239	56	3	1	0.3510	0.3317	0.9286	0.5775
380	holistic	60	13.2056	57	1	2	0.3797	0.3735	0.5088	0.1291
380	conventional	60	9.3126	55	3	2	-0.1589	-0.1465	0.4182	0.5771
381	holistic	60	12.8858	56	0	4	0.9477	0.9477	1.0714	0.1237
381	conventional	60	8.7317	55	4	1	0.1715	0.1468	0.7636	0.5921
382	holistic	60	12.5157	58	0	2	0.8278	0.8278	0.9483	0.1205
382	conventional	60	8.8312	58	2	0	0.3779	0.3495	0.9655	0.5877
383	holistic	60	12.6396	60	0	0	0.3739	0.3739	0.5000	0.1261
383	conventional	60	8.6808	55	5	0	0.1200	0.0996	0.6909	0.5709
384	holistic	60	12.0757	57	2	1	0.2991	0.2868	0.4211	0.1220
384	conventional	60	7.7596	52	6	2	-0.1797	-0.1942	0.4038	0.5836
385	holistic	60	11.8293	57	2	1	0.4253	0.4127	0.5439	0.1186
385	conventional	60	7.3466	56	4	0	-0.1651	-0.1630	0.4107	0.5758
386	holistic	60	12.2451	59	1	0	0.6771	0.6658	0.7966	0.1195
386	conventional	60	6.3974	50	7	3	0.0672	0.0585	0.6400	0.5728
387	holistic	60	11.3764	55	3	2	0.4818	0.4587	0.6000	0.1182
387	conventional	60	5.9506	50	8	2	0.2201	0.1485	0.7800	0.5599
388	holistic	60	10.7459	56	2	2	0.5690	0.5497	0.6964	0.1274
388	conventional	60	5.8652	52	7	1	0.2309	0.1910	0.8077	0.5768
389	holistic	60	10.9742	59	0	1	0.5447	0.5447	0.6780	0.1332
389	conventional	60	5.3760	53	6	1	0.1376	0.0967	0.7170	0.5794
390	holistic	60	9.5805	57	1	2	0.1773	0.1753	0.3158	0.1385
390	conventional	60	4.8307	49	8	3	0.6914	0.5813	1.2857	0.5943
391	holistic	60	9.6756	58	2	0	0.3565	0.3451	0.4828	0.1263
391	conventional	60	4.5707	54	5	1	0.0517	0.0483	0.6481	0.5965
392	holistic	60	9.0970	57	2	1	0.5116	0.4930	0.6491	0.1375
392	conventional	60	3.3205	45	13	2	-0.1387	-0.0881	0.4444	0.5832
393	holistic	60	8.8853	55	3	2	0.3251	0.3116	0.4545	0.1294
393	conventional	60	3.0648	49	7	4	0.3790	0.3325	0.9592	0.5802
394	holistic	60	7.1395	55	2	3	0.5199	0.5042	0.6364	0.1165
394	conventional	60	2.8266	55	5	0	0.0139	0.0119	0.5818	0.5679
395	holistic	60	7.2665	58	1	1	0.5683	0.5590	0.6897	0.1213
395	conventional	60	2.2974	50	9	1	0.0990	0.0813	0.6800	0.5810
396	holistic	60	7.0119	56	3	1	0.3414	0.3261	0.4643	0.1229
396	conventional	51	2.1427	43	17	0	-0.2625	-0.2261	0.3256	0.5881
397	holistic	60	7.2130	57	3	0	0.4705	0.4511	0.5965	0.1260
397	conventional	46	1.9965	41	9	1	0.1671	0.1415	0.7561	0.5890
398	holistic	60	7.0222	56	3	1	0.5382	0.5153	0.6607	0.1225
398	conventional	43	2.0884	37	9	0	0.2745	0.2057	0.8649	0.5904
399	holistic	60	6.7275	58	1	1	0.1850	0.1845	0.3103	0.1253
399	conventional	36	1.2506	33	8	2	-0.2143	-0.1860	0.3636	0.5780
400	holistic	60	6.8920	57	3	0	0.4383	0.4146	0.5614	0.1231
400	conventional	30	1.4440	26	10	0	0.3499	0.2027	0.9231	0.5732
401	holistic	60	7.0309	57	3	0	0.4056	0.3889	0.5263	0.1207
401	conventional	26	1.4997	24	5	1	0.2549	0.1935	0.7917	0.5368
402	holistic	60	6.9435	57	2	1	0.3045	0.2961	0.4386	0.1341
402	conventional	22	1.6821	20	6	0	0.2444	0.1736	0.8000	0.5556
403	holistic	60	7.1271	59	1	0	0.4392	0.4335	0.5593	0.1201
403	conventional	23	1.4261	21	1	0	0.0559	0.0589	0.6190	0.5632
404	holistic	60	7.0300	54	5	1	0.6763	0.6272	0.8148	0.1385
404	conventional	24	1.7114	19	4	0	0.7646	0.6098	1.3158	0.5512
405	holistic	60	6.9161	57	1	2	0.4904	0.4809	0.6140	0.1236
405	conventional	26	1.7024	21	2	1	0.4958	0.4570	1.0476	0.5518
406	holistic	60	6.9562	59	1	0	0.2950	0.2901	0.4237	0.1287
406	conventional	23	1.3641	21	5	0	-0.2476	-0.2457	0.2857	0.5334
407	holistic	60	7.1249	57	2	1	0.6126	0.5884	0.7368	0.1243
407	conventional	22	1.7737	17	5	1	0.9549	0.7314	1.4706	0.5157
408	holistic	60	6.6599	53	6	1	0.5328	0.4846	0.6604	0.1276
408	conventional	20	1.2715	16	5	1	-0.3382	-0.3358	0.1875	0.5257
409	holistic	60	5.9584	55	3	2	0.2012	0.1914	0.3273	0.1261
409	conventional	16	1.3558	15	5	0	0.1159	0.0631	0.6000	0.4841
410	holistic	60	6.2214	58	2	0	0.5237	0.5130	0.6379	0.1143
410	conventional	16	1.3155	14	2	0	0.2774	0.2097	0.7857	0.5083
411	holistic	60	5.9112	55	3	2	0.5550	0.5284	0.6727	0.1178
411	conventional	14	1.8121	13	3	0	0.7106	0.5201	1.2308	0.5202
412	holistic	60	5.8768	56	2	2	0.5417	0.5232	0.6607	0.1190
412	conventional	16	1.4658	13	1	0	0.1266	0.1132	0.6154	0.4888
413	holistic	60	6.2352	56	4	0	0.6476	0.6084	0.7679	0.1203
413	conventional	16	1.2638	14	2	0	0.0264	0.0481	0.5714	0.5450
414	holistic	60	6.5533	58	2	0	0.5884	0.5681	0.7069	0.1185
414	conventional	14	1.2677	13	3	0	0.1274	0.0953	0.6923	0.5649
415	holistic	60	6.9933	56	4	0	0.7375	0.6900	0.8571	0.1197
415	conventional	11	1.3833	11	3	0	0.0701	0.0692	0.6364	0.5663
416	holistic	60	7.1885	57	3	0	0.4714	0.4452	0.5965	0.1250
416	conventional	10	1.5490	9	2	0	0.3237	0.2748	0.8889	0.5652
417	holistic	60	7.3350	57	3	0	0.4196	0.3965	0.5439	0.1243
417	conventional	9	1.2550	9	1	0	-0.1349	-0.1695	0.4444	0.5793
418	holistic	60	7.6531	59	1	0	0.5755	0.5681	0.6949	0.1194
418	conventional	8	1.2951	7	2	0	0.2375	0.1462	0.7143	0.4768
419	holistic	60	8.1785	58	2	0	0.8041	0.7754	0.9310	0.1270
419	conventional	7	1.7472	7	1	0	0.5827	0.4837	1.1429	0.5601
420	holistic	60	8.0798	57	2	1	0.5731	0.5527	0.7018	0.1286
420	conventional	8	1.4461	7	0	0	0.1554	0.1554	0.7143	0.5589
421	holistic	60	8.0126	59	0	1	0.4699	0.4699	0.5932	0.1233
421	conventional	8	1.0269	7	1	0	-0.1485	-0.1692	0.4286	0.5770
422	holistic	60	8.4874	59	1	0	0.7371	0.7248	0.8644	0.1273
422	conventional	8	0.9393	8	0	0	0.1624	0.1624	0.7500	0.5876
423	holistic	60	8.6338	59	1	0	0.3991	0.3965	0.5254	0.1263
423	conventional	9	1.0789	8	0	0	0.5245	0.5245	1.1250	0.6005
424	holistic	60	9.1302	58	2	0	0.7719	0.7463	0.8966	0.1247
424	conventional	12	1.6176	8	1	0	1.5216	1.3278	2.1250	0.6033
425	holistic	60	9.2238	58	1	1	0.5075	0.5002	0.6379	0.1304
425	conventional	11	1.3755	10	2	0	-0.1040	-0.1067	0.5000	0.6040
426	holistic	60	9.1190	58	1	1	0.3135	0.3082	0.4483	0.1348
426	conventional	11	1.4959	8	3	0	0.5325	0.3704	1.1250	0.5925
427	holistic	60	9.4752	60	0	0	0.6061	0.6061	0.7333	0.1272
427	conventional	9	0.9890	9	2	0	-0.5222	-0.4367	0.1111	0.6333
428	holistic	60	10.2481	60	0	0	1.0230	1.0230	1.1500	0.1270
428	conventional	8	1.6758	7	2	0	0.9547	0.7506	1.5714	0.6168
429	holistic	60	10.4614	59	1	0	0.4681	0.4632	0.5932	0.1252
429	conventional	9	1.4337	7	1	0	0.2496	0.1871	0.8571	0.6076
430	holistic	60	10.9147	60	0	0	0.7034	0.7034	0.8333	0.1300
430	conventional	9	1.2788	8	1	0	0.1232	0.0951	0.7500	0.6268
431	holistic	60	11.4854	58	2	0	0.8461	0.8206	0.9828	0.1366
431	conventional	9	1.2841	9	0	0	0.2553	0.2553	0.8889	0.6336
432	holistic	60	11.9612	60	0	0	0.7258	0.7258	0.8500	0.1242
432	conventional	8	1.9948	7	2	0	0.9426	0.7390	1.5714	0.6288
433	holistic	60	12.7797	58	1	1	1.2858	1.2640	1.4138	0.1280
433	conventional	9	2.0875	7	1	0	0.7971	0.6037	1.4286	0.6315
434	holistic	60	13.0724	60	0	0	0.5427	0.5427	0.6667	0.1240
434	conventional	11	1.8327	7	2	0	0.6588	0.4025	1.2857	0.6270
435	holistic	60	13.0338	58	1	1	0.6604	0.6492	0.7931	0.1327
435	conventional	11	1.3497	10	1	0	-0.1813	-0.2330	0.5000	0.6813
436	holistic	60	13.3057	59	0	1	0.6999	0.6999	0.8305	0.1306
436	conventional	12	1.4355	10	1	0	0.5724	0.4664	1.2000	0.6276
437	holistic	60	12.8916	59	0	1	0.4279	0.4279	0.5593	0.1315
437	conventional	12	1.2203	10	2	0	0.0340	0.0348	0.7000	0.6660
438	holistic	60	12.8803	59	0	1	0.6497	0.6497	0.7797	0.1300
438	conventional	12	1.4298	10	2	0	0.5348	0.4594	1.2000	0.6652
439	holistic	60	12.8666	58	0	2	0.6774	0.6774	0.8103	0.1329
439	conventional	11	1.3747	10	2	0	0.0592	0.0803	0.7000	0.6408
440	holistic	60	13.0411	59	0	1	0.7212	0.7212	0.8475	0.1263
440	conventional	12	1.8202	9	2	0	1.0071	0.8610	1.6667	0.6596
441	holistic	60	12.3890	58	0	2	0.6263	0.6263	0.7586	0.1324
441	conventional	13	1.4490	11	1	0	0.0210	-0.0004	0.6364	0.6154
442	holistic	60	12.5934	59	1	0	0.4621	0.4545	0.5932	0.1311
442	conventional	13	1.5383	12	1	0	0.3771	0.3393	1.0000	0.6229
443	holistic	60	13.1380	58	2	0	0.8190	0.7946	0.9483	0.1293
443	conventional	12	1.4569	12	1	0	0.0514	0.0565	0.6667	0.6153
444	holistic	60	13.2467	60	0	0	0.3586	0.3586	0.4833	0.1247
444	conventional	12	1.2588	11	1	0	0.0973	0.0520	0.7273	0.6299
445	holistic	60	13.3554	59	0	1	0.6271	0.6271	0.7458	0.1187
445	conventional	11	1.0444	10	2	0	-0.0155	-0.0514	0.5000	0.5155
446	holistic	60	13.6831	59	1	0	0.5872	0.5777	0.7119	0.1247
446	conventional	7	1.1540	7	4	0	0.0902	-0.0602	0.7143	0.6241
447	holistic	60	12.8655	56	1	3	0.6831	0.6711	0.8036	0.1205
447	conventional	5	1.5785	5	2	0	0.4056	0.2234	1.0000	0.5944
448	holistic	60	12.6936	58	1	1	0.4508	0.4425	0.5690	0.1182
448	conventional	4	1.6099	4	1	0	-0.0676	-0.0407	0.5000	0.5676
449	holistic	60	12.8068	58	1	1	0.4896	0.4818	0.6034	0.1139
449	conventional	5	1.8236	4	0	0	0.9197	0.9197	1.5000	0.5803
450	holistic	60	13.6408	59	1	0	1.1023	1.0840	1.2203	0.1180
450	conventional	5	1.9370	4	1	0	0.4064	0.3634	1.0000	0.5935
451	holistic	60	13.6871	59	0	1	0.7859	0.7859	0.8983	0.1124
451	conventional	6	1.6031	5	0	0	0.2367	0.2367	0.8000	0.5633
452	holistic	60	13.9135	59	0	1	0.6718	0.6718	0.7797	0.1078
452	conventional	5	1.8547	4	2	0	0.4850	0.1924	1.0000	0.5150
453	holistic	60	12.8995	56	2	2	0.4200	0.4090	0.5357	0.1157
453	conventional	6	1.2302	5	0	0	-0.1284	-0.1284	0.4000	0.5284
454	holistic	60	12.8162	58	1	1	0.4206	0.4134	0.5345	0.1139
454	conventional	5	1.1921	4	2	0	0.0501	0.0133	0.5000	0.4499
455	holistic	60	12.9994	59	0	1	0.5328	0.5328	0.6441	0.1113
455	conventional	6	1.0454	5	0	0	0.3123	0.3123	0.8000	0.4877
456	holistic	60	13.0980	59	0	1	0.7211	0.7211	0.8305	0.1095
456	conventional	6	1.1470	6	0	0	0.3516	0.3516	0.8333	0.4817
457	holistic	60	13.6608	58	2	0	0.8381	0.8128	0.9483	0.1102
457	conventional	5	0.8480	5	1	0	-0.2712	-0.1903	0.2000	0.4711
458	holistic	60	13.1422	57	0	3	0.7278	0.7278	0.8421	0.1143
458	conventional	3	0.7212	3	2	0	-0.1751	-0.1653	0.3333	0.5085
459	holistic	60	12.6624	58	1	1	0.4771	0.4717	0.5862	0.1091
459	conventional	1	1.5570	1	2	0	0.5533	0.0478	1.0000	0.4467
460	holistic	60	13.0341	60	0	0	0.6217	0.6217	0.7333	0.1116
460	conventional	1	1.8768	1	0	0	0.5699	0.5699	1.0000	0.4301
461	holistic	60	12.1903	58	0	2	0.4995	0.4995	0.6034	0.1039
461	conventional	1	1.2192	1	0	0	-0.4076	-0.4076	0.0000	0.4076
462	holistic	60	11.8233	55	3	2	0.7397	0.7021	0.8545	0.1148
462	conventional	1	1.5398	1	0	0	0.5706	0.5706	1.0000	0.4294
463	holistic	60	12.3770	60	0	0	0.8036	0.8036	0.9167	0.1131
463	conventional	1	0.8562	1	0	0	-0.4336	-0.4336	0.0000	0.4336
464	holistic	60	12.0336	58	1	1	0.5898	0.5810	0.7069	0.1171
464	conventional	1	1.1633	1	0	0	0.5572	0.5572	1.0000	0.4428
465	holistic	60	12.3352	60	0	0	0.5516	0.5516	0.6667	0.1151
465	conventional	1	0.4524	1	0	0	-0.4610	-0.4610	0.0000	0.4610
466	holistic	60	12.5160	59	1	0	0.4381	0.4308	0.5593	0.1213
466	conventional	1	1.8186	1	0	0	1.6162	1.6162	2.0000	0.3838
467	holistic	60	13.0220	60	0	0	0.7560	0.7560	0.8667	0.1107
467	conventional	1	1.1028	1	0	0	-0.4657	-0.4657	0.0000	0.4657
468	holistic	60	11.5817	54	1	5	0.6820	0.6696	0.7963	0.1143
468	conventional	1	0.4221	1	0	0	-0.4307	-0.4307	0.0000	0.4307
469	holistic	60	12.0681	60	0	0	0.7364	0.7364	0.8500	0.1136
469	conventional	2	1.8532	1	0	0	3.5343	3.5343	4.0000	0.4657
470	holistic	60	12.3235	57	3	0	0.5341	0.5055	0.6491	0.1151
470	conventional	2	1.5489	2	0	0	-0.0544	-0.0544	0.5000	0.5543
471	holistic	60	12.6747	59	0	1	0.8983	0.8983	1.0169	0.1187
471	conventional	1	2.3443	1	1	0	-0.4046	-0.1268	0.0000	0.4046
472	holistic	60	12.9606	58	1	1	1.0396	1.0238	1.1552	0.1156
472	conventional	1	1.7677	1	0	0	-0.3265	-0.3265	0.0000	0.3265
473	holistic	60	12.2064	58	0	2	0.4170	0.4170	0.5345	0.1175
473	conventional	1	1.1372	1	0	0	-0.3805	-0.3805	0.0000	0.3805
474	holistic	60	12.1349	58	1	1	0.6381	0.6274	0.7586	0.1206
474	conventional	1	0.4361	1	0	0	-0.4511	-0.4511	0.0000	0.4511
475	holistic	60	11.9042	58	0	2	0.6729	0.6729	0.7931	0.1202
475	conventional	0	-	0	1	0	-	-0.1860	-	-
476	holistic	60	12.5181	60	0	0	0.8639	0.8639	0.9833	0.1194
476	conventional	0	-	0	0	0	-	-	-	-
477	holistic	60	11.8054	57	0	3	0.6698	0.6698	0.7895	0.1197
477	conventional	0	-	0	0	0	-	-	-	-
478	holistic	60	12.0828	58	1	1	1.0894	1.0709	1.2069	0.1175
478	conventional	0	-	0	0	0	-	-	-	-
479	holistic	60	11.4899	59	0	1	0.3608	0.3608	0.4746	0.1138
479	conventional	0	-	0	0	0	-	-	-	-
480	holistic	60	12.0276	59	1	0	0.7991	0.7877	0.9153	0.1161
480	conventional	0	-	0	0	0	-	-	-	-
481	holistic	60	11.5745	58	1	1	0.5558	0.5467	0.6724	0.1166
481	conventional	0	-	0	0	0	-	-	-	-
482	holistic	60	11.9958	58	2	0	0.6944	0.6713	0.8103	0.1159
482	conventional	0	-	0	0	0	-	-	-	-
483	holistic	60	11.4367	59	0	1	0.3246	0.3246	0.4407	0.1161
483	conventional	0	-	0	0	0	-	-	-	-
484	holistic	60	10.7179	57	1	2	0.4853	0.4781	0.5965	0.1112
484	conventional	0	-	0	0	0	-	-	-	-
485	holistic	60	11.1579	58	2	0	0.7136	0.6901	0.8276	0.1140
485	conventional	0	-	0	0	0	-	-	-	-
486	holistic	60	10.4174	58	0	2	0.5934	0.5934	0.7069	0.1135
486	conventional	0	-	0	0	0	-	-	-	-
487	holistic	60	10.7784	59	1	0	0.6230	0.6110	0.7288	0.1059
487	conventional	0	-	0	0	0	-	-	-	-
488	holistic	60	11.1220	59	1	0	0.6024	0.5936	0.7119	0.1095
488	conventional	0	-	0	0	0	-	-	-	-
489	holistic	60	11.4838	60	0	0	0.6119	0.6119	0.7167	0.1048
489	conventional	0	-	0	0	0	-	-	-	-
490	holistic	60	11.6760	59	1	0	0.4495	0.4422	0.5593	0.1098
490	conventional	0	-	0	0	0	-	-	-	-
491	holistic	60	11.8116	58	1	1	0.4757	0.4695	0.5862	0.1105
491	conventional	0	-	0	0	0	-	-	-	-
492	holistic	60	12.0396	58	2	0	0.4911	0.4780	0.6034	0.1124
492	conventional	0	-	0	0	0	-	-	-	-
493	holistic	60	11.7522	58	0	2	0.7175	0.7175	0.8276	0.1101
493	conventional	0	-	0	0	0	-	-	-	-
494	holistic	60	12.1199	59	1	0	0.6282	0.6178	0.7458	0.1175
494	conventional	0	-	0	0	0	-	-	-	-
495	holistic	60	11.7382	57	1	2	0.4809	0.4743	0.5965	0.1156
495	conventional	0	-	0	0	0	-	-	-	-
496	holistic	60	12.1327	59	0	1	0.7210	0.7210	0.8305	0.1095
496	conventional	0	-	0	0	0	-	-	-	-
497	holistic	60	12.2134	58	1	1	0.7692	0.7562	0.8793	0.1101
497	conventional	0	-	0	0	0	-	-	-	-
498	holistic	60	12.2689	59	1	0	0.3106	0.3055	0.4237	0.1131
498	conventional	0	-	0	0	0	-	-	-	-
499	holistic	60	12.1287	56	2	2	0.4533	0.4376	0.5714	0.1182
499	conventional	0	-	0	0	0	-	-	-	-
500	holistic	60	12.6850	59	1	0	0.8199	0.8063	0.9322	0.1123
500	conventional	0	-	0	0	0	-	-	-	-
501	holistic	60	12.8863	59	1	0	0.4586	0.4513	0.5763	0.1177
501	conventional	0	-	0	0	0	-	-	-	-
502	holistic	60	13.4224	59	1	0	0.7983	0.7861	0.9153	0.1170
502	conventional	0	-	0	0	0	-	-	-	-
503	holistic	60	12.8779	58	1	1	0.6238	0.6132	0.7414	0.1176
503	conventional	0	-	0	0	0	-	-	-	-
504	holistic	60	13.1752	59	1	0	0.5566	0.5473	0.6780	0.1214
504	conventional	0	-	0	0	0	-	-	-	-
505	holistic	60	13.6060	60	0	0	0.6808	0.6808	0.8000	0.1192
505	conventional	0	-	0	0	0	-	-	-	-
506	holistic	60	13.9380	59	1	0	0.5916	0.5819	0.7119	0.1202
506	conventional	0	-	0	0	0	-	-	-	-
507	holistic	60	12.2494	56	0	4	0.3940	0.3940	0.5179	0.1238
507	conventional	0	-	0	0	0	-	-	-	-
508	holistic	60	12.0278	58	1	1	0.4957	0.4873	0.6207	0.1250
508	conventional	0	-	0	0	0	-	-	-	-
509	holistic	60	11.6818	59	0	1	0.4879	0.4879	0.6102	0.1223
509	conventional	0	-	0	0	0	-	-	-	-
510	holistic	60	12.1448	59	1	0	0.7243	0.7130	0.8475	0.1232
510	conventional	0	-	0	0	0	-	-	-	-
511	holistic	60	12.3804	57	3	0	0.5107	0.4856	0.6316	0.1209
511	conventional	0	-	0	0	0	-	-	-	-
512	holistic	60	12.1131	58	1	1	0.5246	0.5157	0.6552	0.1306
512	conventional	0	-	0	0	0	-	-	-	-
513	holistic	60	12.1085	57	1	2	0.8880	0.8727	1.0175	0.1296
513	conventional	0	-	0	0	0	-	-	-	-
514	holistic	60	11.8730	57	2	1	0.6331	0.6161	0.7544	0.1213
514	conventional	0	-	0	0	0	-	-	-	-
515	holistic	60	12.3514	59	0	1	0.7809	0.7809	0.8983	0.1174
515	conventional	0	-	0	0	0	-	-	-	-
516	holistic	60	12.4747	59	0	1	0.8824	0.8824	1.0000	0.1176
516	conventional	0	-	0	0	0	-	-	-	-
517	holistic	60	12.3581	56	2	2	0.7364	0.7108	0.8571	0.1207
517	conventional	0	-	0	0	0	-	-	-	-
518	holistic	60	12.4231	59	0	1	0.9156	0.9156	1.0339	0.1183
518	conventional	0	-	0	0	0	-	-	-	-
519	holistic	60	11.8811	58	1	1	0.3051	0.3004	0.4310	0.1259
519	conventional	0	-	0	0	0	-	-	-	-
520	holistic	60	12.2743	60	0	0	0.6433	0.6433	0.7667	0.1234
520	conventional	0	-	0	0	0	-	-	-	-
521	holistic	60	12.2077	57	1	2	1.1421	1.1201	1.2632	0.1211
521	conventional	0	-	0	0	0	-	-	-	-
522	holistic	60	12.1714	58	0	2	0.8185	0.8185	0.9310	0.1125
522	conventional	0	-	0	0	0	-	-	-	-
523	holistic	60	12.3362	60	0	0	0.4148	0.4148	0.5333	0.1186
523	conventional	0	-	0	0	0	-	-	-	-
524	holistic	60	12.2914	59	0	1	0.7480	0.7480	0.8644	0.1164
524	conventional	0	-	0	0	0	-	-	-	-
525	holistic	60	12.4766	59	1	0	0.4426	0.4353	0.5593	0.1167
525	conventional	0	-	0	0	0	-	-	-	-
526	holistic	60	13.0619	60	0	0	0.8352	0.8352	0.9500	0.1148
526	conventional	0	-	0	0	0	-	-	-	-
527	holistic	60	13.5973	60	0	0	0.7854	0.7854	0.9000	0.1146
527	conventional	0	-	0	0	0	-	-	-	-
528	holistic	60	11.7992	53	1	6	0.4861	0.4771	0.6038	0.1177
528	conventional	0	-	0	0	0	-	-	-	-
529	holistic	60	12.2816	60	0	0	0.7325	0.7325	0.8500	0.1175
529	conventional	0	-	0	0	0	-	-	-	-
530	holistic	60	12.0721	58	0	2	0.4883	0.4883	0.6034	0.1152
530	conventional	0	-	0	0	0	-	-	-	-
531	holistic	60	12.0524	57	2	1	0.6255	0.6069	0.7368	0.1114
531	conventional	0	-	0	0	0	-	-	-	-
532	holistic	60	11.8510	56	2	2	0.6137	0.5929	0.7321	0.1184
532	conventional	0	-	0	0	0	-	-	-	-
533	holistic	60	11.3935	58	0	2	0.6135	0.6135	0.7241	0.1107
533	conventional	0	-	0	0	0	-	-	-	-
534	holistic	60	11.1501	59	0	1	0.8089	0.8089	0.9153	0.1064
534	conventional	0	-	0	0	0	-	-	-	-
535	holistic	60	9.9344	55	3	2	0.3503	0.3320	0.4545	0.1043
535	conventional	0	-	0	0	0	-	-	-	-
536	holistic	60	10.3782	59	1	0	0.7055	0.6938	0.8136	0.1080
536	conventional	0	-	0	0	0	-	-	-	-
537	holistic	60	10.2259	57	2	1	0.6955	0.6736	0.8070	0.1115
537	conventional	0	-	0	0	0	-	-	-	-
538	holistic	60	10.5969	59	1	0	0.6314	0.6210	0.7458	0.1143
538	conventional	0	-	0	0	0	-	-	-	-
539	holistic	60	10.7520	59	0	1	0.9008	0.9008	1.0169	0.1162
539	conventional	0	-	0	0	0	-	-	-	-
540	holistic	60	11.2203	60	0	0	0.7182	0.7182	0.8333	0.1151
540	conventional	0	-	0	0	0	-	-	-	-
541	holistic	60	11.5585	58	2	0	0.6082	0.5882	0.7241	0.1160
541	conventional	0	-	0	0	0	-	-	-	-
542	holistic	60	11.4142	59	0	1	0.6617	0.6617	0.7797	0.1180
542	conventional	0	-	0	0	0	-	-	-	-
543	holistic	60	10.9548	58	1	1	0.4704	0.4656	0.5862	0.1158
543	conventional	0	-	0	0	0	-	-	-	-
544	holistic	60	10.5007	58	0	2	0.4185	0.4185	0.5345	0.1160
544	conventional	0	-	0	0	0	-	-	-	-
545	holistic	60	10.2090	58	1	1	0.3470	0.3414	0.4655	0.1185
545	conventional	0	-	0	0	0	-	-	-	-
546	holistic	60	10.2136	59	0	1	0.5450	0.5450	0.6610	0.1160
546	conventional	0	-	0	0	0	-	-	-	-
547	holistic	60	10.6370	59	1	0	0.6860	0.6733	0.7966	0.1106
547	conventional	0	-	0	0	0	-	-	-	-
548	holistic	60	11.0066	60	0	0	0.6196	0.6196	0.7333	0.1137
548	conventional	0	-	0	0	0	-	-	-	-
549	holistic	60	11.4795	59	1	0	0.7349	0.7228	0.8475	0.1126
549	conventional	0	-	0	0	0	-	-	-	-
550	holistic	60	11.6322	59	1	0	0.4096	0.4028	0.5254	0.1158
550	conventional	0	-	0	0	0	-	-	-	-
551	holistic	60	11.3221	56	2	2	0.7404	0.7190	0.8571	0.1168
551	conventional	0	-	0	0	0	-	-	-	-
552	holistic	60	11.7614	58	2	0	0.7107	0.6892	0.8276	0.1169
552	conventional	0	-	0	0	0	-	-	-	-
553	holistic	60	12.4458	60	0	0	0.9344	0.9344	1.0500	0.1156
553	conventional	0	-	0	0	0	-	-	-	-
554	holistic	60	12.8531	59	1	0	0.6667	0.6573	0.7797	0.1130
554	conventional	0	-	0	0	0	-	-	-	-
555	holistic	60	12.8554	59	0	1	0.6477	0.6477	0.7627	0.1150
555	conventional	0	-	0	0	0	-	-	-	-
556	holistic	60	13.4786	60	0	0	0.8732	0.8732	0.9833	0.1102
556	conventional	0	-	0	0	0	-	-	-	-
557	holistic	60	13.4671	59	0	1	0.7353	0.7353	0.8475	0.1121
557	conventional	0	-	0	0	0	-	-	-	-
558	holistic	60	13.5035	58	1	1	0.7167	0.7048	0.8276	0.1109
558	conventional	0	-	0	0	0	-	-	-	-
559	holistic	60	13.0374	57	0	3	0.6239	0.6239	0.7368	0.1129
559	conventional	0	-	0	0	0	-	-	-	-
560	holistic	60	13.2404	60	0	0	0.4529	0.4529	0.5667	0.1137
560	conventional	0	-	0	0	0	-	-	-	-
561	holistic	60	13.1140	58	1	1	0.7142	0.7057	0.8276	0.1134
561	conventional	0	-	0	0	0	-	-	-	-
562	holistic	60	13.0820	59	1	0	0.2216	0.2180	0.3390	0.1174
562	conventional	0	-	0	0	0	-	-	-	-
563	holistic	60	12.8195	58	0	2	0.6270	0.6270	0.7414	0.1143
563	conventional	0	-	0	0	0	-	-	-	-
564	holistic	60	13.0443	59	1	0	0.4805	0.4748	0.5932	0.1127
564	conventional	0	-	0	0	0	-	-	-	-
565	holistic	60	13.0859	59	1	0	0.2956	0.2917	0.4068	0.1112
565	conventional	0	-	0	0	0	-	-	-	-
566	holistic	60	13.1255	60	0	0	0.2896	0.2896	0.4000	0.1104
566	conventional	0	-	0	0	0	-	-	-	-
567	holistic	60	13.6471	59	1	0	0.7846	0.7716	0.8983	0.1137
567	conventional	0	-	0	0	0	-	-	-	-
568	holistic	60	13.5251	58	1	1	0.5408	0.5316	0.6552	0.1144
568	conventional	0	-	0	0	0	-	-	-	-
569	holistic	60	13.2377	59	0	1	0.5999	0.5999	0.7119	0.1120
569	conventional	0	-	0	0	0	-	-	-	-
570	holistic	60	13.1215	59	0	1	0.5814	0.5814	0.6949	0.1135
570	conventional	0	-	0	0	0	-	-	-	-
571	holistic	60	12.9454	56	2	2	0.5680	0.5490	0.6786	0.1105
571	conventional	0	-	0	0	0	-	-	-	-
572	holistic	60	12.1901	57	1	2	0.5203	0.5117	0.6316	0.1112
572	conventional	0	-	0	0	0	-	-	-	-
573	holistic	60	11.7047	56	2	2	0.3915	0.3787	0.5000	0.1085
573	conventional	0	-	0	0	0	-	-	-	-
574	holistic	60	11.5780	57	1	2	0.6248	0.6141	0.7368	0.1121
574	conventional	0	-	0	0	0	-	-	-	-
575	holistic	60	12.1013	58	2	0	0.7972	0.7733	0.9138	0.1166
575	conventional	0	-	0	0	0	-	-	-	-
576	holistic	60	12.2164	57	2	1	0.8239	0.7961	0.9474	0.1235
576	conventional	0	-	0	0	0	-	-	-	-
577	holistic	60	11.3771	55	1	4	0.8102	0.7962	0.9273	0.1171
577	conventional	0	-	0	0	0	-	-	-	-
578	holistic	60	11.2214	58	1	1	0.5200	0.5114	0.6379	0.1179
578	conventional	0	-	0	0	0	-	-	-	-
579	holistic	60	11.1863	59	0	1	0.5635	0.5635	0.6780	0.1145
579	conventional	0	-	0	0	0	-	-	-	-
580	holistic	60	11.3736	58	2	0	0.4523	0.4373	0.5690	0.1167
580	conventional	0	-	0	0	0	-	-	-	-
581	holistic	60	11.3097	57	2	1	0.6508	0.6289	0.7719	0.1211
581	conventional	0	-	0	0	0	-	-	-	-
582	holistic	60	11.0766	57	1	2	0.5449	0.5355	0.6667	0.1217
582	conventional	0	-	0	0	0	-	-	-	-
583	holistic	60	11.3677	60	0	0	0.5412	0.5412	0.6667	0.1255
583	conventional	0	-	0	0	0	-	-	-	-
584	holistic	60	11.9818	58	2	0	0.8958	0.8641	1.0172	0.1215
584	conventional	0	-	0	0	0	-	-	-	-
585	holistic	60	11.6105	59	0	1	0.6080	0.6080	0.7288	0.1208
585	conventional	0	-	0	0	0	-	-	-	-
586	holistic	60	12.1465	59	1	0	0.7959	0.7860	0.9153	0.1193
586	conventional	0	-	0	0	0	-	-	-	-
587	holistic	60	12.4963	59	1	0	0.6105	0.5998	0.7288	0.1184
587	conventional	0	-	0	0	0	-	-	-	-
588	holistic	60	12.1322	56	2	2	0.7714	0.7463	0.8929	0.1214
588	conventional	0	-	0	0	0	-	-	-	-
589	holistic	60	12.3957	60	0	0	0.5135	0.5135	0.6333	0.1198
589	conventional	0	-	0	0	0	-	-	-	-
590	holistic	60	11.8461	58	0	2	0.4168	0.4168	0.5345	0.1176
590	conventional	0	-	0	0	0	-	-	-	-
591	holistic	60	12.1206	58	1	1	0.9175	0.9022	1.0345	0.1170
591	conventional	0	-	0	0	0	-	-	-	-
592	holistic	60	10.7376	54	3	3	0.6906	0.6527	0.8148	0.1242
592	conventional	0	-	0	0	0	-	-	-	-
593	holistic	60	10.5992	58	1	1	0.6815	0.6716	0.8103	0.1289
593	conventional	0	-	0	0	0	-	-	-	-
594	holistic	60	11.1719	60	0	0	0.8226	0.8226	0.9500	0.1274
594	conventional	0	-	0	0	0	-	-	-	-
595	holistic	60	10.2617	55	1	4	0.3450	0.3417	0.4727	0.1277
595	conventional	0	-	0	0	0	-	-	-	-
596	holistic	60	10.2775	58	1	1	0.7199	0.7077	0.8448	0.1249
596	conventional	0	-	0	0	0	-	-	-	-
597	holistic	60	10.6519	58	1	1	0.8622	0.8504	0.9828	0.1205
597	conventional	0	-	0	0	0	-	-	-	-
598	holistic	60	10.5308	58	1	1	0.7265	0.7154	0.8448	0.1183
598	conventional	0	-	0	0	0	-	-	-	-
599	holistic	60	10.2723	56	3	1	0.4469	0.4237	0.5714	0.1245
599	conventional	0	-	0	0	0	-	-	-	-
