season	population	alive	births	deaths	mean_lifetime_score	best_lifetime_score
0	holistic	60	3	3	0.10906514269865085	3.698794267333398
0	conventional	60	0	0	0.044737091966246346	2.5660661797402233
1	holistic	60	0	0	0.17052382307910469	4.762103095036325
1	conventional	60	1	1	0.10751516258827162	2.691724586522486
2	holistic	60	0	0	0.148475164534482	2.9333263760315185
2	conventional	60	5	5	0.06996197701831801	1.8510847979717433
3	holistic	60	1	1	0.13032804290809766	2.683302635219239
3	conventional	60	12	12	0.14129643990710186	1.601426186810688
4	holistic	60	2	2	0.1212766074863913	2.533026153262343
4	conventional	60	6	6	0.28399138869654517	1.6327512215903717
5	holistic	60	1	1	0.11329920838420969	2.599863929208578
5	conventional	60	6	6	0.4380517092665909	2.5957357841151483
6	holistic	60	0	0	0.09681296032827803	2.2188439593229106
6	conventional	60	7	7	0.38792957480843515	1.4876370806044337
7	holistic	60	3	3	0.09229033293166412	1.9325259255249234
7	conventional	60	6	6	0.4699300924564292	3.474628551635743
8	holistic	60	4	4	0.09993061638946932	2.0438829333749835
8	conventional	60	6	6	0.4806465069584081	2.4633450048537178
9	holistic	59	4	5	0.15340502683059193	1.9376451509319608
9	conventional	60	7	7	0.4846979448814468	2.52654168905354
10	holistic	60	4	3	0.17110296370684916	2.1142774200046786
10	conventional	60	9	9	0.48101705505336173	2.5602438363753306
11	holistic	33	7	34	0.5229245941736128	3.074637836219709
11	conventional	60	3	3	0.6309368619269696	4.241876425052334
12	holistic	42	10	1	0.5160563524387615	2.4253062128177136
12	conventional	60	3	3	0.6559627027808902	2.745655210566487
13	holistic	50	11	3	0.4560971767398859	2.5911939592049467
13	conventional	60	5	5	0.545433639454051	1.8895735202582102
14	holistic	60	11	1	0.4881621886075052	3.2662061206195427
14	conventional	60	4	4	0.5785673887617749	2.0903527027824866
15	holistic	60	9	9	0.5048784305261876	2.7212553428520656
15	conventional	60	4	4	0.6424274130483217	3.54113206010266
16	holistic	60	9	9	0.5519259655372777	2.7602068583424493
16	conventional	60	2	2	0.6110495209466419	1.813183112194285
17	holistic	60	7	7	0.7996041994188318	4.699550356172389
17	conventional	60	2	2	0.544666037210002	1.858676027320152
18	holistic	60	5	5	0.861655009817067	3.319256974538062
18	conventional	60	3	3	0.5617868254977583	1.7249207722854987
19	holistic	60	2	2	0.8471931613861144	2.816030170440653
19	conventional	60	3	3	0.5726523230069145	1.6645690320544813
20	holistic	60	2	2	0.9335491062102584	2.2672484596433287
20	conventional	60	3	3	0.6078076802024963	2.661776130549532
21	holistic	60	6	6	0.9999199139466657	2.4819114170892442
21	conventional	60	3	3	0.5604097114951968	1.6885040610891728
22	holistic	60	2	2	1.0229171592921589	2.653869041591692
22	conventional	60	4	4	0.5828019236120301	1.993144289049499
23	holistic	60	1	1	1.0641062611000087	2.535775461895446
23	conventional	60	3	3	0.6481602797955422	1.9111723367930233
24	holistic	60	0	0	1.0367322435831359	2.5705388283336226
24	conventional	60	4	4	0.57013582822551	1.5615344961349145
25	holistic	60	3	3	1.020930802496884	2.598244379667518
25	conventional	60	2	2	0.5534551471726743	1.5452076437633713
26	holistic	60	2	2	1.0482162298627196	2.5209330233246074
26	conventional	60	3	3	0.6043685455071617	1.506465732501387
27	holistic	60	1	1	1.0997608577440043	4.688007389410732
27	conventional	60	3	3	0.5802741665046285	1.4069904957686128
28	holistic	60	0	0	1.0666317674276022	2.6856607052954176
28	conventional	60	0	0	0.626980088451531	1.7693292488531303
29	holistic	60	2	2	1.061941199757654	2.3573138550054655
29	conventional	60	4	4	0.637644192273082	1.8647156523535469
30	holistic	60	1	1	1.0454761617032178	2.3725614733574365
30	conventional	60	2	2	0.6732310439183191	1.704052302192267
31	holistic	60	2	2	1.0454404599475073	2.340400430279259
31	conventional	60	4	4	0.6532201377662318	1.776860996322664
32	holistic	60	1	1	1.0750816447435017	2.3552821063991236
32	conventional	60	1	1	0.6944759046499765	1.75197144884321
33	holistic	60	1	1	1.1212984309810152	2.910068926515159
33	conventional	60	5	5	0.6606811314043292	1.7293340688194074
34	holistic	60	1	1	1.112675700367948	2.9144595697965685
34	conventional	60	0	0	0.6030811391204157	1.6673543965118531
35	holistic	60	0	0	1.125548591390915	2.9126809231081503
35	conventional	60	3	3	0.6466735742615003	1.609997261591366
36	holistic	60	1	1	1.1004421277956569	2.41362645113541
36	conventional	60	7	7	0.6121874017687534	1.5186485851170004
37	holistic	60	1	1	1.0804313249709838	2.2401404934842044
37	conventional	60	2	2	0.5731386160254879	1.4346392518870827
38	holistic	60	1	1	1.1289558616262099	2.7351184586588335
38	conventional	60	6	6	0.6189918043735639	1.5299033972768465
39	holistic	60	2	2	1.1160045750449512	2.2203250158892853
39	conventional	60	0	0	0.685358223424328	2.5146990763003063
40	holistic	60	0	0	1.1627985680340778	2.7822312981499695
40	conventional	60	0	0	0.6794179549882085	1.8345083822068498
41	holistic	60	0	0	1.1644136446158635	2.78816421466
41	conventional	60	2	2	0.6542200906001236	1.4412734033799344
42	holistic	60	1	1	1.1126115456408716	2.116011185833395
42	conventional	60	1	1	0.6738779819488343	1.4661441331403102
43	holistic	60	0	0	1.1141115413136988	2.1167755933094883
43	conventional	60	1	1	0.6493411006834514	1.4594535229046
44	holistic	60	0	0	1.1281877201994832	2.10592922256386
44	conventional	60	0	0	0.6713035922232001	1.4531016634571687
45	holistic	60	0	0	1.146133064294953	2.162344854098033
45	conventional	60	1	1	0.6551117635108972	1.4462623151362284
46	holistic	60	0	0	1.129731560125336	2.1424840526592375
46	conventional	60	0	0	0.6460963977189981	1.4125680128467955
47	holistic	60	0	0	1.1210842393030356	2.101040452893572
47	conventional	60	1	1	0.6591073005036464	1.9049496523010885
48	holistic	60	0	0	1.1165132046179322	2.121204408945818
48	conventional	60	1	1	0.676010163492048	2.860719181952267
49	holistic	60	0	0	1.117797014471681	2.0823782809853157
49	conventional	60	1	1	0.6199179847806484	1.3607972406003006
50	holistic	60	0	0	1.1256987470341786	2.045954416085945
50	conventional	60	1	1	0.6497068306388406	1.5133934371276814
51	holistic	60	0	0	1.1301426618318213	2.0924030063373245
51	conventional	60	0	0	0.6370132144698338	1.342516057563027
52	holistic	60	0	0	1.1345009660988619	2.109856315028565
52	conventional	60	0	0	0.6414707753883054	1.3177196686184116
53	holistic	60	0	0	1.1514232256753194	2.101033466566669
53	conventional	60	0	0	0.6588006276029078	1.3855661245536117
54	holistic	60	1	1	1.1398585561899146	2.0427445021820576
54	conventional	60	0	0	0.6568982499543371	1.3996639357506635
55	holistic	60	0	0	1.144279929460305	2.0361618087932696
55	conventional	60	0	0	0.6498252626182504	1.3989786127022563
56	holistic	60	1	1	1.1394101403554988	2.029711500484763
56	conventional	60	2	2	0.6426959204087738	1.288179423348246
57	holistic	60	0	0	1.133169224574474	2.000230796053803
57	conventional	60	0	0	0.6611093637199783	1.2871829288007381
58	holistic	60	1	1	1.1308385330108246	2.040332666410052
58	conventional	60	1	1	0.6879061011148856	1.6211127197647124
59	holistic	60	0	0	1.1191737182720436	2.012251340555163
59	conventional	60	1	1	0.6636747383423766	1.5785945697771275
60	holistic	60	3	3	1.0940772278729018	1.9852416201268088
60	conventional	60	1	1	0.6857728691334827	1.648368722798343
61	holistic	60	0	0	1.1609886253573136	2.7849601818538674
61	conventional	60	0	0	0.7004512811549759	1.6523806074123053
62	holistic	60	0	0	1.1259519358154502	1.9344075657411042
62	conventional	60	1	1	0.660634580993317	1.5266869707460322
63	holistic	60	0	0	1.11042159335344	1.8902080505208148
63	conventional	60	1	1	0.7021046041934658	3.4712688620139884
64	holistic	60	2	2	1.0997828083133259	1.9477562578346521
64	conventional	60	4	4	0.658709255983775	2.9693057557652636
65	holistic	60	0	0	1.1089902193488763	1.94430363873388
65	conventional	60	5	5	0.6788964163327642	3.805972913824229
66	holistic	60	0	0	1.1300954686119133	1.9216225665524969
66	conventional	60	4	4	0.665722741692148	3.246605759970582
67	holistic	60	0	0	1.1325916083351186	1.9378135608016203
67	conventional	60	6	6	0.6346650498012621	2.2590896751338208
68	holistic	60	3	3	1.0993440583646257	1.9250219152209764
68	conventional	60	3	3	0.6194018850876297	2.624167421107989
69	holistic	60	3	3	1.0786988815784109	2.281959438373433
69	conventional	60	3	3	0.7222619884514312	2.869822744610419
70	holistic	60	3	3	1.0042907847571898	2.0169919964461616
70	conventional	60	3	3	0.732658569979974	3.2466176946281315
71	holistic	60	3	3	0.9881483795454578	1.8727516389245753
71	conventional	60	4	4	0.752800849127731	4.50105074653744
72	holistic	60	4	4	1.0121850985121286	2.6965513435188675
72	conventional	60	2	2	0.7556533936092271	2.4863702574755715
73	holistic	60	4	4	0.9803098372760917	2.2413258506166795
73	conventional	60	3	3	0.7541608818258364	2.3530288003415136
74	holistic	60	6	6	1.0487299822018321	3.78179033707942
74	conventional	60	4	4	0.6804832927494622	2.2069621722074335
75	holistic	60	8	8	0.9562150816068917	3.8172547204025458
75	conventional	60	4	4	0.6448507007702525	1.9180101278630404
76	holistic	60	8	8	0.8187081791590552	2.307074693536932
76	conventional	60	1	1	0.6828685149038191	1.8856709214814973
77	holistic	60	3	3	0.8235935841892768	2.3263000018315587
77	conventional	60	4	4	0.6918369328482605	1.8572728360533273
78	holistic	60	4	4	0.8411472158068241	2.661521749369628
78	conventional	60	3	3	0.685445735134724	1.9346248382454172
79	holistic	60	5	5	0.8471823823152278	2.6621546078240246
79	conventional	60	3	3	0.7000599691253048	2.1773745861447775
80	holistic	60	2	2	0.8557070402448537	2.4838434622261207
80	conventional	60	2	2	0.6404607495927837	1.6809276556608461
81	holistic	60	6	6	0.8215435648400512	2.305529312906943
81	conventional	60	5	5	0.6578369461829631	1.88062486922196
82	holistic	60	2	2	0.9175872880737548	2.3424897064440664
82	conventional	60	3	3	0.6348846422037638	1.7587353224536144
83	holistic	60	4	4	0.9047652240066206	2.1224678523616665
83	conventional	60	4	4	0.6453821582127416	1.8875254820854823
84	holistic	60	2	2	0.9235560790764494	2.062340450277652
84	conventional	60	6	6	0.6019722415501398	1.9263884768556157
85	holistic	60	2	2	0.987498135466517	2.2060984797857333
85	conventional	60	1	1	0.7589179253275284	3.2936542046151045
86	holistic	60	3	3	1.0122281942488038	3.104312204945014
86	conventional	60	2	2	0.8065785854033377	2.555198681283926
87	holistic	60	2	2	1.0453052969213867	3.0214667994715665
87	conventional	60	1	1	0.8366880069958881	2.304869252852066
88	holistic	60	1	1	1.1228925976755995	2.8852478274442315
88	conventional	60	1	1	0.8449753911250154	1.8108375138177466
89	holistic	60	2	2	1.093208072096452	3.3834061827084163
89	conventional	60	3	3	0.8379708833542868	2.0375058741286183
90	holistic	60	1	1	1.1253254260774268	4.893524448930007
90	conventional	60	3	3	0.7632586608178146	1.5531555761154623
91	holistic	60	2	2	1.1022965699577902	4.225535615450389
91	conventional	60	4	4	0.7491272756215426	1.5766347391003965
92	holistic	60	1	1	1.1088000060376284	3.3915457213911093
92	conventional	60	0	0	0.7661820864304115	1.9655132831108237
93	holistic	60	1	1	1.1633939888782379	3.0916036958673976
93	conventional	60	4	4	0.7781010365736221	2.227925362893337
94	holistic	60	0	0	1.1649298985558623	3.0410706403361
94	conventional	60	2	2	0.7731274776383845	1.9957760856912734
95	holistic	60	1	1	1.1324944882937575	2.3221068170750443
95	conventional	60	3	3	0.7287755855993266	1.8144104724965253
96	holistic	60	0	0	1.1410927122604018	2.1998030960816792
96	conventional	60	3	3	0.7443611296613919	2.34841840703199
97	holistic	60	1	1	1.0819861325254811	2.1750256215292683
97	conventional	60	4	4	0.7382985025526629	2.491490127952728
98	holistic	60	0	0	1.0954947916564453	2.16885737326866
98	conventional	60	2	2	0.8640307155135044	4.4096355962798
99	holistic	60	3	3	1.0119938153892793	2.2106950385824358
99	conventional	60	2	2	0.7455885520991914	2.9111226251649525
100	holistic	60	0	0	1.0408168313355552	2.171181910509407
100	conventional	60	2	2	0.7581311337984767	2.0752401866745966
101	holistic	60	0	0	1.064336951678307	2.1448345100892796
101	conventional	60	1	1	0.8371702709970157	4.374583992884521
102	holistic	60	1	1	1.0391243656021592	2.063637987160405
102	conventional	60	1	1	0.821819147523468	2.4189983546650327
103	holistic	60	1	1	1.0482502837346452	1.9876244295736358
103	conventional	60	2	2	0.8266262327388758	2.418434854797631
104	holistic	60	0	0	1.0709753005191816	1.9493849164255974
104	conventional	60	1	1	0.9718688505959331	5.442784466076635
105	holistic	60	1	1	1.073736924185241	1.9733640732394304
105	conventional	60	1	1	0.867546875864614	2.9288312322451704
106	holistic	60	1	1	1.1085532793704076	1.9623593592028206
106	conventional	60	1	1	0.8449593417789281	2.0983656349217106
107	holistic	60	0	0	1.0816603349346692	2.004966924501832
107	conventional	60	1	1	0.8521112067401214	2.668555919867246
108	holistic	60	0	0	1.1016668768837132	2.03351703267765
108	conventional	60	0	0	0.828342163473094	2.2227492782832203
109	holistic	60	0	0	1.101842699553665	1.9844537954752737
109	conventional	60	1	1	0.8502773906731512	1.9268490985252757
110	holistic	60	0	0	1.1000387683910058	1.9387251105403924
110	conventional	60	2	2	0.8409233185080094	1.9872631470473794
111	holistic	60	0	0	1.1032133872206427	1.9325567592881736
111	conventional	60	0	0	0.8471117130508096	2.039346869116537
112	holistic	60	0	0	1.1230944642986074	1.9603429319717143
112	conventional	60	0	0	0.8726475910795704	1.9093968091527813
113	holistic	60	0	0	1.1079255360293874	2.0535910885904847
113	conventional	60	1	1	0.8347927740274632	1.6578001525487043
114	holistic	60	0	0	1.1044232449296427	1.983077543270381
114	conventional	60	1	1	0.7981555220602112	1.5246265038655675
115	holistic	60	0	0	1.1135999571397677	1.9736856976048125
115	conventional	60	0	0	0.8398324870315954	1.517627544317535
116	holistic	60	0	0	1.114695582204683	1.9539641976307611
116	conventional	60	1	1	0.8611878028068821	2.4912133903693383
117	holistic	60	0	0	1.1251623316946293	1.9393904205997312
117	conventional	60	0	0	0.8459316238072028	2.8309060849423155
118	holistic	60	0	0	1.1295618396593088	1.976559826247806
118	conventional	60	0	0	0.8183764105356612	2.0057201169244543
119	holistic	60	0	0	1.121521938704151	1.8785116806655622
119	conventional	60	2	2	0.8330805788787389	2.117668209139295
120	holistic	60	2	2	1.0890383672242758	1.8592160008106957
120	conventional	60	1	1	0.8384918200531646	2.182802761150587
121	holistic	60	0	0	1.0746269338806518	1.7921659423271368
121	conventional	60	1	1	0.7937881058043421	2.0851394346668726
122	holistic	60	0	0	1.0870509492418596	1.805192337211653
122	conventional	60	2	2	0.7878367568182412	1.8897252783098382
123	holistic	60	0	0	1.1175945983153075	1.8456914548003058
123	conventional	60	2	2	0.7999311295414706	1.6117452339290965
124	holistic	60	1	1	1.1400551576447675	2.0151996001650576
124	conventional	60	2	2	0.8755130113607142	2.396013811104835
125	holistic	60	0	0	1.1615362815410888	2.064636699333702
125	conventional	60	3	3	0.8134590464132494	1.6828447321516562
126	holistic	60	0	0	1.192873200553873	2.7765642014401064
126	conventional	60	1	1	0.78061969177229	1.8684022570047578
127	holistic	60	1	1	1.1683024060039082	2.155001610304913
127	conventional	60	6	6	0.7566982684148541	1.5799866300290175
128	holistic	60	1	1	1.1559580592713545	2.1967260175557497
128	conventional	60	3	3	0.7487341686998599	3.513950459384635
129	holistic	60	2	2	1.1137641375102356	2.2115529313489444
129	conventional	60	2	2	0.814581982721608	2.4923141462077845
130	holistic	60	2	2	1.0632067435250236	2.2751624286863787
130	conventional	60	1	1	0.8194832009597868	2.4423676054911097
131	holistic	60	2	2	1.0299120772597994	2.2149845648502358
131	conventional	60	2	2	0.7480900796277008	1.78805097393058
132	holistic	60	4	4	0.9946812497804169	2.204906719063166
132	conventional	60	0	0	0.7689642737932775	1.9380339804546542
133	holistic	60	5	5	1.007647641530961	2.7645676333120157
133	conventional	60	4	4	0.714205587546031	1.512288308119129
134	holistic	60	5	5	0.9556131335042374	2.7257034024638003
134	conventional	60	1	1	0.8065164570666546	3.5134065776194907
135	holistic	60	4	4	0.8460124533816703	2.4324408239557958
135	conventional	60	3	3	0.723022177321923	2.0216630302943432
136	holistic	60	12	12	0.8072173626770862	2.6738910927101847
136	conventional	60	2	2	0.7038280587065394	1.5470492045994995
137	holistic	60	3	3	0.9401751117475785	2.9566499591771866
137	conventional	60	2	2	0.7603212723885856	3.256389058889133
138	holistic	60	4	4	0.9785075615652381	2.0924961390298398
138	conventional	60	0	0	0.7657279234895932	1.7548927982051672
139	holistic	60	1	1	0.9765484337591306	2.294759117717032
139	conventional	60	2	2	0.84809127201377	2.4482612578939498
140	holistic	60	2	2	0.9262260074467593	2.1000041525337885
140	conventional	60	2	2	0.8381211394295089	2.203194711526807
141	holistic	60	7	7	0.9075283181153041	2.7291069411182773
141	conventional	60	1	1	0.7639677156043381	2.057190448972121
142	holistic	60	2	2	0.8350450665083436	2.031592502690271
142	conventional	60	3	3	0.7347106061389983	1.787005702421412
143	holistic	60	6	6	0.7975408127934492	1.9901376476869235
143	conventional	60	3	3	0.7166628041639922	2.1733052555421857
144	holistic	60	1	1	0.9245113652872011	3.906260819900086
144	conventional	60	8	8	0.6718431007550472	2.5804949562852575
145	holistic	60	3	3	0.9256232402170174	2.036475148550548
145	conventional	60	3	3	0.7555735665292318	2.360328029110127
146	holistic	60	2	2	0.9355187052796391	2.199560447321259
146	conventional	60	2	2	0.7812405076128786	3.2122258343779198
147	holistic	60	5	5	0.9674682343820104	2.8491069263455606
147	conventional	60	4	4	0.7276349678238603	2.2049264471346737
148	holistic	60	1	1	1.0191516816750898	2.9215133851261945
148	conventional	60	1	1	0.7927150036780835	3.3009603155817433
149	holistic	60	2	2	0.9532562757982712	2.895617060019438
149	conventional	60	0	0	0.8004969569599937	2.2950088680337233
150	holistic	60	3	3	0.9715035766170979	3.408893155752759
150	conventional	60	2	2	0.8552858681727656	2.0008321638122597
151	holistic	60	2	2	1.0040950404635571	2.7565074060746997
151	conventional	60	0	0	0.929803573728515	2.355114789433824
152	holistic	60	2	2	0.9448672569969236	2.4128810818360367
152	conventional	60	0	0	0.8703422798394657	2.0561453685530333
153	holistic	60	1	1	0.9706385634581702	2.655914646072634
153	conventional	60	1	1	0.7908728914537619	1.823156415180505
154	holistic	60	1	1	0.9617143058564314	2.743538560642274
154	conventional	60	1	1	0.7603313316940602	1.8641375494173975
155	holistic	60	2	2	0.9769956967397894	2.775266207035162
155	conventional	60	4	4	0.7522435660393827	1.6970916545374894
156	holistic	60	1	1	1.009487847705683	3.73422273858597
156	conventional	60	2	2	0.7249718005653275	1.5523891821183968
157	holistic	60	2	2	0.9710881845599103	2.736280671641152
157	conventional	60	5	5	0.727742396959439	1.5483207434711477
158	holistic	60	0	0	1.0318879702731965	3.063720648275511
158	conventional	60	1	1	0.810398028570296	3.437483565915597
159	holistic	60	2	2	0.9701226686322875	2.485121865656056
159	conventional	60	2	2	0.7915007371936533	1.9623940139729912
160	holistic	60	1	1	0.9644106453634458	2.5366504086600075
160	conventional	60	3	3	0.7785314104954407	1.6544937747792567
161	holistic	60	0	0	0.9891456049123286	2.4051999955026346
161	conventional	60	0	0	0.735214605014406	1.6334419635677042
162	holistic	60	0	0	1.0297748107911007	2.167500217285353
162	conventional	60	2	2	0.7634057878503355	1.404518751264124
163	holistic	60	1	1	0.9978425518423166	1.9897598494092459
163	conventional	60	2	2	0.7924743580276127	3.536798706770747
164	holistic	60	0	0	1.0369122183624868	2.984714742249231
164	conventional	60	1	1	0.8516732156481478	5.475895441855881
165	holistic	60	1	1	0.9881951544479716	2.0769020886338456
165	conventional	60	2	2	0.7593855059317071	2.483382910554997
166	holistic	60	1	1	0.9911728672104965	2.1942557709986494
166	conventional	60	1	1	0.7308796444151188	1.917175159004378
167	holistic	60	1	1	0.9852302691756456	2.3671180964168945
167	conventional	60	3	3	0.7164514821947506	1.6638777880391906
168	holistic	60	0	0	0.9770757935611082	2.4086633018148293
168	conventional	60	1	1	0.8313887618481719	4.570826718753935
169	holistic	60	0	0	0.9879128226202767	2.4418937088072488
169	conventional	60	1	1	0.891543744495252	3.5827575758421517
170	holistic	60	0	0	0.9848081423840119	2.287175744483885
170	conventional	60	1	1	0.8812943206499552	3.588969935603681
171	holistic	60	1	1	0.9591375579750268	2.076145942132644
171	conventional	60	1	1	0.8094029904268948	2.587093203459246
172	holistic	60	0	0	0.9631605805565193	1.9753558009559677
172	conventional	60	0	0	0.7919531721303379	2.163391017488771
173	holistic	60	0	0	0.9790997196355167	1.9576694969879527
173	conventional	60	1	1	0.7985133102705102	2.2363190306969014
174	holistic	60	0	0	0.9948716978750057	2.076585638375351
174	conventional	60	2	2	0.8134314408354402	2.42556585872882
175	holistic	60	2	2	0.9984974919333144	2.0559094014686288
175	conventional	60	1	1	0.8160558015507097	2.1826565261615762
176	holistic	60	0	0	0.9894366491229423	2.000883385458194
176	conventional	60	1	1	0.8531832358795852	2.5013262694060225
177	holistic	60	0	0	1.014309098094126	1.9906193178456348
177	conventional	60	0	0	0.8158181430295948	1.8714445809480535
178	holistic	60	0	0	1.0393550593569512	2.09089545060799
178	conventional	60	0	0	0.8392476100616352	2.083404640855246
179	holistic	60	0	0	1.0367574628337026	2.1126623380596468
179	conventional	60	1	1	0.8100340966950856	2.1894674739024573
180	holistic	60	2	2	1.0048446311333514	2.1648079816119106
180	conventional	60	0	0	0.7966449779511227	1.9942227016834766
181	holistic	60	0	0	1.0030852076629595	2.1482348412182697
181	conventional	60	2	2	0.7741973639725622	1.8916532472654652
182	holistic	60	0	0	1.012435486775934	2.0878117091680397
182	conventional	60	1	1	0.7834146712954373	2.112934119106674
183	holistic	60	0	0	1.0465368191714983	2.039975405578684
183	conventional	60	1	1	0.7905385843920674	2.1937108362583664
184	holistic	60	1	1	1.0027027078939041	1.974573419558341
184	conventional	60	1	1	0.7902126869364129	1.873072547140457
185	holistic	60	0	0	1.0118285100818027	1.9122746564997597
185	conventional	60	1	1	0.7964180519467791	1.7969479746890034
186	holistic	60	0	0	1.0124501831454515	2.0969931215546302
186	conventional	60	1	1	0.7987840919129805	2.3803721155375683
187	holistic	60	1	1	0.9979139327903037	2.0613775693809364
187	conventional	60	5	5	0.7272260088333528	2.385357164103381
188	holistic	60	1	1	1.007013366975765	2.0019992796457493
188	conventional	60	3	3	0.8532649006852899	5.184387306588366
189	holistic	60	1	1	1.002351930138863	2.070431987969326
189	conventional	60	1	1	0.8443621157812049	4.191930894297416
190	holistic	60	1	1	1.00770078502726	2.062331546430764
190	conventional	60	0	0	0.8526048874025896	3.1866610588317488
191	holistic	60	2	2	1.0090937453243594	2.1024807435626904
191	conventional	60	0	0	0.8202877818734536	2.1855105626182905
192	holistic	60	1	1	0.954457747075568	2.0705564984211193
192	conventional	60	2	2	0.7846033383500951	1.5884368554951842
193	holistic	60	1	1	0.9524054566196827	2.017380999907448
193	conventional	60	5	5	0.7895258135941039	2.4001119150156653
194	holistic	60	2	2	0.9392437648332276	2.011214822802792
194	conventional	60	1	1	0.9172364322670378	3.396430706487915
195	holistic	60	3	3	0.9580946637662052	2.847097432086237
195	conventional	60	3	3	0.7909030425021982	2.407270214017525
196	holistic	60	8	8	0.8842290750790825	2.841957976259307
196	conventional	60	3	3	0.7943893695827067	1.7379507118263824
197	holistic	60	3	3	0.9181526676669177	4.794300677921867
197	conventional	60	3	3	0.7596057724392334	2.1618361686532346
198	holistic	60	5	5	0.8649818790625339	3.286909336978187
198	conventional	60	4	4	0.76277862619783	2.0053562268775464
199	holistic	60	2	2	0.9922687272774213	6.743957593418418
199	conventional	60	2	2	0.7824727384942413	2.4166535419594632
200	holistic	60	3	3	0.9058584749618817	4.7423769532176845
200	conventional	60	1	1	0.8001521901542887	2.1370088916845713
201	holistic	60	9	9	0.8405712407741409	3.412710649084023
201	conventional	60	1	1	0.7857809038395371	1.6375244174281012
202	holistic	60	2	2	0.9824273666937692	4.792940703870159
202	conventional	60	1	1	0.7605536810575527	1.4564693764443595
203	holistic	60	7	7	0.9089478198110917	4.276383949680738
203	conventional	60	2	2	0.7540986883615856	2.2972347981314662
204	holistic	60	2	2	1.0306692735767091	3.7983310883756336
204	conventional	60	4	4	0.7273918702860013	3.469200520468035
205	holistic	60	5	5	1.079747586362078	3.316298561799105
205	conventional	60	4	4	0.7672488575448456	5.208103592814785
206	holistic	60	2	2	1.061769398675097	2.9955966165210004
206	conventional	60	4	4	0.7251131506502814	2.7129857015312977
207	holistic	60	4	4	1.107441339387486	4.251971204546859
207	conventional	60	5	5	0.6770045500073348	1.956305270530038
208	holistic	60	1	1	1.0738404847642609	2.751590103002157
208	conventional	60	3	3	0.7465289698658034	2.821276885522785
209	holistic	60	2	2	1.0579039846602316	2.470883238283902
209	conventional	60	5	5	0.8158130630562409	3.4493842417384553
210	holistic	60	2	2	1.0164208362407918	3.8096774191669263
210	conventional	60	5	5	0.8402178212095935	4.499663581452774
211	holistic	60	1	1	1.085331575709465	2.815472313561421
211	conventional	60	1	1	1.0013646678343398	5.411646303676483
212	holistic	60	1	1	1.10105203596787	4.730451184186223
212	conventional	60	2	2	0.8657817440548284	2.38508636271275
213	holistic	60	1	1	1.080593859229048	4.247232057446581
213	conventional	60	0	0	0.8772241234937982	1.9815184946054005
214	holistic	60	1	1	1.0515098627379558	3.057416484517412
214	conventional	60	0	0	0.8112298923228604	2.0775293248488174
215	holistic	60	1	1	1.005374059774119	2.6053988447412224
215	conventional	60	2	2	0.7812289237598846	1.647920656311224
216	holistic	60	3	3	1.0253697476940073	3.7626024360528723
216	conventional	60	1	1	0.8028425858240256	2.4672861809538515
217	holistic	60	2	2	1.0265375389939746	3.2692368125742206
217	conventional	60	5	5	0.7721359445124653	2.74344809466123
218	holistic	60	1	1	1.0300350074520481	2.4431708189955326
218	conventional	60	0	0	0.8230052792556736	4.443842358895108
219	holistic	60	1	1	0.9760876050338984	2.4103273442420154
219	conventional	60	5	5	0.7504322477982173	2.445215878243186
220	holistic	60	2	2	0.974403616174472	2.3795819869614188
220	conventional	60	2	2	0.7318692790881386	2.110505775610918
221	holistic	60	1	1	0.9574665483431909	2.442966138963672
221	conventional	60	3	3	0.7322898756467721	1.878712349901466
222	holistic	60	2	2	0.9447011094469971	2.2013879970794576
222	conventional	60	3	3	0.6651024104512008	1.6449034585266342
223	holistic	60	1	1	1.0234432245953342	4.857871082900968
223	conventional	60	4	4	0.747579812744393	2.278291529501019
224	holistic	60	1	1	0.9874348920719271	2.358434923384752
224	conventional	60	3	3	0.8069225519455713	3.240599521077919
225	holistic	60	0	0	0.9787930341348564	2.5363535363741647
225	conventional	60	2	2	0.8222552527216812	2.243434423390639
226	holistic	60	2	2	0.9418575513505744	2.5530264737280093
226	conventional	60	2	2	0.821465715586699	3.2556738898637745
227	holistic	60	1	1	1.012460386102062	2.7261988401027555
227	conventional	60	1	1	0.9101645235143573	4.3478934288155475
228	holistic	60	0	0	0.9990300448845842	2.580842604609927
228	conventional	60	1	1	0.8611147175893692	2.3515823370590256
229	holistic	60	0	0	0.992084435162201	2.539886571838726
229	conventional	60	1	1	0.8013927102608037	2.579883740033899
230	holistic	60	1	1	0.992149158018126	2.5029162624746997
230	conventional	60	0	0	0.8159077129575433	2.244611631357679
231	holistic	60	1	1	0.9891843538764458	2.4698356238850843
231	conventional	60	1	1	0.7846550959233531	1.8696013379435534
232	holistic	60	1	1	0.9856911916108344	2.394162209612976
232	conventional	60	0	0	0.7923118702173504	1.7994163091585615
233	holistic	60	0	0	1.0074763333777317	2.455751634536978
233	conventional	60	1	1	0.7729213232975691	1.8437883166033138
234	holistic	60	0	0	1.0232179608852592	2.4284359115646206
234	conventional	60	2	2	0.7991184692780434	1.7884191775347205
235	holistic	60	3	3	0.9803764801128733	2.4829612484331283
235	conventional	60	3	3	0.7968580134386758	1.6067803769101003
236	holistic	60	0	0	1.0197968948828278	2.456885714113027
236	conventional	60	0	0	0.8730120960051184	3.262750955977331
237	holistic	60	0	0	1.0494486612053238	2.395648002514819
237	conventional	60	0	0	0.8633514067802801	2.2490826332071174
238	holistic	60	0	0	1.0894957807985177	2.7551947539333543
238	conventional	60	0	0	0.8392555912354677	1.4993724657741108
239	holistic	60	0	0	1.0515858309757538	2.352878020807843
239	conventional	60	1	1	0.8109489166998138	1.554437690611703
240	holistic	60	2	2	1.016952812761962	2.290683789582143
240	conventional	60	1	1	0.8120379823832414	1.4807151081847114
241	holistic	60	0	0	1.026871380526118	2.285565857129244
241	conventional	60	1	1	0.7721316762126467	1.5354678368347672
242	holistic	60	0	0	1.027521707340779	2.2978057668444394
242	conventional	60	1	1	0.8229706184942938	1.5270707408063737
243	holistic	60	0	0	1.029423556135749	2.360764368759351
243	conventional	60	1	1	0.795246791033924	1.423692123215662
244	holistic	60	1	1	1.0164549972503927	2.3205723613844866
244	conventional	60	2	2	0.7876078987219564	1.6740404803607356
245	holistic	60	0	0	1.0143009554632652	2.428678409076761
245	conventional	60	1	1	0.7410321024098818	1.5418405605576013
246	holistic	60	0	0	1.0185241732189945	2.436116874231665
246	conventional	60	0	0	0.8086315103821193	1.4172460624699992
247	holistic	60	1	1	1.0075780192380557	2.513018994608689
247	conventional	60	4	4	0.7937490023211439	2.3169940693564968
248	holistic	60	2	2	0.9721480331534179	2.4501991090646307
248	conventional	60	2	2	0.7597049408835765	1.4016108068109085
249	holistic	60	0	0	1.0109371762402661	2.412703869937641
249	conventional	60	1	1	0.7842210312625302	1.4383101503619817
250	holistic	60	0	0	1.0145182887007238	2.4631950306773347
250	conventional	60	0	0	0.7951984392552514	2.4484278822332564
251	holistic	60	2	2	0.9962959349499918	2.4906634446263785
251	conventional	60	1	1	0.8013048503212236	2.1193034592189055
252	holistic	60	3	3	0.973641611194353	2.4543400087969287
252	conventional	60	1	1	0.8243750621708485	2.4346623529262277
253	holistic	60	0	0	0.995311831060793	2.4192250374217834
253	conventional	60	4	4	0.7764588617943188	1.9340990634438808
254	holistic	60	1	1	0.9961214890880239	2.3861239100146525
254	conventional	60	1	1	0.7885544436832876	1.9560940670926579
255	holistic	60	4	4	0.9689870192665595	2.412847161915587
255	conventional	60	2	2	0.737186721527297	1.8844211841583076
256	holistic	60	6	6	0.9126733541339968	2.380806852255154
256	conventional	60	1	1	0.7620929858401683	1.7054133049758056
257	holistic	60	1	1	0.9859840051436215	2.406553373631836
257	conventional	60	2	2	0.7600167697339822	1.7897728481511797
258	holistic	60	1	1	0.9637195871777333	2.3942012864552833
258	conventional	60	3	3	0.6981565376571666	1.5610897551125784
259	holistic	60	3	3	0.947278829163231	2.4006216481437495
259	conventional	60	1	1	0.7236305318154651	1.5266384778897453
260	holistic	60	1	1	0.9780533297235748	2.4069270027237484
260	conventional	60	1	1	0.701576710611004	1.495036324098907
261	holistic	60	7	7	0.8914813885153726	2.3600907684946484
261	conventional	60	3	3	0.7452600287218597	1.51776407599584
262	holistic	60	2	2	0.8965684945611749	2.314948592923477
262	conventional	60	0	0	0.795810092138508	2.4747890035353315
263	holistic	60	5	5	0.79288229783054	2.3052979839766565
263	conventional	60	3	3	0.744797231911026	1.9760427856425422
264	holistic	60	3	3	0.8643561851743008	3.748963900611052
264	conventional	60	1	1	0.7674252772179108	2.465019994861862
265	holistic	60	7	7	0.8058047798777319	3.6945963266067876
265	conventional	60	2	2	0.7942429075208285	2.459537158079439
266	holistic	60	4	4	0.9139465396967782	4.3630956211672265
266	conventional	60	3	3	0.7192967896536686	2.427928103924836
267	holistic	60	2	2	0.9810505843314848	3.8073307517176533
267	conventional	60	3	3	0.7410116659955749	2.593301443081879
268	holistic	60	3	3	0.9545167784380293	3.296579477540326
268	conventional	60	1	1	0.8378817587420834	3.3681808532093696
269	holistic	60	3	3	1.0223345092300251	3.755545105024323
269	conventional	60	2	2	0.7565204461541174	2.252946459382416
270	holistic	60	2	2	0.9831197727206925	5.247006917799908
270	conventional	60	4	4	0.765011025944301	2.3059841824198
271	holistic	60	2	2	1.0070060315993825	5.0749261069007465
271	conventional	60	1	1	0.7878952818542242	3.496530471100832
272	holistic	60	0	0	1.1021476688727863	4.239269849143727
272	conventional	60	2	2	0.7753061533631962	3.0034890218171695
273	holistic	60	2	2	1.0081064603849696	4.135603655357371
273	conventional	60	0	0	0.8381285782023178	2.402066887073593
274	holistic	60	3	3	1.006789367672979	3.5677049096958275
274	conventional	60	2	2	0.8209296544181449	2.8962550048438955
275	holistic	60	3	3	1.019231490290868	3.8118868685296388
275	conventional	60	3	3	0.8223401270099869	2.4173986739776683
276	holistic	60	3	3	1.0685078672968717	3.820433743958276
276	conventional	60	0	0	0.8381383154565337	1.9924252042730568
277	holistic	60	1	1	0.9804431425348583	2.625599290621051
277	conventional	60	4	4	0.7693428578793229	1.6604731399007975
278	holistic	60	0	0	1.0392817493959028	2.82618850608813
278	conventional	60	0	0	0.7707519351279235	1.5876913758903541
279	holistic	60	2	2	1.0110234670927438	3.1299559097373897
279	conventional	60	1	1	0.7777222316105568	1.6199439862966636
280	holistic	60	3	3	0.9649394766170637	3.0450216815893927
280	conventional	60	2	2	0.7149691798181828	1.463764262235851
281	holistic	60	2	2	1.0446594749329745	4.147700660107518
281	conventional	60	4	4	0.7151001283361239	1.5627984782618394
282	holistic	60	1	1	1.0302916732046152	3.5280745884682916
282	conventional	60	3	3	0.7684916048139941	4.455248301324255
283	holistic	60	0	0	1.0366250519872597	3.0635201689737896
283	conventional	60	3	3	0.7363742005417336	2.958970435886864
284	holistic	60	2	2	1.0319049510207627	3.1487097213519673
284	conventional	60	2	2	0.7614566069125767	3.115986039641541
285	holistic	60	0	0	1.1203902792771272	6.8164648103564875
285	conventional	60	3	3	0.7288702333861763	2.4632511033093936
286	holistic	60	3	3	1.0622126784231627	3.781350089997088
286	conventional	60	5	5	0.6907015439935216	2.0511876507624685
287	holistic	60	0	0	1.0534149957665409	2.7897693114875817
287	conventional	60	3	3	0.8525347203338579	4.184229601298105
288	holistic	60	0	0	1.0394509654637136	2.7396459605096704
288	conventional	60	3	3	0.8215611408353464	3.1848865667662283
289	holistic	60	0	0	1.0161081843204611	2.674725736610999
289	conventional	60	1	1	0.8033262004472956	2.1849739177407894
290	holistic	60	3	3	1.0218773838444823	2.75091132692592
290	conventional	60	3	3	0.8435058978690032	3.193295605601707
291	holistic	60	0	0	0.9966914085544353	2.567161511014089
291	conventional	60	2	2	0.9465230466845619	3.414496824287436
292	holistic	60	1	1	0.9659052680664413	2.5231138716525137
292	conventional	60	0	0	0.9624009551445151	5.457002043762875
293	holistic	60	1	1	0.9442473170635238	2.5400547680401395
293	conventional	60	2	2	0.9112594236959786	3.0413570222219803
294	holistic	60	0	0	0.9578517807464356	2.397075557064377
294	conventional	60	1	1	0.8881579993885228	2.799178592485602
295	holistic	60	3	3	0.9104189747320077	2.6677976620080717
295	conventional	60	3	3	0.8442089544640867	1.9645916170699038
296	holistic	60	0	0	0.9647938419566384	2.700450722086683
296	conventional	60	0	0	0.8522264376824619	1.7858682133549977
297	holistic	60	2	2	0.9721614819447287	2.636328679647432
297	conventional	60	1	1	0.8455271239815026	2.0950759182314256
298	holistic	60	0	0	1.0144110973035718	2.687334447458832
298	conventional	60	0	0	0.8757120715010064	2.0192519838610794
299	holistic	60	1	1	1.0426130581262165	2.92109754249077
299	conventional	60	0	0	0.8754972738980237	2.0309802256244027
300	holistic	60	0	0	1.039062136457399	2.6183054547349878
300	conventional	60	1	1	0.8475757559972062	2.113490633268652
301	holistic	60	1	1	1.0313455067784763	2.548810615973218
301	conventional	60	3	3	0.827162412241123	1.9176367785710675
302	holistic	60	0	0	1.0255866044534	2.484628195761163
302	conventional	60	0	0	0.7724753596704002	1.8719116752371516
303	holistic	60	0	0	1.0184611853913055	2.388935803145987
303	conventional	60	4	4	0.7923899909788623	1.7187517839926798
304	holistic	60	0	0	1.0053769369538428	2.408030209091078
304	conventional	60	1	1	0.824202333182939	1.6604050268460913
305	holistic	60	0	0	1.0140442379365484	2.657172161430111
305	conventional	60	2	2	0.8715149786314769	1.5543989483543665
306	holistic	60	0	0	0.9883591578550608	2.171896033470217
306	conventional	60	0	0	0.8186412070848378	1.722030961866413
307	holistic	60	1	1	0.9560811201898396	2.1920216909721733
307	conventional	60	2	2	0.8455784231926672	3.18839975198075
308	holistic	60	1	1	0.9516081681487143	2.181832064509169
308	conventional	60	1	1	0.8266362889378939	1.935885172532411
309	holistic	60	0	0	0.9707336904771178	2.258292394270066
309	conventional	60	1	1	0.8484573627169044	1.5248738744144856
310	holistic	60	0	0	0.9553458454099399	2.2454414220674463
310	conventional	60	1	1	0.8191053993118861	1.444764379856049
311	holistic	60	1	1	0.9542785089015609	2.178054299386831
311	conventional	60	1	1	0.8065502361892193	1.4889894933564118
312	holistic	60	1	1	0.9234261876304438	2.1410891465252906
312	conventional	60	0	0	0.8155853326568956	1.5175573165488072
313	holistic	60	0	0	0.9650277467402096	2.106350617267149
313	conventional	60	2	2	0.8236353067085235	1.5525188073765324
314	holistic	60	1	1	0.9568792234723228	2.1937171052136386
314	conventional	60	0	0	0.833471194886824	1.6876840698991005
315	holistic	60	1	1	0.9387174183526159	2.1237863681688234
315	conventional	60	3	3	0.8048011128066411	1.665339186450894
316	holistic	60	4	4	0.9001176969249485	2.0852128248173853
316	conventional	60	0	0	0.762630108744687	1.6457197619298705
317	holistic	60	0	0	1.0413803700694875	3.8438856985557024
317	conventional	60	4	4	0.7489187209803224	1.5169455346574148
318	holistic	60	1	1	0.9752802876318805	2.7600070916588937
318	conventional	60	3	3	0.9120575210790594	2.65436738741531
319	holistic	60	4	4	0.9044688207522101	1.9772195182950356
319	conventional	60	0	0	0.8304060515531457	1.7252314042737336
320	holistic	60	2	2	0.9155960316502973	2.265764822220672
320	conventional	60	1	1	0.8743851771841212	3.3947974924741224
321	holistic	60	5	5	0.8727920333838722	2.155977185364956
321	conventional	60	2	2	0.8166959584769332	2.391100781197354
322	holistic	60	0	0	0.8954990261113418	2.1213192530002623
322	conventional	60	0	0	0.8647265323224356	2.183124515382966
323	holistic	60	4	4	0.8401097577246172	2.1057713400996216
323	conventional	60	3	3	0.7938148858486015	1.9896791427245522
324	holistic	60	3	3	0.8746060217614053	3.7658817606366135
324	conventional	60	1	1	0.7953349511538509	1.7238184842055684
325	holistic	60	5	5	0.8272566842777103	2.263248785119049
325	conventional	60	1	1	0.8102835707789625	1.6407933123026346
326	holistic	60	3	3	0.901291515390231	2.522615551654983
326	conventional	60	4	4	0.7414350965080015	1.5880963083793014
327	holistic	60	1	1	0.8575984030978722	2.049079660584737
327	conventional	60	4	4	0.7360358462276214	1.497377496889106
328	holistic	60	3	3	0.8390542351299092	2.1195764025385717
328	conventional	60	0	0	0.7212744032264228	1.4879886474255715
329	holistic	60	3	3	0.9070153300717807	2.2720124583999404
329	conventional	60	4	4	0.7464597336944699	1.5680141596916637
330	holistic	60	2	2	0.974670850198483	2.7741373479486016
330	conventional	60	2	2	0.7166672035491487	1.98687366910752
331	holistic	60	2	2	0.9416370263927577	2.7716552994278
331	conventional	60	5	5	0.7424005324771531	1.8340099250066788
332	holistic	60	1	1	0.9461003701931735	2.7186451774416907
332	conventional	60	3	3	0.783037321057614	1.7270237869898473
333	holistic	60	3	3	0.9482992139082974	3.712872041739703
333	conventional	60	0	0	0.8802862843804391	4.567601705887332
334	holistic	60	3	3	0.8742181538892442	2.7053485533270485
334	conventional	60	1	1	0.7650366751646974	2.0819356724987155
335	holistic	60	4	4	0.9348064741379475	2.77532807450729
335	conventional	60	1	1	0.7985526402793653	3.1392248011807693
336	holistic	60	1	1	1.0454402423370446	3.8097664536823004
336	conventional	60	0	0	0.8451198049839026	3.152337500846862
337	holistic	60	0	0	1.0254396421642933	2.846069968820374
337	conventional	60	5	5	0.8141891392481821	3.1664986164425364
338	holistic	60	1	1	1.0008762084915357	2.7193985433209984
338	conventional	60	2	2	0.79635652953336	3.169162943061023
339	holistic	60	2	2	1.0600115992218861	2.5645936990207483
339	conventional	60	1	1	0.8282849886609566	2.574189505984612
340	holistic	60	3	3	1.009353350877657	2.3533839788809936
340	conventional	60	1	1	0.8034365548645768	2.009593648728725
341	holistic	60	2	2	1.1085090445622858	2.761423383693991
341	conventional	60	3	3	0.8506554883338359	1.8499628308762956
342	holistic	60	0	0	1.1083541195813396	2.470110678602185
342	conventional	60	3	3	0.8420614589103903	2.1464291303587264
343	holistic	60	0	0	1.063201010381127	2.2159861758080086
343	conventional	60	4	4	0.7958496787346311	1.844482545333788
344	holistic	60	2	2	1.001883008197047	2.1162140651196073
344	conventional	60	2	2	0.8396706759999714	1.7731983011631414
345	holistic	60	1	1	0.9984910515813272	2.15339581791923
345	conventional	60	3	3	0.8241321449640305	2.963313135181406
346	holistic	60	1	1	1.0132966165438462	2.010202646727672
346	conventional	60	3	3	0.7859570977327839	1.821978778762156
347	holistic	60	0	0	1.1229737071391361	5.866288315698376
347	conventional	60	2	2	0.7184072607517658	1.5634974691034207
348	holistic	60	0	0	1.0853868429312852	3.8628710897654877
348	conventional	60	6	6	0.7164447995126947	1.801966956257663
349	holistic	60	1	1	1.0759259597467283	2.860641406357086
349	conventional	60	2	2	0.8229301677923112	2.2711332531616444
350	holistic	60	1	1	1.0189888395965738	2.376797890189447
350	conventional	60	4	4	0.7226890712154433	1.5856431333641186
351	holistic	60	0	0	1.0228068626087334	2.078828109018633
351	conventional	60	1	1	0.7501796902194279	2.3638638949253035
352	holistic	60	2	2	1.0087265945276267	2.4434922752860286
352	conventional	60	1	1	0.7548764313418624	1.6843280799308324
353	holistic	60	1	1	0.9900522895095156	2.1042451751741567
353	conventional	60	3	3	0.7405141297620329	1.4728967778180952
354	holistic	60	1	1	1.056685153311357	3.8808103219670733
354	conventional	60	2	2	0.7453934715754721	1.5980663239321287
355	holistic	60	2	2	1.0492867615517947	3.3818511414275783
355	conventional	60	2	2	0.836415006871391	1.566713794648303
356	holistic	60	0	0	1.085446297007135	2.882770238147169
356	conventional	60	1	1	0.8257157057369845	1.4635874825947075
357	holistic	60	2	2	1.0150871995003508	2.728603400739632
357	conventional	60	2	2	0.8793417361180275	1.9495440260086732
358	holistic	60	1	1	1.0069166266413967	2.4972011920992636
358	conventional	60	0	0	0.8327987963931769	1.8318935486962202
359	holistic	60	1	1	1.0342338994602376	2.5134501332718164
359	conventional	60	2	2	0.8435021158063888	1.8877779495978781
360	holistic	60	0	0	1.0694696397101966	2.3940954601494435
360	conventional	60	0	0	0.9195905153687037	2.1532231140755633
361	holistic	60	2	2	1.004344441504623	2.2898500180527024
361	conventional	60	1	1	0.8650992506861359	2.6892970320067984
362	holistic	60	0	0	1.0765233940581822	2.842445081676291
362	conventional	60	0	0	0.9234297823603124	2.995542620110575
363	holistic	60	0	0	1.1182348502406865	3.339282954836923
363	conventional	60	4	4	0.9052667420600135	2.639026176312323
364	holistic	60	0	0	1.108441844858765	2.561023794235465
364	conventional	60	0	0	0.9919767368322413	2.8020780548898925
365	holistic	60	0	0	1.092649587694057	2.204432110857941
365	conventional	60	2	2	0.9339297311448467	2.7720810916529772
366	holistic	60	1	1	1.0795600805059813	2.260574911499593
366	conventional	60	1	1	0.9136610825902491	2.6696075513829456
367	holistic	60	1	1	1.0490090252899955	2.2041105036535935
367	conventional	60	2	2	0.8696368265634435	2.4389438742116805
368	holistic	60	2	2	1.0121761348080136	2.158185325886628
368	conventional	60	2	2	0.8781831574281025	2.3051180192517737
369	holistic	60	1	1	1.0415740733809966	2.3707565406988276
369	conventional	60	1	1	0.857516958066369	2.124048753675798
370	holistic	60	0	0	1.084511455198759	2.398131083592673
370	conventional	60	1	1	0.8752689676582491	2.083119909905907
371	holistic	60	1	1	1.114507578626146	2.2771664926907342
371	conventional	60	1	1	0.9271038469995656	1.9357502248994278
372	holistic	60	1	1	1.1043246676621676	2.450166837788893
372	conventional	60	0	0	1.0532501420802671	7.207094331759954
373	holistic	60	0	0	1.1392329167749797	2.900570359936956
373	conventional	60	1	1	1.001004491133237	5.217307673102763
374	holistic	60	1	1	1.1348073185216392	2.535495482294039
374	conventional	60	0	0	1.0385419152444777	3.562062325276784
375	holistic	60	2	2	1.083369101368771	2.312421635316403
375	conventional	60	0	0	1.0022480095651023	2.974793208814052
376	holistic	60	4	4	1.033042093609145	2.2843504173880964
376	conventional	60	0	0	1.0163620896773788	2.824521255123486
377	holistic	60	1	1	1.18826542139533	4.847094722829591
377	conventional	60	4	4	0.9553588971372565	2.7234613875371765
378	holistic	60	0	0	1.1623329865332481	3.341273743959672
378	conventional	60	3	3	0.9240510752488045	2.6521230806138405
379	holistic	60	2	2	1.1424516494173536	3.8388780026426255
379	conventional	60	1	1	1.0384001420340625	6.569649850046692
380	holistic	60	1	1	1.1679525121973817	3.587387219952979
380	conventional	60	1	1	0.9712101367356168	3.5908694148809035
381	holistic	60	4	4	1.099257458877602	3.244160324372931
381	conventional	60	1	1	0.9118662953486478	2.5249239106740133
382	holistic	60	0	0	1.1386060465334695	2.797167867520294
382	conventional	60	0	0	0.9284138826939201	2.40642080642633
383	holistic	60	4	4	1.0240894309469117	2.8386065265208065
383	conventional	60	2	2	0.892916465028361	2.298523311133598
384	holistic	60	2	2	0.954360424581908	2.465500948603277
384	conventional	60	1	1	0.8344510095175569	2.2703150947937543
385	holistic	60	2	2	0.9608037902690054	2.5324322483086252
385	conventional	60	0	0	0.8704807122362221	2.2433903725871533
386	holistic	60	2	2	1.0084352376257963	2.7775765399213186
386	conventional	60	1	1	0.900223395730553	2.245807675901896
387	holistic	60	6	6	1.0472431595547278	3.111031604044032
387	conventional	60	1	1	0.8976270530373353	2.167154846730616
388	holistic	60	2	2	1.1305952863754183	2.766730782108046
388	conventional	60	0	0	0.8966601564242632	2.0923331680776722
389	holistic	60	2	2	1.094744379664301	2.539525983781005
389	conventional	60	2	2	0.9154080785235682	2.175287421291483
390	holistic	60	1	1	1.0707644884335032	2.7680087850150854
390	conventional	60	1	1	0.9156533780399296	2.2038178542804467
391	holistic	60	0	0	1.0831974289925526	2.3900533163876663
391	conventional	60	4	4	0.927618613169588	2.1825412298163753
392	holistic	60	2	2	1.0449490401133876	2.3336067089813137
392	conventional	60	3	3	0.9069030537775155	2.186460575821048
393	holistic	60	2	2	0.9985501812615251	2.1608520894149996
393	conventional	60	0	0	0.9427831515140965	3.2818884411764078
394	holistic	60	3	3	1.0564871824471316	4.856213389458699
394	conventional	60	1	1	0.9247810235569903	2.272122277524623
395	holistic	60	4	4	1.0911613450958455	5.356783829754757
395	conventional	60	0	0	0.9217021198248626	2.108103988400872
396	holistic	60	2	2	1.08495781691752	3.519737009944212
396	conventional	60	0	0	0.9291539918748402	2.089490300031435
397	holistic	60	1	1	1.0888531551368925	2.605444036503011
397	conventional	60	3	3	0.8969548503690628	2.032183181432087
398	holistic	60	2	2	1.0569698848910825	2.088335182852051
398	conventional	60	1	1	1.0395166641707387	3.4247786929728554
399	holistic	60	2	2	1.0176608255559525	2.074628667558254
399	conventional	60	0	0	0.998723391061671	2.4461417632400497
400	holistic	60	3	3	1.0602888206811456	2.277237396400541
400	conventional	60	1	1	0.939135305421459	2.12497357229473
401	holistic	60	1	1	1.0849625851638158	4.765319357618481
401	conventional	60	1	1	0.9017518768298941	1.996841590421009
402	holistic	60	0	0	1.06201051437509	2.7672900676454693
402	conventional	60	2	2	0.9609146245995823	2.872696127910247
403	holistic	60	1	1	1.0521197194116128	2.4315381507686027
403	conventional	60	2	2	0.8693703503445712	2.0380850956754686
404	holistic	60	2	2	1.0869267221830248	3.0162270850125195
404	conventional	60	4	4	0.8516613611303628	2.848091480937561
405	holistic	60	2	2	1.1323829699495809	3.963661467185451
405	conventional	60	0	0	0.9510697126580107	2.750220929331224
406	holistic	60	1	1	1.0920844097474671	2.933944383351697
406	conventional	60	4	4	0.9589921739413599	3.427686617541255
407	holistic	60	0	0	1.0800654540508947	2.2602522188055683
407	conventional	60	1	1	1.003926295764116	2.765218664842099
408	holistic	60	0	0	1.1159200243181955	2.3902879894856803
408	conventional	60	4	4	1.0048559230024214	3.254417161864728
409	holistic	60	0	0	1.1139906752589228	2.433295034524855
409	conventional	60	2	2	0.9909140108422642	2.479639497086721
410	holistic	60	0	0	1.0986472282162956	2.3670578543581904
410	conventional	60	3	3	0.8974632254577382	2.4559332284642603
411	holistic	60	0	0	1.1017986223354266	2.2932326602409745
411	conventional	60	0	0	0.8549468039898339	2.1802508194821937
412	holistic	60	1	1	1.1035681534574835	2.2663408898019246
412	conventional	60	4	4	0.9105375103518688	2.1957074084485217
413	holistic	60	2	2	1.1235945464557355	3.808558721765786
413	conventional	60	2	2	0.9096651905903526	2.363752812911125
414	holistic	60	0	0	1.1121605546923625	2.3066735954852633
414	conventional	60	2	2	0.9104466372947196	2.4680385108323426
415	holistic	60	2	2	1.079831075550243	2.4693318925225327
415	conventional	60	3	3	0.9584804883575743	2.46364937436854
416	holistic	60	0	0	1.1231171224462093	2.7525672761901614
416	conventional	60	1	1	0.9952652266466401	4.332661501071777
417	holistic	60	1	1	1.0941139627858731	2.40219369377435
417	conventional	60	1	1	1.0102287122585314	3.4546352675112377
418	holistic	60	1	1	1.093621284868817	2.3890826007283716
418	conventional	60	0	0	1.026907568701562	3.3873857212287923
419	holistic	60	1	1	1.1006766590558354	2.404029379427264
419	conventional	60	0	0	0.9920795127926911	2.7064157519407894
420	holistic	60	0	0	1.081782234948181	2.3022972345145445
420	conventional	60	1	1	1.0064354085968958	2.8582223327896776
421	holistic	60	1	1	1.0526014921971938	2.220868221452487
421	conventional	60	2	2	0.9925557164878729	2.2869498685117677
422	holistic	60	0	0	1.0557341944016525	2.244872894864215
422	conventional	60	0	0	0.9936159870183536	2.0232182234749887
423	holistic	60	1	1	1.0751781339887962	2.3863483408975026
423	conventional	60	4	4	0.9505176091103295	3.0389951047105757
424	holistic	60	0	0	1.0733449626913703	2.6328615084650284
424	conventional	60	0	0	0.9929256227230673	2.669282323328539
425	holistic	60	0	0	1.087037147542519	2.5280555646523775
425	conventional	60	1	1	1.003553632872079	2.1498429743474423
426	holistic	60	1	1	1.0724962748711062	2.5020889840575564
426	conventional	60	0	0	1.0199018215751912	2.268354698662117
427	holistic	60	0	0	1.1502747436942422	3.87319116287289
427	conventional	60	2	2	1.0021305634519184	2.365438691368864
428	holistic	60	2	2	1.0834331717384378	2.6209682601498363
428	conventional	60	2	2	0.9799354314502916	2.144175184720521
429	holistic	60	1	1	1.0416855981294104	2.561520586328092
429	conventional	60	1	1	0.9708505824303576	2.3946099240909335
430	holistic	60	0	0	1.0484284608448824	2.474963685165263
430	conventional	60	2	2	0.9303349867602169	1.8509882972338945
431	holistic	60	0	0	1.0511641340826978	2.3936969140731286
431	conventional	60	1	1	0.8891379149108497	1.6962848598074443
432	holistic	60	2	2	1.0190866967541299	2.3462830426394383
432	conventional	60	1	1	0.9253395730198811	2.4349482220319607
433	holistic	60	2	2	1.018370111042732	2.4161729653606225
433	conventional	60	2	2	0.9328047966155234	2.113264092335868
434	holistic	60	1	1	1.0399615227905374	2.39871631458091
434	conventional	60	1	1	0.9238578158144851	1.9413836206788821
435	holistic	60	1	1	1.0272922991551374	2.490128286676071
435	conventional	60	0	0	0.8947828355368379	1.7130648469712826
436	holistic	60	6	6	0.9374377888758414	2.419296133937309
436	conventional	60	1	1	0.915884288103537	1.750466330135552
437	holistic	60	1	1	1.093135713635355	3.814740851519308
437	conventional	60	3	3	0.8778664117671152	1.7323083606496759
438	holistic	60	1	1	1.0977517032163362	4.150510975457887
438	conventional	60	2	2	0.832140396025539	1.7270546827769448
439	holistic	60	2	2	1.0362255571407464	2.8508362059517967
439	conventional	60	1	1	0.8788837499309776	1.8175045367878535
440	holistic	60	2	2	1.0012535288639293	2.406878805113137
440	conventional	60	2	2	0.8463030119635432	1.8322210365028346
441	holistic	60	5	5	0.9643476409568529	2.415705117108851
441	conventional	60	2	2	0.875225387605649	2.1754049006453684
442	holistic	60	0	0	1.0298940631709663	2.378694666639393
442	conventional	60	1	1	0.887773032506585	1.772711552122122
443	holistic	60	1	1	1.006790936363865	2.343468158615685
443	conventional	60	2	2	0.8572584098167758	1.7450686063076382
444	holistic	60	3	3	1.0089085591076787	3.8168389209530966
444	conventional	60	0	0	0.8800649918910785	1.7614653279083832
445	holistic	60	2	2	0.9543266706655199	2.404803186139904
445	conventional	60	2	2	0.8565673399796767	1.734173188141286
446	holistic	60	3	3	0.8997004247850514	2.391758483126243
446	conventional	60	3	3	0.8473840594521611	1.7466656160184109
447	holistic	60	5	5	0.9482926042099538	2.6535827900906273
447	conventional	60	1	1	0.9313680116245507	3.1997624038253103
448	holistic	60	2	2	0.9665824981901103	2.8817828357722703
448	conventional	60	1	1	0.8944911867823774	1.7147549997796723
449	holistic	60	2	2	0.9443214995335019	2.379393300452035
449	conventional	60	4	4	0.8782235676391186	2.1970655870092552
450	holistic	60	1	1	0.948750935424761	2.3454409195605264
450	conventional	60	1	1	0.9785388281247744	2.4369111504944896
451	holistic	60	0	0	1.0030217742743448	2.3727497696865476
451	conventional	60	4	4	0.9449051751741688	2.435894221417553
452	holistic	60	1	1	1.0172605330806266	2.4545556917557048
452	conventional	60	2	2	0.9850040940081216	3.4314217551738313
453	holistic	60	3	3	0.984012998576489	2.5152148640199026
453	conventional	60	0	0	1.0036838413917022	1.9601401898445934
454	holistic	60	4	4	0.9660901888960086	2.5022283880237777
454	conventional	60	1	1	1.0211470826137181	2.0377975588551154
455	holistic	60	3	3	0.9602922457731682	3.7756127813433684
455	conventional	60	0	0	0.9860516972044205	2.2698657757165237
456	holistic	60	3	3	0.926570667581055	2.7734204979959016
456	conventional	60	0	0	0.9811466787510128	2.0076069113681365
457	holistic	60	2	2	0.981633147324047	2.4320413782496835
457	conventional	60	4	4	0.9050986149945656	1.9333393326722925
458	holistic	60	3	3	1.0243534147677709	3.855420416598206
458	conventional	60	1	1	0.9426656266743669	2.080692995221597
459	holistic	60	2	2	0.9497155174127925	3.3512515153273137
459	conventional	60	0	0	0.968552927478155	1.8098182449175415
460	holistic	60	2	2	0.9290072851248123	4.182085345275483
460	conventional	60	2	2	0.890190839030907	1.6629635487634833
461	holistic	60	0	0	0.9214742299685359	3.099082725800587
461	conventional	60	1	1	0.8240111520915959	1.6105410922519192
462	holistic	60	2	2	0.9130251817542486	2.6131138856211873
462	conventional	60	1	1	0.8170294236056999	1.563266812679906
463	holistic	60	2	2	0.9687239940030251	3.701959211136735
463	conventional	60	2	2	0.8650943554443551	2.4023978893128026
464	holistic	60	4	4	0.9222584256316823	2.6815448618432747
464	conventional	60	3	3	0.7897111694552906	1.5133174252855375
465	holistic	60	1	1	0.9754390875430595	2.3081132254647794
465	conventional	60	0	0	0.8482127740058322	1.7197201174055807
466	holistic	60	2	2	0.9413445606464138	2.2802043967950287
466	conventional	60	3	3	0.7805324372203436	1.6049581799976371
467	holistic	60	0	0	1.0608538475484286	5.685139202364353
467	conventional	60	1	1	0.8771340637098796	3.462632080344674
468	holistic	60	1	1	1.059870478404645	4.188911905972317
468	conventional	60	3	3	0.8342164004263563	2.2271542988840904
469	holistic	60	1	1	1.0434389439225211	3.350597053813296
469	conventional	60	2	2	0.895222333594358	3.613754085837192
470	holistic	60	0	0	1.0313964610995396	2.4612511625097953
470	conventional	60	2	2	0.8279367713478446	2.0051388389814755
471	holistic	60	0	0	1.0415329771832424	2.478760696853457
471	conventional	60	0	0	0.846685935669999	2.3893077217324863
472	holistic	60	2	2	1.0110217147315868	2.845620573155174
472	conventional	60	2	2	0.886097523397783	3.894232340753465
473	holistic	60	2	2	0.9975248722698429	2.677934923006289
473	conventional	60	2	2	0.8968778611493542	3.1460870655999185
474	holistic	60	1	1	1.0029991770131697	2.4643170687357934
474	conventional	60	3	3	0.8665454292220666	3.0850464960852455
475	holistic	60	1	1	0.9625244523764238	2.303669372912454
475	conventional	60	3	3	0.8664260720145219	3.4588225824534917
476	holistic	60	1	1	0.9999702318301947	2.1699566084445174
476	conventional	60	1	1	0.9167732007687469	3.4575107519919763
477	holistic	60	3	3	0.9738776950893656	2.2739153240542787
477	conventional	60	1	1	0.8839228205826082	3.0213060673152725
478	holistic	60	3	3	0.9327845483670381	2.163583678834296
478	conventional	60	0	0	0.8943521913762553	2.8413261834731207
479	holistic	60	0	0	0.9551430035141839	2.1040141980781244
479	conventional	60	0	0	0.9320756504156165	2.88522653733997
480	holistic	60	1	1	1.0128542084038963	2.008129761998411
480	conventional	60	0	0	0.9325218985227607	2.734642191927471
481	holistic	60	1	1	1.0137902150382798	2.674390048895456
481	conventional	60	3	3	0.8841740364815139	2.603906160348015
482	holistic	60	1	1	0.9988567112877919	2.148684547740683
482	conventional	60	3	3	0.8507149011263413	2.542359810708634
483	holistic	60	1	1	0.9992832832725874	2.0133395157149954
483	conventional	60	3	3	0.8128364510450659	2.4912294606761862
484	holistic	60	0	0	1.0421899581289633	2.3966643634257894
484	conventional	60	1	1	0.8628687045285258	2.6890173857446538
485	holistic	60	0	0	0.9996314651319014	2.0943655555920264
485	conventional	60	3	3	0.9373784440667857	3.3650327035490966
486	holistic	60	1	1	0.975630997893687	2.145270967897522
486	conventional	60	0	0	0.9665118083699127	2.3917053981121916
487	holistic	60	2	2	0.9749081484830435	2.040256152384424
487	conventional	60	1	1	0.9194293739510424	2.8239363974699057
488	holistic	60	1	1	1.0066146041207393	2.209719751880074
488	conventional	60	2	2	0.904822103457184	2.6560054471376318
489	holistic	60	0	0	0.9707441260328074	2.0400880339052763
489	conventional	60	2	2	0.8577715065888817	2.3362852532521554
490	holistic	60	0	0	0.9989565302337006	1.9851129060955937
490	conventional	60	3	3	0.8245144745734804	2.2915538631351753
491	holistic	60	2	2	0.9761201709537972	1.9225452805618093
491	conventional	60	3	3	0.8191454993031627	2.156314001451779
492	holistic	60	2	2	0.9340706789484653	1.971480433002945
492	conventional	60	3	3	0.8847154385416739	3.350629340884156
493	holistic	60	1	1	0.9376260919577188	1.9392770961799457
493	conventional	60	1	1	0.8267705811836301	2.182259501710696
494	holistic	60	0	0	0.9356479835283994	1.984528682150501
494	conventional	60	4	4	0.8257827204025584	2.386035817580261
495	holistic	60	1	1	0.9532261157957885	1.9782397238682854
495	conventional	60	2	2	0.7846778816238591	2.043647697086297
496	holistic	60	4	4	0.9308882116928039	1.9610578131770349
496	conventional	60	3	3	0.8267914375613806	3.502844181791234
497	holistic	60	0	0	0.9587238210089469	2.78038364949773
497	conventional	60	2	2	0.8251352894655015	2.1888990916422424
498	holistic	60	1	1	0.9269669618992314	1.9827102498726492
498	conventional	60	0	0	0.8661085168512865	2.1918381238283584
499	holistic	60	1	1	0.9250860257729521	1.9553204852000459
499	conventional	60	3	3	0.8306609003894444	2.5206870853385213
500	holistic	60	5	5	1.0527690974948862	8.844537018114648
500	conventional	60	1	1	0.9131929002014763	2.9380284022324945
501	holistic	60	3	3	1.0189929575531624	5.359489228565302
501	conventional	60	3	3	0.882640545942606	2.1878903171931134
502	holistic	60	1	1	1.0548526440235724	3.8694074072735014
502	conventional	60	2	2	0.9241790053799719	2.354382038920846
503	holistic	60	1	1	1.023324261968125	3.122085168200856
503	conventional	60	1	1	0.8482605917340037	2.170529405497518
504	holistic	60	1	1	0.9781950736643895	2.787717416394363
504	conventional	60	0	0	0.8563618419788674	2.266587934876045
505	holistic	60	3	3	0.9890924648290328	2.7880094935761646
505	conventional	60	1	1	0.8283018018247758	2.3573681471511776
506	holistic	60	3	3	0.9840267276691592	2.660829211784741
506	conventional	60	4	4	0.7952840027276254	2.27674598229146
507	holistic	60	4	4	1.0217442212225865	3.7530889728529537
507	conventional	60	2	2	0.8083479936621178	2.2006067839501093
508	holistic	60	2	2	1.124749587720948	2.8884902074705674
508	conventional	60	2	2	0.8234861404778459	2.1275927028418358
509	holistic	60	3	3	1.1161513910908512	2.8862428401359317
509	conventional	60	5	5	0.7747510512969238	2.1361133055051136
510	holistic	60	1	1	1.1635416792855824	2.75905374561798
510	conventional	60	1	1	0.8790136720259877	3.3644601560671137
511	holistic	60	0	0	1.1432627064165137	2.7991882437597644
511	conventional	60	5	5	0.8225976473996417	2.0299780782393113
512	holistic	60	1	1	1.0834268555446716	2.3686386388222735
512	conventional	60	4	4	0.7962929168622215	1.992621853600058
513	holistic	60	2	2	1.0276709656815735	2.324476555510583
513	conventional	60	1	1	0.8863648855409193	2.3564806891711054
514	holistic	60	3	3	0.9794260203278503	2.35698898716175
514	conventional	60	1	1	0.8912657952338666	2.320353749184616
515	holistic	60	1	1	0.9594844283244246	2.620225724300324
515	conventional	60	1	1	0.8974340428008838	2.2609582669596926
516	holistic	60	2	2	1.0567704954007897	3.617497661026648
516	conventional	60	2	2	0.9043511173873691	2.3269068682714034
517	holistic	60	4	4	1.061065041497717	3.615257860190701
517	conventional	60	2	2	1.041815681391525	7.302866170888188
518	holistic	60	4	4	1.0011941029550993	2.61270405861306
518	conventional	60	1	1	0.9346432937995139	3.7708092935325226
519	holistic	60	1	1	1.046853983751969	2.233425758155166
519	conventional	60	1	1	0.944958738916089	3.6030896421466156
520	holistic	60	1	1	0.9974790629730111	2.1741254235980123
520	conventional	60	3	3	0.9401672012914484	3.044775850363351
521	holistic	60	1	1	0.9873326354968784	2.274735344008566
521	conventional	60	1	1	0.9993265309570695	2.901128255716084
522	holistic	60	3	3	0.9889761711277856	2.6311518745990625
522	conventional	60	1	1	1.0012659682808915	2.6357081555747808
523	holistic	60	0	0	0.9719995026949483	2.2753431762902605
523	conventional	60	0	0	0.9741336855874437	2.2939818606436817
524	holistic	60	4	4	0.9401278492789129	2.441817424259469
524	conventional	60	2	2	0.9311713887538694	2.1737981824242696
525	holistic	60	1	1	0.9792063263286688	2.4744569932912177
525	conventional	60	1	1	0.9698864307192184	2.4045781609748045
526	holistic	60	2	2	1.0000043720698082	2.5924800165816015
526	conventional	60	3	3	0.9742093067473084	2.4908366194793174
527	holistic	60	0	0	1.030830366927017	2.6077720772613273
527	conventional	60	0	0	1.0180638974747265	2.288116335756567
528	holistic	60	2	2	1.030962130042852	2.4887458732495955
528	conventional	60	3	3	1.003002433162745	2.28515006650017
529	holistic	60	2	2	1.0171324993079394	2.964656873666897
529	conventional	60	2	2	1.0205194635777577	2.058196596118002
530	holistic	60	0	0	1.0402342216112008	2.572308476368609
530	conventional	60	2	2	0.9682753745531604	1.9388888683340952
531	holistic	60	0	0	1.0162659526564537	2.267924545216292
531	conventional	60	1	1	1.0414013484957418	2.289725302209301
532	holistic	60	2	2	1.0158023591949983	2.3393376775932793
532	conventional	60	2	2	0.9444786869713827	1.7481007615828072
533	holistic	60	0	0	0.9996204232294995	2.2878547890399954
533	conventional	60	2	2	0.938559748890399	2.3798432692527505
534	holistic	60	1	1	1.0548169380745227	2.2981042662449855
534	conventional	60	2	2	1.005354824697679	3.4031005585175857
535	holistic	60	1	1	1.153609289832505	5.453095939655616
535	conventional	60	2	2	1.0303644397493172	3.405356143658032
536	holistic	60	0	0	1.0721602472448153	2.7982888719633134
536	conventional	60	0	0	1.0248083516292352	2.407940349340467
537	holistic	60	2	2	1.0417188488516496	3.1989296153377067
537	conventional	60	2	2	1.041339134074974	3.2095336557390324
538	holistic	60	2	2	0.9938970030268922	2.8004376957577595
538	conventional	60	2	2	1.052884537679678	3.2946911915067743
539	holistic	60	0	0	1.0321232538458203	2.6574973170720426
539	conventional	60	0	0	1.0332570794757923	2.3772870401675403
540	holistic	60	1	1	1.039745017502908	2.985194395731884
540	conventional	60	1	1	1.0144168863406453	2.459823722374754
541	holistic	60	1	1	0.9963600207017207	2.242856327172864
541	conventional	60	0	0	0.9616171409598329	2.264178610358772
542	holistic	60	1	1	0.982820780763871	2.205110523188242
542	conventional	60	2	2	0.9679558373436716	2.3428104943099
543	holistic	60	1	1	0.979394901245377	2.158782917528764
543	conventional	60	1	1	0.9784315066243257	2.237486491209621
544	holistic	60	0	0	1.0429697554171977	2.813985958072666
544	conventional	60	2	2	0.9142349028111628	2.086397401924492
545	holistic	60	1	1	1.047564334987225	2.153579501386374
545	conventional	60	3	3	0.9847223372607772	2.3227961484917947
546	holistic	60	1	1	1.1095698605582887	5.548577291609847
546	conventional	60	0	0	0.9362067333919284	2.231221916144657
547	holistic	60	1	1	1.0722863145453743	3.55852236734128
547	conventional	60	3	3	0.9427424603900614	2.197743932834475
548	holistic	60	1	1	1.0342979467835183	2.5647328952808883
548	conventional	60	1	1	0.9869048802916089	3.5135983805403104
549	holistic	60	0	0	1.06545845452508	3.756709932923337
549	conventional	60	0	0	1.021954921428979	2.1391768019131425
550	holistic	60	1	1	1.0659912143586998	3.740023426117757
550	conventional	60	1	1	0.9998936598708542	2.1137865697304528
551	holistic	60	1	1	1.0865284567874671	3.731872615379866
551	conventional	60	1	1	1.0182531217851694	2.0506502787049095
552	holistic	60	2	2	1.0927423869465234	3.7303174388054714
552	conventional	60	0	0	1.05670528203844	3.4091283029565385
553	holistic	60	0	0	1.0772777303023864	3.1294752209665173
553	conventional	60	0	0	1.0818914518679916	4.727021287077417
554	holistic	60	0	0	1.0911431094233468	3.0629742421391892
554	conventional	60	0	0	1.0658424910788105	4.134832944884046
555	holistic	60	0	0	1.0540022312939863	2.5867741554038193
555	conventional	60	2	2	0.9898288646267756	3.178175408202066
556	holistic	60	1	1	1.0754294945507759	3.10222889997993
556	conventional	60	2	2	0.9827334974696119	2.7089747518389657
557	holistic	60	0	0	1.0675236874452936	2.8370293327978073
557	conventional	60	1	1	0.9765157449236546	2.5157261918737057
558	holistic	60	1	1	1.0500228462636731	2.8239266776691188
558	conventional	60	0	0	0.9640360911965963	2.1225829344155382
559	holistic	60	1	1	1.0179502757577426	2.721951499783496
559	conventional	60	3	3	0.9540768021700455	2.4824763232951037
560	holistic	60	4	4	0.9206314867271957	2.472805692522568
560	conventional	60	0	0	0.9957129275638903	2.37162605949753
561	holistic	60	2	2	0.8774329220715987	2.4145743004210436
561	conventional	60	3	3	0.9411689209525809	2.188438940431436
562	holistic	60	2	2	0.8876871638477437	2.2941754329019233
562	conventional	60	1	1	0.8900795119043848	2.202664080327572
563	holistic	60	1	1	0.9052186108362051	2.1220611821782467
563	conventional	60	0	0	0.9494648990972752	2.2917354463061024
564	holistic	60	1	1	0.9377343703633547	2.096816588280819
564	conventional	60	0	0	0.9933619660325939	2.457512582508536
565	holistic	60	2	2	0.9381162467315484	2.132582180099946
565	conventional	60	3	3	0.9705704754782392	2.1009834269680816
566	holistic	60	4	4	0.9038478857718377	2.109953745781596
566	conventional	60	2	2	0.925336496818651	2.077797989990665
567	holistic	60	5	5	0.8967457373471073	2.2995554269649734
567	conventional	60	2	2	0.9572864996801967	4.373116886839951
568	holistic	60	1	1	0.931347017563459	2.221628051527427
568	conventional	60	2	2	0.9493797627730763	2.200178927957853
569	holistic	60	3	3	0.8969698475520699	2.2452081161406587
569	conventional	60	2	2	0.9547287541205535	1.9768342608879361
570	holistic	60	0	0	0.8730701746236843	2.1758803260674684
570	conventional	60	2	2	0.9208780670462556	1.8945922703764004
571	holistic	60	2	2	0.8407559777692435	2.0708508083176147
571	conventional	60	4	4	0.8603905306425336	3.191008429821496
572	holistic	60	2	2	0.8097195178445546	1.9730594328406916
572	conventional	60	3	3	0.9147128103287472	2.3952317726863486
573	holistic	60	2	2	0.8872816823519337	2.1627639680411184
573	conventional	60	1	1	0.9469448174092362	2.5394216084722556
574	holistic	60	2	2	0.8162003611389642	2.2222694883083536
574	conventional	60	2	2	0.9029368795414258	1.9448469717136894
575	holistic	60	4	4	0.8437552578663345	3.675675487984351
575	conventional	60	1	1	0.8717605621387335	1.9734127716682666
576	holistic	60	5	5	0.8274383394239782	2.1791028653839275
576	conventional	60	2	2	0.850030601593442	2.1536573345301684
577	holistic	60	3	3	0.9006318558625328	3.855630722431256
577	conventional	60	2	2	0.8388733632069248	2.1686789310483823
578	holistic	60	2	2	0.8822809135666099	3.352770440843885
578	conventional	60	2	2	0.859244001789171	2.306904564088287
579	holistic	60	1	1	0.8513603666482353	2.518589923062782
579	conventional	60	2	2	0.8470554007895995	2.2069948594630184
580	holistic	60	3	3	0.812490351950693	2.160750878196578
580	conventional	60	4	4	0.8297209415206864	2.5291887215069355
581	holistic	60	2	2	0.8556480441662841	2.177040259806209
581	conventional	60	3	3	0.8585936738787795	2.511787225434388
582	holistic	60	3	3	0.8832492720449522	3.772208665474928
582	conventional	60	2	2	0.8962393431962233	3.3447792530902736
583	holistic	60	2	2	0.887440437662535	2.1795975748597343
583	conventional	60	0	0	0.8948340253498088	2.043625346607938
584	holistic	60	3	3	0.836002908810974	2.1667873932346438
584	conventional	60	2	2	0.8367941798772977	1.8287892824779886
585	holistic	60	2	2	0.8669607566436437	2.1819006650446333
585	conventional	60	2	2	0.7907111326561971	1.8565807663477927
586	holistic	60	3	3	0.8958197170135042	2.169833226978382
586	conventional	60	2	2	0.8690966712177158	3.459159423751301
587	holistic	60	0	0	0.9897571058285796	2.676663979404769
587	conventional	60	0	0	0.9035844515728784	2.444946829823401
588	holistic	60	2	2	0.9847635029353666	2.197809878727739
588	conventional	60	2	2	0.891472223918012	2.2888880963622307
589	holistic	60	0	0	1.03269457481328	2.211180777166094
589	conventional	60	1	1	0.8850717440179601	1.9504363286661381
590	holistic	60	2	2	1.0247750022547628	2.175232717666144
590	conventional	60	3	3	0.8365902496902216	1.8915116120593902
591	holistic	60	0	0	0.9831133273188839	2.21142744506743
591	conventional	60	1	1	0.9960414057633977	4.424143477923362
592	holistic	60	3	3	0.952344477357251	2.2457325429712114
592	conventional	60	3	3	0.9729465049694976	4.3591607848869485
593	holistic	60	2	2	0.9312883153296924	2.234165640331258
593	conventional	60	1	1	0.8927294861978827	2.837356386503891
594	holistic	60	2	2	0.880598333630784	2.1799044326081805
594	conventional	60	2	2	0.7811655520304746	1.9305236434356314
595	holistic	60	0	0	0.8703683858127982	2.1276111574460757
595	conventional	60	3	3	0.7340665029449389	1.7112776303661132
596	holistic	60	4	4	0.8714242146314315	2.1192324236779383
596	conventional	60	3	3	0.7128192568485114	2.094459365229953
597	holistic	60	1	1	0.9360369789736743	2.8060557029256805
597	conventional	60	5	5	0.8631994374559381	5.219431928333327
598	holistic	60	3	3	0.9160189416177613	2.8004452039578984
598	conventional	60	3	3	0.836895623368886	2.3040323913341636
599	holistic	60	0	0	0.9345771859783414	2.468352336714727
599	conventional	60	1	1	0.8751602023926863	2.5934963706456884
