season	population	sizes	names_in_groups_below_modal
0	holistic	4,4,4,4,4,4,4,4,4,4,4,4,4,4,4	
0	conventional	4,4,4,4,4,4,4,4,4,4,4,4,4,4,4	
1	holistic	4,4,4,4,4,4,4,4,4,4,4,4,4,4,4	
1	conventional	4,4,4,4,4,4,4,4,4,4,4,4,4,4,4	
2	holistic	4,4,4,4,4,4,4,4,4,4,4,4,4,4,4	
2	conventional	4,4,4,4,4,4,4,4,4,4,4,4,4,4,4	
3	holistic	4,4,4,4,4,4,4,4,4,4,4,4,4,4,4	
3	conventional	4,4,4,4,4,4,4,4,4,4,4,4,4,4,4	
4	holistic	4,4,4,4,4,4,4,4,4,4,4,4,4,4,4	
4	conventional	4,4,4,4,4,4,4,4,4,4,4,4,4,4,4	
5	holistic	4,4,4,4,4,4,4,4,4,4,4,4,4,4,4	
5	conventional	4,4,4,4,4,4,4,4,4,4,4,4,4,4,4	
6	holistic	4,4,4,4,4,4,4,4,4,4,4,4,4,4,4	
6	conventional	4,4,4,4,4,4,4,4,4,4,4,4,4,4,4	
7	holistic	4,4,4,4,4,4,4,4,4,4,4,4,4,4,3	h0-35,he65,h0-54
7	conventional	4,4,4,4,4,4,4,4,4,4,4,4,4,4,4	
8	holistic	4,4,4,4,4,4,4,4,4,4,4,4,4,4,2	h0-3,h0-31
8	conventional	4,4,4,4,4,4,4,4,4,4,4,4,4,4,3	ce98,c0-2,c0-0
9	holistic	4,4,4,4,4,4,4,4,4,4,4,4,4,4,3	h0-57,h0-2,h0-21
9	conventional	4,4,4,4,4,4,4,4,4,4,4,4,4,4,4	
10	holistic	4,4,4,4,4,4,4,4,4,4,4,4,4,4,4	
10	conventional	4,4,4,4,4,4,4,4,4,4,4,4,4,4,4	
11	holistic	4,4,4,4,4,4,4,4,4,4,4,4,4,4,4	
11	conventional	4,4,4,4,4,4,4,4,4,4,4,4,4,4,4	
12	holistic	4,4,4,4,4,4,4,2	he85,he84
12	conventional	4,4,4,4,4,4,4,4,4,4,4,4,4,4,4	
13	holistic	4,4,4,4,4,4,4,4,4	
13	conventional	4,4,4,4,4,4,4,4,4,4,4,4,4,4,4	
14	holistic	4,4,4,4,4,4,4,4,4,4,4,3	he94,he84,he62
14	conventional	4,4,4,4,4,4,4,4,4,4,4,4,4,4,4	
15	holistic	4,4,4,4,4,4,4,4,4,4,4,4,4,4,4	
15	conventional	4,4,4,4,4,4,4,4,4,4,4,4,4,4,4	
16	holistic	4,4,4,4,4,4,4,4,4,4,4,4,4,4,4	
16	conventional	4,4,4,4,4,4,4,4,4,4,4,4,4,4,4	
17	holistic	4,4,4,4,4,4,4,4,4,4,4,4,4,4,4	
17	conventional	4,4,4,4,4,4,4,4,4,4,4,4,4,4,4	
18	holistic	4,4,4,4,4,4,4,4,4,4,4,4,4,4,4	
18	conventional	4,4,4,4,4,4,4,4,4,4,4,4,4,4,4	
19	holistic	4,4,4,4,4,4,4,4,4,4,4,4,4,4,4	
19	conventional	4,4,4,4,4,4,4,4,4,4,4,4,4,4,4	
20	holistic	4,4,4,4,4,4,4,4,4,4,4,4,4,4,4	
20	conventional	4,4,4,4,4,4,4,4,4,4,4,4,4,4,4	
21	holistic	4,4,4,4,4,4,4,4,4,4,4,4,4,4,4	
21	conventional	4,4,4,4,4,4,4,4,4,4,4,4,4,4,4	
22	holistic	4,4,4,4,4,4,4,4,4,4,4,4,4,4,4	
22	conventional	4,4,4,4,4,4,4,4,4,4,4,4,4,4,4	
23	holistic	4,4,4,4,4,4,4,4,4,4,4,4,4,4,4	
23	conventional	4,4,4,4,4,4,4,4,4,4,4,4,4,4,4	
24	holistic	4,4,4,4,4,4,4,4,4,4,4,4,4,4,4	
24	conventional	4,4,4,4,4,4,4,4,4,4,4,4,4,4,4	
25	holistic	4,4,4,4,4,4,4,4,4,4,4,4,4,4,4	
25	conventional	4,4,4,4,4,4,4,4,4,4,4,4,4,4,4	
26	holistic	4,4,4,4,4,4,4,4,4,4,4,4,4,4,4	
26	conventional	4,4,4,4,4,4,4,4,4,4,4,4,4,4,4	
27	holistic	4,4,4,4,4,4,4,4,4,4,4,4,4,4,4	
27	conventional	4,4,4,4,4,4,4,4,4,4,4,4,4,4,4	
28	holistic	4,4,4,4,4,4,4,4,4,4,4,4,4,4,4	
28	conventional	4,4,4,4,4,4,4,4,4,4,4,4,4,4,4	
29	holistic	4,4,4,4,4,4,4,4,4,4,4,4,4,4,4	
29	conventional	4,4,4,4,4,4,4,4,4,4,4,4,4,4,4	
30	holistic	4,4,4,4,4,4,4,4,4,4,4,4,4,4,4	
30	conventional	4,4,4,4,4,4,4,4,4,4,4,4,4,4,4	
31	holistic	4,4,4,4,4,4,4,4,4,4,4,4,4,4,4	
31	conventional	4,4,4,4,4,4,4,4,4,4,4,4,4,4,4	
32	holistic	4,4,4,4,4,4,4,4,4,4,4,4,4,4,4	
32	conventional	4,4,4,4,4,4,4,4,4,4,4,4,4,4,4	
33	holistic	4,4,4,4,4,4,4,4,4,4,4,4,4,4,4	
33	conventional	4,4,4,4,4,4,4,4,4,4,4,4,4,4,4	
34	holistic	4,4,4,4,4,4,4,4,4,4,4,4,4,4,4	
34	conventional	4,4,4,4,4,4,4,4,4,4,4,4,4,4,4	
35	holistic	4,4,4,4,4,4,4,4,4,4,4,4,4,4,4	
35	conventional	4,4,4,4,4,4,4,4,4,4,4,4,4,4,4	
36	holistic	4,4,4,4,4,4,4,4,4,4,4,4,4,4,4	
36	conventional	4,4,4,4,4,4,4,4,4,4,4,4,4,4,4	
37	holistic	4,4,4,4,4,4,4,4,4,4,4,4,4,4,4	
37	conventional	4,4,4,4,4,4,4,4,4,4,4,4,4,4,4	
38	holistic	4,4,4,4,4,4,4,4,4,4,4,4,4,4,4	
38	conventional	4,4,4,4,4,4,4,4,4,4,4,4,4,4,4	
39	holistic	4,4,4,4,4,4,4,4,4,4,4,4,4,4,4	
39	conventional	4,4,4,4,4,4,4,4,4,4,4,4,4,4,4	
40	holistic	4,4,4,4,4,4,4,4,4,4,4,4,4,4,4	
40	conventional	4,4,4,4,4,4,4,4,4,4,4,4,4,4,4	
41	holistic	4,4,4,4,4,4,4,4,4,4,4,4,4,4,4	
41	conventional	4,4,4,4,4,4,4,4,4,4,4,4,4,4,4	
42	holistic	4,4,4,4,4,4,4,4,4,4,4,4,4,4,4	
42	conventional	4,4,4,4,4,4,4,4,4,4,4,4,4,4,4	
43	holistic	4,4,4,4,4,4,4,4,4,4,4,4,4,4,4	
43	conventional	4,4,4,4,4,4,4,4,4,4,4,4,4,4,4	
44	holistic	4,4,4,4,4,4,4,4,4,4,4,4,4,4,4	
44	conventional	4,4,4,4,4,4,4,4,4,4,4,4,4,4,4	
45	holistic	4,4,4,4,4,4,4,4,4,4,4,4,4,4,4	
45	conventional	4,4,4,4,4,4,4,4,4,4,4,4,4,4,4	
46	holistic	4,4,4,4,4,4,4,4,4,4,4,4,4,4,4	
46	conventional	4,4,4,4,4,4,4,4,4,4,4,4,4,4,4	
47	holistic	4,4,4,4,4,4,4,4,4,4,4,4,4,4,4	
47	conventional	4,4,4,4,4,4,4,4,4,4,4,4,4,4,4	
48	holistic	4,4,4,4,4,4,4,4,4,4,4,4,4,4,4	
48	conventional	4,4,4,4,4,4,4,4,4,4,4,4,4,4,4	
49	holistic	4,4,4,4,4,4,4,4,4,4,4,4,4,4,4	
49	conventional	4,4,4,4,4,4,4,4,4,4,4,4,4,4,4	
50	holistic	4,4,4,4,4,4,4,4,4,4,4,4,4,4,4	
50	conventional	4,4,4,4,4,4,4,4,4,4,4,4,4,4,4	
51	holistic	4,4,4,4,4,4,4,4,4,4,4,4,4,4,4	
51	conventional	4,4,4,4,4,4,4,4,4,4,4,4,4,4,4	
52	holistic	4,4,4,4,4,4,4,4,4,4,4,4,4,4,4	
52	conventional	4,4,4,4,4,4,4,4,4,4,4,4,4,4,4	
53	holistic	4,4,4,4,4,4,4,4,4,4,4,4,4,4,4	
53	conventional	4,4,4,4,4,4,4,4,4,4,4,4,4,4,4	
54	holistic	4,4,4,4,4,4,4,4,4,4,4,4,4,4,4	
54	conventional	4,4,4,4,4,4,4,4,4,4,4,4,4,4,4	
55	holistic	4,4,4,4,4,4,4,4,4,4,4,4,4,4,4	
55	conventional	4,4,4,4,4,4,4,4,4,4,4,4,4,4,4	
56	holistic	4,4,4,4,4,4,4,4,4,4,4,4,4,4,4	
56	conventional	4,4,4,4,4,4,4,4,4,4,4,4,4,4,4	
57	holistic	4,4,4,4,4,4,4,4,4,4,4,4,4,4,4	
57	conventional	4,4,4,4,4,4,4,4,4,4,4,4,4,4,4	
58	holistic	4,4,4,4,4,4,4,4,4,4,4,4,4,4,4	
58	conventional	4,4,4,4,4,4,4,4,4,4,4,4,4,4,4	
59	holistic	4,4,4,4,4,4,4,4,4,4,4,4,4,4,4	
59	conventional	4,4,4,4,4,4,4,4,4,4,4,4,4,4,4	
60	holistic	4,4,4,4,4,4,4,4,4,4,4,4,4,4,4	
60	conventional	4,4,4,4,4,4,4,4,4,4,4,4,4,4,4	
61	holistic	4,4,4,4,4,4,4,4,4,4,4,4,4,4,4	
61	conventional	4,4,4,4,4,4,4,4,4,4,4,4,4,4,4	
62	holistic	4,4,4,4,4,4,4,4,4,4,4,4,4,4,4	
62	conventional	4,4,4,4,4,4,4,4,4,4,4,4,4,4,4	
63	holistic	4,4,4,4,4,4,4,4,4,4,4,4,4,4,4	
63	conventional	4,4,4,4,4,4,4,4,4,4,4,4,4,4,4	
64	holistic	4,4,4,4,4,4,4,4,4,4,4,4,4,4,4	
64	conventional	4,4,4,4,4,4,4,4,4,4,4,4,4,4,4	
65	holistic	4,4,4,4,4,4,4,4,4,4,4,4,4,4,4	
65	conventional	4,4,4,4,4,4,4,4,4,4,4,4,4,4,4	
66	holistic	4,4,4,4,4,4,4,4,4,4,4,4,4,4,4	
66	conventional	4,4,4,4,4,4,4,4,4,4,4,4,4,4,4	
67	holistic	4,4,4,4,4,4,4,4,4,4,4,4,4,4,4	
67	conventional	4,4,4,4,4,4,4,4,4,4,4,4,4,4,4	
68	holistic	4,4,4,4,4,4,4,4,4,4,4,4,4,4,4	
68	conventional	4,4,4,4,4,4,4,4,4,4,4,4,4,4,4	
69	holistic	4,4,4,4,4,4,4,4,4,4,4,4,4,4,4	
69	conventional	4,4,4,4,4,4,4,4,4,4,4,4,4,4,4	
70	holistic	4,4,4,4,4,4,4,4,4,4,4,4,4,4,4	
70	conventional	4,4,4,4,4,4,4,4,4,4,4,4,4,4,4	
71	holistic	4,4,4,4,4,4,4,4,4,4,4,4,4,4,4	
71	conventional	4,4,4,4,4,4,4,4,4,4,4,4,4,4,4	
72	holistic	4,4,4,4,4,4,4,4,4,4,4,4,4,4,4	
72	conventional	4,4,4,4,4,4,4,4,4,4,4,4,4,4,4	
73	holistic	4,4,4,4,4,4,4,4,4,4,4,4,4,4,4	
73	conventional	4,4,4,4,4,4,4,4,4,4,4,4,4,4,4	
74	holistic	4,4,4,4,4,4,4,4,4,4,4,4,4,4,4	
74	conventional	4,4,4,4,4,4,4,4,4,4,4,4,4,4,4	
75	holistic	4,4,4,4,4,4,4,4,4,4,4,4,4,4,4	
75	conventional	4,4,4,4,4,4,4,4,4,4,4,4,4,4,4	
76	holistic	4,4,4,4,4,4,4,4,4,4,4,4,4,4,4	
76	conventional	4,4,4,4,4,4,4,4,4,4,4,4,4,4,4	
77	holistic	4,4,4,4,4,4,4,4,4,4,4,4,4,4,4	
77	conventional	4,4,4,4,4,4,4,4,4,4,4,4,4,4,4	
78	holistic	4,4,4,4,4,4,4,4,4,4,4,4,4,4,4	
78	conventional	4,4,4,4,4,4,4,4,4,4,4,4,4,4,4	
79	holistic	4,4,4,4,4,4,4,4,4,4,4,4,4,4,4	
79	conventional	4,4,4,4,4,4,4,4,4,4,4,4,4,4,4	
80	holistic	4,4,4,4,4,4,4,4,4,4,4,4,4,4,4	
80	conventional	4,4,4,4,4,4,4,4,4,4,4,4,4,4,4	
81	holistic	4,4,4,4,4,4,4,4,4,4,4,4,4,4,4	
81	conventional	4,4,4,4,4,4,4,4,4,4,4,4,4,4,4	
82	holistic	4,4,4,4,4,4,4,4,4,4,4,4,4,4,4	
82	conventional	4,4,4,4,4,4,4,4,4,4,4,4,4,4,4	
83	holistic	4,4,4,4,4,4,4,4,4,4,4,4,4,4,4	
83	conventional	4,4,4,4,4,4,4,4,4,4,4,4,4,4,4	
84	holistic	4,4,4,4,4,4,4,4,4,4,4,4,4,4,4	
84	conventional	4,4,4,4,4,4,4,4,4,4,4,4,4,4,4	
85	holistic	4,4,4,4,4,4,4,4,4,4,4,4,4,4,4	
85	conventional	4,4,4,4,4,4,4,4,4,4,4,4,4,4,4	
86	holistic	4,4,4,4,4,4,4,4,4,4,4,4,4,4,4	
86	conventional	4,4,4,4,4,4,4,4,4,4,4,4,4,4,4	
87	holistic	4,4,4,4,4,4,4,4,4,4,4,4,4,4,4	
87	conventional	4,4,4,4,4,4,4,4,4,4,4,4,4,4,4	
88	holistic	4,4,4,4,4,4,4,4,4,4,4,4,4,4,4	
88	conventional	4,4,4,4,4,4,4,4,4,4,4,4,4,4,4	
89	holistic	4,4,4,4,4,4,4,4,4,4,4,4,4,4,4	
89	conventional	4,4,4,4,4,4,4,4,4,4,4,4,4,4,4	
90	holistic	4,4,4,4,4,4,4,4,4,4,4,4,4,4,4	
90	conventional	4,4,4,4,4,4,4,4,4,4,4,4,4,4,4	
91	holistic	4,4,4,4,4,4,4,4,4,4,4,4,4,4,4	
91	conventional	4,4,4,4,4,4,4,4,4,4,4,4,4,4,4	
92	holistic	4,4,4,4,4,4,4,4,4,4,4,4,4,4,4	
92	conventional	4,4,4,4,4,4,4,4,4,4,4,4,4,4,4	
93	holistic	4,4,4,4,4,4,4,4,4,4,4,4,4,4,4	
93	conventional	4,4,4,4,4,4,4,4,4,4,4,4,4,4,4	
94	holistic	4,4,4,4,4,4,4,4,4,4,4,4,4,4,4	
94	conventional	4,4,4,4,4,4,4,4,4,4,4,4,4,4,4	
95	holistic	4,4,4,4,4,4,4,4,4,4,4,4,4,4,4	
95	conventional	4,4,4,4,4,4,4,4,4,4,4,4,4,4,4	
96	holistic	4,4,4,4,4,4,4,4,4,4,4,4,4,4,4	
96	conventional	4,4,4,4,4,4,4,4,4,4,4,4,4,4,4	
97	holistic	4,4,4,4,4,4,4,4,4,4,4,4,4,4,4	
97	conventional	4,4,4,4,4,4,4,4,4,4,4,4,4,4,4	
98	holistic	4,4,4,4,4,4,4,4,4,4,4,4,4,4,4	
98	conventional	4,4,4,4,4,4,4,4,4,4,4,4,4,4,4	
99	holistic	4,4,4,4,4,4,4,4,4,4,4,4,4,4,4	
99	conventional	4,4,4,4,4,4,4,4,4,4,4,4,4,4,4	
100	holistic	4,4,4,4,4,4,4,4,4,4,4,4,4,4,4	
100	conventional	4,4,4,4,4,4,4,4,4,4,4,4,4,4,4	
101	holistic	4,4,4,4,4,4,4,4,4,4,4,4,4,4,4	
101	conventional	4,4,4,4,4,4,4,4,4,4,4,4,4,4,4	
102	holistic	4,4,4,4,4,4,4,4,4,4,4,4,4,4,4	
102	conventional	4,4,4,4,4,4,4,4,4,4,4,4,4,4,4	
103	holistic	4,4,4,4,4,4,4,4,4,4,4,4,4,4,4	
103	conventional	4,4,4,4,4,4,4,4,4,4,4,4,4,4,4	
104	holistic	4,4,4,4,4,4,4,4,4,4,4,4,4,4,4	
104	conventional	4,4,4,4,4,4,4,4,4,4,4,4,4,4,4	
105	holistic	4,4,4,4,4,4,4,4,4,4,4,4,4,4,4	
105	conventional	4,4,4,4,4,4,4,4,4,4,4,4,4,4,4	
106	holistic	4,4,4,4,4,4,4,4,4,4,4,4,4,4,4	
106	conventional	4,4,4,4,4,4,4,4,4,4,4,4,4,4,4	
107	holistic	4,4,4,4,4,4,4,4,4,4,4,4,4,4,4	
107	conventional	4,4,4,4,4,4,4,4,4,4,4,4,4,4,4	
108	holistic	4,4,4,4,4,4,4,4,4,4,4,4,4,4,4	
108	conventional	4,4,4,4,4,4,4,4,4,4,4,4,4,4,4	
109	holistic	4,4,4,4,4,4,4,4,4,4,4,4,4,4,4	
109	conventional	4,4,4,4,4,4,4,4,4,4,4,4,4,4,4	
110	holistic	4,4,4,4,4,4,4,4,4,4,4,4,4,4,4	
110	conventional	4,4,4,4,4,4,4,4,4,4,4,4,4,4,4	
111	holistic	4,4,4,4,4,4,4,4,4,4,4,4,4,4,4	
111	conventional	4,4,4,4,4,4,4,4,4,4,4,4,4,4,4	
112	holistic	4,4,4,4,4,4,4,4,4,4,4,4,4,4,4	
112	conventional	4,4,4,4,4,4,4,4,4,4,4,4,4,4,4	
113	holistic	4,4,4,4,4,4,4,4,4,4,4,4,4,4,4	
113	conventional	4,4,4,4,4,4,4,4,4,4,4,4,4,4,4	
114	holistic	4,4,4,4,4,4,4,4,4,4,4,4,4,4,4	
114	conventional	4,4,4,4,4,4,4,4,4,4,4,4,4,4,4	
115	holistic	4,4,4,4,4,4,4,4,4,4,4,4,4,4,4	
115	conventional	4,4,4,4,4,4,4,4,4,4,4,4,4,4,4	
116	holistic	4,4,4,4,4,4,4,4,4,4,4,4,4,4,4	
116	conventional	4,4,4,4,4,4,4,4,4,4,4,4,4,4,4	
117	holistic	4,4,4,4,4,4,4,4,4,4,4,4,4,4,4	
117	conventional	4,4,4,4,4,4,4,4,4,4,4,4,4,4,4	
118	holistic	4,4,4,4,4,4,4,4,4,4,4,4,4,4,4	
118	conventional	4,4,4,4,4,4,4,4,4,4,4,4,4,4,4	
119	holistic	4,4,4,4,4,4,4,4,4,4,4,4,4,4,4	
119	conventional	4,4,4,4,4,4,4,4,4,4,4,4,4,4,4	
120	holistic	4,4,4,4,4,4,4,4,4,4,4,4,4,4,4	
120	conventional	4,4,4,4,4,4,4,4,4,4,4,4,4,4,4	
121	holistic	4,4,4,4,4,4,4,4,4,4,4,4,4,4,4	
121	conventional	4,4,4,4,4,4,4,4,4,4,4,4,4,4,4	
122	holistic	4,4,4,4,4,4,4,4,4,4,4,4,4,4,4	
122	conventional	4,4,4,4,4,4,4,4,4,4,4,4,4,4,4	
123	holistic	4,4,4,4,4,4,4,4,4,4,4,4,4,4,4	
123	conventional	4,4,4,4,4,4,4,4,4,4,4,4,4,4,4	
124	holistic	4,4,4,4,4,4,4,4,4,4,4,4,4,4,4	
124	conventional	4,4,4,4,4,4,4,4,4,4,4,4,4,4,4	
125	holistic	4,4,4,4,4,4,4,4,4,4,4,4,4,4,4	
125	conventional	4,4,4,4,4,4,4,4,4,4,4,4,4,4,4	
126	holistic	4,4,4,4,4,4,4,4,4,4,4,4,4,4,4	
126	conventional	4,4,4,4,4,4,4,4,4,4,4,4,4,4,4	
127	holistic	4,4,4,4,4,4,4,4,4,4,4,4,4,4,4	
127	conventional	4,4,4,4,4,4,4,4,4,4,4,4,4,4,4	
128	holistic	4,4,4,4,4,4,4,4,4,4,4,4,4,4,4	
128	conventional	4,4,4,4,4,4,4,4,4,4,4,4,4,4,4	
129	holistic	4,4,4,4,4,4,4,4,4,4,4,4,4,4,4	
129	conventional	4,4,4,4,4,4,4,4,4,4,4,4,4,4,4	
130	holistic	4,4,4,4,4,4,4,4,4,4,4,4,4,4,4	
130	conventional	4,4,4,4,4,4,4,4,4,4,4,4,4,4,4	
131	holistic	4,4,4,4,4,4,4,4,4,4,4,4,4,4,4	
131	conventional	4,4,4,4,4,4,4,4,4,4,4,4,4,4,4	
132	holistic	4,4,4,4,4,4,4,4,4,4,4,4,4,4,4	
132	conventional	4,4,4,4,4,4,4,4,4,4,4,4,4,4,4	
133	holistic	4,4,4,4,4,4,4,4,4,4,4,4,4,4,4	
133	conventional	4,4,4,4,4,4,4,4,4,4,4,4,4,4,4	
134	holistic	4,4,4,4,4,4,4,4,4,4,4,4,4,4,4	
134	conventional	4,4,4,4,4,4,4,4,4,4,4,4,4,4,4	
135	holistic	4,4,4,4,4,4,4,4,4,4,4,4,4,4,4	
135	conventional	4,4,4,4,4,4,4,4,4,4,4,4,4,4,4	
136	holistic	4,4,4,4,4,4,4,4,4,4,4,4,4,4,4	
136	conventional	4,4,4,4,4,4,4,4,4,4,4,4,4,4,4	
137	holistic	4,4,4,4,4,4,4,4,4,4,4,4,4,4,4	
137	conventional	4,4,4,4,4,4,4,4,4,4,4,4,4,4,4	
138	holistic	4,4,4,4,4,4,4,4,4,4,4,4,4,4,4	
138	conventional	4,4,4,4,4,4,4,4,4,4,4,4,4,4,4	
139	holistic	4,4,4,4,4,4,4,4,4,4,4,4,4,4,4	
139	conventional	4,4,4,4,4,4,4,4,4,4,4,4,4,4,4	
140	holistic	4,4,4,4,4,4,4,4,4,4,4,4,4,4,4	
140	conventional	4,4,4,4,4,4,4,4,4,4,4,4,4,4,4	
141	holistic	4,4,4,4,4,4,4,4,4,4,4,4,4,4,4	
141	conventional	4,4,4,4,4,4,4,4,4,4,4,4,4,4,4	
142	holistic	4,4,4,4,4,4,4,4,4,4,4,4,4,4,4	
142	conventional	4,4,4,4,4,4,4,4,4,4,4,4,4,4,4	
143	holistic	4,4,4,4,4,4,4,4,4,4,4,4,4,4,4	
143	conventional	4,4,4,4,4,4,4,4,4,4,4,4,4,4,4	
144	holistic	4,4,4,4,4,4,4,4,4,4,4,4,4,4,4	
144	conventional	4,4,4,4,4,4,4,4,4,4,4,4,4,4,4	
145	holistic	4,4,4,4,4,4,4,4,4,4,4,4,4,4,4	
145	conventional	4,4,4,4,4,4,4,4,4,4,4,4,4,4,4	
146	holistic	4,4,4,4,4,4,4,4,4,4,4,4,4,4,4	
146	conventional	4,4,4,4,4,4,4,4,4,4,4,4,4,4,4	
147	holistic	4,4,4,4,4,4,4,4,4,4,4,4,4,4,4	
147	conventional	4,4,4,4,4,4,4,4,4,4,4,4,4,4,4	
148	holistic	4,4,4,4,4,4,4,4,4,4,4,4,4,4,4	
148	conventional	4,4,4,4,4,4,4,4,4,4,4,4,4,4,4	
149	holistic	4,4,4,4,4,4,4,4,4,4,4,4,4,4,4	
149	conventional	4,4,4,4,4,4,4,4,4,4,4,4,4,4,4	
150	holistic	4,4,4,4,4,4,4,4,4,4,4,4,4,4,4	
150	conventional	4,4,4,4,4,4,4,4,4,4,4,4,4,4,4	
151	holistic	4,4,4,4,4,4,4,4,4,4,4,4,4,4,4	
151	conventional	4,4,4,4,4,4,4,4,4,4,4,4,4,4,4	
152	holistic	4,4,4,4,4,4,4,4,4,4,4,4,4,4,4	
152	conventional	4,4,4,4,4,4,4,4,4,4,4,4,4,4,4	
153	holistic	4,4,4,4,4,4,4,4,4,4,4,4,4,4,4	
153	conventional	4,4,4,4,4,4,4,4,4,4,4,4,4,4,4	
154	holistic	4,4,4,4,4,4,4,4,4,4,4,4,4,4,4	
154	conventional	4,4,4,4,4,4,4,4,4,4,4,4,4,4,4	
155	holistic	4,4,4,4,4,4,4,4,4,4,4,4,4,4,4	
155	conventional	4,4,4,4,4,4,4,4,4,4,4,4,4,4,4	
156	holistic	4,4,4,4,4,4,4,4,4,4,4,4,4,4,4	
156	conventional	4,4,4,4,4,4,4,4,4,4,4,4,4,4,4	
157	holistic	4,4,4,4,4,4,4,4,4,4,4,4,4,4,4	
157	conventional	4,4,4,4,4,4,4,4,4,4,4,4,4,4,4	
158	holistic	4,4,4,4,4,4,4,4,4,4,4,4,4,4,4	
158	conventional	4,4,4,4,4,4,4,4,4,4,4,4,4,4,4	
159	holistic	4,4,4,4,4,4,4,4,4,4,4,4,4,4,4	
159	conventional	4,4,4,4,4,4,4,4,4,4,4,4,4,4,4	
160	holistic	4,4,4,4,4,4,4,4,4,4,4,4,4,4,4	
160	conventional	4,4,4,4,4,4,4,4,4,4,4,4,4,4,4	
161	holistic	4,4,4,4,4,4,4,4,4,4,4,4,4,4,4	
161	conventional	4,4,4,4,4,4,4,4,4,4,4,4,4,4,4	
162	holistic	4,4,4,4,4,4,4,4,4,4,4,4,4,4,4	
162	conventional	4,4,4,4,4,4,4,4,4,4,4,4,4,4,4	
163	holistic	4,4,4,4,4,4,4,4,4,4,4,4,4,4,4	
163	conventional	4,4,4,4,4,4,4,4,4,4,4,4,4,4,4	
164	holistic	4,4,4,4,4,4,4,4,4,4,4,4,4,4,4	
164	conventional	4,4,4,4,4,4,4,4,4,4,4,4,4,4,4	
165	holistic	4,4,4,4,4,4,4,4,4,4,4,4,4,4,4	
165	conventional	4,4,4,4,4,4,4,4,4,4,4,4,4,4,4	
166	holistic	4,4,4,4,4,4,4,4,4,4,4,4,4,4,4	
166	conventional	4,4,4,4,4,4,4,4,4,4,4,4,4,4,4	
167	holistic	4,4,4,4,4,4,4,4,4,4,4,4,4,4,4	
167	conventional	4,4,4,4,4,4,4,4,4,4,4,4,4,4,4	
168	holistic	4,4,4,4,4,4,4,4,4,4,4,4,4,4,4	
168	conventional	4,4,4,4,4,4,4,4,4,4,4,4,4,4,4	
169	holistic	4,4,4,4,4,4,4,4,4,4,4,4,4,4,4	
169	conventional	4,4,4,4,4,4,4,4,4,4,4,4,4,4,4	
170	holistic	4,4,4,4,4,4,4,4,4,4,4,4,4,4,4	
170	conventional	4,4,4,4,4,4,4,4,4,4,4,4,4,4,4	
171	holistic	4,4,4,4,4,4,4,4,4,4,4,4,4,4,4	
171	conventional	4,4,4,4,4,4,4,4,4,4,4,4,4,4,4	
172	holistic	4,4,4,4,4,4,4,4,4,4,4,4,4,4,4	
172	conventional	4,4,4,4,4,4,4,4,4,4,4,4,4,4,4	
173	holistic	4,4,4,4,4,4,4,4,4,4,4,4,4,4,4	
173	conventional	4,4,4,4,4,4,4,4,4,4,4,4,4,4,4	
174	holistic	4,4,4,4,4,4,4,4,4,4,4,4,4,4,4	
174	conventional	4,4,4,4,4,4,4,4,4,4,4,4,4,4,4	
175	holistic	4,4,4,4,4,4,4,4,4,4,4,4,4,4,4	
175	conventional	4,4,4,4,4,4,4,4,4,4,4,4,4,4,4	
176	holistic	4,4,4,4,4,4,4,4,4,4,4,4,4,4,4	
176	conventional	4,4,4,4,4,4,4,4,4,4,4,4,4,4,4	
177	holistic	4,4,4,4,4,4,4,4,4,4,4,4,4,4,4	
177	conventional	4,4,4,4,4,4,4,4,4,4,4,4,4,4,4	
178	holistic	4,4,4,4,4,4,4,4,4,4,4,4,4,4,4	
178	conventional	4,4,4,4,4,4,4,4,4,4,4,4,4,4,4	
179	holistic	4,4,4,4,4,4,4,4,4,4,4,4,4,4,4	
179	conventional	4,4,4,4,4,4,4,4,4,4,4,4,4,4,4	
180	holistic	4,4,4,4,4,4,4,4,4,4,4,4,4,4,4	
180	conventional	4,4,4,4,4,4,4,4,4,4,4,4,4,4,4	
181	holistic	4,4,4,4,4,4,4,4,4,4,4,4,4,4,4	
181	conventional	4,4,4,4,4,4,4,4,4,4,4,4,4,4,4	
182	holistic	4,4,4,4,4,4,4,4,4,4,4,4,4,4,4	
182	conventional	4,4,4,4,4,4,4,4,4,4,4,4,4,4,4	
183	holistic	4,4,4,4,4,4,4,4,4,4,4,4,4,4,4	
183	conventional	4,4,4,4,4,4,4,4,4,4,4,4,4,4,4	
184	holistic	4,4,4,4,4,4,4,4,4,4,4,4,4,4,4	
184	conventional	4,4,4,4,4,4,4,4,4,4,4,4,4,4,4	
185	holistic	4,4,4,4,4,4,4,4,4,4,4,4,4,4,4	
185	conventional	4,4,4,4,4,4,4,4,4,4,4,4,4,4,4	
186	holistic	4,4,4,4,4,4,4,4,4,4,4,4,4,4,4	
186	conventional	4,4,4,4,4,4,4,4,4,4,4,4,4,4,4	
187	holistic	4,4,4,4,4,4,4,4,4,4,4,4,4,4,4	
187	conventional	4,4,4,4,4,4,4,4,4,4,4,4,4,4,4	
188	holistic	4,4,4,4,4,4,4,4,4,4,4,4,4,4,4	
188	conventional	4,4,4,4,4,4,4,4,4,4,4,4,4,4,4	
189	holistic	4,4,4,4,4,4,4,4,4,4,4,4,4,4,4	
189	conventional	4,4,4,4,4,4,4,4,4,4,4,4,4,4,4	
190	holistic	4,4,4,4,4,4,4,4,4,4,4,4,4,4,4	
190	conventional	4,4,4,4,4,4,4,4,4,4,4,4,4,4,4	
191	holistic	4,4,4,4,4,4,4,4,4,4,4,4,4,4,4	
191	conventional	4,4,4,4,4,4,4,4,4,4,4,4,4,4,4	
192	holistic	4,4,4,4,4,4,4,4,4,4,4,4,4,4,4	
192	conventional	4,4,4,4,4,4,4,4,4,4,4,4,4,4,4	
193	holistic	4,4,4,4,4,4,4,4,4,4,4,4,4,4,4	
193	conventional	4,4,4,4,4,4,4,4,4,4,4,4,4,4,4	
194	holistic	4,4,4,4,4,4,4,4,4,4,4,4,4,4,4	
194	conventional	4,4,4,4,4,4,4,4,4,4,4,4,4,4,4	
195	holistic	4,4,4,4,4,4,4,4,4,4,4,4,4,4,4	
195	conventional	4,4,4,4,4,4,4,4,4,4,4,4,4,4,4	
196	holistic	4,4,4,4,4,4,4,4,4,4,4,4,4,4,4	
196	conventional	4,4,4,4,4,4,4,4,4,4,4,4,4,4,4	
197	holistic	4,4,4,4,4,4,4,4,4,4,4,4,4,4,4	
197	conventional	4,4,4,4,4,4,4,4,4,4,4,4,4,4,4	
198	holistic	4,4,4,4,4,4,4,4,4,4,4,4,4,4,4	
198	conventional	4,4,4,4,4,4,4,4,4,4,4,4,4,4,4	
199	holistic	4,4,4,4,4,4,4,4,4,4,4,4,4,4,4	
199	conventional	4,4,4,4,4,4,4,4,4,4,4,4,4,4,4	
200	holistic	4,4,4,4,4,4,4,4,4,4,4,4,4,4,4	
200	conventional	4,4,4,4,4,4,4,4,4,4,4,4,4,4,4	
201	holistic	4,4,4,4,4,4,4,4,4,4,4,4,4,4,4	
201	conventional	4,4,4,4,4,4,4,4,4,4,4,4,4,4,4	
202	holistic	4,4,4,4,4,4,4,4,4,4,4,4,4,4,4	
202	conventional	4,4,4,4,4,4,4,4,4,4,4,4,4,4,4	
203	holistic	4,4,4,4,4,4,4,4,4,4,4,4,4,4,4	
203	conventional	4,4,4,4,4,4,4,4,4,4,4,4,4,4,4	
204	holistic	4,4,4,4,4,4,4,4,4,4,4,4,4,4,4	
204	conventional	4,4,4,4,4,4,4,4,4,4,4,4,4,4,4	
205	holistic	4,4,4,4,4,4,4,4,4,4,4,4,4,4,4	
205	conventional	4,4,4,4,4,4,4,4,4,4,4,4,4,4,4	
206	holistic	4,4,4,4,4,4,4,4,4,4,4,4,4,4,4	
206	conventional	4,4,4,4,4,4,4,4,4,4,4,4,4,4,4	
207	holistic	4,4,4,4,4,4,4,4,4,4,4,4,4,4,4	
207	conventional	4,4,4,4,4,4,4,4,4,4,4,4,4,4,4	
208	holistic	4,4,4,4,4,4,4,4,4,4,4,4,4,4,4	
208	conventional	4,4,4,4,4,4,4,4,4,4,4,4,4,4,4	
209	holistic	4,4,4,4,4,4,4,4,4,4,4,4,4,4,4	
209	conventional	4,4,4,4,4,4,4,4,4,4,4,4,4,4,4	
210	holistic	4,4,4,4,4,4,4,4,4,4,4,4,4,4,4	
210	conventional	4,4,4,4,4,4,4,4,4,4,4,4,4,4,4	
211	holistic	4,4,4,4,4,4,4,4,4,4,4,4,4,4,4	
211	conventional	4,4,4,4,4,4,4,4,4,4,4,4,4,4,4	
212	holistic	4,4,4,4,4,4,4,4,4,4,4,4,4,4,4	
212	conventional	4,4,4,4,4,4,4,4,4,4,4,4,4,4,4	
213	holistic	4,4,4,4,4,4,4,4,4,4,4,4,4,4,4	
213	conventional	4,4,4,4,4,4,4,4,4,4,4,4,4,4,4	
214	holistic	4,4,4,4,4,4,4,4,4,4,4,4,4,4,4	
214	conventional	4,4,4,4,4,4,4,4,4,4,4,4,4,4,4	
215	holistic	4,4,4,4,4,4,4,4,4,4,4,4,4,4,4	
215	conventional	4,4,4,4,4,4,4,4,4,4,4,4,4,4,4	
216	holistic	4,4,4,4,4,4,4,4,4,4,4,4,4,4,4	
216	conventional	4,4,4,4,4,4,4,4,4,4,4,4,4,4,4	
217	holistic	4,4,4,4,4,4,4,4,4,4,4,4,4,4,4	
217	conventional	4,4,4,4,4,4,4,4,4,4,4,4,4,4,4	
218	holistic	4,4,4,4,4,4,4,4,4,4,4,4,4,4,4	
218	conventional	4,4,4,4,4,4,4,4,4,4,4,4,4,4,4	
219	holistic	4,4,4,4,4,4,4,4,4,4,4,4,4,4,4	
219	conventional	4,4,4,4,4,4,4,4,4,4,4,4,4,4,4	
220	holistic	4,4,4,4,4,4,4,4,4,4,4,4,4,4,4	
220	conventional	4,4,4,4,4,4,4,4,4,4,4,4,4,4,4	
221	holistic	4,4,4,4,4,4,4,4,4,4,4,4,4,4,4	
221	conventional	4,4,4,4,4,4,4,4,4,4,4,4,4,4,4	
222	holistic	4,4,4,4,4,4,4,4,4,4,4,4,4,4,4	
222	conventional	4,4,4,4,4,4,4,4,4,4,4,4,4,4,4	
223	holistic	4,4,4,4,4,4,4,4,4,4,4,4,4,4,4	
223	conventional	4,4,4,4,4,4,4,4,4,4,4,4,4,4,4	
224	holistic	4,4,4,4,4,4,4,4,4,4,4,4,4,4,4	
224	conventional	4,4,4,4,4,4,4,4,4,4,4,4,4,4,4	
225	holistic	4,4,4,4,4,4,4,4,4,4,4,4,4,4,4	
225	conventional	4,4,4,4,4,4,4,4,4,4,4,4,4,4,4	
226	holistic	4,4,4,4,4,4,4,4,4,4,4,4,4,4,4	
226	conventional	4,4,4,4,4,4,4,4,4,4,4,4,4,4,4	
227	holistic	4,4,4,4,4,4,4,4,4,4,4,4,4,4,4	
227	conventional	4,4,4,4,4,4,4,4,4,4,4,4,4,4,4	
228	holistic	4,4,4,4,4,4,4,4,4,4,4,4,4,4,4	
228	conventional	4,4,4,4,4,4,4,4,4,4,4,4,4,4,4	
229	holistic	4,4,4,4,4,4,4,4,4,4,4,4,4,4,4	
229	conventional	4,4,4,4,4,4,4,4,4,4,4,4,4,4,4	
230	holistic	4,4,4,4,4,4,4,4,4,4,4,4,4,4,4	
230	conventional	4,4,4,4,4,4,4,4,4,4,4,4,4,4,4	
231	holistic	4,4,4,4,4,4,4,4,4,4,4,4,4,4,4	
231	conventional	4,4,4,4,4,4,4,4,4,4,4,4,4,4,4	
232	holistic	4,4,4,4,4,4,4,4,4,4,4,4,4,4,4	
232	conventional	4,4,4,4,4,4,4,4,4,4,4,4,4,4,4	
233	holistic	4,4,4,4,4,4,4,4,4,4,4,4,4,4,4	
233	conventional	4,4,4,4,4,4,4,4,4,4,4,4,4,4,4	
234	holistic	4,4,4,4,4,4,4,4,4,4,4,4,4,4,4	
234	conventional	4,4,4,4,4,4,4,4,4,4,4,4,4,4,4	
235	holistic	4,4,4,4,4,4,4,4,4,4,4,4,4,4,4	
235	conventional	4,4,4,4,4,4,4,4,4,4,4,4,4,4,4	
236	holistic	4,4,4,4,4,4,4,4,4,4,4,4,4,4,4	
236	conventional	4,4,4,4,4,4,4,4,4,4,4,4,4,4,4	
237	holistic	4,4,4,4,4,4,4,4,4,4,4,4,4,4,4	
237	conventional	4,4,4,4,4,4,4,4,4,4,4,4,4,4,4	
238	holistic	4,4,4,4,4,4,4,4,4,4,4,4,4,4,4	
238	conventional	4,4,4,4,4,4,4,4,4,4,4,4,4,4,4	
239	holistic	4,4,4,4,4,4,4,4,4,4,4,4,4,4,4	
239	conventional	4,4,4,4,4,4,4,4,4,4,4,4,4,4,4	
240	holistic	4,4,4,4,4,4,4,4,4,4,4,4,4,4,4	
240	conventional	4,4,4,4,4,4,4,4,4,4,4,4,4,4,4	
241	holistic	4,4,4,4,4,4,4,4,4,4,4,4,4,4,4	
241	conventional	4,4,4,4,4,4,4,4,4,4,4,4,4,4,4	
242	holistic	4,4,4,4,4,4,4,4,4,4,4,4,4,4,4	
242	conventional	4,4,4,4,4,4,4,4,4,4,4,4,4,4,4	
243	holistic	4,4,4,4,4,4,4,4,4,4,4,4,4,4,4	
243	conventional	4,4,4,4,4,4,4,4,4,4,4,4,4,4,4	
244	holistic	4,4,4,4,4,4,4,4,4,4,4,4,4,4,4	
244	conventional	4,4,4,4,4,4,4,4,4,4,4,4,4,4,4	
245	holistic	4,4,4,4,4,4,4,4,4,4,4,4,4,4,4	
245	conventional	4,4,4,4,4,4,4,4,4,4,4,4,4,4,4	
246	holistic	4,4,4,4,4,4,4,4,4,4,4,4,4,4,4	
246	conventional	4,4,4,4,4,4,4,4,4,4,4,4,4,4,4	
247	holistic	4,4,4,4,4,4,4,4,4,4,4,4,4,4,4	
247	conventional	4,4,4,4,4,4,4,4,4,4,4,4,4,4,4	
248	holistic	4,4,4,4,4,4,4,4,4,4,4,4,4,4,4	
248	conventional	4,4,4,4,4,4,4,4,4,4,4,4,4,4,4	
249	holistic	4,4,4,4,4,4,4,4,4,4,4,4,4,4,4	
249	conventional	4,4,4,4,4,4,4,4,4,4,4,4,4,4,4	
250	holistic	4,4,4,4,4,4,4,4,4,4,4,4,4,4,4	
250	conventional	4,4,4,4,4,4,4,4,4,4,4,4,4,4,4	
251	holistic	4,4,4,4,4,4,4,4,4,4,4,4,4,4,4	
251	conventional	4,4,4,4,4,4,4,4,4,4,4,4,4,4,4	
252	holistic	4,4,4,4,4,4,4,4,4,4,4,4,4,4,4	
252	conventional	4,4,4,4,4,4,4,4,4,4,4,4,4,4,4	
253	holistic	4,4,4,4,4,4,4,4,4,4,4,4,4,4,4	
253	conventional	4,4,4,4,4,4,4,4,4,4,4,4,4,4,4	
254	holistic	4,4,4,4,4,4,4,4,4,4,4,4,4,4,4	
254	conventional	4,4,4,4,4,4,4,4,4,4,4,4,4,4,4	
255	holistic	4,4,4,4,4,4,4,4,4,4,4,4,4,4,4	
255	conventional	4,4,4,4,4,4,4,4,4,4,4,4,4,4,4	
256	holistic	4,4,4,4,4,4,4,4,4,4,4,4,4,4,4	
256	conventional	4,4,4,4,4,4,4,4,4,4,4,4,4,4,4	
257	holistic	4,4,4,4,4,4,4,4,4,4,4,4,4,4,4	
257	conventional	4,4,4,4,4,4,4,4,4,4,4,4,4,4,4	
258	holistic	4,4,4,4,4,4,4,4,4,4,4,4,4,4,4	
258	conventional	4,4,4,4,4,4,4,4,4,4,4,4,4,4,4	
259	holistic	4,4,4,4,4,4,4,4,4,4,4,4,4,4,4	
259	conventional	4,4,4,4,4,4,4,4,4,4,4,4,4,4,4	
260	holistic	4,4,4,4,4,4,4,4,4,4,4,4,4,4,4	
260	conventional	4,4,4,4,4,4,4,4,4,4,4,4,4,4,4	
261	holistic	4,4,4,4,4,4,4,4,4,4,4,4,4,4,4	
261	conventional	4,4,4,4,4,4,4,4,4,4,4,4,4,4,4	
262	holistic	4,4,4,4,4,4,4,4,4,4,4,4,4,4,4	
262	conventional	4,4,4,4,4,4,4,4,4,4,4,4,4,4,4	
263	holistic	4,4,4,4,4,4,4,4,4,4,4,4,4,4,4	
263	conventional	4,4,4,4,4,4,4,4,4,4,4,4,4,4,4	
264	holistic	4,4,4,4,4,4,4,4,4,4,4,4,4,4,4	
264	conventional	4,4,4,4,4,4,4,4,4,4,4,4,4,4,4	
265	holistic	4,4,4,4,4,4,4,4,4,4,4,4,4,4,4	
265	conventional	4,4,4,4,4,4,4,4,4,4,4,4,4,4,4	
266	holistic	4,4,4,4,4,4,4,4,4,4,4,4,4,4,4	
266	conventional	4,4,4,4,4,4,4,4,4,4,4,4,4,4,4	
267	holistic	4,4,4,4,4,4,4,4,4,4,4,4,4,4,4	
267	conventional	4,4,4,4,4,4,4,4,4,4,4,4,4,4,4	
268	holistic	4,4,4,4,4,4,4,4,4,4,4,4,4,4,4	
268	conventional	4,4,4,4,4,4,4,4,4,4,4,4,4,4,4	
269	holistic	4,4,4,4,4,4,4,4,4,4,4,4,4,4,4	
269	conventional	4,4,4,4,4,4,4,4,4,4,4,4,4,4,4	
270	holistic	4,4,4,4,4,4,4,4,4,4,4,4,4,4,4	
270	conventional	4,4,4,4,4,4,4,4,4,4,4,4,4,4,4	
271	holistic	4,4,4,4,4,4,4,4,4,4,4,4,4,4,4	
271	conventional	4,4,4,4,4,4,4,4,4,4,4,4,4,4,4	
272	holistic	4,4,4,4,4,4,4,4,4,4,4,4,4,4,4	
272	conventional	4,4,4,4,4,4,4,4,4,4,4,4,4,4,4	
273	holistic	4,4,4,4,4,4,4,4,4,4,4,4,4,4,4	
273	conventional	4,4,4,4,4,4,4,4,4,4,4,4,4,4,4	
274	holistic	4,4,4,4,4,4,4,4,4,4,4,4,4,4,4	
274	conventional	4,4,4,4,4,4,4,4,4,4,4,4,4,4,4	
275	holistic	4,4,4,4,4,4,4,4,4,4,4,4,4,4,4	
275	conventional	4,4,4,4,4,4,4,4,4,4,4,4,4,4,4	
276	holistic	4,4,4,4,4,4,4,4,4,4,4,4,4,4,4	
276	conventional	4,4,4,4,4,4,4,4,4,4,4,4,4,4,4	
277	holistic	4,4,4,4,4,4,4,4,4,4,4,4,4,4,4	
277	conventional	4,4,4,4,4,4,4,4,4,4,4,4,4,4,4	
278	holistic	4,4,4,4,4,4,4,4,4,4,4,4,4,4,4	
278	conventional	4,4,4,4,4,4,4,4,4,4,4,4,4,4,4	
279	holistic	4,4,4,4,4,4,4,4,4,4,4,4,4,4,4	
279	conventional	4,4,4,4,4,4,4,4,4,4,4,4,4,4,4	
280	holistic	4,4,4,4,4,4,4,4,4,4,4,4,4,4,4	
280	conventional	4,4,4,4,4,4,4,4,4,4,4,4,4,4,4	
281	holistic	4,4,4,4,4,4,4,4,4,4,4,4,4,4,4	
281	conventional	4,4,4,4,4,4,4,4,4,4,4,4,4,4,4	
282	holistic	4,4,4,4,4,4,4,4,4,4,4,4,4,4,4	
282	conventional	4,4,4,4,4,4,4,4,4,4,4,4,4,4,4	
283	holistic	4,4,4,4,4,4,4,4,4,4,4,4,4,4,4	
283	conventional	4,4,4,4,4,4,4,4,4,4,4,4,4,4,4	
284	holistic	4,4,4,4,4,4,4,4,4,4,4,4,4,4,4	
284	conventional	4,4,4,4,4,4,4,4,4,4,4,4,4,4,4	
285	holistic	4,4,4,4,4,4,4,4,4,4,4,4,4,4,4	
285	conventional	4,4,4,4,4,4,4,4,4,4,4,4,4,4,4	
286	holistic	4,4,4,4,4,4,4,4,4,4,4,4,4,4,4	
286	conventional	4,4,4,4,4,4,4,4,4,4,4,4,4,4,4	
287	holistic	4,4,4,4,4,4,4,4,4,4,4,4,4,4,4	
287	conventional	4,4,4,4,4,4,4,4,4,4,4,4,4,4,4	
288	holistic	4,4,4,4,4,4,4,4,4,4,4,4,4,4,4	
288	conventional	4,4,4,4,4,4,4,4,4,4,4,4,4,4,4	
289	holistic	4,4,4,4,4,4,4,4,4,4,4,4,4,4,4	
289	conventional	4,4,4,4,4,4,4,4,4,4,4,4,4,4,4	
290	holistic	4,4,4,4,4,4,4,4,4,4,4,4,4,4,4	
290	conventional	4,4,4,4,4,4,4,4,4,4,4,4,4,4,4	
291	holistic	4,4,4,4,4,4,4,4,4,4,4,4,4,4,4	
291	conventional	4,4,4,4,4,4,4,4,4,4,4,4,4,4,4	
292	holistic	4,4,4,4,4,4,4,4,4,4,4,4,4,4,4	
292	conventional	4,4,4,4,4,4,4,4,4,4,4,4,4,4,4	
293	holistic	4,4,4,4,4,4,4,4,4,4,4,4,4,4,4	
293	conventional	4,4,4,4,4,4,4,4,4,4,4,4,4,4,4	
294	holistic	4,4,4,4,4,4,4,4,4,4,4,4,4,4,4	
294	conventional	4,4,4,4,4,4,4,4,4,4,4,4,4,4,4	
295	holistic	4,4,4,4,4,4,4,4,4,4,4,4,4,4,4	
295	conventional	4,4,4,4,4,4,4,4,4,4,4,4,4,4,4	
296	holistic	4,4,4,4,4,4,4,4,4,4,4,4,4,4,4	
296	conventional	4,4,4,4,4,4,4,4,4,4,4,4,4,4,4	
297	holistic	4,4,4,4,4,4,4,4,4,4,4,4,4,4,4	
297	conventional	4,4,4,4,4,4,4,4,4,4,4,4,4,4,4	
298	holistic	4,4,4,4,4,4,4,4,4,4,4,4,4,4,4	
298	conventional	4,4,4,4,4,4,4,4,4,4,4,4,4,4,4	
299	holistic	4,4,4,4,4,4,4,4,4,4,4,4,4,4,4	
299	conventional	4,4,4,4,4,4,4,4,4,4,4,4,4,4,4	
300	holistic	4,4,4,4,4,4,4,4,4,4,4,4,4,4,4	
300	conventional	4,4,4,4,4,4,4,4,4,4,4,4,4,4,4	
301	holistic	4,4,4,4,4,4,4,4,4,4,4,4,4,4,4	
301	conventional	4,4,4,4,4,4,4,4,4,4,4,4,4,4,4	
302	holistic	4,4,4,4,4,4,4,4,4,4,4,4,4,4,4	
302	conventional	4,4,4,4,4,4,4,4,4,4,4,4,4,4,4	
303	holistic	4,4,4,4,4,4,4,4,4,4,4,4,4,4,4	
303	conventional	4,4,4,4,4,4,4,4,4,4,4,4,4,4,4	
304	holistic	4,4,4,4,4,4,4,4,4,4,4,4,4,4,4	
304	conventional	4,4,4,4,4,4,4,4,4,4,4,4,4,4,4	
305	holistic	4,4,4,4,4,4,4,4,4,4,4,4,4,4,4	
305	conventional	4,4,4,4,4,4,4,4,4,4,4,4,4,4,4	
306	holistic	4,4,4,4,4,4,4,4,4,4,4,4,4,4,4	
306	conventional	4,4,4,4,4,4,4,4,4,4,4,4,4,4,4	
307	holistic	4,4,4,4,4,4,4,4,4,4,4,4,4,4,4	
307	conventional	4,4,4,4,4,4,4,4,4,4,4,4,4,4,4	
308	holistic	4,4,4,4,4,4,4,4,4,4,4,4,4,4,4	
308	conventional	4,4,4,4,4,4,4,4,4,4,4,4,4,4,4	
309	holistic	4,4,4,4,4,4,4,4,4,4,4,4,4,4,4	
309	conventional	4,4,4,4,4,4,4,4,4,4,4,4,4,4,4	
310	holistic	4,4,4,4,4,4,4,4,4,4,4,4,4,4,4	
310	conventional	4,4,4,4,4,4,4,4,4,4,4,4,4,4,4	
311	holistic	4,4,4,4,4,4,4,4,4,4,4,4,4,4,4	
311	conventional	4,4,4,4,4,4,4,4,4,4,4,4,4,4,4	
312	holistic	4,4,4,4,4,4,4,4,4,4,4,4,4,4,4	
312	conventional	4,4,4,4,4,4,4,4,4,4,4,4,4,4,4	
313	holistic	4,4,4,4,4,4,4,4,4,4,4,4,4,4,4	
313	conventional	4,4,4,4,4,4,4,4,4,4,4,4,4,4,4	
314	holistic	4,4,4,4,4,4,4,4,4,4,4,4,4,4,4	
314	conventional	4,4,4,4,4,4,4,4,4,4,4,4,4,4,4	
315	holistic	4,4,4,4,4,4,4,4,4,4,4,4,4,4,4	
315	conventional	4,4,4,4,4,4,4,4,4,4,4,4,4,4,4	
316	holistic	4,4,4,4,4,4,4,4,4,4,4,4,4,4,4	
316	conventional	4,4,4,4,4,4,4,4,4,4,4,4,4,4,4	
317	holistic	4,4,4,4,4,4,4,4,4,4,4,4,4,4,4	
317	conventional	4,4,4,4,4,4,4,4,4,4,4,4,4,4,4	
318	holistic	4,4,4,4,4,4,4,4,4,4,4,4,4,4,4	
318	conventional	4,4,4,4,4,4,4,4,4,4,4,4,4,4,4	
319	holistic	4,4,4,4,4,4,4,4,4,4,4,4,4,4,4	
319	conventional	4,4,4,4,4,4,4,4,4,4,4,4,4,4,4	
320	holistic	4,4,4,4,4,4,4,4,4,4,4,4,4,4,4	
320	conventional	4,4,4,4,4,4,4,4,4,4,4,4,4,4,4	
321	holistic	4,4,4,4,4,4,4,4,4,4,4,4,4,4,4	
321	conventional	4,4,4,4,4,4,4,4,4,4,4,4,4,4,4	
322	holistic	4,4,4,4,4,4,4,4,4,4,4,4,4,4,4	
322	conventional	4,4,4,4,4,4,4,4,4,4,4,4,4,4,4	
323	holistic	4,4,4,4,4,4,4,4,4,4,4,4,4,4,4	
323	conventional	4,4,4,4,4,4,4,4,4,4,4,4,4,4,4	
324	holistic	4,4,4,4,4,4,4,4,4,4,4,4,4,4,4	
324	conventional	4,4,4,4,4,4,4,4,4,4,4,4,4,4,4	
325	holistic	4,4,4,4,4,4,4,4,4,4,4,4,4,4,4	
325	conventional	4,4,4,4,4,4,4,4,4,4,4,4,4,4,4	
326	holistic	4,4,4,4,4,4,4,4,4,4,4,4,4,4,4	
326	conventional	4,4,4,4,4,4,4,4,4,4,4,4,4,4,4	
327	holistic	4,4,4,4,4,4,4,4,4,4,4,4,4,4,4	
327	conventional	4,4,4,4,4,4,4,4,4,4,4,4,4,4,4	
328	holistic	4,4,4,4,4,4,4,4,4,4,4,4,4,4,4	
328	conventional	4,4,4,4,4,4,4,4,4,4,4,4,4,4,4	
329	holistic	4,4,4,4,4,4,4,4,4,4,4,4,4,4,4	
329	conventional	4,4,4,4,4,4,4,4,4,4,4,4,4,4,4	
330	holistic	4,4,4,4,4,4,4,4,4,4,4,4,4,4,4	
330	conventional	4,4,4,4,4,4,4,4,4,4,4,4,4,4,4	
331	holistic	4,4,4,4,4,4,4,4,4,4,4,4,4,4,4	
331	conventional	4,4,4,4,4,4,4,4,4,4,4,4,4,4,4	
332	holistic	4,4,4,4,4,4,4,4,4,4,4,4,4,4,4	
332	conventional	4,4,4,4,4,4,4,4,4,4,4,4,4,4,4	
333	holistic	4,4,4,4,4,4,4,4,4,4,4,4,4,4,4	
333	conventional	4,4,4,4,4,4,4,4,4,4,4,4,4,4,4	
334	holistic	4,4,4,4,4,4,4,4,4,4,4,4,4,4,4	
334	conventional	4,4,4,4,4,4,4,4,4,4,4,4,4,4,4	
335	holistic	4,4,4,4,4,4,4,4,4,4,4,4,4,4,4	
335	conventional	4,4,4,4,4,4,4,4,4,4,4,4,4,4,4	
336	holistic	4,4,4,4,4,4,4,4,4,4,4,4,4,4,4	
336	conventional	4,4,4,4,4,4,4,4,4,4,4,4,4,4,4	
337	holistic	4,4,4,4,4,4,4,4,4,4,4,4,4,4,4	
337	conventional	4,4,4,4,4,4,4,4,4,4,4,4,4,4,4	
338	holistic	4,4,4,4,4,4,4,4,4,4,4,4,4,4,4	
338	conventional	4,4,4,4,4,4,4,4,4,4,4,4,4,4,4	
339	holistic	4,4,4,4,4,4,4,4,4,4,4,4,4,4,4	
339	conventional	4,4,4,4,4,4,4,4,4,4,4,4,4,4,4	
340	holistic	4,4,4,4,4,4,4,4,4,4,4,4,4,4,4	
340	conventional	4,4,4,4,4,4,4,4,4,4,4,4,4,4,4	
341	holistic	4,4,4,4,4,4,4,4,4,4,4,4,4,4,4	
341	conventional	4,4,4,4,4,4,4,4,4,4,4,4,4,4,4	
342	holistic	4,4,4,4,4,4,4,4,4,4,4,4,4,4,4	
342	conventional	4,4,4,4,4,4,4,4,4,4,4,4,4,4,4	
343	holistic	4,4,4,4,4,4,4,4,4,4,4,4,4,4,4	
343	conventional	4,4,4,4,4,4,4,4,4,4,4,4,4,4,4	
344	holistic	4,4,4,4,4,4,4,4,4,4,4,4,4,4,4	
344	conventional	4,4,4,4,4,4,4,4,4,4,4,4,4,4,4	
345	holistic	4,4,4,4,4,4,4,4,4,4,4,4,4,4,4	
345	conventional	4,4,4,4,4,4,4,4,4,4,4,4,4,4,4	
346	holistic	4,4,4,4,4,4,4,4,4,4,4,4,4,4,4	
346	conventional	4,4,4,4,4,4,4,4,4,4,4,4,4,4,4	
347	holistic	4,4,4,4,4,4,4,4,4,4,4,4,4,4,4	
347	conventional	4,4,4,4,4,4,4,4,4,4,4,4,4,4,4	
348	holistic	4,4,4,4,4,4,4,4,4,4,4,4,4,4,4	
348	conventional	4,4,4,4,4,4,4,4,4,4,4,4,4,4,4	
349	holistic	4,4,4,4,4,4,4,4,4,4,4,4,4,4,4	
349	conventional	4,4,4,4,4,4,4,4,4,4,4,4,4,4,4	
350	holistic	4,4,4,4,4,4,4,4,4,4,4,4,4,4,4	
350	conventional	4,4,4,4,4,4,4,4,4,4,4,4,4,4,4	
351	holistic	4,4,4,4,4,4,4,4,4,4,4,4,4,4,4	
351	conventional	4,4,4,4,4,4,4,4,4,4,4,4,4,4,4	
352	holistic	4,4,4,4,4,4,4,4,4,4,4,4,4,4,4	
352	conventional	4,4,4,4,4,4,4,4,4,4,4,4,4,4,4	
353	holistic	4,4,4,4,4,4,4,4,4,4,4,4,4,4,4	
353	conventional	4,4,4,4,4,4,4,4,4,4,4,4,4,4,4	
354	holistic	4,4,4,4,4,4,4,4,4,4,4,4,4,4,4	
354	conventional	4,4,4,4,4,4,4,4,4,4,4,4,4,4,4	
355	holistic	4,4,4,4,4,4,4,4,4,4,4,4,4,4,4	
355	conventional	4,4,4,4,4,4,4	
356	holistic	4,4,4,4,4,4,4,4,4,4,4,4,4,4,4	
356	conventional	4,4,4,4,4,4,4,4,4,4,4,4,4,3	ce709,ce743,ce825
357	holistic	4,4,4,4,4,4,4,4,4,4,4,4,4,4,4	
357	conventional	4,4,4,4,4,4,4,4,4,4,4,4,4,4,4	
358	holistic	4,4,4,4,4,4,4,4,4,4,4,4,4,4,4	
358	conventional	4,4,4,4,4,4,4,4,4,4,4,4,4,4,4	
359	holistic	4,4,4,4,4,4,4,4,4,4,4,4,4,4,4	
359	conventional	4,4,4,4,4,4,4,4,4,4,4,4,4,4,4	
360	holistic	4,4,4,4,4,4,4,4,4,4,4,4,4,4,4	
360	conventional	4,4,4,4,4,4,4,4,4,4,4,4,4,4,4	
361	holistic	4,4,4,4,4,4,4,4,4,4,4,4,4,4,4	
361	conventional	4,4,4,4,4,4,4,4,4,4,4,4,4,4,4	
362	holistic	4,4,4,4,4,4,4,4,4,4,4,4,4,4,4	
362	conventional	4,4,4,4,4,4,4,4,4,4,4,4,4,4,4	
363	holistic	4,4,4,4,4,4,4,4,4,4,4,4,4,4,4	
363	conventional	4,4,4,4,4,4,4,4,4,4,4,4,4,4,4	
364	holistic	4,4,4,4,4,4,4,4,4,4,4,4,4,4,4	
364	conventional	4,4,4,4,4,4,4,4,4,4,4,4,4,4,4	
365	holistic	4,4,4,4,4,4,4,4,4,4,4,4,4,4,4	
365	conventional	4,4,4,4,4,4,4,4,4,4,4,4,4,4,4	
366	holistic	4,4,4,4,4,4,4,4,4,4,4,4,4,4,4	
366	conventional	4,4,4,4,4,4,4,4,4,4,4,4,4,4,4	
367	holistic	4,4,4,4,4,4,4,4,4,4,4,4,4,4,4	
367	conventional	4,4,4,4,4,4,4,4,4,4,4,4,4,4,4	
368	holistic	4,4,4,4,4,4,4,4,4,4,4,4,4,4,4	
368	conventional	4,4,4,4,4,4,4,4,4,4,4,4,4,4,4	
369	holistic	4,4,4,4,4,4,4,4,4,4,4,4,4,4,4	
369	conventional	4,4,4,4,4,4,4,4,4,4,4,4,4,4,4	
370	holistic	4,4,4,4,4,4,4,4,4,4,4,4,4,4,4	
370	conventional	4,4,4,4,4,4,4,4,4,4,4,4,4,4,4	
371	holistic	4,4,4,4,4,4,4,4,4,4,4,4,4,4,4	
371	conventional	4,4,4,4,4,4,4,4,4,4,4,4,4,4,4	
372	holistic	4,4,4,4,4,4,4,4,4,4,4,4,4,4,4	
372	conventional	4,4,4,4,4,4,4,4,4,4,4,4,4,4,4	
373	holistic	4,4,4,4,4,4,4,4,4,4,4,4,4,4,4	
373	conventional	4,4,4,4,4,4,4,4,4,4,4,4,4,4,4	
374	holistic	4,4,4,4,4,4,4,4,4,4,4,4,4,4,4	
374	conventional	4,4,4,4,4,4,4,4,4,4,4,4,4,4,4	
375	holistic	4,4,4,4,4,4,4,4,4,4,4,4,4,4,4	
375	conventional	4,4,4,4,4,4,4,4,4,4,4,4,4,4,4	
376	holistic	4,4,4,4,4,4,4,4,4,4,4,4,4,4,4	
376	conventional	4,4,4,4,4,4,4,4,4,4,4,4,4,4,4	
377	holistic	4,4,4,4,4,4,4,4,4,4,4,4,4,4,4	
377	conventional	4,4,4,4,4,4,4,4,4,4,4,4,4,4,4	
378	holistic	4,4,4,4,4,4,4,4,4,4,4,4,4,4,4	
378	conventional	4,4,4,4,4,4,4,4,4,4,4,4,4,4,4	
379	holistic	4,4,4,4,4,4,4,4,4,4,4,4,4,4,4	
379	conventional	4,4,4,4,4,4,4,4,4,4,4,4,4,4,4	
380	holistic	4,4,4,4,4,4,4,4,4,4,4,4,4,4,4	
380	conventional	4,4,4,4,4,4,4,4,4,4,4,4,4,4,4	
381	holistic	4,4,4,4,4,4,4,4,4,4,4,4,4,4,4	
381	conventional	4,4,4,4,4,4,4,4,4,4,4,4,4,4,4	
382	holistic	4,4,4,4,4,4,4,4,4,4,4,4,4,4,4	
382	conventional	4,4,4,4,4,4,4,4,4,4,4,4,4,4,4	
383	holistic	4,4,4,4,4,4,4,4,4,4,4,4,4,4,4	
383	conventional	4,4,4,4,4,4,4,4,4,4,4,4,4,4,4	
384	holistic	4,4,4,4,4,4,4,4,4,4,4,4,4,4,4	
384	conventional	4,4,4,4,4,4,4,4,4,4,4,4,4,4,4	
385	holistic	4,4,4,4,4,4,4,4,4,4,4,4,4,4,4	
385	conventional	4,4,4,4,4,4,4,4,4,4,4,4,4,4,4	
386	holistic	4,4,4,4,4,4,4,4,4,4,4,4,4,4,4	
386	conventional	4,4,4,4,4,4,4,4,4,4,4,4,4,4,4	
387	holistic	4,4,4,4,4,4,4,4,4,4,4,4,4,4,4	
387	conventional	4,4,4,4,4,4,4,4,4,4,4,4,4,4,4	
388	holistic	4,4,4,4,4,4,4,4,4,4,4,4,4,4,4	
388	conventional	4,4,4,4,4,4,4,4,4,4,4,4,4,4,4	
389	holistic	4,4,4,4,4,4,4,4,4,4,4,4,4,4,4	
389	conventional	4,4,4,4,4,4,4,4,4,4,4,4,4,4,4	
390	holistic	4,4,4,4,4,4,4,4,4,4,4,4,4,4,4	
390	conventional	4,4,4,4,4,4,4,4,4,4,4,4,4,4,4	
391	holistic	4,4,4,4,4,4,4,4,4,4,4,4,4,4,4	
391	conventional	4,4,4,4,4,4,4,4,4,4,4,4,4,4,4	
392	holistic	4,4,4,4,4,4,4,4,4,4,4,4,4,4,4	
392	conventional	4,4,4,4,4,4,4,4,4,4,4,4,4,4,4	
393	holistic	4,4,4,4,4,4,4,4,4,4,4,4,4,4,4	
393	conventional	4,4,4,4,4,4,4,4,4,4,4,4,4,4,4	
394	holistic	4,4,4,4,4,4,4,4,4,4,4,4,4,4,4	
394	conventional	4,4,4,4,4,4,4,4,4,4,4,4,4,4,4	
395	holistic	4,4,4,4,4,4,4,4,4,4,4,4,4,4,4	
395	conventional	4,4,4,4,4,4,4,4,4,4,4,4,4,4,4	
396	holistic	4,4,4,4,4,4,4,4,4,4,4,4,4,4,4	
396	conventional	4,4,4,4,4,4,4,4,4,4,4,4,4,4,4	
397	holistic	4,4,4,4,4,4,4,4,4,4,4,4,4,4,4	
397	conventional	4,4,4,4,4,4,4,4,4,4,4,4,4,4,4	
398	holistic	4,4,4,4,4,4,4,4,4,4,4,4,4,4,4	
398	conventional	4,4,4,4,4,4,4,4,4,4,4,4,4,4,4	
399	holistic	4,4,4,4,4,4,4,4,4,4,4,4,4,4,4	
399	conventional	4,4,4,4,4,4,4,4,4,4,4,4,4,4,4	
400	holistic	4,4,4,4,4,4,4,4,4,4,4,4,4,4,4	
400	conventional	4,4,4,4,4,4,4,4,4,4,4,4,4,4,4	
401	holistic	4,4,4,4,4,4,4,4,4,4,4,4,4,4,4	
401	conventional	4,4,4,4,4,4,4,4,4,4,4,4,4,4,4	
402	holistic	4,4,4,4,4,4,4,4,4,4,4,4,4,4,4	
402	conventional	4,4,4,4,4,4,4,4,4,4,4,4,4,4,4	
403	holistic	4,4,4,4,4,4,4,4,4,4,4,4,4,4,4	
403	conventional	4,4,4,4,4,4,4,4,4,4,4,4,4,4,4	
404	holistic	4,4,4,4,4,4,4,4,4,4,4,4,4,4,4	
404	conventional	4,4,4,4,4,4,4,4,4,4,4,4,4,4,4	
405	holistic	4,4,4,4,4,4,4,4,4,4,4,4,4,4,4	
405	conventional	4,4,4,4,4,4,4,4,4,4,4,4,4,4,4	
406	holistic	4,4,4,4,4,4,4,4,4,4,4,4,4,4,4	
406	conventional	4,4,4,4,4,4,4,4,4,4,4,4,4,4,4	
407	holistic	4,4,4,4,4,4,4,4,4,4,4,4,4,4,4	
407	conventional	4,4,4,4,4,4,4,4,4,4,4,4,4,4,4	
408	holistic	4,4,4,4,4,4,4,4,4,4,4,4,4,4,4	
408	conventional	4,4,4,4,4,4,4,4,4,4,4,4,4,4,4	
409	holistic	4,4,4,4,4,4,4,4,4,4,4,4,4,4,4	
409	conventional	4,4,4,4,4,4,4,4,4,4,4,4,4,4,4	
410	holistic	4,4,4,4,4,4,4,4,4,4,4,4,4,4,4	
410	conventional	4,4,4,4,4,4,4,4,4,4,4,4,4,4,4	
411	holistic	4,4,4,4,4,4,4,4,4,4,4,4,4,4,4	
411	conventional	4,4,4,4,4,4,4,4,4,4,4,4,4,4,4	
412	holistic	4,4,4,4,4,4,4,4,4,4,4,4,4,4,4	
412	conventional	4,4,4,4,4,4,4,4,4,4,4,4,4,4,4	
413	holistic	4,4,4,4,4,4,4,4,4,4,4,4,4,4,4	
413	conventional	4,4,4,4,4,4,4,4,4,4,4,4,4,4,4	
414	holistic	4,4,4,4,4,4,4,4,4,4,4,4,4,4,4	
414	conventional	4,4,4,4,4,4,4,4,4,4,4,4,4,4,4	
415	holistic	4,4,4,4,4,4,4,4,4,4,4,4,4,4,4	
415	conventional	4,4,4,4,4,4,4,4,4,4,4,4,4,4,4	
416	holistic	4,4,4,4,4,4,4,4,4,4,4,4,4,4,4	
416	conventional	4,4,4,4,4,4,4,4,4,4,4,4,4,4,4	
417	holistic	4,4,4,4,4,4,4,4,4,4,4,4,4,4,4	
417	conventional	4,4,4,4,4,4,4,4,4,4,4,4,4,4,4	
418	holistic	4,4,4,4,4,4,4,4,4,4,4,4,4,4,4	
418	conventional	4,4,4,4,4,4,4,4,4,4,4,4,4,4,4	
419	holistic	4,4,4,4,4,4,4,4,4,4,4,4,4,4,4	
419	conventional	4,4,4,4,4,4,4,4,4,4,4,4,4,4,4	
420	holistic	4,4,4,4,4,4,4,4,4,4,4,4,4,4,4	
420	conventional	4,4,4,4,4,4,4,4,4,4,4,4,4,4,4	
421	holistic	4,4,4,4,4,4,4,4,4,4,4,4,4,4,4	
421	conventional	4,4,4,4,4,4,4,4,4,4,4,4,4,4,4	
422	holistic	4,4,4,4,4,4,4,4,4,4,4,4,4,4,4	
422	conventional	4,4,4,4,4,4,4,4,4,4,4,4,4,4,4	
423	holistic	4,4,4,4,4,4,4,4,4,4,4,4,4,4,4	
423	conventional	4,4,4,4,4,4,4,4,4,4,4,4,4,4,4	
424	holistic	4,4,4,4,4,4,4,4,4,4,4,4,4,4,4	
424	conventional	4,4,4,4,4,4,4,4,4,4,4,4,4,4,4	
425	holistic	4,4,4,4,4,4,4,4,4,4,4,4,4,4,4	
425	conventional	4,4,4,4,4,4,4,4,4,4,4,4,4,4,4	
426	holistic	4,4,4,4,4,4,4,4,4,4,4,4,4,4,4	
426	conventional	4,4,4,4,4,4,4,4,4,4,4,4,4,4,4	
427	holistic	4,4,4,4,4,4,4,4,4,4,4,4,4,4,4	
427	conventional	4,4,4,4,4,4,4,4,4,4,4,4,4,4,4	
428	holistic	4,4,4,4,4,4,4,4,4,4,4,4,4,4,4	
428	conventional	4,4,4,4,4,4,4,4,4,4,4,4,4,4,4	
429	holistic	4,4,4,4,4,4,4,4,4,4,4,4,4,4,4	
429	conventional	4,4,4,4,4,4,4,4,4,4,4,4,4,4,4	
430	holistic	4,4,4,4,4,4,4,4,4,4,4,4,4,4,4	
430	conventional	4,4,4,4,4,4,4,4,4,4,4,4,4,4,4	
431	holistic	4,4,4,4,4,4,4,4,4,4,4,4,4,4,4	
431	conventional	4,4,4,4,4,4,4,4,4,4,4,4,4,4,4	
432	holistic	4,4,4,4,4,4,4,4,4,4,4,4,4,4,4	
432	conventional	4,4,4,4,4,4,4,4,4,4,4,4,4,4,4	
433	holistic	4,4,4,4,4,4,4,4,4,4,4,4,4,4,4	
433	conventional	4,4,4,4,4,4,4,4,4,4,4,4,4,4,4	
434	holistic	4,4,4,4,4,4,4,4,4,4,4,4,4,4,4	
434	conventional	4,4,4,4,4,4,4,4,4,4,4,4,4,4,4	
435	holistic	4,4,4,4,4,4,4,4,4,4,4,4,4,4,4	
435	conventional	4,4,4,4,4,4,4,4,4,4,4,4,4,4,4	
436	holistic	4,4,4,4,4,4,4,4,4,4,4,4,4,4,4	
436	conventional	4,4,4,4,4,4,4,4,4,4,4,4,4,4,4	
437	holistic	4,4,4,4,4,4,4,4,4,4,4,4,4,4,4	
437	conventional	4,4,4,4,4,4,4,4,4,4,4,4,4,4,4	
438	holistic	4,4,4,4,4,4,4,4,4,4,4,4,4,4,4	
438	conventional	4,4,4,4,4,4,4,4,4,4,4,4,4,4,4	
439	holistic	4,4,4,4,4,4,4,4,4,4,4,4,4,4,4	
439	conventional	4,4,4,4,4,4,4,4,4,4,4,4,4,4,4	
440	holistic	4,4,4,4,4,4,4,4,4,4,4,4,4,4,4	
440	conventional	4,4,4,4,4,4,4,4,4,4,4,4,4,4,4	
441	holistic	4,4,4,4,4,4,4,4,4,4,4,4,4,4,4	
441	conventional	4,4,4,4,4,4,4,4,4,4,4,4,4,4,4	
442	holistic	4,4,4,4,4,4,4,4,4,4,4,4,4,4,4	
442	conventional	4,4,4,4,4,4,4,4,4,4,4,4,4,4,4	
443	holistic	4,4,4,4,4,4,4,4,4,4,4,4,4,4,4	
443	conventional	4,4,4,4,4,4,4,4,4,4,4,4,4,4,4	
444	holistic	4,4,4,4,4,4,4,4,4,4,4,4,4,4,4	
444	conventional	4,4,4,4,4,4,4,4,4,4,4,4,4,4,4	
445	holistic	4,4,4,4,4,4,4,4,4,4,4,4,4,4,4	
445	conventional	4,4,4,4,4,4,4,4,4,4,4,4,4,4,4	
446	holistic	4,4,4,4,4,4,4,4,4,4,4,4,4,4,4	
446	conventional	4,4,4,4,4,4,4,4,4,4,4,4,4,4,4	
447	holistic	4,4,4,4,4,4,4,4,4,4,4,4,4,4,4	
447	conventional	4,4,4,4,4,4,4,4,4,4,4,4,4,4,4	
448	holistic	4,4,4,4,4,4,4,4,4,4,4,4,4,4,4	
448	conventional	4,4,4,4,4,4,4,4,4,4,4,4,4,4,4	
449	holistic	4,4,4,4,4,4,4,4,4,4,4,4,4,4,4	
449	conventional	4,4,4,4,4,4,4,4,4,4,4,4,4,4,4	
450	holistic	4,4,4,4,4,4,4,4,4,4,4,4,4,4,4	
450	conventional	4,4,4,4,4,4,4,4,4,4,4,4,4,4,4	
451	holistic	4,4,4,4,4,4,4,4,4,4,4,4,4,4,4	
451	conventional	4,4,4,4,4,4,4,4,4,4,4,4,4,4,4	
452	holistic	4,4,4,4,4,4,4,4,4,4,4,4,4,4,4	
452	conventional	4,4,4,4,4,4,4,4,4,4,4,4,4,4,4	
453	holistic	4,4,4,4,4,4,4,4,4,4,4,4,4,4,4	
453	conventional	4,4,4,4,4,4,4,4,4,4,4,4,4,4,4	
454	holistic	4,4,4,4,4,4,4,4,4,4,4,4,4,4,4	
454	conventional	4,4,4,4,4,4,4,4,4,4,4,4,4,4,4	
455	holistic	4,4,4,4,4,4,4,4,4,4,4,4,4,4,4	
455	conventional	4,4,4,4,4,4,4,4,4,4,4,4,4,4,4	
456	holistic	4,4,4,4,4,4,4,4,4,4,4,4,4,4,4	
456	conventional	4,4,4,4,4,4,4,4,4,4,4,4,4,4,4	
457	holistic	4,4,4,4,4,4,4,4,4,4,4,4,4,4,4	
457	conventional	4,4,4,4,4,4,4,4,4,4,4,4,4,4,4	
458	holistic	4,4,4,4,4,4,4,4,4,4,4,4,4,4,4	
458	conventional	4,4,4,4,4,4,4,4,4,4,4,4,4,4,4	
459	holistic	4,4,4,4,4,4,4,4,4,4,4,4,4,4,4	
459	conventional	4,4,4,4,4,4,4,4,4,4,4,4,4,4,4	
460	holistic	4,4,4,4,4,4,4,4,4,4,4,4,4,4,4	
460	conventional	4,4,4,4,4,4,4,4,4,4,4,4,4,4,4	
461	holistic	4,4,4,4,4,4,4,4,4,4,4,4,4,4,4	
461	conventional	4,4,4,4,4,4,4,4,4,4,4,4,4,4,4	
462	holistic	4,4,4,4,4,4,4,4,4,4,4,4,4,4,4	
462	conventional	4,4,4,4,4,4,4,4,4,4,4,4,4,4,4	
463	holistic	4,4,4,4,4,4,4,4,4,4,4,4,4,4,4	
463	conventional	4,4,4,4,4,4,4,4,4,4,4,4,4,4,4	
464	holistic	4,4,4,4,4,4,4,4,4,4,4,4,4,4,4	
464	conventional	4,4,4,4,4,4,4,4,4,4,4,4,4,4,4	
465	holistic	4,4,4,4,4,4,4,4,4,4,4,4,4,4,4	
465	conventional	4,4,4,4,4,4,4,4,4,4,4,4,4,4,4	
466	holistic	4,4,4,4,4,4,4,4,4,4,4,4,4,4,4	
466	conventional	4,4,4,4,4,4,4,4,4,4,4,4,4,4,4	
467	holistic	4,4,4,4,4,4,4,4,4,4,4,4,4,4,4	
467	conventional	4,4,4,4,4,4,4,4,4,4,4,4,4,4,4	
468	holistic	4,4,4,4,4,4,4,4,4,4,4,4,4,4,4	
468	conventional	4,4,4,4,4,4,4,4,4,4,4,4,4,4,4	
469	holistic	4,4,4,4,4,4,4,4,4,4,4,4,4,4,4	
469	conventional	4,4,4,4,4,4,4,4,4,4,4,4,4,4,4	
470	holistic	4,4,4,4,4,4,4,4,4,4,4,4,4,4,4	
470	conventional	4,4,4,4,4,4,4,4,4,4,4,4,4,4,4	
471	holistic	4,4,4,4,4,4,4,4,4,4,4,4,4,4,4	
471	conventional	4,4,4,4,4,4,4,4,4,4,4,4,4,4,4	
472	holistic	4,4,4,4,4,4,4,4,4,4,4,4,4,4,4	
472	conventional	4,4,4,4,4,4,4,4,4,4,4,4,4,4,4	
473	holistic	4,4,4,4,4,4,4,4,4,4,4,4,4,4,4	
473	conventional	4,4,4,4,4,4,4,4,4,4,4,4,4,4,4	
474	holistic	4,4,4,4,4,4,4,4,4,4,4,4,4,4,4	
474	conventional	4,4,4,4,4,4,4,4,4,4,4,4,4,4,4	
475	holistic	4,4,4,4,4,4,4,4,4,4,4,4,4,4,4	
475	conventional	4,4,4,4,4,4,4,4,4,4,4,4,4,4,4	
476	holistic	4,4,4,4,4,4,4,4,4,4,4,4,4,4,4	
476	conventional	4,4,4,4,4,4,4,4,4,4,4,4,4,4,4	
477	holistic	4,4,4,4,4,4,4,4,4,4,4,4,4,4,4	
477	conventional	4,4,4,4,4,4,4,4,4,4,4,4,4,4,4	
478	holistic	4,4,4,4,4,4,4,4,4,4,4,4,4,4,4	
478	conventional	4,4,4,4,4,4,4,4,4,4,4,4,4,4,4	
479	holistic	4,4,4,4,4,4,4,4,4,4,4,4,4,4,4	
479	conventional	4,4,4,4,4,4,4,4,4,4,4,4,4,4,4	
480	holistic	4,4,4,4,4,4,4,4,4,4,4,4,4,4,4	
480	conventional	4,4,4,4,4,4,4,4,4,4,4,4,4,4,4	
481	holistic	4,4,4,4,4,4,4,4,4,4,4,4,4,4,4	
481	conventional	4,4,4,4,4,4,4,4,4,4,4,4,4,4,4	
482	holistic	4,4,4,4,4,4,4,4,4,4,4,4,4,4,4	
482	conventional	4,4,4,4,4,4,4,4,4,4,4,4,4,4,4	
483	holistic	4,4,4,4,4,4,4,4,4,4,4,4,4,4,4	
483	conventional	4,4,4,4,4,4,4,4,4,4,4,4,4,4,4	
484	holistic	4,4,4,4,4,4,4,4,4,4,4,4,4,4,4	
484	conventional	4,4,4,4,4,4,4,4,4,4,4,4,4,4,4	
485	holistic	4,4,4,4,4,4,4,4,4,4,4,4,4,4,4	
485	conventional	4,4,4,4,4,4,4,4,4,4,4,4,4,4,4	
486	holistic	4,4,4,4,4,4,4,4,4,4,4,4,4,4,4	
486	conventional	4,4,4,4,4,4,4,4,4,4,4,4,4,4,4	
487	holistic	4,4,4,4,4,4,4,4,4,4,4,4,4,4,4	
487	conventional	4,4,4,4,4,4,4,4,4,4,4,4,4,4,4	
488	holistic	4,4,4,4,4,4,4,4,4,4,4,4,4,4,4	
488	conventional	4,4,4,4,4,4,4,4,4,4,4,4,4,4,4	
489	holistic	4,4,4,4,4,4,4,4,4,4,4,4,4,4,4	
489	conventional	4,4,4,4,4,4,4,4,4,4,4,4,4,4,4	
490	holistic	4,4,4,4,4,4,4,4,4,4,4,4,4,4,4	
490	conventional	4,4,4,4,4,4,4,4,4,4,4,4,4,4,4	
491	holistic	4,4,4,4,4,4,4,4,4,4,4,4,4,4,4	
491	conventional	4,4,4,4,4,4,4,4,4,4,4,4,4,4,4	
492	holistic	4,4,4,4,4,4,4,4,4,4,4,4,4,4,4	
492	conventional	4,4,4,4,4,4,4,4,4,4,4,4,4,4,4	
493	holistic	4,4,4,4,4,4,4,4,4,4,4,4,4,4,4	
493	conventional	4,4,4,4,4,4,4,4,4,4,4,4,4,4,4	
494	holistic	4,4,4,4,4,4,4,4,4,4,4,4,4,4,4	
494	conventional	4,4,4,4,4,4,4,4,4,4,4,4,4,4,4	
495	holistic	4,4,4,4,4,4,4,4,4,4,4,4,4,4,4	
495	conventional	4,4,4,4,4,4,4,4,4,4,4,4,4,4,4	
496	holistic	4,4,4,4,4,4,4,4,4,4,4,4,4,4,4	
496	conventional	4,4,4,4,4,4,4,4,4,4,4,4,4,4,4	
497	holistic	4,4,4,4,4,4,4,4,4,4,4,4,4,4,4	
497	conventional	4,4,4,4,4,4,4,4,4,4,4,4,4,4,4	
498	holistic	4,4,4,4,4,4,4,4,4,4,4,4,4,4,4	
498	conventional	4,4,4,4,4,4,4,4,4,4,4,4,4,4,4	
499	holistic	4,4,4,4,4,4,4,4,4,4,4,4,4,4,4	
499	conventional	4,4,4,4,4,4,4,4,4,4,4,4,4,4,4	
500	holistic	4,4,4,4,4,4,4,4,4,4,4,4,4,4,4	
500	conventional	4,4,4,4,4,4,4,4,4,4,4,4,4,4,4	
501	holistic	4,4,4,4,4,4,4,4,4,4,4,4,4,4,4	
501	conventional	4,4,4,4,4,4,4,4,4,4,4,4,4,4,4	
502	holistic	4,4,4,4,4,4,4,4,4,4,4,4,4,4,4	
502	conventional	4,4,4,4,4,4,4,4,4,4,4,4,4,4,4	
503	holistic	4,4,4,4,4,4,4,4,4,4,4,4,4,4,4	
503	conventional	4,4,4,4,4,4,4,4,4,4,4,4,4,4,4	
504	holistic	4,4,4,4,4,4,4,4,4,4,4,4,4,4,4	
504	conventional	4,4,4,4,4,4,4,4,4,4,4,4,4,4,4	
505	holistic	4,4,4,4,4,4,4,4,4,4,4,4,4,4,4	
505	conventional	4,4,4,4,4,4,4,4,4,4,4,4,4,4,4	
506	holistic	4,4,4,4,4,4,4,4,4,4,4,4,4,4,4	
506	conventional	4,4,4,4,4,4,4,4,4,4,4,4,4,4,4	
507	holistic	4,4,4,4,4,4,4,4,4,4,4,4,4,4,4	
507	conventional	4,4,4,4,4,4,4,4,4,4,4,4,4,4,4	
508	holistic	4,4,4,4,4,4,4,4,4,4,4,4,4,4,4	
508	conventional	4,4,4,4,4,4,4,4,4,4,4,4,4,4,4	
509	holistic	4,4,4,4,4,4,4,4,4,4,4,4,4,4,4	
509	conventional	4,4,4,4,4,4,4,4,4,4,4,4,4,4,4	
510	holistic	4,4,4,4,4,4,4,4,4,4,4,4,4,4,4	
510	conventional	4,4,4,4,4,4,4,4,4,4,4,4,4,4,4	
511	holistic	4,4,4,4,4,4,4,4,4,4,4,4,4,4,4	
511	conventional	4,4,4,4,4,4,4,4,4,4,4,4,4,4,4	
512	holistic	4,4,4,4,4,4,4,4,4,4,4,4,4,4,4	
512	conventional	4,4,4,4,4,4,4,4,4,4,4,4,4,4,4	
513	holistic	4,4,4,4,4,4,4,4,4,4,4,4,4,4,4	
513	conventional	4,4,4,4,4,4,4,4,4,4,4,4,4,4,4	
514	holistic	4,4,4,4,4,4,4,4,4,4,4,4,4,4,4	
514	conventional	4,4,4,4,4,4,4,4,4,4,4,4,4,4,4	
515	holistic	4,4,4,4,4,4,4,4,4,4,4,4,4,4,4	
515	conventional	4,4,4,4,4,4,4,4,4,4,4,4,4,4,4	
516	holistic	4,4,4,4,4,4,4,4,4,4,4,4,4,4,4	
516	conventional	4,4,4,4,4,4,4,4,4,4,4,4,4,4,4	
517	holistic	4,4,4,4,4,4,4,4,4,4,4,4,4,4,4	
517	conventional	4,4,4,4,4,4,4,4,4,4,4,4,4,4,4	
518	holistic	4,4,4,4,4,4,4,4,4,4,4,4,4,4,4	
518	conventional	4,4,4,4,4,4,4,4,4,4,4,4,4,4,4	
519	holistic	4,4,4,4,4,4,4,4,4,4,4,4,4,4,4	
519	conventional	4,4,4,4,4,4,4,4,4,4,4,4,4,4,4	
520	holistic	4,4,4,4,4,4,4,4,4,4,4,4,4,4,4	
520	conventional	4,4,4,4,4,4,4,4,4,4,4,4,4,4,4	
521	holistic	4,4,4,4,4,4,4,4,4,4,4,4,4,4,4	
521	conventional	4,4,4,4,4,4,4,4,4,4,4,4,4,4,4	
522	holistic	4,4,4,4,4,4,4,4,4,4,4,4,4,4,4	
522	conventional	4,4,4,4,4,4,4,4,4,4,4,4,4,4,4	
523	holistic	4,4,4,4,4,4,4,4,4,4,4,4,4,4,4	
523	conventional	4,4,4,4,4,4,4,4,4,4,4,4,4,4,4	
524	holistic	4,4,4,4,4,4,4,4,4,4,4,4,4,4,4	
524	conventional	4,4,4,4,4,4,4,4,4,4,4,4,4,4,4	
525	holistic	4,4,4,4,4,4,4,4,4,4,4,4,4,4,4	
525	conventional	4,4,4,4,4,4,4,4,4,4,4,4,4,4,4	
526	holistic	4,4,4,4,4,4,4,4,4,4,4,4,4,4,4	
526	conventional	4,4,4,4,4,4,4,4,4,4,4,4,4,4,4	
527	holistic	4,4,4,4,4,4,4,4,4,4,4,4,4,4,4	
527	conventional	4,4,4,4,4,4,4,4,4,4,4,4,4,4,4	
528	holistic	4,4,4,4,4,4,4,4,4,4,4,4,4,4,4	
528	conventional	4,4,4,4,4,4,4,4,4,4,4,4,4,4,4	
529	holistic	4,4,4,4,4,4,4,4,4,4,4,4,4,4,4	
529	conventional	4,4,4,4,4,4,4,4,4,4,4,4,4,4,4	
530	holistic	4,4,4,4,4,4,4,4,4,4,4,4,4,4,4	
530	conventional	4,4,4,4,4,4,4,4,4,4,4,4,4,4,4	
531	holistic	4,4,4,4,4,4,4,4,4,4,4,4,4,4,4	
531	conventional	4,4,4,4,4,4,4,4,4,4,4,4,4,4,4	
532	holistic	4,4,4,4,4,4,4,4,4,4,4,4,4,4,4	
532	conventional	4,4,4,4,4,4,4,4,4,4,4,4,4,4,4	
533	holistic	4,4,4,4,4,4,4,4,4,4,4,4,4,4,4	
533	conventional	4,4,4,4,4,4,4,4,4,4,4,4,4,4,4	
534	holistic	4,4,4,4,4,4,4,4,4,4,4,4,4,4,4	
534	conventional	4,4,4,4,4,4,4,4,4,4,4,4,4,4,4	
535	holistic	4,4,4,4,4,4,4,4,4,4,4,4,4,4,4	
535	conventional	4,4,4,4,4,4,4,4,4,4,4,4,4,4,4	
536	holistic	4,4,4,4,4,4,4,4,4,4,4,4,4,4,4	
536	conventional	4,4,4,4,4,4,4,4,4,4,4,4,4,4,4	
537	holistic	4,4,4,4,4,4,4,4,4,4,4,4,4,4,4	
537	conventional	4,4,4,4,4,4,4,4,4,4,4,4,4,4,4	
538	holistic	4,4,4,4,4,4,4,4,4,4,4,4,4,4,4	
538	conventional	4,4,4,4,4,4,4,4,4,4,4,4,4,4,4	
539	holistic	4,4,4,4,4,4,4,4,4,4,4,4,4,4,4	
539	conventional	4,4,4,4,4,4,4,4,4,4,4,4,4,4,4	
540	holistic	4,4,4,4,4,4,4,4,4,4,4,4,4,4,4	
540	conventional	4,4,4,4,4,4,4,4,4,4,4,4,4,4,4	
541	holistic	4,4,4,4,4,4,4,4,4,4,4,4,4,4,4	
541	conventional	4,4,4,4,4,4,4,4,4,4,4,4,4,4,4	
542	holistic	4,4,4,4,4,4,4,4,4,4,4,4,4,4,4	
542	conventional	4,4,4,4,4,4,4,4,4,4,4,4,4,4,4	
543	holistic	4,4,4,4,4,4,4,4,4,4,4,4,4,4,4	
543	conventional	4,4,4,4,4,4,4,4,4,4,4,4,4,4,4	
544	holistic	4,4,4,4,4,4,4,4,4,4,4,4,4,4,4	
544	conventional	4,4,4,4,4,4,4,4,4,4,4,4,4,4,4	
545	holistic	4,4,4,4,4,4,4,4,4,4,4,4,4,4,4	
545	conventional	4,4,4,4,4,4,4,4,4,4,4,4,4,4,4	
546	holistic	4,4,4,4,4,4,4,4,4,4,4,4,4,4,4	
546	conventional	4,4,4,4,4,4,4,4,4,4,4,4,4,4,4	
547	holistic	4,4,4,4,4,4,4,4,4,4,4,4,4,4,4	
547	conventional	4,4,4,4,4,4,4,4,4,4,4,4,4,4,4	
548	holistic	4,4,4,4,4,4,4,4,4,4,4,4,4,4,4	
548	conventional	4,4,4,4,4,4,4,4,4,4,4,4,4,4,4	
549	holistic	4,4,4,4,4,4,4,4,4,4,4,4,4,4,4	
549	conventional	4,4,4,4,4,4,4,4,4,4,4,4,4,4,4	
550	holistic	4,4,4,4,4,4,4,4,4,4,4,4,4,4,4	
550	conventional	4,4,4,4,4,4,4,4,4,4,4,4,4,4,4	
551	holistic	4,4,4,4,4,4,4,4,4,4,4,4,4,4,4	
551	conventional	4,4,4,4,4,4,4,4,4,4,4,4,4,4,4	
552	holistic	4,4,4,4,4,4,4,4,4,4,4,4,4,4,4	
552	conventional	4,4,4,4,4,4,4,4,4,4,4,4,4,4,4	
553	holistic	4,4,4,4,4,4,4,4,4,4,4,4,4,4,4	
553	conventional	4,4,4,4,4,4,4,4,4,4,4,4,4,4,4	
554	holistic	4,4,4,4,4,4,4,4,4,4,4,4,4,4,4	
554	conventional	4,4,4,4,4,4,4,4,4,4,4,4,4,4,4	
555	holistic	4,4,4,4,4,4,4,4,4,4,4,4,4,4,4	
555	conventional	4,4,4,4,4,4,4,4,4,4,4,4,4,4,4	
556	holistic	4,4,4,4,4,4,4,4,4,4,4,4,4,4,4	
556	conventional	4,4,4,4,4,4,4,4,4,4,4,4,4,4,4	
557	holistic	4,4,4,4,4,4,4,4,4,4,4,4,4,4,4	
557	conventional	4,4,4,4,4,4,4,4,4,4,4,4,4,4,4	
558	holistic	4,4,4,4,4,4,4,4,4,4,4,4,4,4,4	
558	conventional	4,4,4,4,4,4,4,4,4,4,4,4,4,4,4	
559	holistic	4,4,4,4,4,4,4,4,4,4,4,4,4,4,4	
559	conventional	4,4,4,4,4,4,4,4,4,4,4,4,4,4,4	
560	holistic	4,4,4,4,4,4,4,4,4,4,4,4,4,4,4	
560	conventional	4,4,4,4,4,4,4,4,4,4,4,4,4,4,4	
561	holistic	4,4,4,4,4,4,4,4,4,4,4,4,4,4,4	
561	conventional	4,4,4,4,4,4,4,4,4,4,4,4,4,4,4	
562	holistic	4,4,4,4,4,4,4,4,4,4,4,4,4,4,4	
562	conventional	4,4,4,4,4,4,4,4,4,4,4,4,4,4,4	
563	holistic	4,4,4,4,4,4,4,4,4,4,4,4,4,4,4	
563	conventional	4,4,4,4,4,4,4,4,4,4,4,4,4,4,4	
564	holistic	4,4,4,4,4,4,4,4,4,4,4,4,4,4,4	
564	conventional	4,4,4,4,4,4,4,4,4,4,4,4,4,4,4	
565	holistic	4,4,4,4,4,4,4,4,4,4,4,4,4,4,4	
565	conventional	4,4,4,4,4,4,4,4,4,4,4,4,4,4,4	
566	holistic	4,4,4,4,4,4,4,4,4,4,4,4,4,4,4	
566	conventional	4,4,4,4,4,4,4,4,4,4,4,4,4,4,4	
567	holistic	4,4,4,4,4,4,4,4,4,4,4,4,4,4,4	
567	conventional	4,4,4,4,4,4,4,4,4,4,4,4,4,4,4	
568	holistic	4,4,4,4,4,4,4,4,4,4,4,4,4,4,4	
568	conventional	4,4,4,4,4,4,4,4,4,4,4,4,4,4,4	
569	holistic	4,4,4,4,4,4,4,4,4,4,4,4,4,4,4	
569	conventional	4,4,4,4,4,4,4,4,4,4,4,4,4,4,4	
570	holistic	4,4,4,4,4,4,4,4,4,4,4,4,4,4,4	
570	conventional	4,4,4,4,4,4,4,4,4,4,4,4,4,4,4	
571	holistic	4,4,4,4,4,4,4,4,4,4,4,4,4,4,4	
571	conventional	4,4,4,4,4,4,4,4,4,4,4,4,4,4,4	
572	holistic	4,4,4,4,4,4,4,4,4,4,4,4,4,4,4	
572	conventional	4,4,4,4,4,4,4,4,4,4,4,4,4,4,4	
573	holistic	4,4,4,4,4,4,4,4,4,4,4,4,4,4,4	
573	conventional	4,4,4,4,4,4,4,4,4,4,4,4,4,4,4	
574	holistic	4,4,4,4,4,4,4,4,4,4,4,4,4,4,4	
574	conventional	4,4,4,4,4,4,4,4,4,4,4,4,4,4,4	
575	holistic	4,4,4,4,4,4,4,4,4,4,4,4,4,4,4	
575	conventional	4,4,4,4,4,4,4,4,4,4,4,4,4,4,4	
576	holistic	4,4,4,4,4,4,4,4,4,4,4,4,4,4,4	
576	conventional	4,4,4,4,4,4,4,4,4,4,4,4,4,4,4	
577	holistic	4,4,4,4,4,4,4,4,4,4,4,4,4,4,4	
577	conventional	4,4,4,4,4,4,4,4,4,4,4,4,4,4,4	
578	holistic	4,4,4,4,4,4,4,4,4,4,4,4,4,4,4	
578	conventional	4,4,4,4,4,4,4,4,4,4,4,4,4,4,4	
579	holistic	4,4,4,4,4,4,4,4,4,4,4,4,4,4,4	
579	conventional	4,4,4,4,4,4,4,4,4,4,4,4,4,4,4	
580	holistic	4,4,4,4,4,4,4,4,4,4,4,4,4,4,4	
580	conventional	4,4,4,4,4,4,4,4,4,4,4,4,4,4,4	
581	holistic	4,4,4,4,4,4,4,4,4,4,4,4,4,4,4	
581	conventional	4,4,4,4,4,4,4,4,4,4,4,4,4,4,4	
582	holistic	4,4,4,4,4,4,4,4,4,4,4,4,4,4,4	
582	conventional	4,4,4,4,4,4,4,4,4,4,4,4,4,4,4	
583	holistic	4,4,4,4,4,4,4,4,4,4,4,4,4,4,4	
583	conventional	4,4,4,4,4,4,4,4,4,4,4,4,4,4,4	
584	holistic	4,4,4,4,4,4,4,4,4,4,4,4,4,4,4	
584	conventional	4,4,4,4,4,4,4,4,4,4,4,4,4,4,4	
585	holistic	4,4,4,4,4,4,4,4,4,4,4,4,4,4,4	
585	conventional	4,4,4,4,4,4,4,4,4,4,4,4,4,4,4	
586	holistic	4,4,4,4,4,4,4,4,4,4,4,4,4,4,4	
586	conventional	4,4,4,4,4,4,4,4,4,4,4,4,4,4,4	
587	holistic	4,4,4,4,4,4,4,4,4,4,4,4,4,4,4	
587	conventional	4,4,4,4,4,4,4,4,4,4,4,4,4,4,4	
588	holistic	4,4,4,4,4,4,4,4,4,4,4,4,4,4,4	
588	conventional	4,4,4,4,4,4,4,4,4,4,4,4,4,4,4	
589	holistic	4,4,4,4,4,4,4,4,4,4,4,4,4,4,4	
589	conventional	4,4,4,4,4,4,4,4,4,4,4,4,4,4,4	
590	holistic	4,4,4,4,4,4,4,4,4,4,4,4,4,4,4	
590	conventional	4,4,4,4,4,4,4,4,4,4,4,4,4,4,4	
591	holistic	4,4,4,4,4,4,4,4,4,4,4,4,4,4,4	
591	conventional	4,4,4,4,4,4,4,4,4,4,4,4,4,4,4	
592	holistic	4,4,4,4,4,4,4,4,4,4,4,4,4,4,4	
592	conventional	4,4,4,4,4,4,4,4,4,4,4,4,4,4,4	
593	holistic	4,4,4,4,4,4,4,4,4,4,4,4,4,4,4	
593	conventional	4,4,4,4,4,4,4,4,4,4,4,4,4,4,4	
594	holistic	4,4,4,4,4,4,4,4,4,4,4,4,4,4,4	
594	conventional	4,4,4,4,4,4,4,4,4,4,4,4,4,4,4	
595	holistic	4,4,4,4,4,4,4,4,4,4,4,4,4,4,4	
595	conventional	4,4,4,4,4,4,4,4,4,4,4,4,4,4,4	
596	holistic	4,4,4,4,4,4,4,4,4,4,4,4,4,4,4	
596	conventional	4,4,4,4,4,4,4,4,4,4,4,4,4,4,4	
597	holistic	4,4,4,4,4,4,4,4,4,4,4,4,4,4,4	
597	conventional	4,4,4,4,4,4,4,4,4,4,4,4,4,4,4	
598	holistic	4,4,4,4,4,4,4,4,4,4,4,4,4,4,4	
598	conventional	4,4,4,4,4,4,4,4,4,4,4,4,4,4,4	
599	holistic	4,4,4,4,4,4,4,4,4,4,4,4,4,4,4	
599	conventional	4,4,4,4,4,4,4,4,4,4,4,4,4,4,4	
