season	population	alive	births	deaths	mean_lifetime_score	best_lifetime_score	mean_age	max_age
0	holistic	60	0	0	0.07578553616523571	2.8612098476433965	31.15	58
0	conventional	60	0	0	0.2839038676447512	3.601981444523002	28.7	59
1	holistic	60	0	0	0.050207510220436756	1.3529636206731837	32.15	59
1	conventional	60	1	1	0.269378548251926	3.0819196473184176	28.7	56
2	holistic	60	4	4	0.058802278659136696	1.1876611109736948	29.15	59
2	conventional	60	3	3	0.35926150651548433	2.4007680907374285	28.25	57
3	holistic	60	1	1	0.07496594752385073	1.354684331157833	29.15	58
3	conventional	60	7	7	0.32689781678094626	2.0300442094682065	25.466666666666665	58
4	holistic	60	0	0	0.09395323604684558	1.8116705373502684	30.15	59
4	conventional	60	6	6	0.333699676245843	2.1308504586442405	24.916666666666668	57
5	holistic	60	1	1	0.09045993083554195	2.14902831076723	30.15	59
5	conventional	60	6	6	0.2946538619179631	1.858233760827759	24.4	58
6	holistic	59	4	5	0.08086789287147213	1.8131317513056031	29.440677966101696	59
6	conventional	60	8	8	0.3173635734383088	4.154502851705204	24.233333333333334	59
7	holistic	58	3	4	0.08568506291239296	1.6120541522637033	28.155172413793103	58
7	conventional	59	15	16	0.26551549122919643	1.9490125734912596	19.52542372881356	59
8	holistic	59	3	2	0.14054607445846481	1.6455104371917322	28.050847457627118	59
8	conventional	60	8	7	0.6252844933727708	5.43465838272159	17.533333333333335	58
9	holistic	60	4	3	0.21615331764345733	2.260799638100054	26.5	58
9	conventional	60	9	9	0.6630059012380646	3.39105343058046	17.9	59
10	holistic	60	3	3	0.20160847364740467	1.936075742840619	26.233333333333334	59
10	conventional	60	5	5	0.7822594190521925	2.772547680188809	17.216666666666665	58
11	holistic	30	6	36	0.589280559111802	4.82191709510534	10.4	48
11	conventional	60	5	5	0.7012438397667907	2.483268701480163	17.866666666666667	59
12	holistic	36	7	1	0.47496458610880243	3.8634102257838854	9.38888888888889	49
12	conventional	60	11	11	0.6296289388044474	2.1374550112170017	15.766666666666667	59
13	holistic	47	12	1	0.5807148149350997	3.880209690962461	7.425531914893617	50
13	conventional	60	3	3	0.7334364674029114	2.4376604981572245	15.083333333333334	59
14	holistic	60	13	0	0.4990484868583074	2.793981547916243	6.6	51
14	conventional	60	7	7	0.7553225884892371	2.308934220138398	13.683333333333334	59
15	holistic	60	2	2	0.5363353270546971	1.9386431661609544	6.266666666666667	52
15	conventional	60	4	4	0.7910088889947117	2.3360167757758306	11.716666666666667	58
16	holistic	60	4	4	0.5748067839485602	1.9528789268684403	6.983333333333333	53
16	conventional	60	4	4	0.749729214078973	3.3417977008394883	12.533333333333333	59
17	holistic	60	9	9	0.622887533848516	2.10827603961041	7.35	54
17	conventional	60	3	3	0.8544470752824707	4.347431696996175	12.433333333333334	57
18	holistic	60	1	1	0.7324300200237042	1.9859662697743534	8.283333333333333	55
18	conventional	60	1	1	0.8837095466772056	6.563812774228415	13.383333333333333	58
19	holistic	60	4	4	0.7403440338040386	1.8535913434548537	8.466666666666667	56
19	conventional	60	4	4	0.7893159108638831	3.059325772208691	13.55	59
20	holistic	60	1	1	0.8069001112569413	2.896588381749313	9.4	57
20	conventional	60	2	2	0.79152078014356	2.0896598618450297	13.483333333333333	58
21	holistic	60	2	2	0.7614881209460826	1.861111551894155	10.266666666666667	58
21	conventional	60	2	2	0.7619342722705914	2.3420475771186045	14.416666666666666	59
22	holistic	60	1	1	0.7486156702154443	2.2617791388613275	11.116666666666667	59
22	conventional	60	3	3	0.8119883651969293	2.8426927372746094	13.683333333333334	58
23	holistic	60	2	2	0.7608867112450253	2.225596602204823	10.466666666666667	57
23	conventional	60	2	2	0.8303957779307897	2.346368260273539	14.383333333333333	59
24	holistic	60	2	2	0.8080884687585431	2.2779376334229826	11.233333333333333	58
24	conventional	60	1	1	0.8726771201114283	2.0958347352756133	14.383333333333333	58
25	holistic	60	0	0	0.8494222422711561	2.322583832128247	12.233333333333333	59
25	conventional	60	0	0	0.8645873489655805	2.0183873299515676	15.383333333333333	59
26	holistic	60	2	2	0.8165606839394156	2.146951630150467	12.166666666666666	34
26	conventional	60	3	3	0.7993815919736478	2.3495396317409343	14.15	41
27	holistic	60	2	2	0.8008959042274907	1.9950933254986378	12.766666666666667	35
27	conventional	60	2	2	0.9882204519378439	5.558439787384973	14.883333333333333	42
28	holistic	60	1	1	0.8215582221518506	2.0491949028560845	13.7	36
28	conventional	60	0	0	0.935994472543578	4.0036641065379746	15.883333333333333	43
29	holistic	60	0	0	0.8011376829243185	2.037493072163365	14.7	37
29	conventional	60	1	1	0.89604376941294	2.8510452064258653	16.85	44
30	holistic	60	2	2	0.8024980842217846	1.9718000271528728	15.566666666666666	38
30	conventional	60	1	1	0.8913900280850485	2.259026491022741	17.8	45
31	holistic	60	1	1	0.9013890634878515	4.863583674280319	16.5	39
31	conventional	60	0	0	0.9003237440998054	2.399670015923991	18.8	46
32	holistic	60	1	1	0.8542853416007917	2.4040297139223545	17.233333333333334	40
32	conventional	60	2	2	0.8695925616602871	1.9416667189079306	19.2	47
33	holistic	60	0	0	0.9308000269997249	1.888607824597145	18.233333333333334	41
33	conventional	60	0	0	0.8310563629161186	1.70830253631881	20.2	48
34	holistic	60	0	0	0.9538195155270403	2.128432584993085	19.233333333333334	42
34	conventional	60	0	0	0.9009440366306588	1.9569234432448614	21.2	49
35	holistic	60	0	0	0.940164808692049	2.222455797759886	20.233333333333334	43
35	conventional	60	0	0	0.8869631259346594	1.6319626353741195	22.2	50
36	holistic	60	0	0	0.9154582615197947	2.1905224785611845	21.233333333333334	44
36	conventional	60	0	0	0.8531507953878384	1.695171905634239	23.2	51
37	holistic	60	0	0	0.9023186154585642	2.0916092336688408	22.233333333333334	45
37	conventional	60	0	0	0.8449442036760044	1.6322190384892798	24.2	52
38	holistic	60	1	1	0.8912464275698381	2.0721407942656875	23.1	46
38	conventional	60	0	0	0.8250295495619376	1.7621289818938652	25.2	53
39	holistic	60	0	0	0.8922096303849939	2.1178574401817065	24.1	47
39	conventional	60	0	0	0.8195370927504322	1.8187946814974234	26.2	54
40	holistic	60	0	0	0.883373445145361	2.0408663239377294	25.1	48
40	conventional	60	0	0	0.7930715205066468	1.7776464338923772	27.2	55
41	holistic	60	0	0	0.8771509267807965	2.0831370953201422	26.1	49
41	conventional	60	1	1	0.7981790236160985	1.7712489740599113	27.916666666666668	56
42	holistic	60	1	1	0.8710117422560264	2.015985859795579	27.033333333333335	50
42	conventional	60	0	0	0.8043382921870592	1.8820892601957429	28.916666666666668	57
43	holistic	60	0	0	0.8667468327863309	2.005296018692213	28.033333333333335	51
43	conventional	60	0	0	0.8489059488897016	1.9575706815025407	29.916666666666668	58
44	holistic	60	0	0	0.8643870222211765	1.9481725591245902	29.033333333333335	52
44	conventional	60	0	0	0.8435688651785713	1.94682751506726	30.916666666666668	59
45	holistic	60	0	0	0.8721450739153034	1.8962139526362052	30.033333333333335	53
45	conventional	60	1	1	0.8432430915139771	1.90847630163615	30.916666666666668	51
46	holistic	60	1	1	0.8688273625635116	1.8487008029048473	30.966666666666665	54
46	conventional	60	0	0	0.8297131084991902	1.8983199468383676	31.916666666666668	52
47	holistic	60	0	0	0.862729655800226	1.7634862854601367	31.966666666666665	55
47	conventional	60	0	0	0.8550691998327588	2.4669847802105616	32.916666666666664	53
48	holistic	60	0	0	0.8817830408869037	1.6951335113890904	32.96666666666667	56
48	conventional	60	1	1	0.8518875946647398	2.131052129011111	33.55	54
49	holistic	60	0	0	0.8808820087191183	1.764575723969818	33.96666666666667	57
49	conventional	60	0	0	0.831631884081542	1.8456942387428543	34.55	55
50	holistic	60	0	0	0.8736035177026383	1.7678802402878528	34.96666666666667	58
50	conventional	60	0	0	0.8216190227086921	1.8142803315779328	35.55	56
51	holistic	60	1	1	0.8675276610537939	1.6777383268979844	35.583333333333336	59
51	conventional	60	1	1	0.8195025300265948	1.7623763855236667	36.5	57
52	holistic	60	1	1	0.8590335126694028	1.6664248030576676	35.583333333333336	50
52	conventional	60	0	0	0.8035130409954458	1.7570045233280864	37.5	58
53	holistic	60	0	0	0.8525557260926125	1.6042597801648808	36.583333333333336	51
53	conventional	60	1	1	0.8110565234697983	1.7526938928575309	38.46666666666667	59
54	holistic	60	0	0	0.8899023152997897	1.7435977663868594	37.583333333333336	52
54	conventional	60	2	2	0.7986263157476473	1.7037611347683517	38.45	59
55	holistic	60	0	0	0.8758236902513298	1.7482182268768804	38.583333333333336	53
55	conventional	60	3	3	0.7801665374997467	1.743026019952943	36.45	51
56	holistic	60	0	0	0.8691346422412775	1.676253778393885	39.583333333333336	54
56	conventional	60	2	2	0.7746719188666341	1.7175402835757474	37.18333333333333	52
57	holistic	60	0	0	0.8734730802347541	1.7582810623045364	40.583333333333336	55
57	conventional	60	1	1	0.7703430133561234	1.7137410521061414	38.15	53
58	holistic	60	0	0	0.8753523284069209	1.8686266571013463	41.583333333333336	56
58	conventional	60	0	0	0.7827624309457395	1.6898223366688405	39.15	54
59	holistic	60	1	1	0.8704356028650188	1.8339215773163666	42.45	57
59	conventional	60	1	1	0.773865453050054	1.6675354577511712	40.1	55
60	holistic	60	0	0	0.8771923972479854	1.8348109657594103	43.45	58
60	conventional	60	2	2	0.8236990883262195	1.645503698490779	40.2	56
61	holistic	60	0	0	0.8697183313273908	1.7707225479810427	44.45	59
61	conventional	60	1	1	0.8269623308677214	1.737771752210862	41.11666666666667	57
62	holistic	60	1	1	0.8457756727220668	1.8673189818193163	44.45	56
62	conventional	60	0	0	0.8583025520389731	1.7523492199179314	42.11666666666667	58
63	holistic	60	1	1	0.8491508416623655	1.8062093202511966	45.38333333333333	57
63	conventional	60	1	1	0.8717412019981217	2.130221471088128	43.06666666666667	59
64	holistic	60	0	0	0.8710985085611479	1.8080689984218663	46.38333333333333	58
64	conventional	60	2	2	0.8423109972989533	1.9666215947949774	42.06666666666667	58
65	holistic	60	0	0	0.8644073791785395	1.7522183852480953	47.38333333333333	59
65	conventional	60	0	0	0.9271372901086326	5.216099951165941	43.06666666666667	59
66	holistic	60	3	3	0.8425356976468229	1.6998044866857933	46.31666666666667	59
66	conventional	60	2	2	0.8493960711486169	2.774412465197308	42.06666666666667	59
67	holistic	60	2	2	0.815230455942811	1.8123825942246774	45.31666666666667	59
67	conventional	60	6	6	0.763357179096189	1.9399980586992296	37.06666666666667	59
68	holistic	60	2	2	0.9058263527316959	3.8345435165609687	44.31666666666667	59
68	conventional	60	5	5	0.7311337563742861	2.0052570030904726	34.05	59
69	holistic	60	3	3	0.9541265370138946	3.677180201801414	42.31666666666667	59
69	conventional	60	9	9	0.7702788684997744	2.5091547866941903	28.95	59
70	holistic	60	4	4	0.8980437617402554	1.8410371435144426	40.25	59
70	conventional	60	3	3	0.8394885953910873	3.0124234591914494	27.933333333333334	59
71	holistic	60	4	4	0.8848618969502989	1.9450225951831883	37.25	59
71	conventional	60	1	1	0.7907428032887245	2.661663788425725	27.933333333333334	59
72	holistic	60	5	5	0.893746927558963	2.8677743256918604	34.15	59
72	conventional	60	7	7	0.7306036232283295	2.853478928891145	24.816666666666666	59
73	holistic	60	5	5	0.8894074854085687	3.9441621973048218	30.15	59
73	conventional	60	5	5	0.788587924415584	2.565667651792514	23.666666666666668	58
74	holistic	60	10	10	0.7271772094738223	2.442695088901097	22.083333333333332	59
74	conventional	60	3	3	0.7575023714359411	2.601487596679833	24.566666666666666	59
75	holistic	60	2	2	0.8416997676509506	1.9420204519273223	22.033333333333335	59
75	conventional	60	6	6	0.6641427717006644	2.335115652754904	22.433333333333334	59
76	holistic	60	2	2	0.8205503281221349	1.8702899771089627	21.033333333333335	59
76	conventional	60	5	5	0.6553038677093316	2.1934449715681588	20.266666666666666	59
77	holistic	60	8	8	0.747407207837459	2.4184479188998997	15.9	59
77	conventional	60	5	5	0.7401124926672132	2.7177837972951284	19.95	59
78	holistic	60	1	1	0.783543897579006	3.9418577104681423	15.9	59
78	conventional	60	2	2	0.7679556422916362	2.5810149003968235	19.9	59
79	holistic	60	5	5	0.6961363163838058	2.8538315380714603	12.833333333333334	58
79	conventional	60	7	7	0.6517753388853881	2.037859462003042	18.583333333333332	59
80	holistic	60	4	4	0.7406995589411517	2.9169870819544856	13.483333333333333	59
80	conventional	60	5	5	0.6981577468481117	2.156757218215846	18.35	59
81	holistic	60	7	7	0.7987397328723755	3.772116586902253	12.083333333333334	58
81	conventional	60	4	4	0.7525781147694265	2.0886273288917816	17.283333333333335	59
82	holistic	60	0	0	0.8372248776368963	2.888114607499149	13.083333333333334	59
82	conventional	60	4	4	0.6971260801221248	2.110682385661686	15.25	59
83	holistic	60	2	2	0.7854725402230934	1.7594105608002149	13.016666666666667	59
83	conventional	60	5	5	0.6557352967709505	2.1318751043912036	14.166666666666666	57
84	holistic	60	4	4	0.8020541787073844	2.1499511929384036	12.566666666666666	57
84	conventional	60	3	3	0.8334787559265383	4.444231957166103	14.9	58
85	holistic	60	1	1	0.8177538280234037	2.204250651517555	13.5	58
85	conventional	60	2	2	0.8007565608063175	2.122564907294061	15.766666666666667	59
86	holistic	60	0	0	0.8142649113931014	1.9994831007287945	14.5	59
86	conventional	60	2	2	0.7481165255249507	2.326959270675634	15.716666666666667	57
87	holistic	60	3	3	0.8272864674798328	2.3095814668266	14.333333333333334	57
87	conventional	60	6	6	0.7759233352659562	2.5721912889268093	16.266666666666666	58
88	holistic	60	1	1	0.9214046460928856	1.9902621601104102	15.266666666666667	58
88	conventional	60	0	0	0.7079410134801506	2.021517716767949	17.266666666666666	59
89	holistic	60	0	0	0.9702161915791275	3.9317800535068685	16.266666666666666	59
89	conventional	60	2	2	0.7370702266813718	1.9863932247144434	17.233333333333334	59
90	holistic	60	2	2	0.8647245862462938	1.93230531923122	15.933333333333334	59
90	conventional	60	4	4	0.7798024811557263	2.2639926307460323	17.016666666666666	58
91	holistic	60	1	1	0.8265956372183338	1.7493779601170494	15.933333333333334	59
91	conventional	60	2	2	0.8489117805073219	2.5767933635162485	17.916666666666668	59
92	holistic	60	1	1	0.829072502033249	1.8101394283742884	15.933333333333334	46
92	conventional	60	8	8	0.7603639326648249	2.0699284326100695	15.966666666666667	47
93	holistic	60	2	2	0.7935349825701999	1.5913603540730883	16.566666666666666	47
93	conventional	60	3	3	0.9527461253854371	4.7566457508754905	16.883333333333333	48
94	holistic	60	1	1	0.8344494239000267	1.4993027894442446	17.5	48
94	conventional	60	1	1	0.9263034821082083	3.2291609501697116	17.85	49
95	holistic	60	0	0	0.833022279357276	1.5344070667013354	18.5	49
95	conventional	60	1	1	0.902191945797712	2.0688523702056694	18.816666666666666	50
96	holistic	60	1	1	0.8436053687879589	1.6829534668520465	19.45	50
96	conventional	60	0	0	0.8704601343790425	1.7415318245426379	19.816666666666666	51
97	holistic	60	0	0	0.8383030677096397	1.5999486075199774	20.45	51
97	conventional	60	1	1	0.8824505032130028	1.655035610362032	20.733333333333334	52
98	holistic	60	0	0	0.8531356815247937	1.5315646461830805	21.45	52
98	conventional	60	0	0	0.9296734400808385	3.4362969775345773	21.733333333333334	53
99	holistic	60	0	0	0.8360911315886076	1.6599221158095012	22.45	53
99	conventional	60	0	0	0.897373319243766	2.453345311763913	22.733333333333334	54
100	holistic	60	0	0	0.8390689209084093	1.5159565124606853	23.45	54
100	conventional	60	0	0	0.8517674035434131	1.788882666457469	23.733333333333334	55
101	holistic	60	0	0	0.8636919128856114	1.9326560317842882	24.45	55
101	conventional	60	1	1	0.8517595038736872	1.6492777870860031	24.583333333333332	56
102	holistic	60	0	0	0.8802912256348112	1.9327939677467934	25.45	56
102	conventional	60	0	0	0.8819058277376414	1.8473420099216196	25.583333333333332	57
103	holistic	60	0	0	0.9013779311724176	1.8661423701802347	26.45	57
103	conventional	60	0	0	0.8633345203378028	1.7326210454887219	26.583333333333332	58
104	holistic	60	0	0	0.91848041201423	1.8810501210834194	27.45	58
104	conventional	60	0	0	0.8781024870336138	1.7673183886141648	27.583333333333332	59
105	holistic	60	0	0	0.9214655063581548	1.8044805706065683	28.45	59
105	conventional	60	1	1	0.8675470999209428	1.7333461856471688	27.583333333333332	51
106	holistic	60	1	1	0.9136129864551014	1.765482575708055	28.45	54
106	conventional	60	0	0	0.8558443712216346	1.653565642937962	28.583333333333332	52
107	holistic	60	0	0	0.9041842761193621	1.8266809171296878	29.45	55
107	conventional	60	0	0	0.8455334890722104	1.5960989624715058	29.583333333333332	53
108	holistic	60	0	0	0.895085801550172	1.7818050060798356	30.45	56
108	conventional	60	0	0	0.8266782511484462	1.5678503405431763	30.583333333333332	54
109	holistic	60	0	0	0.8963446354362667	1.7414195886409116	31.45	57
109	conventional	60	0	0	0.8303464666799607	1.564201771688242	31.583333333333332	55
110	holistic	60	0	0	0.9112328285117947	1.7783918394718716	32.45	58
110	conventional	60	1	1	0.8223282319931766	1.5180859644061828	32.333333333333336	56
111	holistic	60	0	0	0.9041573031709341	1.7346962103140202	33.45	59
111	conventional	60	0	0	0.8243887461507754	1.5822741527045452	33.333333333333336	57
112	holistic	60	1	1	0.8808941458049127	1.736577728999704	33.45	49
112	conventional	60	0	0	0.8186753810903862	1.5574371568101142	34.333333333333336	58
113	holistic	60	0	0	0.9225081417996123	1.8531216161209767	34.45	50
113	conventional	60	0	0	0.8234236406903054	1.5471222854629985	35.333333333333336	59
114	holistic	60	1	1	0.9054598767943297	1.7838160401615046	35.31666666666667	51
114	conventional	60	1	1	0.8154282325062903	1.5229108585095166	35.333333333333336	59
115	holistic	60	0	0	0.9217800223205422	1.8218643271392936	36.31666666666667	52
115	conventional	60	1	1	0.8195248337190093	1.6058415037240343	35.333333333333336	58
116	holistic	60	0	0	0.902923126798105	1.7542677922468635	37.31666666666667	53
116	conventional	60	3	3	0.7901256277332956	1.5614212436388781	35.43333333333333	59
117	holistic	60	0	0	0.9067655512285211	1.8295600127152687	38.31666666666667	54
117	conventional	60	3	3	0.8109807026319586	1.5603019487125587	35.36666666666667	58
118	holistic	60	0	0	0.9102028759325589	1.799773982460287	39.31666666666667	55
118	conventional	60	0	0	0.8341435164435664	2.5153670341468715	36.36666666666667	59
119	holistic	60	0	0	0.9069273477319271	1.7393929858074115	40.31666666666667	56
119	conventional	60	3	3	0.8248279976729436	1.6053173791017146	35.583333333333336	59
120	holistic	60	0	0	0.8989295921414655	1.7042886484898192	41.31666666666667	57
120	conventional	60	1	1	0.7658213873098585	1.517270764158654	35.583333333333336	59
121	holistic	60	0	0	0.9193755363851054	1.8077509988815939	42.31666666666667	58
121	conventional	60	3	3	0.7943285716903268	1.4793932924294368	35.516666666666666	58
122	holistic	60	0	0	0.9198965817268506	1.8727087799330173	43.31666666666667	59
122	conventional	60	1	1	0.8176910460274561	1.592367034978326	36.483333333333334	59
123	holistic	60	1	1	0.903417615439175	1.8389251533499569	43.31666666666667	57
123	conventional	60	1	1	0.8415195176612181	1.5980232117272792	36.483333333333334	59
124	holistic	60	0	0	0.905508436032898	1.807085988697476	44.31666666666667	58
124	conventional	60	2	2	0.8203125742151715	2.523746494513386	35.483333333333334	58
125	holistic	60	0	0	0.92310457723426	1.8657980578371929	45.31666666666667	59
125	conventional	60	0	0	0.8472855110673024	2.171270336260462	36.483333333333334	59
126	holistic	60	1	1	0.9160092199707387	1.8355330655423756	45.31666666666667	59
126	conventional	60	5	5	0.7904169491242253	2.2657382993287163	35.2	59
127	holistic	60	2	2	0.9162296697274462	2.811190218343002	44.31666666666667	59
127	conventional	60	1	1	0.8031017748286305	2.2390199988182657	35.2	59
128	holistic	60	1	1	0.9054533750206795	3.301813334906649	44.31666666666667	59
128	conventional	60	6	6	0.6941014276880905	2.083832219298308	31.166666666666668	59
129	holistic	60	3	3	0.8681829156308408	2.4697835436775883	42.31666666666667	59
129	conventional	60	6	6	0.7040611994350513	3.5175767018701105	29.4	57
130	holistic	60	2	2	0.830794151804246	2.5470388275546627	41.31666666666667	59
130	conventional	60	3	3	0.7028218284997539	3.0722623876162465	30.266666666666666	58
131	holistic	60	4	4	0.776655330818867	2.0077020048672343	38.31666666666667	59
131	conventional	60	2	2	0.7107223454431263	1.887389669429634	31.2	59
132	holistic	60	4	4	0.934179200957004	4.785272180555403	35.31666666666667	59
132	conventional	60	7	7	0.6682401678182295	1.5766441404560703	29.05	59
133	holistic	60	2	2	0.9217072145045577	4.242372594525847	35.25	59
133	conventional	60	2	2	0.7349131765870303	3.448686622927177	28.85	58
134	holistic	60	9	9	0.8969745187144001	3.7909088520823944	28.2	59
134	conventional	60	4	4	0.7289124139684378	2.9486103851123158	29.716666666666665	59
135	holistic	60	1	1	0.8676540309343725	2.8351516122482368	28.2	58
135	conventional	60	5	5	0.7097116356705823	1.7794341716060977	27.666666666666668	59
136	holistic	60	2	2	0.8881675723168514	2.713282238384004	29.016666666666666	59
136	conventional	60	4	4	0.8611399201421576	3.448778273763884	26.616666666666667	59
137	holistic	60	6	6	0.8795694494660324	3.207816318343364	26.85	59
137	conventional	60	5	5	0.8545382973859798	3.3243996017708244	23.683333333333334	59
138	holistic	60	5	5	0.8920897250334282	2.9602900981592803	26.616666666666667	59
138	conventional	60	4	4	0.9325058293693762	3.110131949620332	23.25	59
139	holistic	60	5	5	0.9202168666319497	3.732698547975224	23.416666666666668	59
139	conventional	60	4	4	1.0838965242857697	5.4906177014118125	21.333333333333332	59
140	holistic	60	6	6	0.8262218173454372	2.38629905593539	21.283333333333335	59
140	conventional	60	5	5	1.03781398840918	4.555452734920685	19.233333333333334	57
141	holistic	60	7	7	0.7878105846914796	2.495799313821116	17.15	58
141	conventional	60	0	0	0.911675489672019	3.218325975366237	20.233333333333334	58
142	holistic	60	2	2	0.9118035162174601	3.7289888910799744	18.016666666666666	59
142	conventional	60	2	2	0.873817063215398	2.3205137552775184	21.15	59
143	holistic	60	3	3	0.9307195272354813	2.2788387717778393	17.883333333333333	59
143	conventional	60	2	2	0.9266137522786967	2.235509129274214	21.1	59
144	holistic	60	4	4	0.8453896359778342	2.286038099896155	15.816666666666666	59
144	conventional	60	2	2	0.9551910971912199	3.6415935033476514	21.083333333333332	59
145	holistic	60	3	3	0.9251624577888716	3.9326392928818064	15.683333333333334	58
145	conventional	60	1	1	0.9229286119232302	2.0672428303519146	21.083333333333332	59
146	holistic	60	1	1	0.8573292351621157	2.2804819904849416	16.566666666666666	59
146	conventional	60	1	1	0.8388027905509846	1.9098429244866126	21.083333333333332	59
147	holistic	60	4	4	0.8815097710845865	2.4348595700380553	14.483333333333333	59
147	conventional	60	4	4	0.8016359126028638	1.7779774554955317	20.716666666666665	58
148	holistic	60	2	2	0.9217816528695372	2.334718986334369	14.3	57
148	conventional	60	1	1	0.8497253344807034	3.187169199017058	21.7	59
149	holistic	60	0	0	0.9007252844319953	2.267531813749347	15.3	58
149	conventional	60	3	3	0.8324059229073042	1.546008508623365	21.6	59
150	holistic	60	1	1	0.8999456885615299	2.434119985387085	16.25	59
150	conventional	60	4	4	0.8084276814736067	3.29851863873107	20.516666666666666	58
151	holistic	60	1	1	0.8552918171613004	2.2680176367839406	16.25	59
151	conventional	60	0	0	0.8293875118069524	1.8125371015764866	21.516666666666666	59
152	holistic	60	3	3	0.8475071222942111	2.0807630480680555	16.116666666666667	59
152	conventional	60	5	5	0.8206266464166764	1.6507095888488583	18.483333333333334	59
153	holistic	60	1	1	0.9130398006596815	2.1561905731109894	16.116666666666667	59
153	conventional	60	1	1	0.8979420813002068	2.765470552901361	18.483333333333334	59
154	holistic	60	1	1	0.8944799965986879	2.1964126671234547	16.116666666666667	58
154	conventional	60	2	2	0.8564020033517796	2.2723270238839093	18.2	57
155	holistic	60	0	0	0.9046083351360544	2.143649017626404	17.116666666666667	59
155	conventional	60	0	0	0.8076607878823131	1.773043058084154	19.2	58
156	holistic	60	2	2	0.8938688390721209	2.0466150131635117	17.05	44
156	conventional	60	4	4	0.8657666848179301	2.272731572732974	19.95	59
157	holistic	60	0	0	0.9371809233648408	2.2061709452948763	18.05	45
157	conventional	60	3	3	0.8981680435561333	2.40693293122783	19.783333333333335	56
158	holistic	60	0	0	0.9340704616340755	2.1069681975770873	19.05	46
158	conventional	60	1	1	0.9582804362080548	2.240396169391507	20.75	57
159	holistic	60	0	0	0.9048992734297296	1.9605790631576638	20.05	47
159	conventional	60	0	0	0.950640391219736	2.3563973886304996	21.75	58
160	holistic	60	0	0	0.9093778528221328	2.066475832141696	21.05	48
160	conventional	60	0	0	0.9307499049288028	2.1183590674678707	22.75	59
161	holistic	60	0	0	0.9082330702935161	2.0126327217009226	22.05	49
161	conventional	60	1	1	0.9104812218994643	2.1232010034907223	22.75	56
162	holistic	60	0	0	0.9048069035582297	2.0039291068523064	23.05	50
162	conventional	60	1	1	0.8938151784736516	2.0615509321968584	23.533333333333335	57
163	holistic	60	0	0	0.9105515604360775	1.9335219344907624	24.05	51
163	conventional	60	1	1	0.9052218865094485	2.1418119232228614	24.316666666666666	58
164	holistic	60	0	0	0.9085904681233472	1.8669939009247631	25.05	52
164	conventional	60	0	0	0.9210866984818208	2.256262032585145	25.316666666666666	59
165	holistic	60	0	0	0.8991548476961283	1.8444646276468313	26.05	53
165	conventional	60	1	1	0.8978405416575936	1.9721797300198365	25.316666666666666	49
166	holistic	60	0	0	0.8823161328818734	1.7773397251655583	27.05	54
166	conventional	60	0	0	0.9463456583723766	4.39533687079464	26.316666666666666	50
167	holistic	60	0	0	0.8742781283643325	1.8436599492709491	28.05	55
167	conventional	60	0	0	0.9094454749898456	2.4128046395593126	27.316666666666666	51
168	holistic	60	0	0	0.8791291552953824	1.9614519619869393	29.05	56
168	conventional	60	1	1	0.9005860526495185	2.4070438090841306	28.233333333333334	52
169	holistic	60	0	0	0.8831273671022026	1.9549467785946557	30.05	57
169	conventional	60	0	0	0.8903604098287119	1.8299328665116645	29.233333333333334	53
170	holistic	60	0	0	0.8755690173465326	1.9486128405330283	31.05	58
170	conventional	60	1	1	0.8840494984144218	1.7592067536989848	30.0	54
171	holistic	60	0	0	0.8876357250506073	1.8934939085055364	32.05	59
171	conventional	60	0	0	0.9026504773074221	1.7777584069833716	31.0	55
172	holistic	60	1	1	0.875258012199123	1.8465138572494717	32.05	58
172	conventional	60	0	0	0.8782747974073966	1.7235111849197975	32.0	56
173	holistic	60	0	0	0.8693077102379322	1.842974637134218	33.05	59
173	conventional	60	0	0	0.8561288624090028	1.693912888920047	33.0	57
174	holistic	60	1	1	0.8625470924985356	1.8878463208102554	33.05	51
174	conventional	60	0	0	0.8731200624311022	1.6754526424784726	34.0	58
175	holistic	60	1	1	0.8495062840058035	1.802592824503783	33.583333333333336	52
175	conventional	60	0	0	0.8687873691093498	1.6229687694043284	35.0	59
176	holistic	60	2	2	0.8432334473958899	1.764421226912921	33.983333333333334	53
176	conventional	60	1	1	0.867083923879965	1.5735744980487587	35.0	59
177	holistic	60	1	1	0.8528569059150792	1.690716209779224	34.93333333333333	54
177	conventional	60	2	2	0.83692626036537	1.5945806166425232	34.983333333333334	58
178	holistic	60	0	0	0.8568413138225607	1.6962912243324098	35.93333333333333	55
178	conventional	60	0	0	0.8914789095552085	4.325856534860269	35.983333333333334	59
179	holistic	60	0	0	0.8732046752267049	1.7023384581578136	36.93333333333333	56
179	conventional	60	1	1	0.8617091414267397	3.319229732238349	35.983333333333334	58
180	holistic	60	0	0	0.8773830255092203	1.6728475371416816	37.93333333333333	57
180	conventional	60	0	0	0.8521780468475739	2.6473149525652824	36.983333333333334	59
181	holistic	60	1	1	0.8742401395825505	1.72579537164841	38.86666666666667	58
181	conventional	60	1	1	0.8338360565067549	2.57099702584893	36.983333333333334	59
182	holistic	60	0	0	0.8814040019166931	1.7957856584354646	39.86666666666667	59
182	conventional	60	1	1	0.8617373015766441	2.120582527808943	36.983333333333334	59
183	holistic	60	1	1	0.8737930355913476	1.7717377368816314	39.86666666666667	57
183	conventional	60	1	1	0.8867507812926335	2.4282137386942666	36.983333333333334	57
184	holistic	60	0	0	0.912354492365486	1.792995278609782	40.86666666666667	58
184	conventional	60	0	0	0.9106148527375967	2.4347572048008375	37.983333333333334	58
185	holistic	60	0	0	0.9088499481828813	1.7916961693944773	41.86666666666667	59
185	conventional	60	0	0	0.873452431796902	1.7659250723453477	38.983333333333334	59
186	holistic	60	1	1	0.9025059203851896	1.9666840323759298	41.86666666666667	59
186	conventional	60	2	2	0.8407142742119496	1.4408303945180099	37.983333333333334	58
187	holistic	60	1	1	0.9202896002182894	2.753287277358055	41.86666666666667	59
187	conventional	60	0	0	0.8354991142191018	1.420291278826351	38.983333333333334	59
188	holistic	60	1	1	0.9428840975154391	3.2721939282161507	41.86666666666667	59
188	conventional	60	3	3	0.8144954203134147	1.7007055179034856	36.983333333333334	59
189	holistic	60	1	1	0.9248694552635394	2.7657362568011394	41.86666666666667	59
189	conventional	60	4	4	0.7826801703080517	3.2348531874638864	33.983333333333334	58
190	holistic	60	2	2	0.931834500677063	3.5184590119099974	40.86666666666667	59
190	conventional	60	1	1	0.7925090353617464	2.740562627820621	34.95	59
191	holistic	60	4	4	1.0029512529150173	4.903477183909204	38.733333333333334	59
191	conventional	60	3	3	0.8141372155737281	2.5696827832631306	34.88333333333333	59
192	holistic	60	3	3	0.9383469359186745	3.4005574839728294	36.733333333333334	59
192	conventional	60	3	3	0.788385014162888	2.2337656564038086	32.88333333333333	59
193	holistic	60	1	1	1.0311706279132895	4.909237130430837	36.733333333333334	59
193	conventional	60	1	1	0.7378119930177132	2.031942780271694	32.88333333333333	59
194	holistic	60	4	4	0.9975924158024109	3.9067645601241874	33.733333333333334	59
194	conventional	60	4	4	0.7766544704860574	2.2494962377146144	31.816666666666666	59
195	holistic	60	1	1	1.1102221497327092	5.8852779430879645	33.733333333333334	59
195	conventional	60	3	3	0.7283970986833014	2.104812627201493	29.816666666666666	59
196	holistic	60	1	1	1.0514565625513022	3.895475099858268	33.733333333333334	59
196	conventional	60	6	6	0.7424748774385307	2.8101374627298923	29.433333333333334	59
197	holistic	60	2	2	0.9784323432648421	2.562814001711137	33.666666666666664	59
197	conventional	60	4	4	0.6919525187244171	3.218531644775492	27.3	59
198	holistic	60	3	3	0.9664737027944512	2.483434340185886	32.6	59
198	conventional	60	5	5	0.7755614467538182	2.487747601733205	26.2	59
199	holistic	60	2	2	0.9220250311950318	2.163411395294962	31.6	59
199	conventional	60	5	5	0.8296515996260349	4.336394698413039	24.116666666666667	59
200	holistic	60	6	6	0.8757199605625398	2.5792356658808004	27.566666666666666	59
200	conventional	60	4	4	0.9348434666622948	3.5459215010505685	22.1	58
201	holistic	60	5	5	0.837974081446128	3.9620928899580012	23.566666666666666	59
201	conventional	60	1	1	1.0037478667298025	4.317612526867895	23.05	59
202	holistic	60	1	1	0.897323006392432	3.964311861030583	23.566666666666666	59
202	conventional	60	2	2	1.0129199930290376	2.416146142985046	22.05	59
203	holistic	60	4	4	0.8324682097382126	2.9620162764732236	21.5	59
203	conventional	60	1	1	1.0027665909885222	2.894783463662479	22.05	59
204	holistic	60	6	6	0.8662226215458823	3.719684880977118	19.3	59
204	conventional	60	3	3	0.9590938537233371	2.2127662213136556	21.416666666666668	57
205	holistic	60	4	4	0.8285012948927932	3.237535840314237	17.233333333333334	59
205	conventional	60	3	3	0.9297102579855527	2.0786705147268925	22.283333333333335	58
206	holistic	60	1	1	0.9186175319801992	3.739541563622743	17.233333333333334	59
206	conventional	60	1	1	1.024583541803755	5.527497433693285	23.25	59
207	holistic	60	5	5	0.9749141079587779	4.959724508241999	15.983333333333333	57
207	conventional	60	3	3	0.9467082151728888	3.0179271067795304	22.216666666666665	59
208	holistic	60	3	3	1.118411643457572	4.4663733075305565	16.783333333333335	58
208	conventional	60	2	2	0.9786608176395003	2.139093382268195	22.166666666666668	59
209	holistic	60	0	0	1.043204505850522	3.196959699403223	17.783333333333335	59
209	conventional	60	3	3	0.9036854454149472	1.7048984474262714	21.983333333333334	59
210	holistic	60	1	1	0.9626942954846243	2.8769281543070493	17.783333333333335	59
210	conventional	60	2	2	0.9885142839075403	2.650080637869905	21.95	58
211	holistic	60	3	3	0.9558064607716656	2.887158290662929	17.666666666666668	59
211	conventional	60	0	0	0.9132553990739098	1.685626676916337	22.95	59
212	holistic	60	3	3	1.0374772250346627	4.748614357107246	16.6	59
212	conventional	60	3	3	0.8544097844661067	1.6125643363838513	21.916666666666668	58
213	holistic	60	1	1	1.0839132678592398	3.9404714029352617	16.6	59
213	conventional	60	1	1	0.862178487355108	2.2624958346378845	22.866666666666667	59
214	holistic	60	2	2	0.9977989205342617	2.623480646808286	16.4	58
214	conventional	60	3	3	0.98953250164149	6.259130330765631	22.75	58
215	holistic	60	1	1	0.9812963699263456	2.5150092816670724	17.35	59
215	conventional	60	1	1	0.9608859389411368	3.27985884412405	23.733333333333334	59
216	holistic	60	4	4	0.920502173746505	2.471935614111981	16.133333333333333	41
216	conventional	60	4	4	0.8699820997992791	1.9743819360693413	22.4	59
217	holistic	60	0	0	1.0842628041071618	3.934772837217154	17.133333333333333	42
217	conventional	60	3	3	0.9831382107212645	3.512786182798007	20.4	59
218	holistic	60	0	0	1.0566362718308209	2.918091500320592	18.133333333333333	43
218	conventional	60	1	1	0.8788826040877671	2.0144375753404837	20.4	57
219	holistic	60	0	0	1.0702057243209748	3.536364993431712	19.133333333333333	44
219	conventional	60	3	3	0.8828778740510176	2.352608835439117	21.1	58
220	holistic	60	1	1	1.0386291704060686	3.086563098445268	20.066666666666666	45
220	conventional	60	1	1	0.856299546112913	2.5488221111116935	22.083333333333332	59
221	holistic	60	0	0	1.020361011128576	2.9606037641508083	21.066666666666666	46
221	conventional	60	2	2	0.8094266181934258	2.134844433670877	22.016666666666666	59
222	holistic	60	1	1	1.0445866738132878	2.9608395766569973	21.666666666666668	47
222	conventional	60	3	3	0.7760198809434479	2.036693950801643	21.933333333333334	57
223	holistic	60	0	0	1.020712440633363	2.692229953992063	22.666666666666668	48
223	conventional	60	1	1	0.855187655545771	1.9054164756604248	22.85	58
224	holistic	60	1	1	1.0010267939247801	2.6383179027168646	23.533333333333335	49
224	conventional	60	1	1	0.8428049433460088	2.364920953183068	23.8	59
225	holistic	60	0	0	1.0243771074261598	2.5876689543408	24.533333333333335	50
225	conventional	60	1	1	0.7978962356021747	1.8579843876730802	23.8	55
226	holistic	60	0	0	1.0338085277657743	2.6252979352610892	25.533333333333335	51
226	conventional	60	1	1	0.7989044864813265	1.8080648765189333	24.75	56
227	holistic	60	0	0	1.018609035304288	2.605281894726527	26.533333333333335	52
227	conventional	60	0	0	0.7866540017814773	1.7665860935719264	25.75	57
228	holistic	60	0	0	1.0098478254550958	2.586257702057276	27.533333333333335	53
228	conventional	60	1	1	0.7943616969483416	1.89337198980429	26.483333333333334	58
229	holistic	60	0	0	1.006173149933094	2.515672098572173	28.533333333333335	54
229	conventional	60	1	1	0.7689371349637006	1.702721275235787	27.4	59
230	holistic	60	0	0	1.004834101668153	2.5259263909902936	29.533333333333335	55
230	conventional	60	1	1	0.7912643870108583	1.8711195294006284	27.4	53
231	holistic	60	0	0	0.9995059021989144	2.510464322677242	30.533333333333335	56
231	conventional	60	1	1	0.8268442731842726	2.26167703170416	28.316666666666666	54
232	holistic	60	0	0	1.0028307507050338	2.4470204812072827	31.533333333333335	57
232	conventional	60	2	2	0.812157486082002	2.167103351268648	29.266666666666666	55
233	holistic	60	0	0	0.9942984910996953	2.4821620643028153	32.53333333333333	58
233	conventional	60	0	0	0.9062538434085305	3.347133363479289	30.266666666666666	56
234	holistic	60	1	1	0.9958212120915044	2.4454842624221316	33.333333333333336	59
234	conventional	60	0	0	0.9087894131303049	2.7535891307997518	31.266666666666666	57
235	holistic	60	1	1	0.9726114543177999	2.4105517255392184	33.333333333333336	59
235	conventional	60	1	1	0.8852159678842295	2.602916516512571	32.1	58
236	holistic	60	2	2	0.9600487846593436	2.377197154815799	32.333333333333336	55
236	conventional	60	0	0	0.8646128163769081	2.441270190831907	33.1	59
237	holistic	60	2	2	1.0289912741918923	2.3234410597883985	32.63333333333333	56
237	conventional	60	2	2	0.85173741558705	2.3017201660382485	32.1	58
238	holistic	60	0	0	1.0274578729906738	2.335888543704811	33.63333333333333	57
238	conventional	60	1	1	0.852215024836272	2.3683573324075837	33.05	59
239	holistic	60	0	0	1.00319211390357	2.315668780577263	34.63333333333333	58
239	conventional	60	1	1	0.8148882273672527	2.1942933012223005	33.05	58
240	holistic	60	0	0	1.004695945138333	2.4178717480743748	35.63333333333333	59
240	conventional	60	2	2	0.8515315075999271	2.2213676230443955	33.95	59
241	holistic	60	3	3	0.9710377208731201	2.27023406836073	35.5	55
241	conventional	60	1	1	0.8738407278889908	3.317767694133833	33.95	58
242	holistic	60	0	0	1.031022331044081	3.925448988590119	36.5	56
242	conventional	60	1	1	0.8977829670424354	3.3125036107896095	34.916666666666664	59
243	holistic	60	0	0	1.018041054763674	2.446894029575069	37.5	57
243	conventional	60	2	2	0.8536267131656446	1.9860716763367356	34.9	57
244	holistic	60	1	1	1.0085299543065338	2.212365325818795	38.45	58
244	conventional	60	0	0	0.9153877223195686	2.2752793653272265	35.9	58
245	holistic	60	0	0	1.0131387936380811	2.206780977395688	39.45	59
245	conventional	60	2	2	0.8562048920295592	1.8175290283342784	36.43333333333333	59
246	holistic	60	1	1	1.0016915640998854	2.219711468188433	39.45	59
246	conventional	60	3	3	0.8915571237714538	2.0441720247780286	34.95	58
247	holistic	60	1	1	0.9880097381371782	2.196336512035387	39.45	59
247	conventional	60	0	0	0.8944204227962492	1.8499185025904745	35.95	59
248	holistic	60	2	2	0.9575209673188553	2.1737388819621644	39.38333333333333	59
248	conventional	60	3	3	0.8562626703661479	2.0373584587748916	34.916666666666664	59
249	holistic	60	1	1	0.9871934486041843	2.1348309981483427	39.38333333333333	59
249	conventional	60	2	2	0.851555545793767	1.9848696433041209	34.86666666666667	59
250	holistic	60	2	2	0.9696539742503234	2.9185067444584827	38.38333333333333	59
250	conventional	60	1	1	0.8353798117990777	2.0304494949890373	34.86666666666667	59
251	holistic	60	4	4	0.8787412983385402	2.2520516212003177	35.38333333333333	59
251	conventional	60	3	3	0.8201392487936084	2.5397235034868757	33.78333333333333	59
252	holistic	60	3	3	0.9154589680064382	2.8839338026244064	33.38333333333333	58
252	conventional	60	2	2	0.8649457046823752	3.5849976582756655	33.75	59
253	holistic	60	1	1	0.9350994147687366	2.5172657644789895	34.31666666666667	59
253	conventional	60	1	1	0.8703284113399155	2.58196759172053	33.75	59
254	holistic	60	4	4	0.8798393378459227	2.7492234808265317	32.25	59
254	conventional	60	4	4	0.7855726836159286	2.229296166245689	31.65	59
255	holistic	60	2	2	0.9222957542390556	2.48586351078972	32.2	59
255	conventional	60	2	2	0.8317208907238691	2.167207405609955	31.6	59
256	holistic	60	1	1	0.9675991591039581	3.0763363693901593	32.2	59
256	conventional	60	4	4	0.858842742219647	3.32484417526777	30.483333333333334	59
257	holistic	60	2	2	0.975663255276707	2.7097467154141697	31.2	58
257	conventional	60	3	3	0.7375569259137669	2.080960897023896	28.483333333333334	59
258	holistic	60	2	2	0.9247620706272889	2.3056519640713042	32.016666666666666	59
258	conventional	60	4	4	0.7918292140130441	3.3542171867602826	26.45	59
259	holistic	60	1	1	0.9980801447313592	2.0027435106918006	32.016666666666666	59
259	conventional	60	5	5	0.70959785248346	2.0136254543298953	23.316666666666666	59
260	holistic	60	3	3	0.9174678205383346	2.221894970350741	30.883333333333333	59
260	conventional	60	7	7	0.623961970211865	1.85191268031493	22.0	59
261	holistic	60	5	5	0.9068318028889572	1.9836131807795567	27.85	58
261	conventional	60	3	3	0.8121788176465226	2.192776665910128	21.933333333333334	59
262	holistic	60	0	0	1.0654660517475263	3.7194917204179196	28.85	59
262	conventional	60	4	4	0.9267484642852779	3.6972484046769565	21.75	58
263	holistic	60	2	2	0.9770091743637049	2.8360116960122035	27.85	59
263	conventional	60	3	3	0.859410173053427	2.8654624730477525	22.65	59
264	holistic	60	4	4	0.9591029320994722	2.0886991208106163	25.783333333333335	59
264	conventional	60	3	3	0.8872930900958579	2.1982704461589098	22.6	59
265	holistic	60	3	3	1.0806677818636232	5.904832039835892	23.783333333333335	59
265	conventional	60	1	1	0.94364100507797	3.2454235450207896	22.6	59
266	holistic	60	1	1	0.9874160262533679	3.444500327457429	23.783333333333335	59
266	conventional	60	2	2	0.8429700699165867	1.7353689884006736	22.533333333333335	59
267	holistic	60	5	5	0.9550028051519994	3.9351098806496707	20.683333333333334	59
267	conventional	60	3	3	0.873354764138476	2.6633608147551566	22.116666666666667	59
268	holistic	60	1	1	1.2468937784493186	8.710468208795918	20.683333333333334	58
268	conventional	60	1	1	0.947092752344407	2.555644056560551	22.116666666666667	59
269	holistic	60	1	1	1.140551812746534	5.715065585847819	21.65	59
269	conventional	60	2	2	0.961800277803466	2.547186609909051	21.116666666666667	57
270	holistic	60	1	1	1.1349177617322526	4.045540085210118	21.65	59
270	conventional	60	0	0	1.0625986865257018	4.338383235616032	22.116666666666667	58
271	holistic	60	4	4	1.1142910011215759	3.712519702640987	19.533333333333335	59
271	conventional	60	0	0	1.0038056286890036	2.857452691892267	23.116666666666667	59
272	holistic	60	2	2	1.0834766900068795	3.1109936939507175	18.533333333333335	59
272	conventional	60	2	2	0.9906218440371651	3.131627953732607	23.0	59
273	holistic	60	1	1	1.1056546797603972	2.954732886621514	18.533333333333335	59
273	conventional	60	1	1	0.9960913298612781	2.9239001237168565	23.0	59
274	holistic	60	1	1	1.085438976880194	2.4348746701648696	18.533333333333335	59
274	conventional	60	2	2	0.9382001425091739	2.754114956168072	22.983333333333334	58
275	holistic	60	2	2	1.0865689597373733	2.319319917359731	18.466666666666665	59
275	conventional	60	1	1	0.928711485684911	2.7092929233611964	23.933333333333334	59
276	holistic	60	4	4	1.0512729379696553	2.715450882320581	17.316666666666666	56
276	conventional	60	6	6	0.8327156579905046	2.670062456560283	20.883333333333333	57
277	holistic	60	1	1	1.0744582014452224	2.3512815111704968	17.983333333333334	57
277	conventional	60	1	1	0.8964605977652498	3.2842994451255496	21.733333333333334	58
278	holistic	60	0	0	1.1184638271291552	2.9627437956930223	18.983333333333334	58
278	conventional	60	2	2	0.9668652265634712	3.4771874278436634	22.666666666666668	59
279	holistic	60	2	2	1.0546905026501185	2.3690199517817274	19.866666666666667	59
279	conventional	60	2	2	0.8495195379030768	2.1817882102401653	22.5	57
280	holistic	60	2	2	1.070580254792035	2.5252910105666593	19.8	56
280	conventional	60	1	1	0.9005288227110523	3.181686003554975	23.466666666666665	58
281	holistic	60	0	0	1.1010791327780245	2.3765633340922765	20.8	57
281	conventional	60	1	1	0.8886887053691733	3.1805868233827317	24.383333333333333	59
282	holistic	60	0	0	1.0698180829928696	2.1708606560742862	21.8	58
282	conventional	60	4	4	0.8144297788647713	2.5186834743051825	22.35	54
283	holistic	60	0	0	1.0671278138882714	2.0727727486585303	22.8	59
283	conventional	60	1	1	0.8285175861498145	2.257798035499772	23.233333333333334	55
284	holistic	60	2	2	1.033690499256277	2.132895369668407	22.666666666666668	49
284	conventional	60	0	0	0.8208400956548005	2.3868488519063655	24.233333333333334	56
285	holistic	60	0	0	1.0126725175733133	2.186280652629092	23.666666666666668	50
285	conventional	60	3	3	0.7739189861647271	2.0206063560685714	24.916666666666668	57
286	holistic	60	0	0	1.0561858041974006	2.2949110095907055	24.666666666666668	51
286	conventional	60	0	0	0.8142446490082534	2.3123288456676576	25.916666666666668	58
287	holistic	60	0	0	1.0416657923683457	2.1559499494470424	25.666666666666668	52
287	conventional	60	5	5	0.7761954677959111	2.3199827692592456	26.3	59
288	holistic	60	1	1	1.030286391350001	2.1991986906737973	26.6	53
288	conventional	60	2	2	0.8869926825282788	3.6910122118519553	26.283333333333335	59
289	holistic	60	0	0	1.0922127978802252	2.9773010373277593	27.6	54
289	conventional	60	1	1	0.8759026515179787	2.18740297876001	26.283333333333335	57
290	holistic	60	0	0	1.074550206367942	2.1221775229073865	28.6	55
290	conventional	60	1	1	0.8163899576123329	2.0662186507723264	27.233333333333334	58
291	holistic	60	0	0	1.0550451594792472	2.013705142151998	29.6	56
291	conventional	60	2	2	0.947562439809364	8.318945179675726	28.15	59
292	holistic	60	0	0	1.0560321543905966	1.9642454393095976	30.6	57
292	conventional	60	2	2	0.8567118616284005	4.314563129173383	27.15	54
293	holistic	60	0	0	1.0613274759675793	1.9520713876902824	31.6	58
293	conventional	60	1	1	0.8292703504862798	2.6442111117225227	28.116666666666667	55
294	holistic	60	0	0	1.063565577800725	1.9010320782937775	32.6	59
294	conventional	60	2	2	0.8371202306665795	2.8096256335004672	29.066666666666666	56
295	holistic	60	1	1	1.0536076468701154	1.9250563174721012	32.6	59
295	conventional	60	1	1	0.8727595693830831	2.3077615151794975	30.016666666666666	57
296	holistic	60	2	2	1.0052696507580974	1.8768039176615576	31.6	55
296	conventional	60	0	0	0.8234169149341117	1.971537358870352	31.016666666666666	58
297	holistic	60	1	1	1.01692661294059	1.8538428494877446	32.56666666666667	56
297	conventional	60	0	0	0.8456898923948784	1.8766257237737438	32.016666666666666	59
298	holistic	60	0	0	1.05303253915641	1.8551082041165778	33.56666666666667	57
298	conventional	60	2	2	0.8426508278237678	2.3804627287686557	31.95	59
299	holistic	60	0	0	1.049909586445758	1.9201834356368237	34.56666666666667	58
299	conventional	60	1	1	0.8040292975157766	1.6252965754973863	31.95	59
300	holistic	60	0	0	1.05454002645982	1.9161539177455045	35.56666666666667	59
300	conventional	60	2	2	0.8333458869394405	1.4270269021586275	31.916666666666668	57
301	holistic	60	3	3	1.0295077334719154	1.9123613879861046	34.5	55
301	conventional	60	0	0	0.8660299871951425	2.4446795977469478	32.916666666666664	58
302	holistic	60	1	1	1.0270431716292523	1.9089011285956512	35.4	56
302	conventional	60	0	0	0.8465723184764665	1.46061923162648	33.916666666666664	59
303	holistic	60	0	0	1.020267434842784	1.8594483804337478	36.4	57
303	conventional	60	2	2	0.8067919763617668	1.907290748514086	32.916666666666664	58
304	holistic	60	1	1	1.0142786446761671	1.8373985750476165	37.35	58
304	conventional	60	0	0	0.840231252134083	1.5939473083812787	33.916666666666664	59
305	holistic	60	2	2	0.9999754425158515	1.8594621240373608	38.21666666666667	59
305	conventional	60	1	1	0.779513154634895	1.5020918039010196	33.916666666666664	57
306	holistic	60	2	2	1.0177901522106316	1.8336037602322497	38.15	59
306	conventional	60	0	0	0.7929882349905821	1.7393490978546458	34.916666666666664	58
307	holistic	60	1	1	1.0615197159788443	2.773518033270877	38.15	59
307	conventional	60	1	1	0.8237649998360751	2.156092098930685	35.88333333333333	59
308	holistic	60	2	2	1.0014554971198615	2.278677031892837	37.15	58
308	conventional	60	2	2	0.8779406430445674	4.252569603092903	34.88333333333333	59
309	holistic	60	1	1	0.9971086688627762	1.791633380030827	38.1	59
309	conventional	60	2	2	0.8194583424552682	2.2579178673257783	33.88333333333333	58
310	holistic	60	1	1	0.9780983384454033	1.8114088943944557	38.1	59
310	conventional	60	1	1	0.8033751661364892	1.9241499683509085	34.85	59
311	holistic	60	4	4	0.9581112619536909	1.7710892020014173	36.03333333333333	59
311	conventional	60	2	2	0.78200866946558	1.5071286596490605	33.85	57
312	holistic	60	1	1	1.1031812338728726	6.7228745386955495	36.03333333333333	59
312	conventional	60	0	0	0.7621002419696304	1.9285011941888057	34.85	58
313	holistic	60	1	1	1.0259335526059086	3.733708629740011	36.03333333333333	59
313	conventional	60	2	2	0.8094934702586667	2.8326335211513167	35.733333333333334	59
314	holistic	60	3	3	1.0044707500605465	2.7271174878506557	34.03333333333333	59
314	conventional	60	3	3	0.7662778761190417	1.993436282582936	34.65	59
315	holistic	60	2	2	0.9691715457934839	2.229338403033919	33.03333333333333	59
315	conventional	60	3	3	0.8064178059729868	3.4445087667915866	33.63333333333333	59
316	holistic	60	2	2	0.9581575274142011	2.129221255783435	32.9	59
316	conventional	60	2	2	0.7614266938731392	2.0223241665563503	32.63333333333333	59
317	holistic	60	1	1	0.9435465962827989	2.278217759379231	32.9	59
317	conventional	60	3	3	0.8149462814061896	1.859641112398546	31.35	59
318	holistic	60	4	4	0.9533303509360801	2.492180153694122	31.766666666666666	58
318	conventional	60	2	2	0.8779596362120212	3.330301078589626	30.35	59
319	holistic	60	1	1	1.0308047769759325	4.932485286483059	32.7	59
319	conventional	60	3	3	0.8944357195826788	2.857559783432701	29.283333333333335	59
320	holistic	60	4	4	0.94806422797846	2.8557261683474473	31.5	59
320	conventional	60	6	6	0.8012006316650323	2.817780474245323	25.216666666666665	59
321	holistic	60	5	5	0.97126828583021	3.7223913909353965	28.416666666666668	58
321	conventional	60	5	5	0.7031345329709093	1.8575336231044206	24.15	59
322	holistic	60	1	1	0.9822444994456311	3.2212500811826144	29.35	59
322	conventional	60	3	3	0.8404671792687495	4.206425021395917	24.083333333333332	59
323	holistic	60	2	2	1.0051907172873045	2.907041824612891	28.35	59
323	conventional	60	4	4	0.8173664314367292	2.3389613886795306	23.033333333333335	59
324	holistic	60	4	4	0.9752089257698187	2.823632017802148	26.283333333333335	59
324	conventional	60	2	2	0.7474416847470694	1.6414452927139294	22.033333333333335	58
325	holistic	60	4	4	0.974290796687725	2.7464117212209738	24.216666666666665	59
325	conventional	60	3	3	0.7945948938861542	2.496978753613699	22.9	59
326	holistic	60	1	1	1.0370522336779233	2.8777815969934073	24.216666666666665	59
326	conventional	60	3	3	0.8234815270297626	3.708842313222388	21.883333333333333	59
327	holistic	60	5	5	0.986538022712484	2.9303243148066436	21.15	59
327	conventional	60	5	5	0.8225335395873432	2.2085978096016556	19.683333333333334	58
328	holistic	60	3	3	1.0233804594690752	2.8007937108543337	21.05	59
328	conventional	60	1	1	0.7403352016475264	1.5356342098582012	20.65	59
329	holistic	60	2	2	1.1059896306256638	5.936003702979105	20.983333333333334	59
329	conventional	60	7	7	0.7588153449857618	1.5202943707663688	20.233333333333334	53
330	holistic	60	1	1	1.1402691152292952	3.7297129414150576	20.983333333333334	59
330	conventional	60	0	0	0.8423240136883943	2.456051551123035	21.233333333333334	54
331	holistic	60	4	4	1.1362906249132503	3.2276910105076	19.8	59
331	conventional	60	1	1	0.9171205109604261	2.2658731028243686	22.2	55
332	holistic	60	2	2	1.133283721540087	3.396983882106879	19.733333333333334	59
332	conventional	60	0	0	0.8920611324377979	1.9251912028621696	23.2	56
333	holistic	60	1	1	1.089792645517211	2.9652673592155567	19.733333333333334	59
333	conventional	60	0	0	0.8693727558783606	1.7039006337728146	24.2	57
334	holistic	60	2	2	1.0532146279195782	2.954481350930226	19.7	59
334	conventional	60	1	1	0.833359733379274	1.523408265988561	25.15	58
335	holistic	60	2	2	0.9824096008556462	2.9032720559014016	19.633333333333333	59
335	conventional	60	0	0	0.7897202801515757	1.4980387301277125	26.15	59
336	holistic	60	1	1	1.0325279994561822	3.016208488098462	19.633333333333333	59
336	conventional	60	2	2	0.7501157202396467	1.449604557599025	25.966666666666665	59
337	holistic	60	2	2	1.0078712128335485	2.9667143097073234	19.433333333333334	58
337	conventional	60	2	2	0.7978083053406121	2.3592009581973934	25.2	58
338	holistic	60	2	2	0.9990038730094495	2.994554444105621	20.333333333333332	59
338	conventional	60	1	1	0.7417326942955811	1.5480675406674405	26.05	59
339	holistic	60	2	2	1.010961271605921	2.94947652859615	19.333333333333332	59
339	conventional	60	3	3	0.7236458651986167	1.5636790333377821	25.033333333333335	57
340	holistic	60	2	2	1.0141950533288868	2.942338472037608	18.333333333333332	56
340	conventional	60	4	4	0.6660200720051953	1.5185845814111025	25.566666666666666	58
341	holistic	60	1	1	0.9862481545293336	2.8380802568798935	19.216666666666665	57
341	conventional	60	1	1	0.7908377429600701	1.5176696853276714	26.533333333333335	59
342	holistic	60	1	1	1.0369128989298755	2.931604210094046	20.166666666666668	58
342	conventional	60	6	6	0.7565348653626274	2.5116230895328715	23.116666666666667	57
343	holistic	60	1	1	0.9848034585304696	2.8940429967085453	21.033333333333335	59
343	conventional	60	0	0	0.9633092145147508	3.4007793445394894	24.116666666666667	58
344	holistic	60	2	2	1.019096797439855	3.9200373350510462	20.833333333333332	56
344	conventional	60	2	2	0.821385586083477	1.5197084848908433	24.666666666666668	59
345	holistic	60	0	0	1.0332197140582466	2.915105463244538	21.833333333333332	57
345	conventional	60	4	4	0.7583592029699228	1.4659166495183626	24.55	58
346	holistic	60	0	0	1.0463509109294349	3.413301780527502	22.833333333333332	58
346	conventional	60	1	1	0.8265299322063824	1.8969908177472405	25.533333333333335	59
347	holistic	60	0	0	1.061565390077915	3.6700983420879743	23.833333333333332	59
347	conventional	60	4	4	0.8517031114909236	3.265083053052492	23.483333333333334	59
348	holistic	60	1	1	1.0637309031508129	3.118665630547558	23.833333333333332	52
348	conventional	60	2	2	1.0347271942859055	5.39536807704981	23.466666666666665	58
349	holistic	60	0	0	1.089026693314509	3.1193575199029113	24.833333333333332	53
349	conventional	60	1	1	0.968342228148478	3.510223604016476	24.4	59
350	holistic	60	1	1	1.0600987264889425	2.75174213503788	25.616666666666667	54
350	conventional	60	3	3	0.8287986621032346	2.464605581956958	24.2	56
351	holistic	60	0	0	1.0900228813531314	2.6321923542645154	26.616666666666667	55
351	conventional	60	3	3	0.9593633704345415	2.33939546146173	25.05	57
352	holistic	60	0	0	1.092233466126629	2.6927845365489866	27.616666666666667	56
352	conventional	60	0	0	0.9862546115716666	4.755006541219005	26.05	58
353	holistic	60	1	1	1.0679325649180602	2.7197252992835765	28.216666666666665	57
353	conventional	60	1	1	0.8875822888281382	2.9130673583840134	26.616666666666667	59
354	holistic	60	0	0	1.1151786514846151	2.6738911665607428	29.216666666666665	58
354	conventional	60	2	2	0.8865299156400046	1.99184234945921	26.566666666666666	59
355	holistic	60	0	0	1.087981289373062	2.607210931030582	30.216666666666665	59
355	conventional	60	1	1	0.851748955849327	1.828508603708002	26.566666666666666	57
356	holistic	60	2	2	1.0372890929679126	2.587350918513458	30.016666666666666	52
356	conventional	60	1	1	0.7952945678454619	1.7280401145390243	27.533333333333335	58
357	holistic	60	0	0	1.02395215115624	2.52507725347195	31.016666666666666	53
357	conventional	60	1	1	0.7709814531771346	1.6645632120692169	28.5	59
358	holistic	60	0	0	1.008851966949961	2.5503868629905293	32.016666666666666	54
358	conventional	60	2	2	0.7124154815134124	1.5204307902882535	28.383333333333333	59
359	holistic	60	0	0	0.9898746183531265	2.5336163165151535	33.016666666666666	55
359	conventional	60	4	4	0.683755749188515	1.5129368736876254	27.733333333333334	59
360	holistic	60	0	0	0.9879618773522626	2.4763620717715287	34.016666666666666	56
360	conventional	60	3	3	0.7077340024122033	1.5026601645061792	27.6	57
361	holistic	60	0	0	0.9812310691524622	2.4814483950239277	35.016666666666666	57
361	conventional	60	0	0	0.6702262953518073	1.3850202624622683	28.6	58
362	holistic	60	0	0	0.9732325413964514	2.525419526200911	36.016666666666666	58
362	conventional	60	4	4	0.6580634980494448	1.3459281683820294	29.216666666666665	59
363	holistic	60	0	0	0.953664056413983	2.471541186867135	37.016666666666666	59
363	conventional	60	3	3	0.5974816040952383	1.3589166467079046	28.2	56
364	holistic	60	1	1	0.9306821227480638	2.459806845996496	37.016666666666666	59
364	conventional	60	1	1	0.5661776275683293	1.32544906855938	29.166666666666668	57
365	holistic	60	2	2	0.8903244681624993	2.4086077276989166	36.016666666666666	59
365	conventional	60	1	1	0.6087979167564226	1.2921551900567632	30.116666666666667	58
366	holistic	60	1	1	0.8946530245189445	2.35989987554039	36.016666666666666	58
366	conventional	60	3	3	0.588989445863398	1.2151366423483358	30.9	59
367	holistic	60	0	0	0.8956591510743889	3.3467782779042135	37.016666666666666	59
367	conventional	60	4	4	0.5782581217893686	1.1923753994402844	30.666666666666668	58
368	holistic	60	1	1	0.8810769049255824	3.1785899999173957	37.016666666666666	59
368	conventional	60	2	2	0.5919860707483254	1.569043144990951	31.333333333333332	59
369	holistic	60	1	1	0.8306375118063382	2.3790068315493027	37.016666666666666	59
369	conventional	60	3	3	0.5883796410339841	1.243629772430943	30.85	59
370	holistic	60	2	2	0.8011747021052111	2.3341287838337106	36.55	59
370	conventional	60	6	6	0.535573268360446	1.2133598399760992	29.75	59
371	holistic	60	5	5	0.7016601955784665	1.5292753548268199	33.46666666666667	58
371	conventional	60	7	7	0.5190819384180219	1.4799366768419182	29.516666666666666	58
372	holistic	60	2	2	0.727763338593894	1.577529934159537	34.266666666666666	59
372	conventional	60	3	3	0.49961908103284464	1.2589576837864322	29.75	59
373	holistic	60	2	2	0.7784304695407346	1.9775549818404077	34.2	59
373	conventional	60	5	5	0.47521995306528336	1.1986448882665548	27.633333333333333	59
374	holistic	60	1	1	0.7854168982579138	1.9242736076167208	34.2	59
374	conventional	60	7	7	0.39427816983005415	1.142416417834597	27.366666666666667	59
375	holistic	60	1	1	0.7286190894099235	1.5704012308607125	34.2	58
375	conventional	60	11	11	0.3774451813788266	1.0896123820546006	25.566666666666666	59
376	holistic	60	0	0	0.720326500138978	1.8201994471517111	35.2	59
376	conventional	60	6	6	0.4063537990396103	2.472262774490243	25.45	59
377	holistic	60	1	1	0.6792099833410539	1.4901563667760305	35.2	59
377	conventional	60	11	11	0.3891456799090606	1.5302591622839374	23.1	59
378	holistic	60	7	7	0.6349628570728166	1.4647122001315784	32.8	59
378	conventional	60	5	5	0.34759260291459027	1.4716839193937614	21.983333333333334	59
379	holistic	60	1	1	0.7067378020064269	5.9143895039178735	32.8	59
379	conventional	60	10	10	0.43796778601045744	1.5914089176918118	21.016666666666666	59
380	holistic	60	4	4	0.6399819027610228	3.859113741361271	30.766666666666666	59
380	conventional	60	6	6	0.5284572183741209	1.9655955785928194	20.75	58
381	holistic	60	6	6	0.522707239897202	2.5703273824079513	26.866666666666667	59
381	conventional	60	5	5	0.5515070317350231	1.824714248815898	21.516666666666666	59
382	holistic	60	5	5	0.5424405821747061	1.9131916507364695	26.55	59
382	conventional	60	6	6	0.5839128142914961	2.3713318630261813	21.266666666666666	59
383	holistic	60	2	2	0.5311659482539567	1.5220718211245172	26.516666666666666	59
383	conventional	60	7	7	0.5064928484705438	2.303761854421673	20.016666666666666	59
384	holistic	60	4	4	0.5284171676497539	1.5965430012995763	25.383333333333333	59
384	conventional	60	9	9	0.5130497260115439	2.0652153812330116	18.5	58
385	holistic	60	7	7	0.5053414277418404	1.3735125127946664	24.066666666666666	58
385	conventional	60	3	3	0.5046805189376548	2.467857876499195	19.133333333333333	59
386	holistic	60	2	2	0.5509887532971613	1.9067474028257811	24.883333333333333	59
386	conventional	60	7	7	0.49040343078851084	2.0674394697659917	16.883333333333333	57
387	holistic	60	5	5	0.47692001029678516	1.414077953609008	21.833333333333332	59
387	conventional	60	4	4	0.47475064098838865	1.6030372602036247	17.666666666666668	58
388	holistic	60	3	3	0.5582888903822198	2.9270178142554313	20.716666666666665	59
388	conventional	60	7	7	0.49159842001753684	3.2492983959429864	17.583333333333332	59
389	holistic	60	6	6	0.5656348389667138	2.424653937975388	20.366666666666667	58
389	conventional	60	9	9	0.3889907119983807	1.9819507121504734	14.2	53
390	holistic	60	1	1	0.614780679521784	1.9290359283835976	21.316666666666666	59
390	conventional	60	9	9	0.42290919501548585	2.2619454152756804	14.566666666666666	54
391	holistic	60	6	6	0.5455570802447672	1.6744847759013943	18.216666666666665	58
391	conventional	60	3	3	0.39956336750246774	1.9617911413076645	15.383333333333333	55
392	holistic	60	1	1	0.6276169986564734	2.1247912462833343	19.1	59
392	conventional	60	11	11	0.4514149199882842	1.542352954623341	15.133333333333333	56
393	holistic	60	3	3	0.6284373827346769	1.9750998718915755	18.966666666666665	58
393	conventional	60	5	5	0.4207671597998123	1.4962824247230138	15.183333333333334	57
394	holistic	60	3	3	0.6381653574466799	1.9641942684895135	19.483333333333334	59
394	conventional	60	10	10	0.4250388395392255	1.5611823004835317	15.15	58
395	holistic	60	3	3	0.6489623045675721	1.9354720171682167	19.35	58
395	conventional	60	8	8	0.37863689173538734	1.5468455522198776	15.483333333333333	59
396	holistic	60	0	0	0.6602339705843762	1.7581334853659818	20.35	59
396	conventional	60	8	8	0.39130525775117003	2.497873948759496	15.116666666666667	59
397	holistic	60	2	2	0.6603562368832958	1.3946740308866739	20.283333333333335	59
397	conventional	60	9	9	0.3598813336227684	1.4898628460434193	13.533333333333333	58
398	holistic	60	5	5	0.6070997856735428	1.4699078814257078	18.966666666666665	59
398	conventional	60	7	7	0.36929073087869807	1.559118339350044	13.983333333333333	59
399	holistic	60	1	1	0.6707667993299001	1.842350341763368	18.966666666666665	59
399	conventional	60	7	7	0.3438766918731647	1.2310204708662917	13.516666666666667	57
400	holistic	60	2	2	0.6607844384041839	1.842127885097291	17.966666666666665	57
400	conventional	60	7	7	0.2993888299750735	0.8318255060694606	14.25	58
401	holistic	60	1	1	0.6729494696453917	2.5102585493616747	18.9	58
401	conventional	60	9	9	0.3444445855632032	2.661225474581579	14.683333333333334	59
402	holistic	60	1	1	0.6709276525276547	2.0939058594593423	19.833333333333332	59
402	conventional	59	8	9	0.32257122940604577	1.4026750493627218	12.05084745762712	55
403	holistic	60	2	2	0.6318363359037772	1.8462754141734432	19.766666666666666	59
403	conventional	54	5	10	0.3257608564229748	1.6473517596558984	11.87037037037037	56
404	holistic	60	2	2	0.6961482120243966	4.971052654398953	19.4	56
404	conventional	54	5	5	0.27542207010653297	1.382782118375085	11.833333333333334	57
405	holistic	60	0	0	0.7298472708451684	3.4703956160130245	20.4	57
405	conventional	50	5	9	0.34542366301498645	1.3154800952661758	12.26	58
406	holistic	60	0	0	0.6929481570968331	2.308797928662679	21.4	58
406	conventional	42	4	12	0.31376712772215115	1.3445657389832864	12.952380952380953	59
407	holistic	60	1	1	0.6609697020458436	2.178712395099028	21.983333333333334	59
407	conventional	38	5	9	0.41862313090714925	1.3251859240168449	11.210526315789474	48
408	holistic	60	1	1	0.6915708818030029	2.919838965327511	21.983333333333334	58
408	conventional	36	4	6	0.3137275085372506	1.0016179358997144	10.555555555555555	49
409	holistic	60	0	0	0.685174330500295	2.9210688701963585	22.983333333333334	59
409	conventional	35	5	6	0.31768679693114127	1.8462239836826828	10.942857142857143	50
410	holistic	60	1	1	0.6756080284807067	1.9192889123788046	22.983333333333334	57
410	conventional	29	3	9	0.3839389981794359	1.8929485371056483	10.689655172413794	51
411	holistic	60	0	0	0.6672796228462701	1.9207422536729375	23.983333333333334	58
411	conventional	28	4	5	0.4225675942298132	1.5245860309495192	10.821428571428571	52
412	holistic	60	0	0	0.6786745631102635	1.8076815363163414	24.983333333333334	59
412	conventional	29	5	4	0.47237097761219177	1.4675170169018275	9.10344827586207	53
413	holistic	60	1	1	0.6403449680847074	1.4696628909613414	24.983333333333334	57
413	conventional	30	3	2	0.37434483488161346	0.9689437626580186	9.266666666666667	54
414	holistic	60	0	0	0.6407213421213765	1.3341753438198476	25.983333333333334	58
414	conventional	30	1	1	0.29460790387075836	1.0914515263356033	10.166666666666666	55
415	holistic	60	0	0	0.6336789776342897	1.386634811660033	26.983333333333334	59
415	conventional	25	1	6	0.3700642548377499	0.7952399968925743	11.2	56
416	holistic	60	2	2	0.6182629398759717	1.277658276837409	25.983333333333334	51
416	conventional	30	5	0	0.28233734923445886	1.0951711180876267	10.166666666666666	57
417	holistic	60	0	0	0.6264857966501233	1.3270329595969579	26.983333333333334	52
417	conventional	27	2	5	0.2805965175972342	0.8793227669041005	10.518518518518519	58
418	holistic	60	0	0	0.6567451865370746	1.951162993579915	27.983333333333334	53
418	conventional	23	1	5	0.2974542788922069	0.7166829638751243	12.652173913043478	59
419	holistic	60	0	0	0.6536136581614667	1.2844145825496207	28.983333333333334	54
419	conventional	23	2	2	0.4349473005607229	1.7479487803915248	10.826086956521738	41
420	holistic	60	0	0	0.6520973199262893	1.702358836412299	29.983333333333334	55
420	conventional	23	3	3	0.35304860466155746	0.8390309363825452	11.130434782608695	42
421	holistic	60	1	1	0.6383642645416924	1.352044129563081	30.85	56
421	conventional	21	2	4	0.21502011429022008	0.6751186308422409	11.523809523809524	43
422	holistic	60	0	0	0.6514400835022519	1.772373459581409	31.85	57
422	conventional	18	1	4	0.32836687610736043	0.758404694480969	13.555555555555555	44
423	holistic	60	0	0	0.6489622892577354	1.2747571875902304	32.85	58
423	conventional	18	2	2	0.26212249515145775	0.7175457709508043	13.166666666666666	45
424	holistic	60	0	0	0.6360761912531977	1.2018377104559939	33.85	59
424	conventional	17	1	2	0.24839659463202443	0.7065293777007221	14.470588235294118	46
425	holistic	60	2	2	0.6090153690143624	1.102087193957128	32.85	55
425	conventional	15	3	5	0.279903660354768	0.6952256601919432	15.133333333333333	47
426	holistic	60	0	0	0.6140185952562849	1.372384339726897	33.85	56
426	conventional	16	3	2	0.2172193224236011	0.8492000916865238	13.9375	48
427	holistic	60	2	2	0.6257604135551532	1.6057004561925663	33.416666666666664	57
427	conventional	15	2	3	0.35505071939624655	1.641243461574148	13.533333333333333	49
428	holistic	60	0	0	0.6346115716208334	1.9159390656041244	34.416666666666664	58
428	conventional	15	2	2	0.30467712662539076	1.1427259459737962	13.333333333333334	50
429	holistic	60	1	1	0.6277156011276734	1.8990016339351268	35.35	59
429	conventional	14	4	5	0.5481556768972562	1.6191304449928863	13.285714285714286	51
430	holistic	60	2	2	0.6099952296648806	1.6634615300526752	34.35	59
430	conventional	17	3	0	0.37788998921828365	1.1448669507915588	11.764705882352942	52
431	holistic	60	4	4	0.5750475849505299	1.5747737678563438	32.28333333333333	58
431	conventional	20	6	3	0.4513367120390381	1.7330873873287476	10.5	53
432	holistic	60	0	0	0.6289181184416518	2.955304838387461	33.28333333333333	59
432	conventional	23	3	0	0.39618746704562885	2.228483754977656	10.0	54
433	holistic	60	3	3	0.6015502075384042	1.954581591988471	33.11666666666667	56
433	conventional	23	4	4	0.37897114560462414	1.7280288158956283	10.608695652173912	55
434	holistic	60	1	1	0.6157660960256158	1.6205229703840456	34.05	57
434	conventional	23	3	3	0.33526829721207263	1.2262705218256846	11.304347826086957	56
435	holistic	60	2	2	0.5992491232189339	1.4537047592185228	34.916666666666664	58
435	conventional	24	4	3	0.32451167305399403	0.9766978186278671	11.541666666666666	57
436	holistic	60	0	0	0.6027278115613501	1.3531179309123307	35.916666666666664	59
436	conventional	24	1	1	0.31073002988021375	0.9083398249546115	12.416666666666666	58
437	holistic	60	2	2	0.6113209597505541	1.8681097597610536	35.85	59
437	conventional	20	3	7	0.4073067637805618	1.2990672199256212	13.55	59
438	holistic	60	3	3	0.5797599485663995	1.3680821294763048	34.733333333333334	58
438	conventional	14	0	6	0.31600870069099934	0.8413950528598617	13.0	52
439	holistic	60	1	1	0.6789465500340988	2.88262339498017	35.666666666666664	59
439	conventional	12	1	3	0.45437124049363065	0.9495319144328348	15.833333333333334	53
440	holistic	60	1	1	0.631692294254743	2.882505488788469	35.666666666666664	59
440	conventional	13	2	1	0.5604893184752823	1.4981192225516713	15.153846153846153	54
441	holistic	60	4	4	0.5918688163317823	2.2173981195372416	34.5	57
441	conventional	16	3	0	0.47185560492500256	1.8847254903337145	13.125	55
442	holistic	60	0	0	0.6025843065112971	1.634142994548664	35.5	58
442	conventional	19	4	1	0.5275703576101984	2.579980950011576	11.789473684210526	56
443	holistic	60	0	0	0.6377092688221234	2.4503025536369236	36.5	59
443	conventional	21	3	1	0.3837041688488019	2.072659404240563	11.476190476190476	57
444	holistic	60	2	2	0.5973478546337179	1.6160439630716112	35.5	59
444	conventional	20	0	1	0.5648958150261676	1.776937605221552	13.0	58
445	holistic	60	4	4	0.5805970233375196	1.7012195515810642	34.36666666666667	59
445	conventional	16	0	4	0.5156303128649202	1.0935046243688218	11.5625	45
446	holistic	60	2	2	0.6043217516546957	1.7550182769359166	33.36666666666667	59
446	conventional	14	0	2	0.4338696197959618	0.6829973246204433	10.785714285714286	30
447	holistic	60	3	3	0.579245543658623	1.7451704726042765	31.366666666666667	59
447	conventional	13	0	1	0.45333166428553817	0.7121907761635892	11.76923076923077	31
448	holistic	60	5	5	0.5744300471322676	1.9078914910538654	28.65	59
448	conventional	13	0	0	0.4398928394054231	0.7327569865107515	12.76923076923077	32
449	holistic	60	5	5	0.569718620462458	1.7316680187874383	25.583333333333332	58
449	conventional	14	2	1	0.4231107373787448	0.9552867358047925	11.357142857142858	33
450	holistic	60	1	1	0.5844653350223189	1.7976760725460335	26.516666666666666	59
450	conventional	14	2	2	0.28731859494346074	0.9144019069494619	10.357142857142858	34
451	holistic	60	4	4	0.5665962307556204	1.4022066341274655	24.45	59
451	conventional	14	1	1	0.3049602691420068	0.9794676821980108	11.214285714285714	35
452	holistic	60	4	4	0.5927981781739459	1.9077499360524546	24.133333333333333	59
452	conventional	15	2	1	0.313485050046438	1.03524330348254	11.266666666666667	36
453	holistic	60	3	3	0.6190816378259917	3.8735697145697965	23.066666666666666	59
453	conventional	14	0	1	0.3689171032297452	0.9130057390936953	13.0	37
454	holistic	60	2	2	0.6427840671367763	2.5740215388908765	23.016666666666666	59
454	conventional	15	2	1	0.33156963424728275	0.9619883679558089	12.8	38
455	holistic	60	6	6	0.5698413474961984	2.1454039233951114	21.633333333333333	58
455	conventional	14	0	1	0.4424658127680328	0.8647861763297824	14.357142857142858	39
456	holistic	60	0	0	0.6319318114539535	1.9340145473803279	22.633333333333333	59
456	conventional	14	1	1	0.4206498424697344	0.8422947311995723	14.285714285714286	40
457	holistic	60	2	2	0.5715940461756461	1.877331954266456	22.566666666666666	59
457	conventional	13	1	2	0.34750015801867484	0.7621301882177292	12.923076923076923	39
458	holistic	60	6	6	0.5297891863337338	1.5821632548321163	19.433333333333334	58
458	conventional	15	2	0	0.34077938022313414	1.1347853068298024	12.066666666666666	40
459	holistic	60	3	3	0.6081893582668291	1.9443152060420008	20.2	59
459	conventional	17	3	1	0.44547699162732035	1.295419912461587	11.235294117647058	41
460	holistic	60	4	4	0.5314499291533777	1.735649538099064	18.816666666666666	59
460	conventional	19	2	0	0.4893974589598102	1.6398927116983604	10.947368421052632	42
461	holistic	60	1	1	0.5957679173606826	1.9459197462530506	18.816666666666666	59
461	conventional	18	2	3	0.37912738453911515	0.7663966060554955	10.333333333333334	43
462	holistic	60	6	6	0.5737357272694138	1.6967780176390233	18.45	59
462	conventional	19	2	1	0.30633387825578096	0.8596065482517226	10.631578947368421	44
463	holistic	60	4	4	0.5888768826380251	1.954225238821167	17.316666666666666	59
463	conventional	18	2	3	0.24225434105860918	0.7611312051751323	11.555555555555555	45
464	holistic	60	5	5	0.5927547352396201	1.4895367306287401	15.916666666666666	57
464	conventional	19	3	2	0.306199764235685	0.8427236381221994	11.526315789473685	46
465	holistic	60	2	2	0.6172138404941514	1.969743318726007	16.716666666666665	58
465	conventional	15	0	4	0.2535209017981788	0.8047355609657034	13.0	47
466	holistic	60	2	2	0.609116383196487	1.922735436436287	17.583333333333332	59
466	conventional	12	1	4	0.2900947857671505	0.8295244314686333	14.583333333333334	48
467	holistic	60	1	1	0.592178541845178	1.234195950316006	17.583333333333332	59
467	conventional	10	1	3	0.3008588706668981	0.7585701923374806	15.2	49
468	holistic	60	3	3	0.5779996698487059	1.303798345761529	17.25	58
468	conventional	12	2	0	0.19993528129497104	0.757800683050933	13.5	50
469	holistic	60	0	0	0.6316675354606237	1.9972929711689444	18.25	59
469	conventional	14	2	0	0.3671881051858042	0.7587555724536361	12.428571428571429	51
470	holistic	60	2	2	0.6095746207906216	1.496299638267594	18.166666666666668	54
470	conventional	12	0	2	0.31958734714957726	0.8263480805650321	12.833333333333334	52
471	holistic	60	0	0	0.6256084135648913	1.2876941959253687	19.166666666666668	55
471	conventional	11	0	1	0.36958693800617204	0.7069216507180274	14.090909090909092	53
472	holistic	60	1	1	0.6448435684342063	1.3946710895182255	20.033333333333335	56
472	conventional	12	1	0	0.2981351185327132	0.659473329536075	13.833333333333334	54
473	holistic	60	2	2	0.6841638392173316	1.9721718964574366	20.75	57
473	conventional	13	2	1	0.45231608287738195	1.7596373602434192	13.153846153846153	55
474	holistic	60	0	0	0.7358042296969501	2.961319499801347	21.75	58
474	conventional	12	0	1	0.6171308031627365	1.852473484942348	14.75	56
475	holistic	60	2	2	0.6942371437440299	1.4574598740009836	22.133333333333333	59
475	conventional	15	3	0	0.3859980809616697	1.0738553805567743	12.6	57
476	holistic	60	2	2	0.6921998497508561	1.4618727667829854	22.0	55
476	conventional	15	0	0	0.31753506520746755	0.7433395013064898	13.6	58
477	holistic	60	1	1	0.6707647460105065	1.4176294758957744	22.933333333333334	56
477	conventional	16	3	2	0.30644186123683864	0.8387576818688618	13.4375	59
478	holistic	60	0	0	0.6610025626272016	1.379158162650092	23.933333333333334	57
478	conventional	15	2	3	0.4174646328532282	1.9643478661194151	8.666666666666666	35
479	holistic	60	1	1	0.6583650464236442	1.2828183711283732	24.866666666666667	58
479	conventional	15	1	1	0.25787692394549816	0.9635073542887798	8.933333333333334	36
480	holistic	60	2	2	0.6496845114625639	1.2665398533136367	25.733333333333334	59
480	conventional	13	1	3	0.285798881516824	0.7007985574062351	10.384615384615385	37
481	holistic	60	2	2	0.6616897994149975	1.4968070071896722	25.666666666666668	56
481	conventional	12	1	2	0.34409637529623366	0.6816506213208121	11.916666666666666	38
482	holistic	60	0	0	0.6770179602959971	1.2938082829951032	26.666666666666668	57
482	conventional	13	1	0	0.2901996525017529	0.5907114024481314	11.923076923076923	39
483	holistic	60	0	0	0.6762291348467716	1.3675494628987508	27.666666666666668	58
483	conventional	11	0	2	0.2835126062342789	0.5961009139944272	14.363636363636363	40
484	holistic	60	1	1	0.6550043320087384	1.3809414507264222	28.6	59
484	conventional	10	1	2	0.34943185523379044	0.5999440471810373	15.0	41
485	holistic	60	2	2	0.6642200557206106	1.765437093646518	28.533333333333335	55
485	conventional	10	0	0	0.3419226348525227	0.6251744866132302	16.0	42
486	holistic	60	0	0	0.638057243142089	1.3003706763869132	29.533333333333335	56
486	conventional	12	2	0	0.32581802415018307	0.6268136729075425	14.166666666666666	43
487	holistic	60	0	0	0.6466129981895191	1.3145730361932024	30.533333333333335	57
487	conventional	12	1	1	0.2487479786148655	0.6391408496456036	13.25	44
488	holistic	60	0	0	0.6739151690604931	1.7656598967734793	31.533333333333335	58
488	conventional	10	0	2	0.16009480923039163	0.5890338824102899	10.6	36
489	holistic	60	2	2	0.6718945277713527	1.3666941793383574	32.4	59
489	conventional	7	1	4	0.32939079124774057	0.5666207867330402	14.714285714285714	37
490	holistic	60	1	1	0.6548096277233019	1.3293035081833353	32.4	59
490	conventional	7	1	1	0.2789899537616675	0.5456028397681363	14.571428571428571	38
491	holistic	60	2	2	0.6847177722015128	1.8623279540258935	31.916666666666668	58
491	conventional	7	1	1	0.6416641706297559	1.6043398383136682	13.714285714285714	39
492	holistic	60	0	0	0.6627819404993279	1.3760063067319441	32.916666666666664	59
492	conventional	8	1	0	0.359650599489839	0.5894004599984735	12.875	40
493	holistic	60	2	2	0.6630906308614823	1.44389455136274	31.916666666666668	59
493	conventional	9	1	0	0.35673036704543026	0.9306353907986492	12.333333333333334	41
494	holistic	60	2	2	0.630445043441257	1.4890477194262548	31.516666666666666	56
494	conventional	9	0	0	0.46348555194910573	1.5769883053742821	13.333333333333334	42
495	holistic	60	2	2	0.6517506978332066	1.4690636106207047	32.45	57
495	conventional	9	0	0	0.4362635639493617	0.801481440632603	14.333333333333334	43
496	holistic	60	0	0	0.7070683159746177	2.7868814437307132	33.45	58
496	conventional	11	2	0	0.4070738287537313	1.2492319482071246	12.545454545454545	44
497	holistic	60	0	0	0.701666505640087	1.7889432853760643	34.45	59
497	conventional	11	1	1	0.4802126170158802	0.8835846933813265	13.090909090909092	45
498	holistic	60	3	3	0.6499436247638414	1.4516530722633085	32.45	59
498	conventional	11	1	1	0.4579278699563254	1.3869208808837064	13.454545454545455	46
499	holistic	60	1	1	0.6281287735317653	1.399446656647509	32.45	58
499	conventional	11	1	1	0.3196212579290654	0.59854112232799	14.181818181818182	47
500	holistic	60	0	0	0.6711901820823568	1.95748978863267	33.45	59
500	conventional	12	2	1	0.3883565479990753	0.7959391704392785	13.583333333333334	48
501	holistic	60	3	3	0.6325453495772033	1.344001471957804	32.4	57
501	conventional	14	2	0	0.35976331141782564	0.8376522945950362	12.5	49
502	holistic	60	1	1	0.7337876735977077	4.778621432905382	33.266666666666666	58
502	conventional	15	2	1	0.22479923074223226	0.5907271454957678	12.466666666666667	50
503	holistic	60	1	1	0.7143956692667106	3.2784104282765383	33.86666666666667	59
503	conventional	13	0	2	0.28777759517731405	0.7194678365171279	14.384615384615385	51
504	holistic	60	2	2	0.6622452878441076	2.114545080803516	32.86666666666667	59
504	conventional	11	1	3	0.2820605038804825	0.6759980496512715	16.727272727272727	52
505	holistic	60	4	4	0.6507573873605094	1.6903415093408014	30.833333333333332	59
505	conventional	9	1	3	0.4066161841179152	0.6196238561298073	16.88888888888889	53
506	holistic	60	1	1	0.6417303892292516	1.7427771620330552	30.833333333333332	58
506	conventional	10	1	0	0.34939867310559214	0.6407995565377589	16.1	54
507	holistic	60	1	1	0.6346450245649068	1.651082383606223	31.683333333333334	59
507	conventional	13	3	0	0.31968216410347333	0.7341956122172393	13.153846153846153	55
508	holistic	60	2	2	0.6373604924163933	1.3801553412017937	31.633333333333333	59
508	conventional	14	1	0	0.324725146618503	0.8652401059850579	13.142857142857142	56
509	holistic	60	3	3	0.6034896315549603	1.343661431288064	30.5	59
509	conventional	12	1	3	0.22213036374225095	0.6296529740885185	12.333333333333334	57
510	holistic	60	1	1	0.6164152422515383	1.3633576406313128	30.5	59
510	conventional	11	0	1	0.2699067174108728	0.6146989427033851	14.272727272727273	58
511	holistic	60	2	2	0.6100922769315336	1.4505569957499622	30.466666666666665	59
511	conventional	10	0	1	0.31037008469679184	0.6171746989075109	16.1	59
512	holistic	60	5	5	0.5589166167763243	1.2518266596824372	28.366666666666667	59
512	conventional	9	2	3	0.29809231327756147	0.6613251648199069	10.88888888888889	39
513	holistic	60	3	3	0.5403291775467901	1.2237397235598781	28.166666666666668	58
513	conventional	9	1	1	0.2563466430520396	0.5278411775282086	11.333333333333334	40
514	holistic	60	1	1	0.5535478259395373	1.1964746708015812	29.116666666666667	59
514	conventional	9	0	0	0.3484151596812348	0.9493421803263176	12.333333333333334	41
515	holistic	60	4	4	0.5218959620603499	1.4964398993122716	27.05	58
515	conventional	11	2	0	0.3629100705303977	0.9494584240725077	10.909090909090908	42
516	holistic	60	1	1	0.5472455379833736	1.183117422462454	27.983333333333334	59
516	conventional	13	3	1	0.36580011516501176	1.6432148272615774	9.76923076923077	43
517	holistic	60	2	2	0.5216922969594963	1.1767581513876424	27.8	59
517	conventional	16	3	0	0.4850792346960651	2.6384013499706107	8.75	44
518	holistic	60	4	4	0.5297430547974059	1.170680179424207	25.75	58
518	conventional	19	4	1	0.37603569234535783	1.9932524962930198	8.105263157894736	45
519	holistic	60	1	1	0.5332058162909218	1.1649202732691617	26.683333333333334	59
519	conventional	20	4	3	0.5171308931160888	1.727375095798058	8.1	46
520	holistic	60	3	3	0.535018144244736	1.1417816048651075	25.616666666666667	58
520	conventional	22	3	1	0.3994606338181788	1.8814225084190148	8.090909090909092	47
521	holistic	60	0	0	0.5984513545920336	1.90601244235544	26.616666666666667	59
521	conventional	22	5	5	0.39617358775736816	1.5227706585162506	6.454545454545454	32
522	holistic	60	4	4	0.5989592553126476	1.6200612440484987	24.55	59
522	conventional	25	4	1	0.36119280128149794	1.8312598841184422	6.48	33
523	holistic	60	3	3	0.6245119262329731	2.7697551265053653	22.55	59
523	conventional	27	4	2	0.35288229435116636	1.5663036057178041	6.7407407407407405	34
524	holistic	60	4	4	0.5666061823279144	1.7669433987861436	20.4	59
524	conventional	28	1	0	0.3068783598795566	1.3587881360150407	7.464285714285714	35
525	holistic	60	2	2	0.564867217201915	1.509593712401081	20.266666666666666	58
525	conventional	29	4	3	0.31553025120518857	1.192712848773933	7.896551724137931	36
526	holistic	60	3	3	0.5334200129059637	1.4091297233955231	21.0	59
526	conventional	25	2	6	0.3468671955837665	1.0595909112209472	9.32	37
527	holistic	60	3	3	0.5871520016213865	1.2221093030372545	20.916666666666668	59
527	conventional	26	5	4	0.4161754526129347	1.7414708582277247	8.153846153846153	38
528	holistic	60	5	5	0.5627763535404822	1.7772958453700407	19.383333333333333	58
528	conventional	25	1	2	0.3950007028104622	1.7867312896097833	8.88	39
529	holistic	60	0	0	0.607131359507537	1.5944244452717078	20.383333333333333	59
529	conventional	23	2	4	0.3848440667281406	1.0238007525727648	9.956521739130435	40
530	holistic	60	1	1	0.6124197690142025	1.5269831816818122	20.383333333333333	58
530	conventional	21	0	2	0.41742892170921275	0.8182018816108505	11.523809523809524	41
531	holistic	60	2	2	0.6283993449551442	1.3941533518578062	21.25	59
531	conventional	21	1	1	0.4161321196460331	0.7398989404879376	12.428571428571429	42
532	holistic	60	1	1	0.6203932656048471	1.7814285923382824	21.25	59
532	conventional	21	1	1	0.3579804295334692	0.8203923936645843	12.619047619047619	43
533	holistic	60	1	1	0.6126094487961968	1.3788141727692886	21.25	58
533	conventional	20	3	4	0.40681138784274096	0.9527942217978325	12.7	44
534	holistic	60	0	0	0.6111680036674917	1.3415765819235106	22.25	59
534	conventional	22	3	1	0.4028166240737867	2.8351290665762625	12.136363636363637	45
535	holistic	60	3	3	0.5851810103756551	1.4600349403509392	21.9	55
535	conventional	20	0	2	0.3633204070304631	1.3420360988165239	13.4	46
536	holistic	60	1	1	0.5806839453006647	1.2558849326438486	22.766666666666666	56
536	conventional	16	1	5	0.4375657259336475	0.8435098378504096	16.4375	47
537	holistic	60	1	1	0.5809471685954876	1.365496654766827	23.65	57
537	conventional	16	1	1	0.3523362572798898	0.7758029953914328	16.375	48
538	holistic	60	0	0	0.56921518181236	1.13018168485944	24.65	58
538	conventional	15	1	2	0.40930602373079134	0.7457626602846832	16.466666666666665	49
539	holistic	60	1	1	0.5734611198563007	1.0656317499541743	25.583333333333332	59
539	conventional	16	2	1	0.3709109461815874	0.8125002783709294	16.1875	50
540	holistic	60	1	1	0.57326469901741	1.0881119009737947	25.583333333333332	59
540	conventional	15	1	2	0.36306116323057586	0.766742226151671	18.133333333333333	51
541	holistic	60	2	2	0.5458739909927963	0.9974356835467075	25.266666666666666	57
541	conventional	15	2	2	0.3499093161793962	0.760374658482946	17.6	52
542	holistic	60	1	1	0.5442025842008937	1.0370187401002484	26.033333333333335	58
542	conventional	18	4	1	0.23055552543929528	0.7597671892652448	12.555555555555555	44
543	holistic	60	1	1	0.5615933527161606	0.9866202610624127	26.966666666666665	59
543	conventional	17	1	2	0.18302971664227802	0.7031514087336634	13.941176470588236	45
544	holistic	60	1	1	0.5321484565899949	0.9644133652158482	26.966666666666665	55
544	conventional	15	0	2	0.3127684199616218	0.653980652618541	16.066666666666666	46
545	holistic	60	1	1	0.5229465259889122	0.9290220884412642	27.9	56
545	conventional	13	1	3	0.42550141891668797	0.9165733964970043	16.846153846153847	47
546	holistic	60	1	1	0.5514148116502741	1.1962428067227175	28.566666666666666	57
546	conventional	14	1	0	0.42408180682037216	0.941338000605318	16.571428571428573	48
547	holistic	60	1	1	0.6118665904378447	1.9508186930960865	29.5	58
547	conventional	18	5	1	0.32333431642720595	0.9117650622677644	13.333333333333334	49
548	holistic	60	0	0	0.613496390919321	1.1133975684345028	30.5	59
548	conventional	21	3	0	0.2342066857141672	0.71109879128407	12.285714285714286	50
549	holistic	60	3	3	0.575412286300013	0.9835191590665174	29.3	59
549	conventional	22	4	3	0.30304130362107795	1.0773478650599047	12.363636363636363	51
550	holistic	60	1	1	0.6003373669014844	2.7750343612232644	29.3	59
550	conventional	20	2	4	0.2882942248885833	0.9054880282849792	11.6	52
551	holistic	60	2	2	0.5568123425471658	1.7742583199577948	28.3	57
551	conventional	20	2	2	0.28460243279491443	0.7809686178686416	12.2	53
552	holistic	60	0	0	0.5559899857285662	1.102080993356906	29.3	58
552	conventional	20	1	1	0.30739697723040915	0.7952057100956329	13.05	54
553	holistic	60	0	0	0.5507203668018923	0.9755164148026206	30.3	59
553	conventional	18	1	3	0.3604623667458065	0.7059554029621796	15.055555555555555	55
554	holistic	60	2	2	0.5313202935505397	0.936386964101922	30.233333333333334	59
554	conventional	16	0	2	0.35659845952170405	0.6837803630092132	17.5625	56
555	holistic	60	3	3	0.5440158354680408	1.2020504753961365	29.166666666666668	57
555	conventional	17	1	0	0.3469026931942604	0.6845179458840328	17.470588235294116	57
556	holistic	60	1	1	0.5807477854038287	2.8628456846480876	30.016666666666666	58
556	conventional	16	2	3	0.3393221402586477	0.6596477214138248	17.75	58
557	holistic	60	1	1	0.587897514430746	1.9138090818983202	30.883333333333333	59
557	conventional	18	3	1	0.35931374494716767	0.9035406924077083	16.22222222222222	59
558	holistic	60	3	3	0.5446375612898737	1.536279239220752	30.683333333333334	59
558	conventional	18	1	1	0.2948578510625747	0.8343434778960868	13.88888888888889	45
559	holistic	60	2	2	0.5637775509311578	1.9217204297742738	30.616666666666667	58
559	conventional	16	1	3	0.37453326714430746	0.8277009688150406	16.25	46
560	holistic	60	0	0	0.5481428302315194	1.4148535345191173	31.616666666666667	59
560	conventional	14	1	3	0.2974847629844261	0.5724620664628054	13.857142857142858	47
561	holistic	60	3	3	0.5187861215764493	1.0385347781427567	30.5	59
561	conventional	12	0	2	0.2505043348156028	0.551738721315661	13.0	40
562	holistic	60	3	3	0.5316574597262861	1.4418071752566313	30.366666666666667	58
562	conventional	12	2	2	0.3704111727627735	0.9942741080881792	13.25	41
563	holistic	60	1	1	0.5387714767342587	1.3699085095543468	31.3	59
563	conventional	12	1	1	0.3814383946683348	0.9676841453203312	13.25	42
564	holistic	60	1	1	0.5750963710943549	3.89836671815045	31.3	59
564	conventional	14	3	1	0.2865052167278507	0.828226232911259	9.142857142857142	22
565	holistic	60	4	4	0.5504593848554649	1.8774551748682236	30.166666666666668	58
565	conventional	16	2	0	0.3756493404617007	1.7097794623167761	8.875	23
566	holistic	60	0	0	0.6044305112038064	1.9523996201434115	31.166666666666668	59
566	conventional	18	3	1	0.5413371394838509	2.197175360614388	8.666666666666666	24
567	holistic	60	4	4	0.5397683599807592	1.1997729982080725	30.15	59
567	conventional	19	2	1	0.3373663878327472	1.366111698138943	7.842105263157895	24
568	holistic	60	2	2	0.6192296891237324	2.9474403282128003	29.966666666666665	59
568	conventional	17	0	2	0.4159286484476892	1.202995717092953	9.705882352941176	25
569	holistic	60	1	1	0.6504420646739236	1.9327435074600516	29.966666666666665	57
569	conventional	18	3	2	0.4113968634979124	1.2236188753764456	8.777777777777779	26
570	holistic	60	0	0	0.641560237859736	1.4305001049803392	30.966666666666665	58
570	conventional	22	5	1	0.45674645349231224	2.8365253713295093	7.863636363636363	27
571	holistic	60	0	0	0.6273040215242965	1.6069305702681942	31.966666666666665	59
571	conventional	25	5	2	0.29338676786280304	1.3401043385709337	7.48	28
572	holistic	60	5	5	0.5984294612509438	1.5242134920544743	28.5	59
572	conventional	28	4	1	0.43111810223633945	2.5471710670567003	7.5	29
573	holistic	60	4	4	0.6192429964531365	1.8824640733274833	26.35	59
573	conventional	30	4	2	0.34474449647278177	1.3546015409131176	7.733333333333333	30
574	holistic	60	1	1	0.7081493593860471	2.9583153702884233	26.35	59
574	conventional	35	7	2	0.39724684907159136	1.1019626982498136	7.371428571428571	31
575	holistic	60	1	1	0.663038504914256	1.6901219045687794	26.35	58
575	conventional	36	4	3	0.4206115893594835	1.155370057070774	7.861111111111111	32
576	holistic	60	1	1	0.6315123683052082	1.8569919130951684	27.233333333333334	59
576	conventional	40	5	1	0.2907194425452133	1.0351684904973786	7.9	33
577	holistic	60	3	3	0.6078528215020391	1.7134815082483998	27.1	59
577	conventional	37	3	6	0.29284591521126996	2.282384252097486	8.64864864864865	34
578	holistic	60	2	2	0.6302585008565779	1.855969424138898	27.033333333333335	59
578	conventional	30	3	10	0.36374238233727796	1.448944293784752	10.533333333333333	35
579	holistic	60	2	2	0.5938594983790322	1.7921978898443824	26.966666666666665	59
579	conventional	28	2	4	0.3928526969866763	1.0319288581399828	11.464285714285714	36
580	holistic	60	3	3	0.6218690009384873	1.9117943568094493	25.716666666666665	58
580	conventional	31	3	0	0.34378367304096497	0.931736800643063	11.258064516129032	37
581	holistic	60	0	0	0.6139237779792981	1.914140757358488	26.716666666666665	59
581	conventional	29	2	4	0.4038302991475438	0.9464152707181409	11.724137931034482	38
582	holistic	60	3	3	0.6069895824119438	1.8051477370449838	26.616666666666667	59
582	conventional	29	1	1	0.32512692417578476	0.9225099462888162	12.586206896551724	39
583	holistic	60	3	3	0.5630302522991607	1.80764647217119	24.616666666666667	59
583	conventional	26	0	3	0.3135841592971582	0.7805849047117543	14.23076923076923	40
584	holistic	60	2	2	0.6280319528896412	3.9482090869290456	24.55	59
584	conventional	18	1	9	0.39862815634524174	0.771750253342884	15.11111111111111	39
585	holistic	60	1	1	0.6107284804031082	2.946471377256013	24.55	59
585	conventional	15	0	3	0.4611814709938243	0.8391033377584745	15.933333333333334	40
586	holistic	60	6	6	0.5805020238833656	2.2794874042832842	23.316666666666666	59
586	conventional	13	1	3	0.4433116721643297	0.837399987629278	15.384615384615385	41
587	holistic	60	1	1	0.5657082075686606	1.8163477728612365	23.316666666666666	59
587	conventional	18	6	1	0.4557116615779661	2.819832194271147	11.444444444444445	42
588	holistic	60	4	4	0.5466615991013964	1.7387039123301966	21.233333333333334	57
588	conventional	19	2	1	0.32073883713213175	1.3065781418802271	10.894736842105264	43
589	holistic	60	0	0	0.5536995088979645	1.7043776697706738	22.233333333333334	58
589	conventional	20	2	1	0.27199635201103056	0.8044861597054056	11.2	44
590	holistic	60	2	2	0.5446307764885359	1.7469029245449232	23.116666666666667	59
590	conventional	19	3	4	0.26236856780008283	0.8103356473255786	11.0	45
591	holistic	60	2	2	0.6104675709079826	2.9475155836662594	22.983333333333334	59
591	conventional	20	2	1	0.34051780306418233	0.8067392954557564	11.3	46
592	holistic	60	2	2	0.58428882333469	1.650273170714017	22.916666666666668	59
592	conventional	21	3	2	0.3406093390391151	1.2452561944583271	11.238095238095237	47
593	holistic	60	2	2	0.5751936708433888	1.6240346221491748	22.683333333333334	58
593	conventional	24	4	1	0.40667746273987576	2.7462846878629077	10.583333333333334	48
594	holistic	60	1	1	0.6204953701266219	1.8025950311615226	23.616666666666667	59
594	conventional	24	2	2	0.2905661467973185	1.998570576532164	11.25	49
595	holistic	60	5	5	0.6012872516331679	1.609788765349692	22.316666666666666	59
595	conventional	24	3	3	0.30401161371293284	1.5496209834862524	11.625	50
596	holistic	60	1	1	0.635455718430448	1.952142534929819	22.316666666666666	56
596	conventional	24	5	5	0.28133565910983915	1.2490577420779656	11.125	51
597	holistic	60	2	2	0.6439627295557051	1.9502136540452888	23.066666666666666	57
597	conventional	24	3	3	0.2390935132072871	1.6055601438321772	11.458333333333334	52
598	holistic	60	1	1	0.6282006152785632	1.7005881317569813	24.016666666666666	58
598	conventional	26	4	2	0.2230666199512754	1.3749228697137803	11.307692307692308	53
599	holistic	60	2	2	0.6324261982091953	2.1507403141453842	24.883333333333333	59
599	conventional	26	4	4	0.284684947055382	1.3036539181587676	11.538461538461538	54
