season	population	alive	births	deaths	mean_lifetime_score	best_lifetime_score
0	holistic	60	0	0	0.042768441736662256	2.8553745821120855
0	conventional	60	0	0	0.2839038676447512	3.601981444523002
1	holistic	60	0	0	0.033520683853316094	1.3489216896913927
1	conventional	60	1	1	0.269378548251926	3.0819196473184176
2	holistic	60	4	4	0.03668508164337641	0.8546717644644106
2	conventional	60	3	3	0.35926150651548433	2.4007680907374285
3	holistic	60	1	1	0.0352897450820508	0.8743835875991234
3	conventional	60	7	7	0.32689781678094626	2.0300442094682065
4	holistic	60	1	1	0.06514750657914006	0.8668422999471874
4	conventional	60	6	6	0.333699676245843	2.1308504586442405
5	holistic	60	1	1	0.053350950392506855	0.8696183735921504
5	conventional	60	6	6	0.2946538619179631	1.858233760827759
6	holistic	60	3	3	0.05129471042769631	0.8723495178204459
6	conventional	60	8	8	0.3173635734383088	4.154502851705204
7	holistic	60	3	3	0.05177331779084254	0.8728245022190583
7	conventional	59	15	16	0.26551549122919643	1.9490125734912596
8	holistic	60	1	1	0.20069227914502757	3.939229553493202
8	conventional	60	8	7	0.6252844933727708	5.43465838272159
9	holistic	60	4	4	0.17622682235138878	2.4441409526317313
9	conventional	60	9	9	0.6630059012380646	3.39105343058046
10	holistic	60	5	5	0.17970580476755713	1.9421864385238605
10	conventional	60	5	5	0.7822594190521925	2.772547680188809
11	holistic	30	5	35	0.35548742644101317	1.59370773229162
11	conventional	60	5	5	0.7012438397667907	2.483268701480163
12	holistic	33	4	1	0.454529870972679	2.857177032638594
12	conventional	60	11	11	0.6296289388044474	2.1374550112170017
13	holistic	37	6	2	0.44847622820937916	1.8729677856130222
13	conventional	60	3	3	0.7334364674029114	2.4376604981572245
14	holistic	39	7	5	0.38890953099566605	1.6037845293174335
14	conventional	60	7	7	0.7553225884892371	2.308934220138398
15	holistic	46	10	3	0.41720361748831514	2.7968868250447882
15	conventional	60	4	4	0.7910088889947117	2.3360167757758306
16	holistic	47	5	4	0.49795043057004823	1.9764657504882548
16	conventional	60	4	4	0.749729214078973	3.3417977008394883
17	holistic	55	9	1	0.48110348313850027	1.787229770210334
17	conventional	60	3	3	0.8544470752824707	4.347431696996175
18	holistic	60	10	5	0.5187664097619579	2.8849570708060304
18	conventional	60	1	1	0.8837095466772056	6.563812774228415
19	holistic	60	3	3	0.7044445832247272	2.3823825483708303
19	conventional	60	4	4	0.7893159108638831	3.059325772208691
20	holistic	60	2	2	0.636907517959807	1.9259979364240944
20	conventional	60	2	2	0.79152078014356	2.0896598618450297
21	holistic	60	4	4	0.6505603943773995	1.6624242063399524
21	conventional	60	2	2	0.7619342722705914	2.3420475771186045
22	holistic	60	4	4	0.6705396539705973	2.0781782017913435
22	conventional	60	3	3	0.8119883651969293	2.8426927372746094
23	holistic	60	4	4	0.6696898347499292	1.8805756742263795
23	conventional	60	2	2	0.8303957779307897	2.346368260273539
24	holistic	60	1	1	0.6417720559010107	1.8261595419613141
24	conventional	60	1	1	0.8726771201114283	2.0958347352756133
25	holistic	60	1	1	0.7236714578145265	1.9247763128261903
25	conventional	60	0	0	0.8645873489655805	2.0183873299515676
26	holistic	60	3	3	0.7094775786675449	2.420894841586347
26	conventional	60	3	3	0.7993815919736478	2.3495396317409343
27	holistic	60	3	3	0.7384924149920767	1.9401585026638914
27	conventional	60	2	2	0.9882204519378439	5.558439787384973
28	holistic	60	2	2	0.7341803415093572	1.9371134128785092
28	conventional	60	0	0	0.935994472543578	4.0036641065379746
29	holistic	60	2	2	0.7067263678785028	1.9369509654673147
29	conventional	60	1	1	0.89604376941294	2.8510452064258653
30	holistic	60	1	1	0.7159100682335975	1.9378267028965237
30	conventional	60	1	1	0.8913900280850485	2.259026491022741
31	holistic	60	1	1	0.7606540434843491	2.868227974983505
31	conventional	60	0	0	0.9003237440998054	2.399670015923991
32	holistic	60	1	1	0.753923701583394	2.398327003222323
32	conventional	60	2	2	0.8695925616602871	1.9416667189079306
33	holistic	60	3	3	0.7422025597253816	1.9462227286740816
33	conventional	60	0	0	0.8310563629161186	1.70830253631881
34	holistic	60	0	0	0.7800062013981677	1.7266652868142869
34	conventional	60	0	0	0.9009440366306588	1.9569234432448614
35	holistic	60	0	0	0.7538541446825372	1.7380240857792046
35	conventional	60	0	0	0.8869631259346594	1.6319626353741195
36	holistic	60	1	1	0.7364637154430266	1.6501631210297094
36	conventional	60	0	0	0.8531507953878384	1.695171905634239
37	holistic	60	1	1	0.7335418406463833	1.5731840585558303
37	conventional	60	0	0	0.8449442036760044	1.6322190384892798
38	holistic	60	0	0	0.7338001627506928	1.675119065181359
38	conventional	60	0	0	0.8250295495619376	1.7621289818938652
39	holistic	60	0	0	0.733371326552193	1.6456219103030805
39	conventional	60	0	0	0.8195370927504322	1.8187946814974234
40	holistic	60	2	2	0.7269001406317981	1.657406204006044
40	conventional	60	0	0	0.7930715205066468	1.7776464338923772
41	holistic	60	0	0	0.7341901959567881	1.6682044886834009
41	conventional	60	1	1	0.7981790236160985	1.7712489740599113
42	holistic	60	0	0	0.7545492540033653	1.7151298312256795
42	conventional	60	0	0	0.8043382921870592	1.8820892601957429
43	holistic	60	0	0	0.7748508262589721	1.7944030230743735
43	conventional	60	0	0	0.8489059488897016	1.9575706815025407
44	holistic	60	0	0	0.7791727798695702	1.8341109174938308
44	conventional	60	0	0	0.8435688651785713	1.94682751506726
45	holistic	60	0	0	0.7694044534584974	1.7697863923979749
45	conventional	60	1	1	0.8432430915139771	1.90847630163615
46	holistic	60	0	0	0.7616975785893182	1.7429793295471463
46	conventional	60	0	0	0.8297131084991902	1.8983199468383676
47	holistic	60	0	0	0.7600991054924655	1.6870084990167056
47	conventional	60	0	0	0.8550691998327588	2.4669847802105616
48	holistic	60	0	0	0.769457295168577	1.7859324836481267
48	conventional	60	1	1	0.8518875946647398	2.131052129011111
49	holistic	60	0	0	0.7730024749625475	1.7610385334958583
49	conventional	60	0	0	0.831631884081542	1.8456942387428543
50	holistic	60	0	0	0.7634507350842524	1.7370963351008575
50	conventional	60	0	0	0.8216190227086921	1.8142803315779328
51	holistic	60	0	0	0.7599326628582201	1.7140223447655383
51	conventional	60	1	1	0.8195025300265948	1.7623763855236667
52	holistic	60	2	2	0.745231973226587	1.666395340563387
52	conventional	60	0	0	0.8035130409954458	1.7570045233280864
53	holistic	60	0	0	0.7734282605518813	1.6202742882577283
53	conventional	60	1	1	0.8110565234697983	1.7526938928575309
54	holistic	60	0	0	0.7918010508771779	1.5767599879007195
54	conventional	60	2	2	0.7986263157476473	1.7037611347683517
55	holistic	60	0	0	0.7700628023041116	1.5362305577071476
55	conventional	60	3	3	0.7801665374997467	1.743026019952943
56	holistic	60	0	0	0.7685800307498354	1.5216082727658964
56	conventional	60	2	2	0.7746719188666341	1.7175402835757474
57	holistic	60	0	0	0.7691054447156171	1.4843241537658376
57	conventional	60	1	1	0.7703430133561234	1.7137410521061414
58	holistic	60	0	0	0.7659844919727259	1.4482186662290941
58	conventional	60	0	0	0.7827624309457395	1.6898223366688405
59	holistic	60	0	0	0.7642468237597042	1.4597875968138114
59	conventional	60	1	1	0.773865453050054	1.6675354577511712
60	holistic	60	0	0	0.7616122192468592	1.470721828935156
60	conventional	60	2	2	0.8236990883262195	1.645503698490779
61	holistic	60	0	0	0.7643965054780169	1.4377990665485456
61	conventional	60	1	1	0.8269623308677214	1.737771752210862
62	holistic	60	2	2	0.7387130898325485	1.427500706088634
62	conventional	60	0	0	0.8583025520389731	1.7523492199179314
63	holistic	60	0	0	0.7436505233038265	1.3965012491702673
63	conventional	60	1	1	0.8717412019981217	2.130221471088128
64	holistic	60	0	0	0.745387196512824	1.4284133036818862
64	conventional	60	2	2	0.8423109972989533	1.9666215947949774
65	holistic	60	0	0	0.7488586224258014	1.4988440939108905
65	conventional	60	0	0	0.9271372901086326	5.216099951165941
66	holistic	60	3	3	0.7277671851970945	1.5075328716964058
66	conventional	60	2	2	0.8493960711486169	2.774412465197308
67	holistic	60	3	3	0.7032193362676339	1.4957725310485335
67	conventional	60	6	6	0.763357179096189	1.9399980586992296
68	holistic	60	1	1	0.8157829118129192	3.8920151765295685
68	conventional	60	5	5	0.7311337563742861	2.0052570030904726
69	holistic	60	3	3	0.8071249720248806	2.9354348268625836
69	conventional	60	9	9	0.7702788684997744	2.5091547866941903
70	holistic	60	3	3	0.8144990264732558	2.7006091540345647
70	conventional	60	3	3	0.8394885953910873	3.0124234591914494
71	holistic	60	4	4	0.833405697352562	2.686826368178777
71	conventional	60	1	1	0.7907428032887245	2.661663788425725
72	holistic	60	2	2	0.7630927104301769	2.3760991436416017
72	conventional	60	7	7	0.7306036232283295	2.853478928891145
73	holistic	60	2	2	0.7699409791423286	1.9923933308781754
73	conventional	60	5	5	0.788587924415584	2.565667651792514
74	holistic	60	5	5	0.7152546627143249	1.7386525923283784
74	conventional	60	3	3	0.7575023714359411	2.601487596679833
75	holistic	60	8	8	0.6140576325072048	1.3963920078761964
75	conventional	60	6	6	0.6641427717006644	2.335115652754904
76	holistic	60	3	3	0.6007826655482285	1.402464967657042
76	conventional	60	5	5	0.6553038677093316	2.1934449715681588
77	holistic	60	3	3	0.5855452316677549	1.4469455199368657
77	conventional	60	5	5	0.7401124926672132	2.7177837972951284
78	holistic	60	8	8	0.5401363342934826	1.3535056676387955
78	conventional	60	2	2	0.7679556422916362	2.5810149003968235
79	holistic	60	6	6	0.5019853125897914	1.1844237559497235
79	conventional	60	7	7	0.6517753388853881	2.037859462003042
80	holistic	60	3	3	0.5408217394710263	2.9504882671869157
80	conventional	60	5	5	0.6981577468481117	2.156757218215846
81	holistic	60	4	4	0.5695013327930827	1.9534153707494755
81	conventional	60	4	4	0.7525781147694265	2.0886273288917816
82	holistic	60	8	8	0.7420414449969197	3.950314509659216
82	conventional	60	4	4	0.6971260801221248	2.110682385661686
83	holistic	60	4	4	0.7138497027858038	2.450101301717424
83	conventional	60	5	5	0.6557352967709505	2.1318751043912036
84	holistic	60	2	2	0.8606664189200017	6.683126591671938
84	conventional	60	3	3	0.8334787559265383	4.444231957166103
85	holistic	60	0	0	0.7734683821887339	3.1964216592144394
85	conventional	60	2	2	0.8007565608063175	2.122564907294061
86	holistic	60	6	6	0.6883765477805699	2.0440399863422125
86	conventional	60	2	2	0.7481165255249507	2.326959270675634
87	holistic	60	5	5	0.7093004742579593	1.9597920535636584
87	conventional	60	6	6	0.7759233352659562	2.5721912889268093
88	holistic	60	1	1	0.8032534669703966	3.9425240348955755
88	conventional	60	0	0	0.7079410134801506	2.021517716767949
89	holistic	60	2	2	0.7773243129735766	2.216988247880514
89	conventional	60	2	2	0.7370702266813718	1.9863932247144434
90	holistic	60	3	3	0.8056303343289741	2.6916614732826365
90	conventional	60	4	4	0.7798024811557263	2.2639926307460323
91	holistic	60	2	2	0.782272262018278	2.1692932350780003
91	conventional	60	2	2	0.8489117805073219	2.5767933635162485
92	holistic	60	1	1	0.7475983899037925	2.343154204644352
92	conventional	60	8	8	0.7603639326648249	2.0699284326100695
93	holistic	60	3	3	0.7601866243717513	2.1781124704504435
93	conventional	60	3	3	0.9527461253854371	4.7566457508754905
94	holistic	60	1	1	0.8473326360806083	3.721068193870571
94	conventional	60	1	1	0.9263034821082083	3.2291609501697116
95	holistic	60	1	1	0.8389312180903062	2.7065915646743783
95	conventional	60	1	1	0.902191945797712	2.0688523702056694
96	holistic	60	0	0	0.7955332487377778	2.379339274905197
96	conventional	60	0	0	0.8704601343790425	1.7415318245426379
97	holistic	60	2	2	0.8228924723818379	2.377103809302125
97	conventional	60	1	1	0.8824505032130028	1.655035610362032
98	holistic	60	0	0	0.8169526090606313	1.717938135067581
98	conventional	60	0	0	0.9296734400808385	3.4362969775345773
99	holistic	60	0	0	0.789286697885475	1.6770188731772016
99	conventional	60	0	0	0.897373319243766	2.453345311763913
100	holistic	60	1	1	0.774551870648338	1.8310795132949915
100	conventional	60	0	0	0.8517674035434131	1.788882666457469
101	holistic	60	0	0	0.8779293575382171	3.9533598264551744
101	conventional	60	1	1	0.8517595038736872	1.6492777870860031
102	holistic	60	0	0	0.8706939220935809	1.9554436244286424
102	conventional	60	0	0	0.8819058277376414	1.8473420099216196
103	holistic	60	0	0	0.893872411332843	2.6230779873330845
103	conventional	60	0	0	0.8633345203378028	1.7326210454887219
104	holistic	60	0	0	0.9003789241460416	2.4557841353065273
104	conventional	60	0	0	0.8781024870336138	1.7673183886141648
105	holistic	60	0	0	0.8986296714259161	2.155949986700274
105	conventional	60	1	1	0.8675470999209428	1.7333461856471688
106	holistic	60	0	0	0.9066747270894367	1.95603901821402
106	conventional	60	0	0	0.8558443712216346	1.653565642937962
107	holistic	60	0	0	0.8892859545540868	1.813119012208601
107	conventional	60	0	0	0.8455334890722104	1.5960989624715058
108	holistic	60	0	0	0.8720060144618984	1.6148933925804485
108	conventional	60	0	0	0.8266782511484462	1.5678503405431763
109	holistic	60	0	0	0.8699535102136188	1.6923586102517663
109	conventional	60	0	0	0.8303464666799607	1.564201771688242
110	holistic	60	0	0	0.8773458253118278	1.6993606104441374
110	conventional	60	1	1	0.8223282319931766	1.5180859644061828
111	holistic	60	0	0	0.8717516045798944	1.6824434110693185
111	conventional	60	0	0	0.8243887461507754	1.5822741527045452
112	holistic	60	2	2	0.8571271880504241	1.682541857075993
112	conventional	60	0	0	0.8186753810903862	1.5574371568101142
113	holistic	60	0	0	0.9054108790791299	2.9351520419500283
113	conventional	60	0	0	0.8234236406903054	1.5471222854629985
114	holistic	60	0	0	0.8988852734842997	1.9350557880448829
114	conventional	60	1	1	0.8154282325062903	1.5229108585095166
115	holistic	60	0	0	0.8984004149130601	2.2683736336025078
115	conventional	60	1	1	0.8195248337190093	1.6058415037240343
116	holistic	60	0	0	0.8722426406123414	1.6849924187900982
116	conventional	60	3	3	0.7901256277332956	1.5614212436388781
117	holistic	60	1	1	0.8629350776541905	1.6352491752706222
117	conventional	60	3	3	0.8109807026319586	1.5603019487125587
118	holistic	60	0	0	0.8579033891521515	1.6177876917274912
118	conventional	60	0	0	0.8341435164435664	2.5153670341468715
119	holistic	60	0	0	0.8519411649838403	1.625674944136413
119	conventional	60	3	3	0.8248279976729436	1.6053173791017146
120	holistic	60	0	0	0.8562590426717266	1.608135643206081
120	conventional	60	1	1	0.7658213873098585	1.517270764158654
121	holistic	60	2	2	0.8543114163906822	1.5917506390095564
121	conventional	60	3	3	0.7943285716903268	1.4793932924294368
122	holistic	60	0	0	0.8870310854477554	1.5759635026497625
122	conventional	60	1	1	0.8176910460274561	1.592367034978326
123	holistic	60	0	0	0.8960125548480312	1.9831422110421872
123	conventional	60	1	1	0.8415195176612181	1.5980232117272792
124	holistic	60	0	0	0.9113845022168009	1.9788226404849818
124	conventional	60	2	2	0.8203125742151715	2.523746494513386
125	holistic	60	0	0	0.8889874698794469	1.5780545378274198
125	conventional	60	0	0	0.8472855110673024	2.171270336260462
126	holistic	60	2	2	0.8538521878633298	1.542501367688325
126	conventional	60	5	5	0.7904169491242253	2.2657382993287163
127	holistic	60	2	2	0.8172408591006213	1.6540001656179457
127	conventional	60	1	1	0.8031017748286305	2.2390199988182657
128	holistic	60	0	0	0.8298482272068325	1.6596891296838363
128	conventional	60	6	6	0.6941014276880905	2.083832219298308
129	holistic	60	3	3	0.8013253501000553	1.6847533649650108
129	conventional	60	6	6	0.7040611994350513	3.5175767018701105
130	holistic	60	3	3	0.8166930932347554	1.7713375799521658
130	conventional	60	3	3	0.7028218284997539	3.0722623876162465
131	holistic	60	2	2	0.8185214154756026	1.6554186489534533
131	conventional	60	2	2	0.7107223454431263	1.887389669429634
132	holistic	60	2	2	0.7738399842263576	1.6233910726026026
132	conventional	60	7	7	0.6682401678182295	1.5766441404560703
133	holistic	60	1	1	0.7329975981361236	1.628715388783841
133	conventional	60	2	2	0.7349131765870303	3.448686622927177
134	holistic	60	6	6	0.7344824497426148	1.5978153032790992
134	conventional	60	4	4	0.7289124139684378	2.9486103851123158
135	holistic	60	4	4	0.7239830248055656	1.761058476317854
135	conventional	60	5	5	0.7097116356705823	1.7794341716060977
136	holistic	60	2	2	0.7201008740714993	1.6445746000760149
136	conventional	60	4	4	0.8611399201421576	3.448778273763884
137	holistic	60	1	1	0.7330286532609979	2.314324296338907
137	conventional	60	5	5	0.8545382973859798	3.3243996017708244
138	holistic	60	4	4	0.7278879989837451	1.8941116233713433
138	conventional	60	4	4	0.9325058293693762	3.110131949620332
139	holistic	60	5	5	0.7531029842159703	2.820614144931997
139	conventional	60	4	4	1.0838965242857697	5.4906177014118125
140	holistic	60	4	4	0.7112037468676118	2.809677177409548
140	conventional	60	5	5	1.03781398840918	4.555452734920685
141	holistic	60	3	3	0.6755675251549712	1.8115528742570168
141	conventional	60	0	0	0.911675489672019	3.218325975366237
142	holistic	60	5	5	0.654580235820631	1.8488963424021523
142	conventional	60	2	2	0.873817063215398	2.3205137552775184
143	holistic	60	4	4	0.733521792660458	2.8951483537444602
143	conventional	60	2	2	0.9266137522786967	2.235509129274214
144	holistic	60	2	2	0.7071497040326721	2.3975554978738334
144	conventional	60	2	2	0.9551910971912199	3.6415935033476514
145	holistic	60	1	1	0.7728052625558709	1.9787332157220336
145	conventional	60	1	1	0.9229286119232302	2.0672428303519146
146	holistic	60	4	4	0.6891453310446592	1.5654456273864443
146	conventional	60	1	1	0.8388027905509846	1.9098429244866126
147	holistic	60	5	5	0.6288743293468132	1.593710224536778
147	conventional	60	4	4	0.8016359126028638	1.7779774554955317
148	holistic	60	3	3	0.6456396264202122	1.6155773396992879
148	conventional	60	1	1	0.8497253344807034	3.187169199017058
149	holistic	60	2	2	0.6647882485099076	1.6446393012871927
149	conventional	60	3	3	0.8324059229073042	1.546008508623365
150	holistic	60	3	3	0.715547413606988	2.9635441459834535
150	conventional	60	4	4	0.8084276814736067	3.29851863873107
151	holistic	60	5	5	0.6619220520934307	2.4629927065702195
151	conventional	60	0	0	0.8293875118069524	1.8125371015764866
152	holistic	60	1	1	0.7402153626478217	1.87062702640448
152	conventional	60	5	5	0.8206266464166764	1.6507095888488583
153	holistic	60	2	2	0.7108980067730556	1.5105285931342345
153	conventional	60	1	1	0.8979420813002068	2.765470552901361
154	holistic	60	4	4	0.7397625078795277	1.950786580939598
154	conventional	60	2	2	0.8564020033517796	2.2723270238839093
155	holistic	60	3	3	0.7639472150248696	2.9517452167519704
155	conventional	60	0	0	0.8076607878823131	1.773043058084154
156	holistic	60	0	0	0.8381094084795514	2.617632798763125
156	conventional	60	4	4	0.8657666848179301	2.272731572732974
157	holistic	60	1	1	0.8019677498715735	2.3262647804782737
157	conventional	60	3	3	0.8981680435561333	2.40693293122783
158	holistic	60	1	1	0.7949065016745983	2.0992506832004945
158	conventional	60	1	1	0.9582804362080548	2.240396169391507
159	holistic	60	1	1	0.8025863864435704	2.536697734001265
159	conventional	60	0	0	0.950640391219736	2.3563973886304996
160	holistic	60	1	1	0.8476497174155715	2.9019956271429375
160	conventional	60	0	0	0.9307499049288028	2.1183590674678707
161	holistic	60	1	1	0.8374716651593173	2.126726980115966
161	conventional	60	1	1	0.9104812218994643	2.1232010034907223
162	holistic	60	0	0	0.8426833802010577	2.7677517576943207
162	conventional	60	1	1	0.8938151784736516	2.0615509321968584
163	holistic	60	0	0	0.8465294468922754	2.174459050708237
163	conventional	60	1	1	0.9052218865094485	2.1418119232228614
164	holistic	60	0	0	0.8453541128300538	2.226885059224571
164	conventional	60	0	0	0.9210866984818208	2.256262032585145
165	holistic	60	0	0	0.8583851392718899	2.5168573632963036
165	conventional	60	1	1	0.8978405416575936	1.9721797300198365
166	holistic	60	1	1	0.8377049332779072	2.1374623081333266
166	conventional	60	0	0	0.9463456583723766	4.39533687079464
167	holistic	60	0	0	0.8307224558713997	2.1830440205687256
167	conventional	60	0	0	0.9094454749898456	2.4128046395593126
168	holistic	60	1	1	0.8421252374700895	2.224114308403317
168	conventional	60	1	1	0.9005860526495185	2.4070438090841306
169	holistic	60	0	0	0.8633843386549803	2.161222357486758
169	conventional	60	0	0	0.8903604098287119	1.8299328665116645
170	holistic	60	0	0	0.8487815331386818	2.056316989972559
170	conventional	60	1	1	0.8840494984144218	1.7592067536989848
171	holistic	60	0	0	0.8490751631351149	2.188100488039071
171	conventional	60	0	0	0.9026504773074221	1.7777584069833716
172	holistic	60	2	2	0.8166423244355395	2.091086421461678
172	conventional	60	0	0	0.8782747974073966	1.7235111849197975
173	holistic	60	1	1	0.8155177184720742	2.0025236970350053
173	conventional	60	0	0	0.8561288624090028	1.693912888920047
174	holistic	60	0	0	0.817258036319879	2.0007262348675723
174	conventional	60	0	0	0.8731200624311022	1.6754526424784726
175	holistic	60	0	0	0.8174942299958922	1.9226813939243772
175	conventional	60	0	0	0.8687873691093498	1.6229687694043284
176	holistic	60	1	1	0.8107766149315186	1.968903757451
176	conventional	60	1	1	0.867083923879965	1.5735744980487587
177	holistic	60	1	1	0.788556016810647	1.8303520293727973
177	conventional	60	2	2	0.83692626036537	1.5945806166425232
178	holistic	60	0	0	0.7928676197209223	1.8848678735167856
178	conventional	60	0	0	0.8914789095552085	4.325856534860269
179	holistic	60	1	1	0.7921698829635478	1.7951136433767039
179	conventional	60	1	1	0.8617091414267397	3.319229732238349
180	holistic	60	0	0	0.804874268818357	1.7677926327308844
180	conventional	60	0	0	0.8521780468475739	2.6473149525652824
181	holistic	60	3	3	0.7844315953686426	1.7116413019336933
181	conventional	60	1	1	0.8338360565067549	2.57099702584893
182	holistic	60	0	0	0.8812116845999527	3.9299806380457
182	conventional	60	1	1	0.8617373015766441	2.120582527808943
183	holistic	60	0	0	0.8553425128587231	2.427591123248819
183	conventional	60	1	1	0.8867507812926335	2.4282137386942666
184	holistic	60	0	0	0.8570100621729487	2.257874000730452
184	conventional	60	0	0	0.9106148527375967	2.4347572048008375
185	holistic	60	2	2	0.8363092900521409	1.9300265001868049
185	conventional	60	0	0	0.873452431796902	1.7659250723453477
186	holistic	60	2	2	0.8567418393627709	2.129812895585031
186	conventional	60	2	2	0.8407142742119496	1.4408303945180099
187	holistic	60	1	1	0.8485591360654806	2.0990348997294386
187	conventional	60	0	0	0.8354991142191018	1.420291278826351
188	holistic	60	0	0	0.893994138678314	1.9312048391148338
188	conventional	60	3	3	0.8144954203134147	1.7007055179034856
189	holistic	60	2	2	0.8435553273531408	1.7620564703281487
189	conventional	60	4	4	0.7826801703080517	3.2348531874638864
190	holistic	60	1	1	0.822772348483121	1.766914216540205
190	conventional	60	1	1	0.7925090353617464	2.740562627820621
191	holistic	60	1	1	0.8129649907215324	1.7238082135126807
191	conventional	60	3	3	0.8141372155737281	2.5696827832631306
192	holistic	60	0	0	0.8147466817762548	1.7525213778046205
192	conventional	60	3	3	0.788385014162888	2.2337656564038086
193	holistic	60	2	2	0.8175510093601486	1.7346125142646378
193	conventional	60	1	1	0.7378119930177132	2.031942780271694
194	holistic	60	3	3	0.7796355642956717	1.9170871812832373
194	conventional	60	4	4	0.7766544704860574	2.2494962377146144
195	holistic	60	3	3	0.8640494781008251	3.9291519238391217
195	conventional	60	3	3	0.7283970986833014	2.104812627201493
196	holistic	60	1	1	0.8987790842700638	2.94136454182459
196	conventional	60	6	6	0.7424748774385307	2.8101374627298923
197	holistic	60	0	0	0.901110074767202	1.9387032892656675
197	conventional	60	4	4	0.6919525187244171	3.218531644775492
198	holistic	60	6	6	0.8272555416150681	2.1952677818274227
198	conventional	60	5	5	0.7755614467538182	2.487747601733205
199	holistic	60	4	4	0.7815081189199373	2.1386290954637777
199	conventional	60	5	5	0.8296515996260349	4.336394698413039
200	holistic	60	4	4	0.8929518151853695	3.6825757602473317
200	conventional	60	4	4	0.9348434666622948	3.5459215010505685
201	holistic	60	2	2	0.8881022993900771	3.9210062373152934
201	conventional	60	1	1	1.0037478667298025	4.317612526867895
202	holistic	60	4	4	0.8309447488565666	2.1899189262394008
202	conventional	60	2	2	1.0129199930290376	2.416146142985046
203	holistic	60	4	4	0.8869403908571634	6.78683405657362
203	conventional	60	1	1	1.0027665909885222	2.894783463662479
204	holistic	60	1	1	0.8238039727286691	3.794877722688021
204	conventional	60	3	3	0.9590938537233371	2.2127662213136556
205	holistic	60	1	1	0.8343318369906265	2.461263793874933
205	conventional	60	3	3	0.9297102579855527	2.0786705147268925
206	holistic	60	5	5	0.8588832804747057	2.6320249380949092
206	conventional	60	1	1	1.024583541803755	5.527497433693285
207	holistic	60	3	3	0.8265525202996556	2.5375401980692103
207	conventional	60	3	3	0.9467082151728888	3.0179271067795304
208	holistic	60	3	3	0.867352859294726	2.9511694057744227
208	conventional	60	2	2	0.9786608176395003	2.139093382268195
209	holistic	60	1	1	0.8426795633206156	2.7757467999768535
209	conventional	60	3	3	0.9036854454149472	1.7048984474262714
210	holistic	60	1	1	0.8450292752660479	2.767600707232791
210	conventional	60	2	2	0.9885142839075403	2.650080637869905
211	holistic	60	4	4	0.8136865271790065	2.3278083061509145
211	conventional	60	0	0	0.9132553990739098	1.685626676916337
212	holistic	60	1	1	0.8148345981765853	2.1303626311600037
212	conventional	60	3	3	0.8544097844661067	1.6125643363838513
213	holistic	60	2	2	0.8331007817216529	2.7574626366032313
213	conventional	60	1	1	0.862178487355108	2.2624958346378845
214	holistic	60	3	3	0.8380138320227098	2.758557855650271
214	conventional	60	3	3	0.98953250164149	6.259130330765631
215	holistic	60	6	6	0.8757769944881227	3.979420992704586
215	conventional	60	1	1	0.9608859389411368	3.27985884412405
216	holistic	60	1	1	0.8405777668121123	2.761362195567995
216	conventional	60	4	4	0.8699820997992791	1.9743819360693413
217	holistic	60	0	0	0.92523797978524	2.9769766318212163
217	conventional	60	3	3	0.9831382107212645	3.512786182798007
218	holistic	60	2	2	0.9201834084134702	2.652089606688485
218	conventional	60	1	1	0.8788826040877671	2.0144375753404837
219	holistic	60	3	3	0.9313542675100349	2.4638724220575616
219	conventional	60	3	3	0.8828778740510176	2.352608835439117
220	holistic	60	1	1	0.9138675641785249	2.492264587590778
220	conventional	60	1	1	0.856299546112913	2.5488221111116935
221	holistic	60	1	1	0.8796866450536304	2.350208748739922
221	conventional	60	2	2	0.8094266181934258	2.134844433670877
222	holistic	60	0	0	0.9000179770301142	2.2280642132024164
222	conventional	60	3	3	0.7760198809434479	2.036693950801643
223	holistic	60	1	1	0.8853045154401333	2.0533850617167695
223	conventional	60	1	1	0.855187655545771	1.9054164756604248
224	holistic	60	0	0	0.8653422320837536	1.9017276722454832
224	conventional	60	1	1	0.8428049433460088	2.364920953183068
225	holistic	60	1	1	0.8422815635062052	1.8324370764005598
225	conventional	60	1	1	0.7978962356021747	1.8579843876730802
226	holistic	60	0	0	0.9339207637219845	3.8791558714332317
226	conventional	60	1	1	0.7989044864813265	1.8080648765189333
227	holistic	60	0	0	0.9337515487128314	3.3990165018797143
227	conventional	60	0	0	0.7866540017814773	1.7665860935719264
228	holistic	60	1	1	0.9310092700792363	2.2083645745112896
228	conventional	60	1	1	0.7943616969483416	1.89337198980429
229	holistic	60	0	0	0.9140872475241721	2.029970620927999
229	conventional	60	1	1	0.7689371349637006	1.702721275235787
230	holistic	60	0	0	0.9033295376267602	2.0265698222849338
230	conventional	60	1	1	0.7912643870108583	1.8711195294006284
231	holistic	60	0	0	0.9048179215076356	1.975787826400906
231	conventional	60	1	1	0.8268442731842726	2.26167703170416
232	holistic	60	1	1	0.9007447270893942	2.0436207161652824
232	conventional	60	2	2	0.812157486082002	2.167103351268648
233	holistic	60	0	0	0.9092880758622954	2.0400046020712153
233	conventional	60	0	0	0.9062538434085305	3.347133363479289
234	holistic	60	0	0	0.9253886144497071	2.0363996910738464
234	conventional	60	0	0	0.9087894131303049	2.7535891307997518
235	holistic	60	0	0	0.9235348912826613	2.011297244710957
235	conventional	60	1	1	0.8852159678842295	2.602916516512571
236	holistic	60	2	2	0.8882696628060225	2.0085323826809125
236	conventional	60	0	0	0.8646128163769081	2.441270190831907
237	holistic	60	0	0	0.885941832015238	1.9847689221212745
237	conventional	60	2	2	0.85173741558705	2.3017201660382485
238	holistic	60	0	0	0.9101387542648769	1.9828269669673486
238	conventional	60	1	1	0.852215024836272	2.3683573324075837
239	holistic	60	1	1	0.9137678205994438	1.9608960367887682
239	conventional	60	1	1	0.8148882273672527	2.1942933012223005
240	holistic	60	0	0	0.9445695081284365	2.0644103113074346
240	conventional	60	2	2	0.8515315075999271	2.2213676230443955
241	holistic	60	2	2	0.9109917663810978	1.919388252334157
241	conventional	60	1	1	0.8738407278889908	3.317767694133833
242	holistic	60	0	0	0.9450733528810419	1.8809640955181504
242	conventional	60	1	1	0.8977829670424354	3.3125036107896095
243	holistic	60	0	0	0.9407030536596935	1.8809205986474675
243	conventional	60	2	2	0.8536267131656446	1.9860716763367356
244	holistic	60	0	0	0.9418901988942044	1.8445244076447596
244	conventional	60	0	0	0.9153877223195686	2.2752793653272265
245	holistic	60	2	2	0.9218259539143048	1.8458235371566014
245	conventional	60	2	2	0.8562048920295592	1.8175290283342784
246	holistic	60	2	2	0.8947846095870239	1.828745757448207
246	conventional	60	3	3	0.8915571237714538	2.0441720247780286
247	holistic	60	0	0	0.959618407688788	3.9742282982669757
247	conventional	60	0	0	0.8944204227962492	1.8499185025904745
248	holistic	60	0	0	0.9194009804044947	1.974064205574368
248	conventional	60	3	3	0.8562626703661479	2.0373584587748916
249	holistic	60	1	1	0.8707420988785021	1.7059855735375973
249	conventional	60	2	2	0.851555545793767	1.9848696433041209
250	holistic	60	1	1	0.8811353010048342	1.6843858918941566
250	conventional	60	1	1	0.8353798117990777	2.0304494949890373
251	holistic	60	0	0	0.8693476905737844	1.6417461749374167
251	conventional	60	3	3	0.8201392487936084	2.5397235034868757
252	holistic	60	0	0	0.8884310472752676	1.629240725259909
252	conventional	60	2	2	0.8649457046823752	3.5849976582756655
253	holistic	60	1	1	0.908686266218855	1.7276115475305611
253	conventional	60	1	1	0.8703284113399155	2.58196759172053
254	holistic	60	2	2	0.8733044828613669	1.6576830063668997
254	conventional	60	4	4	0.7855726836159286	2.229296166245689
255	holistic	60	2	2	0.8263643793538471	1.6324612025073986
255	conventional	60	2	2	0.8317208907238691	2.167207405609955
256	holistic	60	2	2	0.8814109730892106	2.802265038011724
256	conventional	60	4	4	0.858842742219647	3.32484417526777
257	holistic	60	0	0	0.8973168288275173	1.80189097005805
257	conventional	60	3	3	0.7375569259137669	2.080960897023896
258	holistic	60	4	4	0.8396850688982691	2.136612647759826
258	conventional	60	4	4	0.7918292140130441	3.3542171867602826
259	holistic	60	2	2	0.8575128863472423	1.7578184786068076
259	conventional	60	5	5	0.70959785248346	2.0136254543298953
260	holistic	60	5	5	0.7516496076977432	1.6828159083264362
260	conventional	60	7	7	0.623961970211865	1.85191268031493
261	holistic	60	2	2	0.8281286089103866	1.7825575294321223
261	conventional	60	3	3	0.8121788176465226	2.192776665910128
262	holistic	60	2	2	0.8549836405916841	2.780420070621479
262	conventional	60	4	4	0.9267484642852779	3.6972484046769565
263	holistic	60	2	2	0.8318450305610354	2.480213048457551
263	conventional	60	3	3	0.859410173053427	2.8654624730477525
264	holistic	60	3	3	0.86048753987035	2.3828559168651493
264	conventional	60	3	3	0.8872930900958579	2.1982704461589098
265	holistic	60	2	2	0.8135040651826343	1.8984964625244698
265	conventional	60	1	1	0.94364100507797	3.2454235450207896
266	holistic	60	4	4	0.8014393608257725	2.7371552881240633
266	conventional	60	2	2	0.8429700699165867	1.7353689884006736
267	holistic	60	2	2	0.8097233343696142	2.733096674830466
267	conventional	60	3	3	0.873354764138476	2.6633608147551566
268	holistic	60	2	2	0.8687704223273918	2.3956266827319896
268	conventional	60	1	1	0.947092752344407	2.555644056560551
269	holistic	60	1	1	0.8922746570706612	2.872677090814903
269	conventional	60	2	2	0.961800277803466	2.547186609909051
270	holistic	60	1	1	0.9308787744433749	2.970388534249093
270	conventional	60	0	0	1.0625986865257018	4.338383235616032
271	holistic	60	2	2	0.9505183606874823	4.7867772631598
271	conventional	60	0	0	1.0038056286890036	2.857452691892267
272	holistic	60	3	3	0.8822665692160551	2.968671399276968
272	conventional	60	2	2	0.9906218440371651	3.131627953732607
273	holistic	60	2	2	0.8845419072300168	2.223770599873432
273	conventional	60	1	1	0.9960913298612781	2.9239001237168565
274	holistic	60	2	2	0.8344944339731716	2.450602597861205
274	conventional	60	2	2	0.9382001425091739	2.754114956168072
275	holistic	60	5	5	0.8279437836045734	2.9472543111359286
275	conventional	60	1	1	0.928711485684911	2.7092929233611964
276	holistic	60	2	2	0.8896381579963593	2.810029558378292
276	conventional	60	6	6	0.8327156579905046	2.670062456560283
277	holistic	60	1	1	0.9268533854269443	2.372177722229674
277	conventional	60	1	1	0.8964605977652498	3.2842994451255496
278	holistic	60	1	1	0.9650525397352783	2.8818947486248043
278	conventional	60	2	2	0.9668652265634712	3.4771874278436634
279	holistic	60	3	3	0.9005418111560494	2.649435012129983
279	conventional	60	2	2	0.8495195379030768	2.1817882102401653
280	holistic	60	2	2	0.8724855755538812	2.487349814265158
280	conventional	60	1	1	0.9005288227110523	3.181686003554975
281	holistic	60	1	1	0.8570643002961303	2.139063007771212
281	conventional	60	1	1	0.8886887053691733	3.1805868233827317
282	holistic	60	0	0	0.9094583126397185	1.9722350032576839
282	conventional	60	4	4	0.8144297788647713	2.5186834743051825
283	holistic	60	1	1	0.9221263725890585	1.9719987670268977
283	conventional	60	1	1	0.8285175861498145	2.257798035499772
284	holistic	60	2	2	0.8923075896752969	2.038566210560046
284	conventional	60	0	0	0.8208400956548005	2.3868488519063655
285	holistic	60	1	1	0.8552111555232434	1.9083423319915507
285	conventional	60	3	3	0.7739189861647271	2.0206063560685714
286	holistic	60	0	0	0.8839015169795755	2.0885516930448733
286	conventional	60	0	0	0.8142446490082534	2.3123288456676576
287	holistic	60	2	2	0.8549430776695843	1.970616285138103
287	conventional	60	5	5	0.7761954677959111	2.3199827692592456
288	holistic	60	0	0	0.8816381489689488	1.9175579708509771
288	conventional	60	2	2	0.8869926825282788	3.6910122118519553
289	holistic	60	1	1	0.8788620247616411	1.8700673302771507
289	conventional	60	1	1	0.8759026515179787	2.18740297876001
290	holistic	60	0	0	0.9027143848470016	1.826803575146887
290	conventional	60	1	1	0.8163899576123329	2.0662186507723264
291	holistic	60	1	1	0.9017580192913377	1.8314467113756705
291	conventional	60	2	2	0.947562439809364	8.318945179675726
292	holistic	60	1	1	0.8830869342507166	1.8370672958124472
292	conventional	60	2	2	0.8567118616284005	4.314563129173383
293	holistic	60	0	0	0.8955503400094388	1.9012028343286995
293	conventional	60	1	1	0.8292703504862798	2.6442111117225227
294	holistic	60	0	0	0.9019999304660756	1.8262346338666726
294	conventional	60	2	2	0.8371202306665795	2.8096256335004672
295	holistic	60	1	1	0.9303205752266434	1.8228437101835062
295	conventional	60	1	1	0.8727595693830831	2.3077615151794975
296	holistic	60	2	2	0.904836552619108	1.8198028365972636
296	conventional	60	0	0	0.8234169149341117	1.971537358870352
297	holistic	60	1	1	0.9380290908388564	1.8483521808048122
297	conventional	60	0	0	0.8456898923948784	1.8766257237737438
298	holistic	60	0	0	0.9814814326141479	2.3466705981448346
298	conventional	60	2	2	0.8426508278237678	2.3804627287686557
299	holistic	60	1	1	0.9407125069216437	1.781817576333152
299	conventional	60	1	1	0.8040292975157766	1.6252965754973863
300	holistic	60	1	1	0.953651780556387	1.7514664336864796
300	conventional	60	2	2	0.8333458869394405	1.4270269021586275
301	holistic	60	2	2	0.9158564349132762	1.7614441801984038
301	conventional	60	0	0	0.8660299871951425	2.4446795977469478
302	holistic	60	0	0	0.9118318654185914	1.8484745980929909
302	conventional	60	0	0	0.8465723184764665	1.46061923162648
303	holistic	60	0	0	0.8942448332182696	1.8454487015514387
303	conventional	60	2	2	0.8067919763617668	1.907290748514086
304	holistic	60	1	1	0.904693962777469	1.820744993670096
304	conventional	60	0	0	0.840231252134083	1.5939473083812787
305	holistic	60	3	3	0.8484066822362586	1.8269455447521659
305	conventional	60	1	1	0.779513154634895	1.5020918039010196
306	holistic	60	1	1	0.897795612528938	2.378466476654025
306	conventional	60	0	0	0.7929882349905821	1.7393490978546458
307	holistic	60	0	0	0.933079396935652	1.84254671008832
307	conventional	60	1	1	0.8237649998360751	2.156092098930685
308	holistic	60	0	0	0.9525091321083333	3.260668204289446
308	conventional	60	2	2	0.8779406430445674	4.252569603092903
309	holistic	60	1	1	0.9416640030756348	2.4267387541930225
309	conventional	60	2	2	0.8194583424552682	2.2579178673257783
310	holistic	60	2	2	0.9028009300543925	1.8819490811657378
310	conventional	60	1	1	0.8033751661364892	1.9241499683509085
311	holistic	60	0	0	0.8760710797076064	1.7914897076488419
311	conventional	60	2	2	0.78200866946558	1.5071286596490605
312	holistic	60	0	0	0.9060924120631858	1.744979024364347
312	conventional	60	0	0	0.7621002419696304	1.9285011941888057
313	holistic	60	3	3	0.8790521439726215	1.7447632489292189
313	conventional	60	2	2	0.8094934702586667	2.8326335211513167
314	holistic	60	1	1	0.888758569983203	1.7231646757021817
314	conventional	60	3	3	0.7662778761190417	1.993436282582936
315	holistic	60	2	2	0.8591255050476062	1.758330370426265
315	conventional	60	3	3	0.8064178059729868	3.4445087667915866
316	holistic	60	2	2	0.9816096516271969	3.9137358813570144
316	conventional	60	2	2	0.7614266938731392	2.0223241665563503
317	holistic	60	0	0	0.9680886006394187	3.388078043583395
317	conventional	60	3	3	0.8149462814061896	1.859641112398546
318	holistic	60	3	3	0.9606487459527314	3.5694679996590857
318	conventional	60	2	2	0.8779596362120212	3.330301078589626
319	holistic	60	1	1	0.9413056099496827	3.1689823481284822
319	conventional	60	3	3	0.8944357195826788	2.857559783432701
320	holistic	60	4	4	0.9067185578511394	3.1183502276729587
320	conventional	60	6	6	0.8012006316650323	2.817780474245323
321	holistic	60	3	3	0.9450500511160891	2.9248551833615313
321	conventional	60	5	5	0.7031345329709093	1.8575336231044206
322	holistic	60	3	3	0.9157068860808892	2.7815592315467064
322	conventional	60	3	3	0.8404671792687495	4.206425021395917
323	holistic	60	2	2	0.9053255032214499	2.924456360033403
323	conventional	60	4	4	0.8173664314367292	2.3389613886795306
324	holistic	60	2	2	0.9126799231846182	2.815213887416819
324	conventional	60	2	2	0.7474416847470694	1.6414452927139294
325	holistic	60	4	4	0.9222112525917338	2.872114515042053
325	conventional	60	3	3	0.7945948938861542	2.496978753613699
326	holistic	60	4	4	0.9659992136537257	2.389188399033322
326	conventional	60	3	3	0.8234815270297626	3.708842313222388
327	holistic	60	3	3	0.8985717892007313	2.3502940112790918
327	conventional	60	5	5	0.8225335395873432	2.2085978096016556
328	holistic	60	1	1	0.9625100298208432	2.8515019705365985
328	conventional	60	1	1	0.7403352016475264	1.5356342098582012
329	holistic	60	3	3	1.0387397663453903	3.5150708177936743
329	conventional	60	7	7	0.7588153449857618	1.5202943707663688
330	holistic	60	2	2	1.1578551265221302	4.818452205126497
330	conventional	60	0	0	0.8423240136883943	2.456051551123035
331	holistic	60	3	3	1.0940780995294788	3.0476536539616568
331	conventional	60	1	1	0.9171205109604261	2.2658731028243686
332	holistic	60	1	1	1.0863366340023441	3.0158692052983724
332	conventional	60	0	0	0.8920611324377979	1.9251912028621696
333	holistic	60	2	2	1.177524851860612	5.800710901318264
333	conventional	60	0	0	0.8693727558783606	1.7039006337728146
334	holistic	60	3	3	1.1504702889788307	3.8004471973506577
334	conventional	60	1	1	0.833359733379274	1.523408265988561
335	holistic	60	5	5	1.1827872621314934	5.8525380767994255
335	conventional	60	0	0	0.7897202801515757	1.4980387301277125
336	holistic	60	0	0	1.1639230656735053	3.799034802463999
336	conventional	60	2	2	0.7501157202396467	1.449604557599025
337	holistic	60	2	2	1.0862367512275226	2.8000349397816855
337	conventional	60	2	2	0.7978083053406121	2.3592009581973934
338	holistic	60	1	1	1.0626033786357438	2.7372419563049086
338	conventional	60	1	1	0.7417326942955811	1.5480675406674405
339	holistic	60	4	4	1.0506853300568177	2.9353161654463746
339	conventional	60	3	3	0.7236458651986167	1.5636790333377821
340	holistic	60	2	2	1.0475190769695744	2.813977404645251
340	conventional	60	4	4	0.6660200720051953	1.5185845814111025
341	holistic	60	3	3	1.1166972931195618	3.820568121258446
341	conventional	60	1	1	0.7908377429600701	1.5176696853276714
342	holistic	60	0	0	1.1810785975008917	4.815554603916766
342	conventional	60	6	6	0.7565348653626274	2.5116230895328715
343	holistic	60	2	2	1.1722930879624216	4.486219285108196
343	conventional	60	0	0	0.9633092145147508	3.4007793445394894
344	holistic	60	1	1	1.12665696658764	3.820330884506815
344	conventional	60	2	2	0.821385586083477	1.5197084848908433
345	holistic	60	2	2	1.1061979038910537	3.0200089901664913
345	conventional	60	4	4	0.7583592029699228	1.4659166495183626
346	holistic	60	1	1	1.2996157055241946	9.715486890619244
346	conventional	60	1	1	0.8265299322063824	1.8969908177472405
347	holistic	60	1	1	1.3583135102762276	9.218846259881346
347	conventional	60	4	4	0.8517031114909236	3.265083053052492
348	holistic	60	0	0	1.331168702517967	6.712068122115562
348	conventional	60	2	2	1.0347271942859055	5.39536807704981
349	holistic	60	2	2	1.2857045534918663	4.961127854934775
349	conventional	60	1	1	0.968342228148478	3.510223604016476
350	holistic	60	0	0	1.2456141844312547	3.9098848649829585
350	conventional	60	3	3	0.8287986621032346	2.464605581956958
351	holistic	60	0	0	1.2812899813640404	3.20973092711405
351	conventional	60	3	3	0.9593633704345415	2.33939546146173
352	holistic	60	1	1	1.2557862139505003	2.7093832557988526
352	conventional	60	0	0	0.9862546115716666	4.755006541219005
353	holistic	60	0	0	1.2203969465116944	2.4623940764922883
353	conventional	60	1	1	0.8875822888281382	2.9130673583840134
354	holistic	60	0	0	1.2263918774972624	2.711663798964287
354	conventional	60	2	2	0.8865299156400046	1.99184234945921
355	holistic	60	0	0	1.2290940751729171	2.61095569422602
355	conventional	60	1	1	0.9643374127580961	3.3837411444653247
356	holistic	60	1	1	1.2258511374517782	2.6205325651463887
356	conventional	60	0	0	0.9160634520416201	2.042567831550286
357	holistic	60	1	1	1.231799064390296	2.6279233753399267
357	conventional	60	2	2	0.9297502542254349	1.9600905325788125
358	holistic	60	0	0	1.2185544990885404	2.402758119936465
358	conventional	60	1	1	0.8674992956697728	1.8362731267636319
359	holistic	60	1	1	1.2197226548760522	2.424603282159205
359	conventional	60	1	1	0.9062071050105512	2.305028349419357
360	holistic	60	0	0	1.3119212436975018	4.843031056363547
360	conventional	60	2	2	0.9949026235198729	2.669057483185815
361	holistic	60	1	1	1.2358870358281315	2.347829598412352
361	conventional	60	0	0	0.9168055310660407	2.3343811058987
362	holistic	60	0	0	1.3132319774916619	3.9139867963981416
362	conventional	60	0	0	0.958150526851971	2.5366274587773416
363	holistic	60	0	0	1.300367092123808	3.4249201713934667
363	conventional	60	2	2	0.9159395663871357	2.6735023400028
364	holistic	60	1	1	1.275586366251771	3.592441224784313
364	conventional	60	0	0	0.9792904475511668	3.537000790953639
365	holistic	60	0	0	1.264546494946336	3.167321112469443
365	conventional	60	0	0	0.9706470735821057	2.0826877536765824
366	holistic	60	1	1	1.2384714678346511	2.615509657818419
366	conventional	60	0	0	0.955687678389229	2.001488619383106
367	holistic	60	0	0	1.2563061186831208	2.6196862405213257
367	conventional	60	1	1	0.9384737878652054	1.8365812970123834
368	holistic	60	0	0	1.2666166250101718	2.580521934609917
368	conventional	60	0	0	0.9741921249836379	3.423079486156083
369	holistic	60	0	0	1.2459086592485826	2.585831477460554
369	conventional	60	1	1	0.9206294993856282	2.004112824380171
370	holistic	60	2	2	1.2091668991170317	2.470695929931981
370	conventional	60	1	1	0.9111574876996403	1.8266550935504227
371	holistic	60	0	0	1.2699696540305274	2.7104182984699654
371	conventional	60	2	2	0.9078831925895534	1.8980659186565176
372	holistic	60	0	0	1.2360491508837592	2.451011527273462
372	conventional	60	0	0	0.9273477316554043	3.4520010674997077
373	holistic	60	2	2	1.2150802557917715	2.388871233796921
373	conventional	60	4	4	0.8832955140802855	2.175187087922641
374	holistic	60	1	1	1.2348600742185847	2.29619993896288
374	conventional	60	2	2	0.850614826342407	1.8244069743891764
375	holistic	60	2	2	1.1794402402209399	2.2429371102290645
375	conventional	60	3	3	0.9255200763230648	3.463006292282183
376	holistic	60	1	1	1.1407971290916554	2.1610305794786564
376	conventional	60	1	1	1.0359326107317899	4.371395005362517
377	holistic	60	0	0	1.1616018648948487	2.1781850185948914
377	conventional	60	3	3	0.9918763352834336	3.460264106514627
378	holistic	60	1	1	1.1462981044691511	2.1335998519381203
378	conventional	60	3	3	0.9006583644005398	2.471518355899839
379	holistic	60	1	1	1.1195250250251723	2.238288789651005
379	conventional	60	2	2	1.0304285350556102	2.8144276739846044
380	holistic	60	3	3	1.2063446144826144	6.954563754599058
380	conventional	60	1	1	1.1176960501124493	4.376641810787963
381	holistic	60	2	2	1.217098041849341	3.6772782373241317
381	conventional	60	0	0	1.1130448726233526	3.32773323618491
382	holistic	60	1	1	1.1334951178773423	3.1793269839837013
382	conventional	60	1	1	1.0662943827427525	2.580169072710229
383	holistic	60	2	2	1.1542808484478766	4.078219262446422
383	conventional	60	3	3	1.0327576406725718	2.554610542975275
384	holistic	60	5	5	1.1841551985224728	5.7229272484578475
384	conventional	60	3	3	1.0095253320492157	2.411544479382115
385	holistic	60	2	2	1.1979110422236312	2.8200782135917946
385	conventional	60	1	1	1.0673439143306984	4.5106944856825555
386	holistic	60	4	4	1.0690486825617347	3.0661490696693683
386	conventional	60	4	4	1.0224649370477998	2.514514713715411
387	holistic	60	2	2	1.0276327070294269	2.4806722043164044
387	conventional	60	0	0	1.008670046106884	2.316461626794346
388	holistic	60	2	2	1.0043644358373711	2.1331369977744474
388	conventional	60	3	3	0.9428200699218773	2.148301288811323
389	holistic	60	3	3	1.0173728044929047	2.124838594782242
389	conventional	60	6	6	0.9208805632577246	2.417993457190585
390	holistic	60	2	2	1.060015140778415	2.0235960242510362
390	conventional	60	2	2	0.9602600813095431	2.302556520404117
391	holistic	60	3	3	1.0973422318721353	2.160266448572794
391	conventional	60	0	0	0.9564585811320908	2.3057843572836223
392	holistic	60	1	1	1.1482281656813158	5.652764902761517
392	conventional	60	3	3	0.8992266913223789	2.200470061979828
393	holistic	60	2	2	1.0771197049325953	2.645786573488669
393	conventional	60	1	1	0.9128219409892203	2.1285270903002416
394	holistic	60	3	3	1.1417015926019887	2.986781627794072
394	conventional	60	0	0	0.9130687715875927	2.059590856791384
395	holistic	60	3	3	1.1277825228644118	2.7040270880621593
395	conventional	60	3	3	0.9150458006014074	2.0728636602569277
396	holistic	60	0	0	1.133792779631196	2.6522702726162257
396	conventional	60	1	1	0.9310123363866865	2.27113434796056
397	holistic	60	1	1	1.1206398240924933	2.7173803660131366
397	conventional	60	3	3	0.9290033220438254	2.033720648290754
398	holistic	60	2	2	1.0849677913499114	3.039234417121147
398	conventional	60	1	1	0.9158241359363066	1.9771677477540537
399	holistic	60	4	4	1.0723479833972271	2.7087760661554645
399	conventional	60	1	1	0.9214163812004098	2.569241366811654
400	holistic	60	3	3	1.0807279323671657	2.514267771669346
400	conventional	60	4	4	0.8516605017170692	2.322319144474443
401	holistic	60	3	3	1.083843000010088	2.7212616449900113
401	conventional	60	2	2	0.810048460412888	2.3202207548728935
402	holistic	60	1	1	1.195637213358172	2.9681315409624696
402	conventional	60	6	6	0.8834650626355854	2.322548852561263
403	holistic	60	3	3	1.2864540989665434	5.765382302766819
403	conventional	60	0	0	0.9042654723739123	2.199834682630545
404	holistic	60	1	1	1.3110564379424952	4.691009981523656
404	conventional	60	1	1	0.9461521339325365	1.8804185088665148
405	holistic	60	3	3	1.2329050976821847	2.769268423746654
405	conventional	60	2	2	0.9317678886114007	2.4079363245283667
406	holistic	60	1	1	1.1794711653828758	2.7253593960020224
406	conventional	60	1	1	0.8712097202845224	1.8998959903863257
407	holistic	60	4	4	1.1924273994213754	3.035764252667701
407	conventional	60	3	3	0.8759121894166525	1.828234688850184
408	holistic	60	1	1	1.1748935970544927	3.1305485725509956
408	conventional	60	0	0	0.8454822121467278	1.6586815714539085
409	holistic	60	3	3	1.1370811922288402	2.827579515268147
409	conventional	60	1	1	0.7681482104280605	1.6148184731759592
410	holistic	60	0	0	1.2715717871613414	3.945552692760667
410	conventional	60	5	5	0.7444233127867703	1.5658955881948264
411	holistic	60	1	1	1.2680367802315737	4.1959962152745405
411	conventional	60	3	3	0.7170284062255318	1.5987698688824084
412	holistic	60	1	1	1.2027265947511387	3.031918783183279
412	conventional	60	0	0	0.7598904725851131	1.6154968731189168
413	holistic	60	1	1	1.2220788727350382	2.7042604862342423
413	conventional	60	1	1	0.8093407113051618	1.8586215968817867
414	holistic	60	0	0	1.2248671520802348	2.779304358810564
414	conventional	60	4	4	0.7858199764707997	1.9947231205244478
415	holistic	60	0	0	1.2030794966140756	3.130843258725659
415	conventional	60	2	2	0.7567885647104393	1.9280114729980604
416	holistic	60	2	2	1.1792757193650139	2.9683814565531588
416	conventional	60	1	1	0.837578810264264	1.8735298020363942
417	holistic	60	1	1	1.2152121835449108	2.8261235158767
417	conventional	60	2	2	0.8141876127269823	1.91005756665426
418	holistic	60	0	0	1.2638441773703941	3.15499603279027
418	conventional	60	2	2	0.8212872914855361	1.8158382887916722
419	holistic	60	1	1	1.2676558553943795	2.904461452648126
419	conventional	60	1	1	0.8027521337804171	1.741305239917201
420	holistic	60	0	0	1.2813800419477954	2.704464979355236
420	conventional	60	6	6	0.7544801283436471	1.663650938860871
421	holistic	60	1	1	1.2764961103281403	2.7867780080596143
421	conventional	60	0	0	0.8960714484407544	4.32755004668527
422	holistic	60	0	0	1.3026410962562023	2.7456068138867287
422	conventional	60	0	0	0.9511981423314916	2.5956653151668827
423	holistic	60	0	0	1.2877964048865396	2.4898084630384436
423	conventional	60	2	2	0.9532595440722403	2.019135172540476
424	holistic	60	1	1	1.2856581360786905	2.743477359020344
424	conventional	60	0	0	1.0140256363967006	2.1187419446281894
425	holistic	60	0	0	1.252757093156277	2.642218462676942
425	conventional	60	0	0	1.0253540250332087	2.220226854379967
426	holistic	60	1	1	1.2852307010488142	2.5868506262018824
426	conventional	60	0	0	1.0126405753220025	2.0353839858272758
427	holistic	60	0	0	1.3430004543148375	2.5376409676440206
427	conventional	60	0	0	1.0170683897971287	1.914039973292541
428	holistic	60	0	0	1.3077048196169163	2.4933579185948336
428	conventional	60	0	0	1.0105796902749173	1.9479394928780946
429	holistic	60	0	0	1.2827573638060947	2.3536178684296036
429	conventional	60	1	1	0.9692384469179404	1.6409774896895473
430	holistic	60	2	2	1.2513123620811044	2.287264120499202
430	conventional	60	0	0	0.9752651000501549	1.648893401614361
431	holistic	60	0	0	1.2919958859038518	2.385359116113166
431	conventional	60	1	1	0.9149504149734032	1.6438520336050366
432	holistic	60	0	0	1.287672245106599	2.6161524313233673
432	conventional	60	1	1	0.8919926336945849	1.5964823661409784
433	holistic	60	2	2	1.2727245626800505	2.661179744635457
433	conventional	60	4	4	0.8745143046812182	1.6076644902165116
434	holistic	60	0	0	1.342876239007226	2.7027118150083727
434	conventional	60	1	1	0.8190688704257139	1.6079895250520964
435	holistic	60	2	2	1.2650421327988044	2.5867712676234715
435	conventional	60	4	4	0.7566044233096221	1.583893697293063
436	holistic	60	1	1	1.3098340765862528	3.9367921386099485
436	conventional	60	2	2	0.7876910124790906	3.3254442633791075
437	holistic	60	0	0	1.3449045790636331	4.43501074206972
437	conventional	60	4	4	0.7761111675620586	2.8410960686948705
438	holistic	60	1	1	1.246529351645726	2.9392325036233657
438	conventional	60	5	5	0.7226014561998884	2.2362587612962503
439	holistic	60	1	1	1.249293293013508	2.53563793089652
439	conventional	60	0	0	0.8050507871797532	3.2737889228979187
440	holistic	60	1	1	1.2469039883565296	2.5084391274727467
440	conventional	60	0	0	0.8192847929599824	1.7948684671417179
441	holistic	60	1	1	1.204505592155141	2.4206288591010114
441	conventional	60	0	0	0.8850982621873978	2.298221686386887
442	holistic	60	1	1	1.1779204609494391	2.3984928092521356
442	conventional	60	1	1	0.8384102246325625	1.6201569037926402
443	holistic	60	3	3	1.1853318135560384	2.858500829683694
443	conventional	60	1	1	0.7597757523766692	1.519601939508446
444	holistic	60	4	4	1.1405734780032755	3.3752284232302445
444	conventional	60	3	3	0.7648739913897667	1.4589840533871499
445	holistic	60	1	1	1.2811020606513481	3.6857288473588286
445	conventional	60	2	2	0.7369173168871532	1.4186422959759568
446	holistic	60	2	2	1.255375800895082	3.871120416610093
446	conventional	60	1	1	0.7737275606182543	2.2287782470412973
447	holistic	60	4	4	1.2278326823403243	2.874499473294626
447	conventional	60	0	0	0.7268248848211779	1.7477389701557713
448	holistic	60	2	2	1.3463291882741006	2.9423076858976636
448	conventional	60	2	2	0.754174218871763	1.8227429629672525
449	holistic	60	2	2	1.3229215813976185	3.778167987897538
449	conventional	60	3	3	0.8001958376600142	2.5043365749433057
450	holistic	60	2	2	1.3165475568644958	3.118733611378582
450	conventional	60	3	3	0.7880586192161083	2.671600643859638
451	holistic	60	2	2	1.3001224044124702	3.7388858610313394
451	conventional	60	1	1	0.8722908711694755	5.254210488361752
452	holistic	60	2	2	1.2599610390506866	2.4663936615511544
452	conventional	60	5	5	0.821744925085076	2.7856119121255625
453	holistic	60	2	2	1.260277451968787	3.619207430604943
453	conventional	60	1	1	0.865110913744672	5.399609104628199
454	holistic	60	4	4	1.2730965422405218	4.767635961859392
454	conventional	60	0	0	0.8546219051710663	2.384691932675924
455	holistic	60	2	2	1.211478569156707	2.755044105568917
455	conventional	60	2	2	0.857970954228056	2.287571743380054
456	holistic	60	0	0	1.259917891606998	2.338042093858975
456	conventional	60	0	0	0.8795320212792516	2.336416452213354
457	holistic	60	2	2	1.2096400474248747	2.398214706607056
457	conventional	60	2	2	0.8162110098221724	2.286375506206169
458	holistic	60	2	2	1.1789781996869941	2.386001771930729
458	conventional	60	3	3	0.7640825789012429	2.0806358645722227
459	holistic	60	2	2	1.252050130018376	2.8582044939365385
459	conventional	60	2	2	0.7335994144688402	2.2728450148947004
460	holistic	60	2	2	1.262136669458449	4.655517008497827
460	conventional	60	1	1	0.8127715293278714	2.1302218427536763
461	holistic	60	2	2	1.265312810052012	3.740662382773766
461	conventional	60	2	2	0.8740488476031735	2.272155964229696
462	holistic	60	2	2	1.2696289207133953	3.0151170797822924
462	conventional	60	3	3	0.8513329463482258	2.2711620143883926
463	holistic	60	1	1	1.266291804226436	3.0553905724599937
463	conventional	60	0	0	0.8882086097480798	3.3773788953873036
464	holistic	60	2	2	1.3113618706826098	3.7668283120129025
464	conventional	60	1	1	0.889552498513508	2.4725475691251537
465	holistic	60	1	1	1.3360730950870021	3.513752537006924
465	conventional	60	3	3	0.8298742966200714	2.4418759232219744
466	holistic	60	1	1	1.354406235499396	3.0957164578258882
466	conventional	60	0	0	0.9008142903118708	2.5999314344171793
467	holistic	60	5	5	1.3394008681620342	4.637174486006169
467	conventional	60	4	4	0.8529080741221601	2.346504379006899
468	holistic	60	0	0	1.360250699499303	4.942198743707543
468	conventional	60	2	2	0.8615741558002193	2.185619374479096
469	holistic	60	2	2	1.2602889300669278	3.446659286562377
469	conventional	60	1	1	0.8816051993622295	2.062154086187606
470	holistic	60	0	0	1.2724611383247166	2.65485099652298
470	conventional	60	3	3	0.8366359391755069	2.0959922691519304
471	holistic	60	3	3	1.264008065528215	2.5394537754204523
471	conventional	60	2	2	0.9036391935234565	2.0186696275939813
472	holistic	60	0	0	1.363204623354316	2.824336910056102
472	conventional	60	1	1	0.9857886889019161	2.3720857807339573
473	holistic	60	1	1	1.3732323086532505	4.821303185014969
473	conventional	60	1	1	0.8788105358928142	1.8959456081134405
474	holistic	60	0	0	1.3461257769457482	3.4902984794542427
474	conventional	60	3	3	0.8728132362645685	1.6850933194778872
475	holistic	60	1	1	1.3260289558521778	2.595003704588432
475	conventional	60	1	1	0.851519498177113	1.7359199902070894
476	holistic	60	2	2	1.354720263780403	2.469579791838533
476	conventional	60	0	0	0.92953580989334	2.8535187626373393
477	holistic	60	1	1	1.405131276403941	4.936315171622183
477	conventional	60	1	1	0.9162061592372231	3.0239095202306334
478	holistic	60	0	0	1.3563826295385022	2.53909157671535
478	conventional	60	1	1	0.8662510675781301	2.1066667836100414
479	holistic	60	1	1	1.3517401376093217	2.62427276480266
479	conventional	60	1	1	0.861025080727091	1.9565319255299969
480	holistic	60	1	1	1.3323677940007483	2.4129887947715227
480	conventional	60	9	9	0.7506049972873117	1.5213717987922333
481	holistic	60	2	2	1.386284185983922	4.773824378660095
481	conventional	60	2	2	0.8924522305415127	3.2595164504674647
482	holistic	60	0	0	1.4203688020267182	5.269595644933154
482	conventional	60	1	1	0.9764131593238721	2.7663469515586483
483	holistic	60	1	1	1.409299364860819	3.7737439619956388
483	conventional	60	2	2	0.9510254004465101	2.2694929936538575
484	holistic	60	1	1	1.4374320224432893	4.029535290030617
484	conventional	60	2	2	0.9055055275248216	1.628752003306025
485	holistic	60	0	0	1.4086278186145593	3.176400103926184
485	conventional	60	1	1	0.8519396442310297	1.7922825445862447
486	holistic	60	1	1	1.3752414912329587	2.798307784944408
486	conventional	60	2	2	0.8992315239981702	2.49219464977275
487	holistic	60	0	0	1.3820273474893947	3.0828577333468283
487	conventional	60	0	0	0.9288611455368668	2.4840547170528686
488	holistic	60	0	0	1.3765864844540738	2.9199356697566587
488	conventional	60	0	0	0.8944225690282169	1.7273268497645624
489	holistic	60	0	0	1.3851320612723979	2.569889525634817
489	conventional	60	0	0	0.9049852197852404	1.669141091364286
490	holistic	60	2	2	1.3496523813177963	3.191205391712323
490	conventional	60	0	0	0.8801607873787148	1.4691509737880826
491	holistic	60	0	0	1.3517961645953163	2.9712912377058016
491	conventional	60	0	0	0.9034701423298196	1.7316396698874852
492	holistic	60	0	0	1.3569976954962393	2.704338436525114
492	conventional	60	2	2	0.867110599038686	1.8593615919200437
493	holistic	60	2	2	1.3092168159622652	2.478714666827389
493	conventional	60	1	1	0.8604070419617137	2.0442439356599347
494	holistic	60	1	1	1.3110693852878799	2.5719671075558956
494	conventional	60	0	0	0.835951966470165	1.9917208564416669
495	holistic	60	2	2	1.2717632853577023	2.7853081817593925
495	conventional	60	5	5	0.822998000874126	1.811720053632594
496	holistic	60	0	0	1.2955904407803809	2.5967022620561657
496	conventional	60	1	1	0.9001065858838395	5.245384061288601
497	holistic	60	1	1	1.3128761278197232	2.6078100635957004
497	conventional	60	5	5	0.8578969232449043	3.246992583959169
498	holistic	60	1	1	1.2942306027061565	2.6732103156540874
498	conventional	60	3	3	0.9321337292864825	2.9052155402618793
499	holistic	60	0	0	1.3068131332308068	2.625591091024066
499	conventional	60	1	1	0.952114491271428	2.340248059884615
500	holistic	60	1	1	1.3018031197223445	2.53305953103827
500	conventional	60	0	0	0.8893068260140421	1.832611682120712
501	holistic	60	1	1	1.2843388812871885	2.4964807286617905
501	conventional	60	2	2	0.8698859490977144	1.909929190485066
502	holistic	60	1	1	1.281555450667965	2.509304759177166
502	conventional	60	2	2	0.9534247473176064	4.333567698844467
503	holistic	60	1	1	1.2872526387260743	2.608654650531158
503	conventional	60	1	1	0.8961823703234697	2.832826206132248
504	holistic	60	3	3	1.224435845547757	2.573971597829151
504	conventional	60	4	4	0.7830776832078139	1.9105741399602307
505	holistic	60	1	1	1.3088372664420214	3.7943873624289783
505	conventional	60	2	2	0.8860536425293215	4.379966466567893
506	holistic	60	2	2	1.3281837330165323	3.7847095510824884
506	conventional	60	1	1	0.8261094875690643	2.4038452764650673
507	holistic	60	4	4	1.225407141305842	2.4512125212543014
507	conventional	60	3	3	0.8699697880630061	2.409070218259747
508	holistic	60	1	1	1.285478157343005	3.8469282339976605
508	conventional	60	0	0	0.9008618779464957	2.400845063397286
509	holistic	60	3	3	1.1733131927339493	2.540043867471602
509	conventional	60	3	3	0.9339054602295443	2.5641518851331475
510	holistic	60	2	2	1.2368084862616675	3.1834240426189653
510	conventional	60	1	1	0.9434331238749407	2.4729037663846944
511	holistic	60	2	2	1.158287415175646	2.684187326268796
511	conventional	60	2	2	0.9251357481794299	2.819244448946331
512	holistic	60	2	2	1.195610868106068	2.7182396410807903
512	conventional	60	3	3	0.9058153125648857	2.383718260303387
513	holistic	60	2	2	1.2594779195509318	2.796645652059452
513	conventional	60	2	2	0.9728418763154923	3.289212580496857
514	holistic	60	3	3	1.2465090460542574	2.6330535651015494
514	conventional	60	0	0	1.0232297066638472	2.795180647516676
515	holistic	60	3	3	1.1969031388025078	2.551778619629286
515	conventional	60	1	1	0.9599701049423532	2.246455856362446
516	holistic	60	1	1	1.1349868456092647	2.5021474832684247
516	conventional	60	0	0	1.0094765934592151	3.2357721453159964
517	holistic	60	3	3	1.0844908637272026	2.4284013149754387
517	conventional	60	3	3	0.9526223979457513	2.7288867663307412
518	holistic	60	2	2	1.101476741862781	2.3845237275992592
518	conventional	60	3	3	0.9643579838367567	3.3460721052229907
519	holistic	60	2	2	1.233368299351837	2.842295580585194
519	conventional	60	3	3	0.8871572011375796	2.3303271059293773
520	holistic	60	1	1	1.204908862213384	2.477676293057609
520	conventional	60	1	1	0.9125817400316373	2.3543196639174386
521	holistic	60	2	2	1.1813176615799643	2.8482759435876055
521	conventional	60	1	1	0.889451031591662	2.286071836026619
522	holistic	60	1	1	1.275472075024547	4.8998534277961605
522	conventional	60	2	2	0.916120034851282	2.247070196792673
523	holistic	60	0	0	1.2404995387350373	3.402286232906806
523	conventional	60	0	0	1.0285226083230525	4.210320535418702
524	holistic	60	3	3	1.1661596416079858	2.5425185123596243
524	conventional	60	0	0	1.0360435859532708	3.196255307876923
525	holistic	60	1	1	1.1983957819939264	2.511506467534964
525	conventional	60	2	2	0.9997113200642563	2.868189141576114
526	holistic	60	1	1	1.1814624156603257	2.4735029462601674
526	conventional	60	0	0	0.963309619621041	2.198438036531741
527	holistic	60	4	4	1.1486656945683094	2.458461216859715
527	conventional	60	1	1	0.9852384689349282	2.059564707705656
528	holistic	60	1	1	1.356325390045939	4.676517636948578
528	conventional	60	3	3	0.9460205782163609	2.14404154107944
529	holistic	60	1	1	1.267632957579047	2.796945962159727
529	conventional	60	1	1	0.9689917194983598	1.9531637197894929
530	holistic	60	0	0	1.30801259328689	3.3962206489768683
530	conventional	60	1	1	0.9260348136564346	1.9897728460505473
531	holistic	60	3	3	1.2200534481797531	3.138480365715161
531	conventional	60	3	3	0.9181681191208694	1.96927135344101
532	holistic	60	0	0	1.2242552282391819	2.80887790644482
532	conventional	60	1	1	0.9389903962356737	1.950617130938965
533	holistic	60	1	1	1.1971348540364342	2.932176929552709
533	conventional	60	1	1	1.0383683663874475	2.259224124810068
534	holistic	60	0	0	1.2154455014067067	2.5810962699774165
534	conventional	60	3	3	0.9708518136076557	3.0470594949372267
535	holistic	60	2	2	1.161646878851873	2.501203056776991
535	conventional	60	1	1	1.0143324756356915	2.5477776038877376
536	holistic	60	1	1	1.1217304995167694	2.528882918522916
536	conventional	60	0	0	0.9803696168061921	2.1798703909057418
537	holistic	60	1	1	1.1501011029395982	2.4673122586724756
537	conventional	60	0	0	0.985511997528278	2.2118445079708895
538	holistic	60	0	0	1.1460543769855798	2.348824129032662
538	conventional	60	1	1	0.9385379475053697	1.9596343054528849
539	holistic	60	1	1	1.1445364958180817	2.429392753127271
539	conventional	60	1	1	0.9702122348064304	2.1916639764954455
540	holistic	60	1	1	1.1049311279979188	2.5121033375349233
540	conventional	60	6	6	0.8868137373375942	2.198849316379292
541	holistic	60	2	2	1.0722178091829528	2.4928320846090846
541	conventional	60	1	1	0.7976641694484573	3.259958037012293
542	holistic	60	0	0	1.1111652190868155	2.412231648744218
542	conventional	60	2	2	0.8235788793879912	2.2927072039054455
543	holistic	60	2	2	1.143081047701851	3.9055160304135335
543	conventional	60	1	1	0.8416265326246095	1.791763125871883
544	holistic	60	1	1	1.1034748752921704	3.567435657953436
544	conventional	60	3	3	0.8043029285120625	1.8010426646981406
545	holistic	60	1	1	1.1025688053368163	2.649838158057429
545	conventional	60	2	2	0.8545196891580511	2.3272923456809105
546	holistic	60	1	1	1.198265597547197	6.943990811445621
546	conventional	60	5	5	0.7494320260909991	1.8006091537035627
547	holistic	60	1	1	1.1380567567980218	3.9439454948912074
547	conventional	60	1	1	0.823359251773499	2.2327235004378716
548	holistic	60	0	0	1.1559061451823438	2.612803966877517
548	conventional	60	1	1	0.8639218837190031	2.01480258474666
549	holistic	60	1	1	1.110511063385585	2.194581029540571
549	conventional	60	0	0	0.8550380612730127	1.7516492606641936
550	holistic	60	2	2	1.0899694800964614	2.3446978526509374
550	conventional	60	0	0	0.8937975178464972	1.890599620093234
551	holistic	60	0	0	1.1358237708453047	2.444831972073756
551	conventional	60	0	0	0.8874612098590428	1.7670490669080023
552	holistic	60	0	0	1.1302316932749632	2.2452037061482164
552	conventional	60	0	0	0.9005261993031274	2.1995544548391175
553	holistic	60	1	1	1.0845443844289515	2.237490586164038
553	conventional	60	1	1	0.868208292435127	1.992041577349424
554	holistic	60	2	2	1.0655834440984697	2.184537339129936
554	conventional	60	1	1	0.9062126008793621	4.376546869246914
555	holistic	60	2	2	1.0715092790201501	2.241509970161842
555	conventional	60	3	3	0.918396205058114	4.38005733585552
556	holistic	60	0	0	1.1256481650425816	2.9019028291897793
556	conventional	60	0	0	0.9361595356032824	2.879244459036461
557	holistic	60	0	0	1.1450149029176089	2.905957549230408
557	conventional	60	6	6	0.8532253914328874	3.046934026398073
558	holistic	60	0	0	1.1263950599065806	2.9063535747348617
558	conventional	60	4	4	0.8654512904885188	2.2112980227679193
559	holistic	60	1	1	1.142708227543056	3.3076560405943853
559	conventional	60	0	0	0.8711630436656754	2.1810815834546777
560	holistic	60	0	0	1.1309843303525982	2.7410299805735128
560	conventional	60	4	4	0.8235755055732824	1.910999553646707
561	holistic	60	2	2	1.1326636633944562	2.6230062697508623
561	conventional	60	1	1	1.0209214068642232	5.323782503048541
562	holistic	60	0	0	1.1481000701594453	2.9087909305307202
562	conventional	60	1	1	0.9441639289093509	2.8340022137567065
563	holistic	60	1	1	1.1563000835225479	3.110075294452717
563	conventional	60	1	1	0.9392837282461696	2.0226103861482243
564	holistic	60	3	3	1.1088538684546636	3.2081814494249388
564	conventional	60	1	1	0.9415436428557037	1.7764297066546908
565	holistic	60	1	1	1.095159302977271	3.0902689245565242
565	conventional	60	1	1	0.9283927212886167	1.7727302012899646
566	holistic	60	2	2	1.046805303417234	3.6021201684487654
566	conventional	60	2	2	0.893225665298328	1.8233519605065749
567	holistic	60	1	1	1.0575581707087232	3.4813077844744025
567	conventional	60	2	2	0.8725269015639326	1.6662682827283444
568	holistic	60	2	2	1.1324263437215063	3.643153098198779
568	conventional	60	2	2	0.9573551144693427	3.3508849151337605
569	holistic	60	3	3	1.0651003979236178	3.4100746799573707
569	conventional	60	1	1	0.9880829280410333	2.9611231713152115
570	holistic	60	1	1	1.0960117779077194	3.4392944179738167
570	conventional	60	1	1	0.9185717002979036	2.2823677091843813
571	holistic	60	0	0	1.0835994290123294	3.3542631494605435
571	conventional	60	3	3	0.9494295422499721	3.3321624851414193
572	holistic	60	2	2	1.0293749360661293	3.278164182187492
572	conventional	60	2	2	0.9441781997303733	2.4700886918226175
573	holistic	60	3	3	1.0313661066904578	3.35967071942677
573	conventional	60	2	2	0.9203049715184543	2.6618135410972763
574	holistic	60	2	2	1.071932594977951	3.2426368458205466
574	conventional	60	0	0	0.8948840964503579	1.853225921088749
575	holistic	60	2	2	1.0986866513410163	3.1367844321508884
575	conventional	60	2	2	0.8776782363606913	1.654848513433183
576	holistic	60	1	1	1.059766098853653	3.2575269833200617
576	conventional	60	1	1	0.863576957298345	1.5271168262708148
577	holistic	60	3	3	1.053743072475619	3.451620071894507
577	conventional	60	3	3	0.8211182329765429	1.489854290532873
578	holistic	60	2	2	0.9809713139079688	3.3896946376213255
578	conventional	60	3	3	0.8284012876003339	2.0895718439324287
579	holistic	60	4	4	0.9455588092594652	3.3329505430343978
579	conventional	60	3	3	0.7847386071353947	1.8508881953558272
580	holistic	60	0	0	1.0611252431164926	4.80275487969519
580	conventional	60	0	0	1.0333389339134083	4.290923010661437
581	holistic	60	4	4	0.99350485496218	3.303346206649532
581	conventional	60	1	1	0.9109816261992951	2.3285068962156164
582	holistic	60	0	0	1.0320223031371176	3.290141187943972
582	conventional	60	5	5	0.9554295823148221	3.375308637537307
583	holistic	60	1	1	1.0123190829914734	3.2776119315412613
583	conventional	60	1	1	1.0466552578117878	8.271658360297685
584	holistic	60	2	2	0.9906977737802228	3.169105156833769
584	conventional	60	1	1	0.9738542131044413	3.7754939397362297
585	holistic	60	4	4	0.9489224501958027	3.1609125580652746
585	conventional	60	2	2	0.9761330900023352	3.6045985277504022
586	holistic	60	1	1	1.0043166527643426	3.7018248057741014
586	conventional	60	0	0	1.0007014655129327	3.0241716838724377
587	holistic	60	5	5	1.008951023033596	5.91479107332111
587	conventional	60	2	2	0.9384424709951183	2.274632145517273
588	holistic	60	4	4	1.0596926932815949	3.0824791887940552
588	conventional	60	2	2	0.9616445570818895	2.6296707657345646
589	holistic	60	1	1	1.1186939003098297	3.762644830787559
589	conventional	60	1	1	0.9746009758801348	1.9925165777106448
590	holistic	60	1	1	1.0864192069627128	3.264221328962173
590	conventional	60	1	1	0.9137627536083474	3.34923320249559
591	holistic	60	3	3	1.0931030370568326	3.2002695988955963
591	conventional	60	2	2	0.8877069235940122	1.9960150828764236
592	holistic	60	1	1	1.0988192405377546	3.2184763598418296
592	conventional	60	1	1	0.8840062882178896	1.7009252691450116
593	holistic	60	1	1	1.0472986817992802	3.185617379101302
593	conventional	60	2	2	0.8802401204442688	2.2902526448925444
594	holistic	60	0	0	1.0796979982325616	3.227648357474718
594	conventional	60	4	4	0.8075579125023851	2.2824436647788864
595	holistic	60	3	3	1.066826951753182	3.1962372945014215
595	conventional	60	3	3	0.90063260228486	2.289392476088363
596	holistic	60	1	1	1.1046629910686299	3.1896028334239186
596	conventional	60	0	0	0.9726852494323991	3.2861237254510764
597	holistic	60	0	0	1.140467562631433	3.137725515943039
597	conventional	60	0	0	0.9384714335548483	2.29745113195303
598	holistic	60	0	0	1.1583213188672299	3.1325076859676466
598	conventional	60	0	0	0.9125210266096595	2.1623582035655047
599	holistic	60	1	1	1.1324379276039636	3.1277090311801854
599	conventional	60	0	0	0.9035717992784879	2.058063578468506
