season	population	alive	births	deaths	mean_lifetime_score	best_lifetime_score	mean_age	max_age
0	holistic	60	0	0	0.07578553616523571	2.8612098476433965	31.15	58
0	conventional	60	0	0	0.2839038676447512	3.601981444523002	28.7	59
1	holistic	60	0	0	0.050207510220436756	1.3529636206731837	32.15	59
1	conventional	60	1	1	0.269378548251926	3.0819196473184176	28.7	56
2	holistic	60	4	4	0.058802278659136696	1.1876611109736948	29.15	59
2	conventional	60	3	3	0.35926150651548433	2.4007680907374285	28.25	57
3	holistic	60	1	1	0.07496594752385073	1.354684331157833	29.15	58
3	conventional	60	7	7	0.32689781678094626	2.0300442094682065	25.466666666666665	58
4	holistic	60	0	0	0.09395323604684558	1.8116705373502684	30.15	59
4	conventional	60	6	6	0.333699676245843	2.1308504586442405	24.916666666666668	57
5	holistic	60	1	1	0.09045993083554195	2.14902831076723	30.15	59
5	conventional	60	6	6	0.2946538619179631	1.858233760827759	24.4	58
6	holistic	59	4	5	0.08086789287147213	1.8131317513056031	29.440677966101696	59
6	conventional	60	8	8	0.3173635734383088	4.154502851705204	24.233333333333334	59
7	holistic	58	3	4	0.08568506291239296	1.6120541522637033	28.155172413793103	58
7	conventional	59	15	16	0.26551549122919643	1.9490125734912596	19.52542372881356	59
8	holistic	59	3	2	0.14054607445846481	1.6455104371917322	28.050847457627118	59
8	conventional	60	8	7	0.6252844933727708	5.43465838272159	17.533333333333335	58
9	holistic	60	4	3	0.21615331764345733	2.260799638100054	26.5	58
9	conventional	60	9	9	0.6630059012380646	3.39105343058046	17.9	59
10	holistic	60	3	3	0.20160847364740467	1.936075742840619	26.233333333333334	59
10	conventional	60	5	5	0.7822594190521925	2.772547680188809	17.216666666666665	58
11	holistic	30	6	36	0.589280559111802	4.82191709510534	10.4	48
11	conventional	60	5	5	0.7012438397667907	2.483268701480163	17.866666666666667	59
12	holistic	36	7	1	0.47496458610880243	3.8634102257838854	9.38888888888889	49
12	conventional	60	11	11	0.6296289388044474	2.1374550112170017	15.766666666666667	59
13	holistic	47	12	1	0.5807148149350997	3.880209690962461	7.425531914893617	50
13	conventional	60	3	3	0.7334364674029114	2.4376604981572245	15.083333333333334	59
14	holistic	60	13	0	0.4990484868583074	2.793981547916243	6.6	51
14	conventional	60	7	7	0.7553225884892371	2.308934220138398	13.683333333333334	59
15	holistic	60	2	2	0.5363353270546971	1.9386431661609544	6.266666666666667	52
15	conventional	60	4	4	0.7910088889947117	2.3360167757758306	11.716666666666667	58
16	holistic	60	4	4	0.5748067839485602	1.9528789268684403	6.983333333333333	53
16	conventional	60	4	4	0.749729214078973	3.3417977008394883	12.533333333333333	59
17	holistic	60	9	9	0.622887533848516	2.10827603961041	7.35	54
17	conventional	60	3	3	0.8544470752824707	4.347431696996175	12.433333333333334	57
18	holistic	60	1	1	0.7324300200237042	1.9859662697743534	8.283333333333333	55
18	conventional	60	1	1	0.8837095466772056	6.563812774228415	13.383333333333333	58
19	holistic	60	4	4	0.7403440338040386	1.8535913434548537	8.466666666666667	56
19	conventional	60	4	4	0.7893159108638831	3.059325772208691	13.55	59
20	holistic	60	1	1	0.8069001112569413	2.896588381749313	9.4	57
20	conventional	60	2	2	0.79152078014356	2.0896598618450297	13.483333333333333	58
21	holistic	60	2	2	0.7614881209460826	1.861111551894155	10.266666666666667	58
21	conventional	60	2	2	0.7619342722705914	2.3420475771186045	14.416666666666666	59
22	holistic	60	1	1	0.7486156702154443	2.2617791388613275	11.116666666666667	59
22	conventional	60	3	3	0.8119883651969293	2.8426927372746094	13.683333333333334	58
23	holistic	60	2	2	0.7608867112450253	2.225596602204823	10.466666666666667	57
23	conventional	60	2	2	0.8303957779307897	2.346368260273539	14.383333333333333	59
24	holistic	60	2	2	0.8080884687585431	2.2779376334229826	11.233333333333333	58
24	conventional	60	1	1	0.8726771201114283	2.0958347352756133	14.383333333333333	58
25	holistic	60	0	0	0.8494222422711561	2.322583832128247	12.233333333333333	59
25	conventional	60	0	0	0.8645873489655805	2.0183873299515676	15.383333333333333	59
26	holistic	60	2	2	0.8165606839394156	2.146951630150467	12.166666666666666	34
26	conventional	60	3	3	0.7993815919736478	2.3495396317409343	14.15	41
27	holistic	60	2	2	0.8008959042274907	1.9950933254986378	12.766666666666667	35
27	conventional	60	2	2	0.9882204519378439	5.558439787384973	14.883333333333333	42
28	holistic	60	1	1	0.8215582221518506	2.0491949028560845	13.7	36
28	conventional	60	0	0	0.935994472543578	4.0036641065379746	15.883333333333333	43
29	holistic	60	0	0	0.8011376829243185	2.037493072163365	14.7	37
29	conventional	60	1	1	0.89604376941294	2.8510452064258653	16.85	44
30	holistic	60	2	2	0.8024980842217846	1.9718000271528728	15.566666666666666	38
30	conventional	60	1	1	0.8913900280850485	2.259026491022741	17.8	45
31	holistic	60	1	1	0.9013890634878515	4.863583674280319	16.5	39
31	conventional	60	0	0	0.9003237440998054	2.399670015923991	18.8	46
32	holistic	60	1	1	0.8542853416007917	2.4040297139223545	17.233333333333334	40
32	conventional	60	2	2	0.8695925616602871	1.9416667189079306	19.2	47
33	holistic	60	0	0	0.9308000269997249	1.888607824597145	18.233333333333334	41
33	conventional	60	0	0	0.8310563629161186	1.70830253631881	20.2	48
34	holistic	60	0	0	0.9538195155270403	2.128432584993085	19.233333333333334	42
34	conventional	60	0	0	0.9009440366306588	1.9569234432448614	21.2	49
35	holistic	60	0	0	0.940164808692049	2.222455797759886	20.233333333333334	43
35	conventional	60	0	0	0.8869631259346594	1.6319626353741195	22.2	50
36	holistic	60	0	0	0.9154582615197947	2.1905224785611845	21.233333333333334	44
36	conventional	60	0	0	0.8531507953878384	1.695171905634239	23.2	51
37	holistic	60	0	0	0.9023186154585642	2.0916092336688408	22.233333333333334	45
37	conventional	60	0	0	0.8449442036760044	1.6322190384892798	24.2	52
38	holistic	60	1	1	0.8912464275698381	2.0721407942656875	23.1	46
38	conventional	60	0	0	0.8250295495619376	1.7621289818938652	25.2	53
39	holistic	60	0	0	0.8922096303849939	2.1178574401817065	24.1	47
39	conventional	60	0	0	0.8195370927504322	1.8187946814974234	26.2	54
40	holistic	60	0	0	0.883373445145361	2.0408663239377294	25.1	48
40	conventional	60	0	0	0.7930715205066468	1.7776464338923772	27.2	55
41	holistic	60	0	0	0.8771509267807965	2.0831370953201422	26.1	49
41	conventional	60	1	1	0.7981790236160985	1.7712489740599113	27.916666666666668	56
42	holistic	60	1	1	0.8710117422560264	2.015985859795579	27.033333333333335	50
42	conventional	60	0	0	0.8043382921870592	1.8820892601957429	28.916666666666668	57
43	holistic	60	0	0	0.8667468327863309	2.005296018692213	28.033333333333335	51
43	conventional	60	0	0	0.8489059488897016	1.9575706815025407	29.916666666666668	58
44	holistic	60	0	0	0.8643870222211765	1.9481725591245902	29.033333333333335	52
44	conventional	60	0	0	0.8435688651785713	1.94682751506726	30.916666666666668	59
45	holistic	60	0	0	0.8721450739153034	1.8962139526362052	30.033333333333335	53
45	conventional	60	1	1	0.8432430915139771	1.90847630163615	30.916666666666668	51
46	holistic	60	1	1	0.8688273625635116	1.8487008029048473	30.966666666666665	54
46	conventional	60	0	0	0.8297131084991902	1.8983199468383676	31.916666666666668	52
47	holistic	60	0	0	0.862729655800226	1.7634862854601367	31.966666666666665	55
47	conventional	60	0	0	0.8550691998327588	2.4669847802105616	32.916666666666664	53
48	holistic	60	0	0	0.8817830408869037	1.6951335113890904	32.96666666666667	56
48	conventional	60	1	1	0.8518875946647398	2.131052129011111	33.55	54
49	holistic	60	0	0	0.8808820087191183	1.764575723969818	33.96666666666667	57
49	conventional	60	0	0	0.831631884081542	1.8456942387428543	34.55	55
50	holistic	60	0	0	0.8736035177026383	1.7678802402878528	34.96666666666667	58
50	conventional	60	0	0	0.8216190227086921	1.8142803315779328	35.55	56
51	holistic	60	1	1	0.8675276610537939	1.6777383268979844	35.583333333333336	59
51	conventional	60	1	1	0.8195025300265948	1.7623763855236667	36.5	57
52	holistic	60	1	1	0.8590335126694028	1.6664248030576676	35.583333333333336	50
52	conventional	60	0	0	0.8035130409954458	1.7570045233280864	37.5	58
53	holistic	60	0	0	0.8525557260926125	1.6042597801648808	36.583333333333336	51
53	conventional	60	1	1	0.8110565234697983	1.7526938928575309	38.46666666666667	59
54	holistic	60	0	0	0.8899023152997897	1.7435977663868594	37.583333333333336	52
54	conventional	60	2	2	0.7986263157476473	1.7037611347683517	38.45	59
55	holistic	60	0	0	0.8758236902513298	1.7482182268768804	38.583333333333336	53
55	conventional	60	3	3	0.7801665374997467	1.743026019952943	36.45	51
56	holistic	60	0	0	0.8691346422412775	1.676253778393885	39.583333333333336	54
56	conventional	60	2	2	0.7746719188666341	1.7175402835757474	37.18333333333333	52
57	holistic	60	0	0	0.8734730802347541	1.7582810623045364	40.583333333333336	55
57	conventional	60	1	1	0.7703430133561234	1.7137410521061414	38.15	53
58	holistic	60	0	0	0.8753523284069209	1.8686266571013463	41.583333333333336	56
58	conventional	60	0	0	0.7827624309457395	1.6898223366688405	39.15	54
59	holistic	60	1	1	0.8704356028650188	1.8339215773163666	42.45	57
59	conventional	60	1	1	0.773865453050054	1.6675354577511712	40.1	55
60	holistic	60	0	0	0.8771923972479854	1.8348109657594103	43.45	58
60	conventional	60	2	2	0.8236990883262195	1.645503698490779	40.2	56
61	holistic	60	0	0	0.8697183313273908	1.7707225479810427	44.45	59
61	conventional	60	1	1	0.8269623308677214	1.737771752210862	41.11666666666667	57
62	holistic	60	1	1	0.8457756727220668	1.8673189818193163	44.45	56
62	conventional	60	0	0	0.8583025520389731	1.7523492199179314	42.11666666666667	58
63	holistic	60	1	1	0.8491508416623655	1.8062093202511966	45.38333333333333	57
63	conventional	60	1	1	0.8717412019981217	2.130221471088128	43.06666666666667	59
64	holistic	60	0	0	0.8710985085611479	1.8080689984218663	46.38333333333333	58
64	conventional	60	2	2	0.8423109972989533	1.9666215947949774	42.06666666666667	58
65	holistic	60	0	0	0.8644073791785395	1.7522183852480953	47.38333333333333	59
65	conventional	60	0	0	0.9271372901086326	5.216099951165941	43.06666666666667	59
66	holistic	60	3	3	0.8425356976468229	1.6998044866857933	46.31666666666667	59
66	conventional	60	2	2	0.8493960711486169	2.774412465197308	42.06666666666667	59
67	holistic	60	2	2	0.815230455942811	1.8123825942246774	45.31666666666667	59
67	conventional	60	6	6	0.763357179096189	1.9399980586992296	37.06666666666667	59
68	holistic	60	2	2	0.9058263527316959	3.8345435165609687	44.31666666666667	59
68	conventional	60	5	5	0.7311337563742861	2.0052570030904726	34.05	59
69	holistic	60	3	3	0.9541265370138946	3.677180201801414	42.31666666666667	59
69	conventional	60	9	9	0.7702788684997744	2.5091547866941903	28.95	59
70	holistic	60	4	4	0.8980437617402554	1.8410371435144426	40.25	59
70	conventional	60	3	3	0.8394885953910873	3.0124234591914494	27.933333333333334	59
71	holistic	60	4	4	0.8848618969502989	1.9450225951831883	37.25	59
71	conventional	60	1	1	0.7907428032887245	2.661663788425725	27.933333333333334	59
72	holistic	60	5	5	0.893746927558963	2.8677743256918604	34.15	59
72	conventional	60	7	7	0.7306036232283295	2.853478928891145	24.816666666666666	59
73	holistic	60	5	5	0.8894074854085687	3.9441621973048218	30.15	59
73	conventional	60	5	5	0.788587924415584	2.565667651792514	23.666666666666668	58
74	holistic	60	10	10	0.7271772094738223	2.442695088901097	22.083333333333332	59
74	conventional	60	3	3	0.7575023714359411	2.601487596679833	24.566666666666666	59
75	holistic	60	2	2	0.8416997676509506	1.9420204519273223	22.033333333333335	59
75	conventional	60	6	6	0.6641427717006644	2.335115652754904	22.433333333333334	59
76	holistic	60	2	2	0.8205503281221349	1.8702899771089627	21.033333333333335	59
76	conventional	60	5	5	0.6553038677093316	2.1934449715681588	20.266666666666666	59
77	holistic	60	8	8	0.747407207837459	2.4184479188998997	15.9	59
77	conventional	60	5	5	0.7401124926672132	2.7177837972951284	19.95	59
78	holistic	60	1	1	0.783543897579006	3.9418577104681423	15.9	59
78	conventional	60	2	2	0.7679556422916362	2.5810149003968235	19.9	59
79	holistic	60	5	5	0.6961363163838058	2.8538315380714603	12.833333333333334	58
79	conventional	60	7	7	0.6517753388853881	2.037859462003042	18.583333333333332	59
80	holistic	60	4	4	0.7406995589411517	2.9169870819544856	13.483333333333333	59
80	conventional	60	5	5	0.6981577468481117	2.156757218215846	18.35	59
81	holistic	60	7	7	0.7987397328723755	3.772116586902253	12.083333333333334	58
81	conventional	60	4	4	0.7525781147694265	2.0886273288917816	17.283333333333335	59
82	holistic	60	0	0	0.8372248776368963	2.888114607499149	13.083333333333334	59
82	conventional	60	4	4	0.6971260801221248	2.110682385661686	15.25	59
83	holistic	60	2	2	0.7854725402230934	1.7594105608002149	13.016666666666667	59
83	conventional	60	5	5	0.6557352967709505	2.1318751043912036	14.166666666666666	57
84	holistic	60	4	4	0.8020541787073844	2.1499511929384036	12.566666666666666	57
84	conventional	60	3	3	0.8334787559265383	4.444231957166103	14.9	58
85	holistic	60	1	1	0.8177538280234037	2.204250651517555	13.5	58
85	conventional	60	2	2	0.8007565608063175	2.122564907294061	15.766666666666667	59
86	holistic	60	0	0	0.8142649113931014	1.9994831007287945	14.5	59
86	conventional	60	2	2	0.7481165255249507	2.326959270675634	15.716666666666667	57
87	holistic	60	3	3	0.8272864674798328	2.3095814668266	14.333333333333334	57
87	conventional	60	6	6	0.7759233352659562	2.5721912889268093	16.266666666666666	58
88	holistic	60	1	1	0.9214046460928856	1.9902621601104102	15.266666666666667	58
88	conventional	60	0	0	0.7079410134801506	2.021517716767949	17.266666666666666	59
89	holistic	60	0	0	0.9702161915791275	3.9317800535068685	16.266666666666666	59
89	conventional	60	2	2	0.7370702266813718	1.9863932247144434	17.233333333333334	59
90	holistic	60	2	2	0.8647245862462938	1.93230531923122	15.933333333333334	59
90	conventional	60	4	4	0.7798024811557263	2.2639926307460323	17.016666666666666	58
91	holistic	60	1	1	0.8265956372183338	1.7493779601170494	15.933333333333334	59
91	conventional	60	2	2	0.8489117805073219	2.5767933635162485	17.916666666666668	59
92	holistic	60	1	1	0.829072502033249	1.8101394283742884	15.933333333333334	46
92	conventional	60	8	8	0.7603639326648249	2.0699284326100695	15.966666666666667	47
93	holistic	60	2	2	0.7935349825701999	1.5913603540730883	16.566666666666666	47
93	conventional	60	3	3	0.9527461253854371	4.7566457508754905	16.883333333333333	48
94	holistic	60	1	1	0.8344494239000267	1.4993027894442446	17.5	48
94	conventional	60	1	1	0.9263034821082083	3.2291609501697116	17.85	49
95	holistic	60	0	0	0.833022279357276	1.5344070667013354	18.5	49
95	conventional	60	1	1	0.902191945797712	2.0688523702056694	18.816666666666666	50
96	holistic	60	1	1	0.8436053687879589	1.6829534668520465	19.45	50
96	conventional	60	0	0	0.8704601343790425	1.7415318245426379	19.816666666666666	51
97	holistic	60	0	0	0.8383030677096397	1.5999486075199774	20.45	51
97	conventional	60	1	1	0.8824505032130028	1.655035610362032	20.733333333333334	52
98	holistic	60	0	0	0.8531356815247937	1.5315646461830805	21.45	52
98	conventional	60	0	0	0.9296734400808385	3.4362969775345773	21.733333333333334	53
99	holistic	60	0	0	0.8360911315886076	1.6599221158095012	22.45	53
99	conventional	60	0	0	0.897373319243766	2.453345311763913	22.733333333333334	54
100	holistic	60	0	0	0.8390689209084093	1.5159565124606853	23.45	54
100	conventional	60	0	0	0.8517674035434131	1.788882666457469	23.733333333333334	55
101	holistic	60	0	0	0.8636919128856114	1.9326560317842882	24.45	55
101	conventional	60	1	1	0.8517595038736872	1.6492777870860031	24.583333333333332	56
102	holistic	60	0	0	0.8802912256348112	1.9327939677467934	25.45	56
102	conventional	60	0	0	0.8819058277376414	1.8473420099216196	25.583333333333332	57
103	holistic	60	0	0	0.9013779311724176	1.8661423701802347	26.45	57
103	conventional	60	0	0	0.8633345203378028	1.7326210454887219	26.583333333333332	58
104	holistic	60	0	0	0.91848041201423	1.8810501210834194	27.45	58
104	conventional	60	0	0	0.8781024870336138	1.7673183886141648	27.583333333333332	59
105	holistic	60	0	0	0.9214655063581548	1.8044805706065683	28.45	59
105	conventional	60	1	1	0.8675470999209428	1.7333461856471688	27.583333333333332	51
106	holistic	60	1	1	0.9136129864551014	1.765482575708055	28.45	54
106	conventional	60	0	0	0.8558443712216346	1.653565642937962	28.583333333333332	52
107	holistic	60	0	0	0.9041842761193621	1.8266809171296878	29.45	55
107	conventional	60	0	0	0.8455334890722104	1.5960989624715058	29.583333333333332	53
108	holistic	60	0	0	0.895085801550172	1.7818050060798356	30.45	56
108	conventional	60	0	0	0.8266782511484462	1.5678503405431763	30.583333333333332	54
109	holistic	60	0	0	0.8963446354362667	1.7414195886409116	31.45	57
109	conventional	60	0	0	0.8303464666799607	1.564201771688242	31.583333333333332	55
110	holistic	60	0	0	0.9112328285117947	1.7783918394718716	32.45	58
110	conventional	60	1	1	0.8223282319931766	1.5180859644061828	32.333333333333336	56
111	holistic	60	0	0	0.9041573031709341	1.7346962103140202	33.45	59
111	conventional	60	0	0	0.8243887461507754	1.5822741527045452	33.333333333333336	57
112	holistic	60	1	1	0.8808941458049127	1.736577728999704	33.45	49
112	conventional	60	0	0	0.8186753810903862	1.5574371568101142	34.333333333333336	58
113	holistic	60	0	0	0.9225081417996123	1.8531216161209767	34.45	50
113	conventional	60	0	0	0.8234236406903054	1.5471222854629985	35.333333333333336	59
114	holistic	60	1	1	0.9054598767943297	1.7838160401615046	35.31666666666667	51
114	conventional	60	1	1	0.8154282325062903	1.5229108585095166	35.333333333333336	59
115	holistic	60	0	0	0.9217800223205422	1.8218643271392936	36.31666666666667	52
115	conventional	60	1	1	0.8195248337190093	1.6058415037240343	35.333333333333336	58
116	holistic	60	0	0	0.902923126798105	1.7542677922468635	37.31666666666667	53
116	conventional	60	3	3	0.7901256277332956	1.5614212436388781	35.43333333333333	59
117	holistic	60	0	0	0.9067655512285211	1.8295600127152687	38.31666666666667	54
117	conventional	60	3	3	0.8109807026319586	1.5603019487125587	35.36666666666667	58
118	holistic	60	0	0	0.9102028759325589	1.799773982460287	39.31666666666667	55
118	conventional	60	0	0	0.8341435164435664	2.5153670341468715	36.36666666666667	59
119	holistic	60	0	0	0.9069273477319271	1.7393929858074115	40.31666666666667	56
119	conventional	60	3	3	0.8248279976729436	1.6053173791017146	35.583333333333336	59
120	holistic	60	0	0	0.8989295921414655	1.7042886484898192	41.31666666666667	57
120	conventional	60	1	1	0.7658213873098585	1.517270764158654	35.583333333333336	59
121	holistic	60	0	0	0.9193755363851054	1.8077509988815939	42.31666666666667	58
121	conventional	60	3	3	0.7943285716903268	1.4793932924294368	35.516666666666666	58
122	holistic	60	0	0	0.9198965817268506	1.8727087799330173	43.31666666666667	59
122	conventional	60	1	1	0.8176910460274561	1.592367034978326	36.483333333333334	59
123	holistic	60	1	1	0.903417615439175	1.8389251533499569	43.31666666666667	57
123	conventional	60	1	1	0.8415195176612181	1.5980232117272792	36.483333333333334	59
124	holistic	60	0	0	0.905508436032898	1.807085988697476	44.31666666666667	58
124	conventional	60	2	2	0.8203125742151715	2.523746494513386	35.483333333333334	58
125	holistic	60	0	0	0.92310457723426	1.8657980578371929	45.31666666666667	59
125	conventional	60	0	0	0.8472855110673024	2.171270336260462	36.483333333333334	59
126	holistic	60	1	1	0.9160092199707387	1.8355330655423756	45.31666666666667	59
126	conventional	60	5	5	0.7904169491242253	2.2657382993287163	35.2	59
127	holistic	60	2	2	0.9162296697274462	2.811190218343002	44.31666666666667	59
127	conventional	60	1	1	0.8031017748286305	2.2390199988182657	35.2	59
128	holistic	60	1	1	0.9054533750206795	3.301813334906649	44.31666666666667	59
128	conventional	60	6	6	0.6941014276880905	2.083832219298308	31.166666666666668	59
129	holistic	60	3	3	0.8681829156308408	2.4697835436775883	42.31666666666667	59
129	conventional	60	6	6	0.7040611994350513	3.5175767018701105	29.4	57
130	holistic	60	2	2	0.830794151804246	2.5470388275546627	41.31666666666667	59
130	conventional	60	3	3	0.7028218284997539	3.0722623876162465	30.266666666666666	58
131	holistic	60	4	4	0.776655330818867	2.0077020048672343	38.31666666666667	59
131	conventional	60	2	2	0.7107223454431263	1.887389669429634	31.2	59
132	holistic	60	4	4	0.934179200957004	4.785272180555403	35.31666666666667	59
132	conventional	60	7	7	0.6682401678182295	1.5766441404560703	29.05	59
133	holistic	60	2	2	0.9217072145045577	4.242372594525847	35.25	59
133	conventional	60	2	2	0.7349131765870303	3.448686622927177	28.85	58
134	holistic	60	9	9	0.8969745187144001	3.7909088520823944	28.2	59
134	conventional	60	4	4	0.7289124139684378	2.9486103851123158	29.716666666666665	59
135	holistic	60	1	1	0.8676540309343725	2.8351516122482368	28.2	58
135	conventional	60	5	5	0.7097116356705823	1.7794341716060977	27.666666666666668	59
136	holistic	60	2	2	0.8881675723168514	2.713282238384004	29.016666666666666	59
136	conventional	60	4	4	0.8611399201421576	3.448778273763884	26.616666666666667	59
137	holistic	60	6	6	0.8795694494660324	3.207816318343364	26.85	59
137	conventional	60	5	5	0.8545382973859798	3.3243996017708244	23.683333333333334	59
138	holistic	60	5	5	0.8920897250334282	2.9602900981592803	26.616666666666667	59
138	conventional	60	4	4	0.9325058293693762	3.110131949620332	23.25	59
139	holistic	60	5	5	0.9202168666319497	3.732698547975224	23.416666666666668	59
139	conventional	60	4	4	1.0838965242857697	5.4906177014118125	21.333333333333332	59
140	holistic	60	6	6	0.8262218173454372	2.38629905593539	21.283333333333335	59
140	conventional	60	5	5	1.03781398840918	4.555452734920685	19.233333333333334	57
141	holistic	60	7	7	0.7878105846914796	2.495799313821116	17.15	58
141	conventional	60	0	0	0.911675489672019	3.218325975366237	20.233333333333334	58
142	holistic	60	2	2	0.9118035162174601	3.7289888910799744	18.016666666666666	59
142	conventional	60	2	2	0.873817063215398	2.3205137552775184	21.15	59
143	holistic	60	3	3	0.9307195272354813	2.2788387717778393	17.883333333333333	59
143	conventional	60	2	2	0.9266137522786967	2.235509129274214	21.1	59
144	holistic	60	4	4	0.8453896359778342	2.286038099896155	15.816666666666666	59
144	conventional	60	2	2	0.9551910971912199	3.6415935033476514	21.083333333333332	59
145	holistic	60	3	3	0.9251624577888716	3.9326392928818064	15.683333333333334	58
145	conventional	60	1	1	0.9229286119232302	2.0672428303519146	21.083333333333332	59
146	holistic	60	1	1	0.8573292351621157	2.2804819904849416	16.566666666666666	59
146	conventional	60	1	1	0.8388027905509846	1.9098429244866126	21.083333333333332	59
147	holistic	60	4	4	0.8815097710845865	2.4348595700380553	14.483333333333333	59
147	conventional	60	4	4	0.8016359126028638	1.7779774554955317	20.716666666666665	58
148	holistic	60	2	2	0.9217816528695372	2.334718986334369	14.3	57
148	conventional	60	1	1	0.8497253344807034	3.187169199017058	21.7	59
149	holistic	60	0	0	0.9007252844319953	2.267531813749347	15.3	58
149	conventional	60	3	3	0.8324059229073042	1.546008508623365	21.6	59
150	holistic	60	1	1	0.8999456885615299	2.434119985387085	16.25	59
150	conventional	60	4	4	0.8084276814736067	3.29851863873107	20.516666666666666	58
151	holistic	60	1	1	0.8552918171613004	2.2680176367839406	16.25	59
151	conventional	60	0	0	0.8293875118069524	1.8125371015764866	21.516666666666666	59
152	holistic	60	3	3	0.8475071222942111	2.0807630480680555	16.116666666666667	59
152	conventional	60	5	5	0.8206266464166764	1.6507095888488583	18.483333333333334	59
153	holistic	60	1	1	0.9130398006596815	2.1561905731109894	16.116666666666667	59
153	conventional	60	1	1	0.8979420813002068	2.765470552901361	18.483333333333334	59
154	holistic	60	1	1	0.8944799965986879	2.1964126671234547	16.116666666666667	58
154	conventional	60	2	2	0.8564020033517796	2.2723270238839093	18.2	57
155	holistic	60	0	0	0.9046083351360544	2.143649017626404	17.116666666666667	59
155	conventional	60	0	0	0.8076607878823131	1.773043058084154	19.2	58
156	holistic	60	2	2	0.8938688390721209	2.0466150131635117	17.05	44
156	conventional	60	4	4	0.8657666848179301	2.272731572732974	19.95	59
157	holistic	60	0	0	0.9371809233648408	2.2061709452948763	18.05	45
157	conventional	60	3	3	0.8981680435561333	2.40693293122783	19.783333333333335	56
158	holistic	60	0	0	0.9340704616340755	2.1069681975770873	19.05	46
158	conventional	60	1	1	0.9582804362080548	2.240396169391507	20.75	57
159	holistic	60	0	0	0.9048992734297296	1.9605790631576638	20.05	47
159	conventional	60	0	0	0.950640391219736	2.3563973886304996	21.75	58
160	holistic	60	0	0	0.9093778528221328	2.066475832141696	21.05	48
160	conventional	60	0	0	0.9307499049288028	2.1183590674678707	22.75	59
161	holistic	60	0	0	0.9082330702935161	2.0126327217009226	22.05	49
161	conventional	60	1	1	0.9104812218994643	2.1232010034907223	22.75	56
162	holistic	60	0	0	0.9048069035582297	2.0039291068523064	23.05	50
162	conventional	60	1	1	0.8938151784736516	2.0615509321968584	23.533333333333335	57
163	holistic	60	0	0	0.9105515604360775	1.9335219344907624	24.05	51
163	conventional	60	1	1	0.9052218865094485	2.1418119232228614	24.316666666666666	58
164	holistic	60	0	0	0.9085904681233472	1.8669939009247631	25.05	52
164	conventional	60	0	0	0.9210866984818208	2.256262032585145	25.316666666666666	59
165	holistic	60	0	0	0.8991548476961283	1.8444646276468313	26.05	53
165	conventional	60	1	1	0.8978405416575936	1.9721797300198365	25.316666666666666	49
166	holistic	60	0	0	0.8823161328818734	1.7773397251655583	27.05	54
166	conventional	60	0	0	0.9463456583723766	4.39533687079464	26.316666666666666	50
167	holistic	60	0	0	0.8742781283643325	1.8436599492709491	28.05	55
167	conventional	60	0	0	0.9094454749898456	2.4128046395593126	27.316666666666666	51
168	holistic	60	0	0	0.8791291552953824	1.9614519619869393	29.05	56
168	conventional	60	1	1	0.9005860526495185	2.4070438090841306	28.233333333333334	52
169	holistic	60	0	0	0.8831273671022026	1.9549467785946557	30.05	57
169	conventional	60	0	0	0.8903604098287119	1.8299328665116645	29.233333333333334	53
170	holistic	60	0	0	0.8755690173465326	1.9486128405330283	31.05	58
170	conventional	60	1	1	0.8840494984144218	1.7592067536989848	30.0	54
171	holistic	60	0	0	0.8876357250506073	1.8934939085055364	32.05	59
171	conventional	60	0	0	0.9026504773074221	1.7777584069833716	31.0	55
172	holistic	60	1	1	0.875258012199123	1.8465138572494717	32.05	58
172	conventional	60	0	0	0.8782747974073966	1.7235111849197975	32.0	56
173	holistic	60	0	0	0.8693077102379322	1.842974637134218	33.05	59
173	conventional	60	0	0	0.8561288624090028	1.693912888920047	33.0	57
174	holistic	60	1	1	0.8625470924985356	1.8878463208102554	33.05	51
174	conventional	60	0	0	0.8731200624311022	1.6754526424784726	34.0	58
175	holistic	60	1	1	0.8495062840058035	1.802592824503783	33.583333333333336	52
175	conventional	60	0	0	0.8687873691093498	1.6229687694043284	35.0	59
176	holistic	60	2	2	0.8432334473958899	1.764421226912921	33.983333333333334	53
176	conventional	60	1	1	0.867083923879965	1.5735744980487587	35.0	59
177	holistic	60	1	1	0.8528569059150792	1.690716209779224	34.93333333333333	54
177	conventional	60	2	2	0.83692626036537	1.5945806166425232	34.983333333333334	58
178	holistic	60	0	0	0.8568413138225607	1.6962912243324098	35.93333333333333	55
178	conventional	60	0	0	0.8914789095552085	4.325856534860269	35.983333333333334	59
179	holistic	60	0	0	0.8732046752267049	1.7023384581578136	36.93333333333333	56
179	conventional	60	1	1	0.8617091414267397	3.319229732238349	35.983333333333334	58
180	holistic	60	0	0	0.8773830255092203	1.6728475371416816	37.93333333333333	57
180	conventional	60	0	0	0.8521780468475739	2.6473149525652824	36.983333333333334	59
181	holistic	60	1	1	0.8742401395825505	1.72579537164841	38.86666666666667	58
181	conventional	60	1	1	0.8338360565067549	2.57099702584893	36.983333333333334	59
182	holistic	60	0	0	0.8814040019166931	1.7957856584354646	39.86666666666667	59
182	conventional	60	1	1	0.8617373015766441	2.120582527808943	36.983333333333334	59
183	holistic	60	1	1	0.8737930355913476	1.7717377368816314	39.86666666666667	57
183	conventional	60	1	1	0.8867507812926335	2.4282137386942666	36.983333333333334	57
184	holistic	60	0	0	0.912354492365486	1.792995278609782	40.86666666666667	58
184	conventional	60	0	0	0.9106148527375967	2.4347572048008375	37.983333333333334	58
185	holistic	60	0	0	0.9088499481828813	1.7916961693944773	41.86666666666667	59
185	conventional	60	0	0	0.873452431796902	1.7659250723453477	38.983333333333334	59
186	holistic	60	1	1	0.9025059203851896	1.9666840323759298	41.86666666666667	59
186	conventional	60	2	2	0.8407142742119496	1.4408303945180099	37.983333333333334	58
187	holistic	60	1	1	0.9202896002182894	2.753287277358055	41.86666666666667	59
187	conventional	60	0	0	0.8354991142191018	1.420291278826351	38.983333333333334	59
188	holistic	60	1	1	0.9428840975154391	3.2721939282161507	41.86666666666667	59
188	conventional	60	3	3	0.8144954203134147	1.7007055179034856	36.983333333333334	59
189	holistic	60	1	1	0.9248694552635394	2.7657362568011394	41.86666666666667	59
189	conventional	60	4	4	0.7826801703080517	3.2348531874638864	33.983333333333334	58
190	holistic	60	2	2	0.931834500677063	3.5184590119099974	40.86666666666667	59
190	conventional	60	1	1	0.7925090353617464	2.740562627820621	34.95	59
191	holistic	60	4	4	1.0029512529150173	4.903477183909204	38.733333333333334	59
191	conventional	60	3	3	0.8141372155737281	2.5696827832631306	34.88333333333333	59
192	holistic	60	3	3	0.9383469359186745	3.4005574839728294	36.733333333333334	59
192	conventional	60	3	3	0.788385014162888	2.2337656564038086	32.88333333333333	59
193	holistic	60	1	1	1.0311706279132895	4.909237130430837	36.733333333333334	59
193	conventional	60	1	1	0.7378119930177132	2.031942780271694	32.88333333333333	59
194	holistic	60	4	4	0.9975924158024109	3.9067645601241874	33.733333333333334	59
194	conventional	60	4	4	0.7766544704860574	2.2494962377146144	31.816666666666666	59
195	holistic	60	1	1	1.1102221497327092	5.8852779430879645	33.733333333333334	59
195	conventional	60	3	3	0.7283970986833014	2.104812627201493	29.816666666666666	59
196	holistic	60	1	1	1.0514565625513022	3.895475099858268	33.733333333333334	59
196	conventional	60	6	6	0.7424748774385307	2.8101374627298923	29.433333333333334	59
197	holistic	60	2	2	0.9784323432648421	2.562814001711137	33.666666666666664	59
197	conventional	60	4	4	0.6919525187244171	3.218531644775492	27.3	59
198	holistic	60	3	3	0.9664737027944512	2.483434340185886	32.6	59
198	conventional	60	5	5	0.7755614467538182	2.487747601733205	26.2	59
199	holistic	60	2	2	0.9220250311950318	2.163411395294962	31.6	59
199	conventional	60	5	5	0.8296515996260349	4.336394698413039	24.116666666666667	59
200	holistic	60	6	6	0.8757199605625398	2.5792356658808004	27.566666666666666	59
200	conventional	60	4	4	0.9348434666622948	3.5459215010505685	22.1	58
201	holistic	60	5	5	0.837974081446128	3.9620928899580012	23.566666666666666	59
201	conventional	60	1	1	1.0037478667298025	4.317612526867895	23.05	59
202	holistic	60	1	1	0.897323006392432	3.964311861030583	23.566666666666666	59
202	conventional	60	2	2	1.0129199930290376	2.416146142985046	22.05	59
203	holistic	60	4	4	0.8324682097382126	2.9620162764732236	21.5	59
203	conventional	60	1	1	1.0027665909885222	2.894783463662479	22.05	59
204	holistic	60	6	6	0.8662226215458823	3.719684880977118	19.3	59
204	conventional	60	3	3	0.9590938537233371	2.2127662213136556	21.416666666666668	57
205	holistic	60	4	4	0.8285012948927932	3.237535840314237	17.233333333333334	59
205	conventional	60	3	3	0.9297102579855527	2.0786705147268925	22.283333333333335	58
206	holistic	60	1	1	0.9186175319801992	3.739541563622743	17.233333333333334	59
206	conventional	60	1	1	1.024583541803755	5.527497433693285	23.25	59
207	holistic	60	5	5	0.9749141079587779	4.959724508241999	15.983333333333333	57
207	conventional	60	3	3	0.9467082151728888	3.0179271067795304	22.216666666666665	59
208	holistic	60	3	3	1.118411643457572	4.4663733075305565	16.783333333333335	58
208	conventional	60	2	2	0.9786608176395003	2.139093382268195	22.166666666666668	59
209	holistic	60	0	0	1.043204505850522	3.196959699403223	17.783333333333335	59
209	conventional	60	3	3	0.9036854454149472	1.7048984474262714	21.983333333333334	59
210	holistic	60	1	1	0.9626942954846243	2.8769281543070493	17.783333333333335	59
210	conventional	60	2	2	0.9885142839075403	2.650080637869905	21.95	58
211	holistic	60	3	3	0.9558064607716656	2.887158290662929	17.666666666666668	59
211	conventional	60	0	0	0.9132553990739098	1.685626676916337	22.95	59
212	holistic	60	3	3	1.0374772250346627	4.748614357107246	16.6	59
212	conventional	60	3	3	0.8544097844661067	1.6125643363838513	21.916666666666668	58
213	holistic	60	1	1	1.0839132678592398	3.9404714029352617	16.6	59
213	conventional	60	1	1	0.862178487355108	2.2624958346378845	22.866666666666667	59
214	holistic	60	2	2	0.9977989205342617	2.623480646808286	16.4	58
214	conventional	60	3	3	0.98953250164149	6.259130330765631	22.75	58
215	holistic	60	1	1	0.9812963699263456	2.5150092816670724	17.35	59
215	conventional	60	1	1	0.9608859389411368	3.27985884412405	23.733333333333334	59
216	holistic	60	4	4	0.920502173746505	2.471935614111981	16.133333333333333	41
216	conventional	60	4	4	0.8699820997992791	1.9743819360693413	22.4	59
217	holistic	60	0	0	1.0842628041071618	3.934772837217154	17.133333333333333	42
217	conventional	60	3	3	0.9831382107212645	3.512786182798007	20.4	59
218	holistic	60	0	0	1.0566362718308209	2.918091500320592	18.133333333333333	43
218	conventional	60	1	1	0.8788826040877671	2.0144375753404837	20.4	57
219	holistic	60	0	0	1.0702057243209748	3.536364993431712	19.133333333333333	44
219	conventional	60	3	3	0.8828778740510176	2.352608835439117	21.1	58
220	holistic	60	1	1	1.0386291704060686	3.086563098445268	20.066666666666666	45
220	conventional	60	1	1	0.856299546112913	2.5488221111116935	22.083333333333332	59
221	holistic	60	0	0	1.020361011128576	2.9606037641508083	21.066666666666666	46
221	conventional	60	2	2	0.8094266181934258	2.134844433670877	22.016666666666666	59
222	holistic	60	1	1	1.0445866738132878	2.9608395766569973	21.666666666666668	47
222	conventional	60	3	3	0.7760198809434479	2.036693950801643	21.933333333333334	57
223	holistic	60	0	0	1.020712440633363	2.692229953992063	22.666666666666668	48
223	conventional	60	1	1	0.855187655545771	1.9054164756604248	22.85	58
224	holistic	60	1	1	1.0010267939247801	2.6383179027168646	23.533333333333335	49
224	conventional	60	1	1	0.8428049433460088	2.364920953183068	23.8	59
225	holistic	60	0	0	1.0243771074261598	2.5876689543408	24.533333333333335	50
225	conventional	60	1	1	0.7978962356021747	1.8579843876730802	23.8	55
226	holistic	60	0	0	1.0338085277657743	2.6252979352610892	25.533333333333335	51
226	conventional	60	1	1	0.7989044864813265	1.8080648765189333	24.75	56
227	holistic	60	0	0	1.018609035304288	2.605281894726527	26.533333333333335	52
227	conventional	60	0	0	0.7866540017814773	1.7665860935719264	25.75	57
228	holistic	60	0	0	1.0098478254550958	2.586257702057276	27.533333333333335	53
228	conventional	60	1	1	0.7943616969483416	1.89337198980429	26.483333333333334	58
229	holistic	60	0	0	1.006173149933094	2.515672098572173	28.533333333333335	54
229	conventional	60	1	1	0.7689371349637006	1.702721275235787	27.4	59
230	holistic	60	0	0	1.004834101668153	2.5259263909902936	29.533333333333335	55
230	conventional	60	1	1	0.7912643870108583	1.8711195294006284	27.4	53
231	holistic	60	0	0	0.9995059021989144	2.510464322677242	30.533333333333335	56
231	conventional	60	1	1	0.8268442731842726	2.26167703170416	28.316666666666666	54
232	holistic	60	0	0	1.0028307507050338	2.4470204812072827	31.533333333333335	57
232	conventional	60	2	2	0.812157486082002	2.167103351268648	29.266666666666666	55
233	holistic	60	0	0	0.9942984910996953	2.4821620643028153	32.53333333333333	58
233	conventional	60	0	0	0.9062538434085305	3.347133363479289	30.266666666666666	56
234	holistic	60	1	1	0.9958212120915044	2.4454842624221316	33.333333333333336	59
234	conventional	60	0	0	0.9087894131303049	2.7535891307997518	31.266666666666666	57
235	holistic	60	1	1	0.9726114543177999	2.4105517255392184	33.333333333333336	59
235	conventional	60	1	1	0.8852159678842295	2.602916516512571	32.1	58
236	holistic	60	2	2	0.9600487846593436	2.377197154815799	32.333333333333336	55
236	conventional	60	0	0	0.8646128163769081	2.441270190831907	33.1	59
237	holistic	60	2	2	1.0289912741918923	2.3234410597883985	32.63333333333333	56
237	conventional	60	2	2	0.85173741558705	2.3017201660382485	32.1	58
238	holistic	60	0	0	1.0274578729906738	2.335888543704811	33.63333333333333	57
238	conventional	60	1	1	0.852215024836272	2.3683573324075837	33.05	59
239	holistic	60	0	0	1.00319211390357	2.315668780577263	34.63333333333333	58
239	conventional	60	1	1	0.8148882273672527	2.1942933012223005	33.05	58
240	holistic	60	0	0	1.004695945138333	2.4178717480743748	35.63333333333333	59
240	conventional	60	2	2	0.8515315075999271	2.2213676230443955	33.95	59
241	holistic	60	3	3	0.9710377208731201	2.27023406836073	35.5	55
241	conventional	60	1	1	0.8738407278889908	3.317767694133833	33.95	58
242	holistic	60	0	0	1.031022331044081	3.925448988590119	36.5	56
242	conventional	60	1	1	0.8977829670424354	3.3125036107896095	34.916666666666664	59
243	holistic	60	0	0	1.018041054763674	2.446894029575069	37.5	57
243	conventional	60	2	2	0.8536267131656446	1.9860716763367356	34.9	57
244	holistic	60	1	1	1.0085299543065338	2.212365325818795	38.45	58
244	conventional	60	0	0	0.9153877223195686	2.2752793653272265	35.9	58
245	holistic	60	0	0	1.0131387936380811	2.206780977395688	39.45	59
245	conventional	60	2	2	0.8562048920295592	1.8175290283342784	36.43333333333333	59
246	holistic	60	1	1	1.0016915640998854	2.219711468188433	39.45	59
246	conventional	60	3	3	0.8915571237714538	2.0441720247780286	34.95	58
247	holistic	60	1	1	0.9880097381371782	2.196336512035387	39.45	59
247	conventional	60	0	0	0.8944204227962492	1.8499185025904745	35.95	59
248	holistic	60	2	2	0.9575209673188553	2.1737388819621644	39.38333333333333	59
248	conventional	60	3	3	0.8562626703661479	2.0373584587748916	34.916666666666664	59
249	holistic	60	1	1	0.9871934486041843	2.1348309981483427	39.38333333333333	59
249	conventional	60	2	2	0.851555545793767	1.9848696433041209	34.86666666666667	59
250	holistic	60	2	2	0.9696539742503234	2.9185067444584827	38.38333333333333	59
250	conventional	60	1	1	0.8353798117990777	2.0304494949890373	34.86666666666667	59
251	holistic	60	4	4	0.8787412983385402	2.2520516212003177	35.38333333333333	59
251	conventional	60	3	3	0.8201392487936084	2.5397235034868757	33.78333333333333	59
252	holistic	60	3	3	0.9154589680064382	2.8839338026244064	33.38333333333333	58
252	conventional	60	2	2	0.8649457046823752	3.5849976582756655	33.75	59
253	holistic	60	1	1	0.9350994147687366	2.5172657644789895	34.31666666666667	59
253	conventional	60	1	1	0.8703284113399155	2.58196759172053	33.75	59
254	holistic	60	4	4	0.8798393378459227	2.7492234808265317	32.25	59
254	conventional	60	4	4	0.7855726836159286	2.229296166245689	31.65	59
255	holistic	60	2	2	0.9222957542390556	2.48586351078972	32.2	59
255	conventional	60	2	2	0.8317208907238691	2.167207405609955	31.6	59
256	holistic	60	1	1	0.9675991591039581	3.0763363693901593	32.2	59
256	conventional	60	4	4	0.858842742219647	3.32484417526777	30.483333333333334	59
257	holistic	60	2	2	0.975663255276707	2.7097467154141697	31.2	58
257	conventional	60	3	3	0.7375569259137669	2.080960897023896	28.483333333333334	59
258	holistic	60	2	2	0.9247620706272889	2.3056519640713042	32.016666666666666	59
258	conventional	60	4	4	0.7918292140130441	3.3542171867602826	26.45	59
259	holistic	60	1	1	0.9980801447313592	2.0027435106918006	32.016666666666666	59
259	conventional	60	5	5	0.70959785248346	2.0136254543298953	23.316666666666666	59
260	holistic	60	3	3	0.9174678205383346	2.221894970350741	30.883333333333333	59
260	conventional	60	7	7	0.623961970211865	1.85191268031493	22.0	59
261	holistic	60	5	5	0.9068318028889572	1.9836131807795567	27.85	58
261	conventional	60	3	3	0.8121788176465226	2.192776665910128	21.933333333333334	59
262	holistic	60	0	0	1.0654660517475263	3.7194917204179196	28.85	59
262	conventional	60	4	4	0.9267484642852779	3.6972484046769565	21.75	58
263	holistic	60	2	2	0.9770091743637049	2.8360116960122035	27.85	59
263	conventional	60	3	3	0.859410173053427	2.8654624730477525	22.65	59
264	holistic	60	4	4	0.9591029320994722	2.0886991208106163	25.783333333333335	59
264	conventional	60	3	3	0.8872930900958579	2.1982704461589098	22.6	59
265	holistic	60	3	3	1.0806677818636232	5.904832039835892	23.783333333333335	59
265	conventional	60	1	1	0.94364100507797	3.2454235450207896	22.6	59
266	holistic	60	1	1	0.9874160262533679	3.444500327457429	23.783333333333335	59
266	conventional	60	2	2	0.8429700699165867	1.7353689884006736	22.533333333333335	59
267	holistic	60	5	5	0.9550028051519994	3.9351098806496707	20.683333333333334	59
267	conventional	60	3	3	0.873354764138476	2.6633608147551566	22.116666666666667	59
268	holistic	60	1	1	1.2468937784493186	8.710468208795918	20.683333333333334	58
268	conventional	60	1	1	0.947092752344407	2.555644056560551	22.116666666666667	59
269	holistic	60	1	1	1.140551812746534	5.715065585847819	21.65	59
269	conventional	60	2	2	0.961800277803466	2.547186609909051	21.116666666666667	57
270	holistic	60	1	1	1.1349177617322526	4.045540085210118	21.65	59
270	conventional	60	0	0	1.0625986865257018	4.338383235616032	22.116666666666667	58
271	holistic	60	4	4	1.1142910011215759	3.712519702640987	19.533333333333335	59
271	conventional	60	0	0	1.0038056286890036	2.857452691892267	23.116666666666667	59
272	holistic	60	2	2	1.0834766900068795	3.1109936939507175	18.533333333333335	59
272	conventional	60	2	2	0.9906218440371651	3.131627953732607	23.0	59
273	holistic	60	1	1	1.1056546797603972	2.954732886621514	18.533333333333335	59
273	conventional	60	1	1	0.9960913298612781	2.9239001237168565	23.0	59
274	holistic	60	1	1	1.085438976880194	2.4348746701648696	18.533333333333335	59
274	conventional	60	2	2	0.9382001425091739	2.754114956168072	22.983333333333334	58
275	holistic	60	2	2	1.0865689597373733	2.319319917359731	18.466666666666665	59
275	conventional	60	1	1	0.928711485684911	2.7092929233611964	23.933333333333334	59
276	holistic	60	4	4	1.0512729379696553	2.715450882320581	17.316666666666666	56
276	conventional	60	6	6	0.8327156579905046	2.670062456560283	20.883333333333333	57
277	holistic	60	1	1	1.0744582014452224	2.3512815111704968	17.983333333333334	57
277	conventional	60	1	1	0.8964605977652498	3.2842994451255496	21.733333333333334	58
278	holistic	60	0	0	1.1184638271291552	2.9627437956930223	18.983333333333334	58
278	conventional	60	2	2	0.9668652265634712	3.4771874278436634	22.666666666666668	59
279	holistic	60	2	2	1.0546905026501185	2.3690199517817274	19.866666666666667	59
279	conventional	60	2	2	0.8495195379030768	2.1817882102401653	22.5	57
280	holistic	60	2	2	1.070580254792035	2.5252910105666593	19.8	56
280	conventional	60	1	1	0.9005288227110523	3.181686003554975	23.466666666666665	58
281	holistic	60	0	0	1.1010791327780245	2.3765633340922765	20.8	57
281	conventional	60	1	1	0.8886887053691733	3.1805868233827317	24.383333333333333	59
282	holistic	60	0	0	1.0698180829928696	2.1708606560742862	21.8	58
282	conventional	60	4	4	0.8144297788647713	2.5186834743051825	22.35	54
283	holistic	60	0	0	1.0671278138882714	2.0727727486585303	22.8	59
283	conventional	60	1	1	0.8285175861498145	2.257798035499772	23.233333333333334	55
284	holistic	60	2	2	1.033690499256277	2.132895369668407	22.666666666666668	49
284	conventional	60	0	0	0.8208400956548005	2.3868488519063655	24.233333333333334	56
285	holistic	60	0	0	1.0126725175733133	2.186280652629092	23.666666666666668	50
285	conventional	60	3	3	0.7739189861647271	2.0206063560685714	24.916666666666668	57
286	holistic	60	0	0	1.0561858041974006	2.2949110095907055	24.666666666666668	51
286	conventional	60	0	0	0.8142446490082534	2.3123288456676576	25.916666666666668	58
287	holistic	60	0	0	1.0416657923683457	2.1559499494470424	25.666666666666668	52
287	conventional	60	5	5	0.7761954677959111	2.3199827692592456	26.3	59
288	holistic	60	1	1	1.030286391350001	2.1991986906737973	26.6	53
288	conventional	60	2	2	0.8869926825282788	3.6910122118519553	26.283333333333335	59
289	holistic	60	0	0	1.0922127978802252	2.9773010373277593	27.6	54
289	conventional	60	1	1	0.8759026515179787	2.18740297876001	26.283333333333335	57
290	holistic	60	0	0	1.074550206367942	2.1221775229073865	28.6	55
290	conventional	60	1	1	0.8163899576123329	2.0662186507723264	27.233333333333334	58
291	holistic	60	0	0	1.0550451594792472	2.013705142151998	29.6	56
291	conventional	60	2	2	0.947562439809364	8.318945179675726	28.15	59
292	holistic	60	0	0	1.0560321543905966	1.9642454393095976	30.6	57
292	conventional	60	2	2	0.8567118616284005	4.314563129173383	27.15	54
293	holistic	60	0	0	1.0613274759675793	1.9520713876902824	31.6	58
293	conventional	60	1	1	0.8292703504862798	2.6442111117225227	28.116666666666667	55
294	holistic	60	0	0	1.063565577800725	1.9010320782937775	32.6	59
294	conventional	60	2	2	0.8371202306665795	2.8096256335004672	29.066666666666666	56
295	holistic	60	1	1	1.0536076468701154	1.9250563174721012	32.6	59
295	conventional	60	1	1	0.8727595693830831	2.3077615151794975	30.016666666666666	57
296	holistic	60	2	2	1.0052696507580974	1.8768039176615576	31.6	55
296	conventional	60	0	0	0.8234169149341117	1.971537358870352	31.016666666666666	58
297	holistic	60	1	1	1.01692661294059	1.8538428494877446	32.56666666666667	56
297	conventional	60	0	0	0.8456898923948784	1.8766257237737438	32.016666666666666	59
298	holistic	60	0	0	1.05303253915641	1.8551082041165778	33.56666666666667	57
298	conventional	60	2	2	0.8426508278237678	2.3804627287686557	31.95	59
299	holistic	60	0	0	1.049909586445758	1.9201834356368237	34.56666666666667	58
299	conventional	60	1	1	0.8040292975157766	1.6252965754973863	31.95	59
300	holistic	60	0	0	1.05454002645982	1.9161539177455045	35.56666666666667	59
300	conventional	60	2	2	0.8333458869394405	1.4270269021586275	31.916666666666668	57
301	holistic	60	3	3	1.0295077334719154	1.9123613879861046	34.5	55
301	conventional	60	0	0	0.8660299871951425	2.4446795977469478	32.916666666666664	58
302	holistic	60	1	1	1.0270431716292523	1.9089011285956512	35.4	56
302	conventional	60	0	0	0.8465723184764665	1.46061923162648	33.916666666666664	59
303	holistic	60	0	0	1.020267434842784	1.8594483804337478	36.4	57
303	conventional	60	2	2	0.8067919763617668	1.907290748514086	32.916666666666664	58
304	holistic	60	1	1	1.0142786446761671	1.8373985750476165	37.35	58
304	conventional	60	0	0	0.840231252134083	1.5939473083812787	33.916666666666664	59
305	holistic	60	2	2	0.9999754425158515	1.8594621240373608	38.21666666666667	59
305	conventional	60	1	1	0.779513154634895	1.5020918039010196	33.916666666666664	57
306	holistic	60	2	2	1.0177901522106316	1.8336037602322497	38.15	59
306	conventional	60	0	0	0.7929882349905821	1.7393490978546458	34.916666666666664	58
307	holistic	60	1	1	1.0615197159788443	2.773518033270877	38.15	59
307	conventional	60	1	1	0.8237649998360751	2.156092098930685	35.88333333333333	59
308	holistic	60	2	2	1.0014554971198615	2.278677031892837	37.15	58
308	conventional	60	2	2	0.8779406430445674	4.252569603092903	34.88333333333333	59
309	holistic	60	1	1	0.9971086688627762	1.791633380030827	38.1	59
309	conventional	60	2	2	0.8194583424552682	2.2579178673257783	33.88333333333333	58
310	holistic	60	1	1	0.9780983384454033	1.8114088943944557	38.1	59
310	conventional	60	1	1	0.8033751661364892	1.9241499683509085	34.85	59
311	holistic	60	4	4	0.9581112619536909	1.7710892020014173	36.03333333333333	59
311	conventional	60	2	2	0.78200866946558	1.5071286596490605	33.85	57
312	holistic	60	1	1	1.1031812338728726	6.7228745386955495	36.03333333333333	59
312	conventional	60	0	0	0.7621002419696304	1.9285011941888057	34.85	58
313	holistic	60	1	1	1.0259335526059086	3.733708629740011	36.03333333333333	59
313	conventional	60	2	2	0.8094934702586667	2.8326335211513167	35.733333333333334	59
314	holistic	60	3	3	1.0044707500605465	2.7271174878506557	34.03333333333333	59
314	conventional	60	3	3	0.7662778761190417	1.993436282582936	34.65	59
315	holistic	60	2	2	0.9691715457934839	2.229338403033919	33.03333333333333	59
315	conventional	60	3	3	0.8064178059729868	3.4445087667915866	33.63333333333333	59
316	holistic	60	2	2	0.9581575274142011	2.129221255783435	32.9	59
316	conventional	60	2	2	0.7614266938731392	2.0223241665563503	32.63333333333333	59
317	holistic	60	1	1	0.9435465962827989	2.278217759379231	32.9	59
317	conventional	60	3	3	0.8149462814061896	1.859641112398546	31.35	59
318	holistic	60	4	4	0.9533303509360801	2.492180153694122	31.766666666666666	58
318	conventional	60	2	2	0.8779596362120212	3.330301078589626	30.35	59
319	holistic	60	1	1	1.0308047769759325	4.932485286483059	32.7	59
319	conventional	60	3	3	0.8944357195826788	2.857559783432701	29.283333333333335	59
320	holistic	60	4	4	0.94806422797846	2.8557261683474473	31.5	59
320	conventional	60	6	6	0.8012006316650323	2.817780474245323	25.216666666666665	59
321	holistic	60	5	5	0.97126828583021	3.7223913909353965	28.416666666666668	58
321	conventional	60	5	5	0.7031345329709093	1.8575336231044206	24.15	59
322	holistic	60	1	1	0.9822444994456311	3.2212500811826144	29.35	59
322	conventional	60	3	3	0.8404671792687495	4.206425021395917	24.083333333333332	59
323	holistic	60	2	2	1.0051907172873045	2.907041824612891	28.35	59
323	conventional	60	4	4	0.8173664314367292	2.3389613886795306	23.033333333333335	59
324	holistic	60	4	4	0.9752089257698187	2.823632017802148	26.283333333333335	59
324	conventional	60	2	2	0.7474416847470694	1.6414452927139294	22.033333333333335	58
325	holistic	60	4	4	0.974290796687725	2.7464117212209738	24.216666666666665	59
325	conventional	60	3	3	0.7945948938861542	2.496978753613699	22.9	59
326	holistic	60	1	1	1.0370522336779233	2.8777815969934073	24.216666666666665	59
326	conventional	60	3	3	0.8234815270297626	3.708842313222388	21.883333333333333	59
327	holistic	60	5	5	0.986538022712484	2.9303243148066436	21.15	59
327	conventional	60	5	5	0.8225335395873432	2.2085978096016556	19.683333333333334	58
328	holistic	60	3	3	1.0233804594690752	2.8007937108543337	21.05	59
328	conventional	60	1	1	0.7403352016475264	1.5356342098582012	20.65	59
329	holistic	60	2	2	1.1059896306256638	5.936003702979105	20.983333333333334	59
329	conventional	60	7	7	0.7588153449857618	1.5202943707663688	20.233333333333334	53
330	holistic	60	1	1	1.1402691152292952	3.7297129414150576	20.983333333333334	59
330	conventional	60	0	0	0.8423240136883943	2.456051551123035	21.233333333333334	54
331	holistic	60	4	4	1.1362906249132503	3.2276910105076	19.8	59
331	conventional	60	1	1	0.9171205109604261	2.2658731028243686	22.2	55
332	holistic	60	2	2	1.133283721540087	3.396983882106879	19.733333333333334	59
332	conventional	60	0	0	0.8920611324377979	1.9251912028621696	23.2	56
333	holistic	60	1	1	1.089792645517211	2.9652673592155567	19.733333333333334	59
333	conventional	60	0	0	0.8693727558783606	1.7039006337728146	24.2	57
334	holistic	60	2	2	1.0532146279195782	2.954481350930226	19.7	59
334	conventional	60	1	1	0.833359733379274	1.523408265988561	25.15	58
335	holistic	60	2	2	0.9824096008556462	2.9032720559014016	19.633333333333333	59
335	conventional	60	0	0	0.7897202801515757	1.4980387301277125	26.15	59
336	holistic	60	1	1	1.0325279994561822	3.016208488098462	19.633333333333333	59
336	conventional	60	2	2	0.7501157202396467	1.449604557599025	25.966666666666665	59
337	holistic	60	2	2	1.0078712128335485	2.9667143097073234	19.433333333333334	58
337	conventional	60	2	2	0.7978083053406121	2.3592009581973934	25.2	58
338	holistic	60	2	2	0.9990038730094495	2.994554444105621	20.333333333333332	59
338	conventional	60	1	1	0.7417326942955811	1.5480675406674405	26.05	59
339	holistic	60	2	2	1.010961271605921	2.94947652859615	19.333333333333332	59
339	conventional	60	3	3	0.7236458651986167	1.5636790333377821	25.033333333333335	57
340	holistic	60	2	2	1.0141950533288868	2.942338472037608	18.333333333333332	56
340	conventional	60	4	4	0.6660200720051953	1.5185845814111025	25.566666666666666	58
341	holistic	60	1	1	0.9862481545293336	2.8380802568798935	19.216666666666665	57
341	conventional	60	1	1	0.7908377429600701	1.5176696853276714	26.533333333333335	59
342	holistic	60	1	1	1.0369128989298755	2.931604210094046	20.166666666666668	58
342	conventional	60	6	6	0.7565348653626274	2.5116230895328715	23.116666666666667	57
343	holistic	60	1	1	0.9848034585304696	2.8940429967085453	21.033333333333335	59
343	conventional	60	0	0	0.9633092145147508	3.4007793445394894	24.116666666666667	58
344	holistic	60	2	2	1.019096797439855	3.9200373350510462	20.833333333333332	56
344	conventional	60	2	2	0.821385586083477	1.5197084848908433	24.666666666666668	59
345	holistic	60	0	0	1.0332197140582466	2.915105463244538	21.833333333333332	57
345	conventional	60	4	4	0.7583592029699228	1.4659166495183626	24.55	58
346	holistic	60	0	0	1.0463509109294349	3.413301780527502	22.833333333333332	58
346	conventional	60	1	1	0.8265299322063824	1.8969908177472405	25.533333333333335	59
347	holistic	60	0	0	1.061565390077915	3.6700983420879743	23.833333333333332	59
347	conventional	60	4	4	0.8517031114909236	3.265083053052492	23.483333333333334	59
348	holistic	60	1	1	1.0637309031508129	3.118665630547558	23.833333333333332	52
348	conventional	60	2	2	1.0347271942859055	5.39536807704981	23.466666666666665	58
349	holistic	60	0	0	1.089026693314509	3.1193575199029113	24.833333333333332	53
349	conventional	60	1	1	0.968342228148478	3.510223604016476	24.4	59
350	holistic	60	1	1	1.0600987264889425	2.75174213503788	25.616666666666667	54
350	conventional	60	3	3	0.8287986621032346	2.464605581956958	24.2	56
351	holistic	60	0	0	1.0900228813531314	2.6321923542645154	26.616666666666667	55
351	conventional	60	3	3	0.9593633704345415	2.33939546146173	25.05	57
352	holistic	60	0	0	1.092233466126629	2.6927845365489866	27.616666666666667	56
352	conventional	60	0	0	0.9862546115716666	4.755006541219005	26.05	58
353	holistic	60	1	1	1.0679325649180602	2.7197252992835765	28.216666666666665	57
353	conventional	60	1	1	0.8875822888281382	2.9130673583840134	26.616666666666667	59
354	holistic	60	0	0	1.1151786514846151	2.6738911665607428	29.216666666666665	58
354	conventional	60	2	2	0.8865299156400046	1.99184234945921	26.566666666666666	59
355	holistic	60	0	0	1.109514097850868	2.6294865161118177	30.216666666666665	59
355	conventional	60	1	1	0.9797301351446523	2.4408584237641575	26.566666666666666	57
356	holistic	60	3	3	1.0900129747496405	2.6536190341220336	29.783333333333335	52
356	conventional	60	0	0	1.0083887784232237	2.2567328189877207	27.566666666666666	58
357	holistic	60	0	0	1.1506754496370708	2.633022372897386	30.783333333333335	53
357	conventional	60	0	0	1.0953823285484	3.729376999556552	28.566666666666666	59
358	holistic	60	0	0	1.2074878379921823	2.8510362530528712	31.783333333333335	54
358	conventional	60	2	2	1.1117818464239446	3.8779229730232516	28.516666666666666	59
359	holistic	60	0	0	1.2324115989490805	2.917919001960272	32.78333333333333	55
359	conventional	60	1	1	1.166957366868726	3.56849632752227	28.516666666666666	59
360	holistic	60	0	0	1.235169203788552	2.8444473368860486	33.78333333333333	56
360	conventional	60	1	1	1.2148720618768432	5.465971483040971	28.516666666666666	57
361	holistic	60	0	0	1.2518957039113576	3.0458642201312602	34.78333333333333	57
361	conventional	60	1	1	1.1508114337162358	3.7942377860931784	29.466666666666665	58
362	holistic	60	0	0	1.2603216102270862	2.9711702785847707	35.78333333333333	58
362	conventional	60	0	0	1.212927096883508	4.711257055268982	30.466666666666665	59
363	holistic	60	0	0	1.2650442166502136	2.868679738087006	36.78333333333333	59
363	conventional	60	3	3	1.2048640312387406	4.459348429397311	29.416666666666668	56
364	holistic	60	1	1	1.251069836075375	2.8230189209971868	36.78333333333333	59
364	conventional	60	0	0	1.2456090124879067	3.959990217633285	30.416666666666668	57
365	holistic	60	2	2	1.2732354375706896	2.8501085051871033	35.78333333333333	59
365	conventional	60	0	0	1.308340275659304	3.793949750864406	31.416666666666668	58
366	holistic	60	1	1	1.278071952909783	4.360124011705297	35.78333333333333	58
366	conventional	60	1	1	1.358630983882811	3.7096633039164155	32.36666666666667	59
367	holistic	60	0	0	1.2943571917710253	3.5348358832042766	36.78333333333333	59
367	conventional	60	1	1	1.3317406948256205	4.014753991535327	32.36666666666667	58
368	holistic	60	1	1	1.293856019751175	3.119136186986558	36.78333333333333	59
368	conventional	60	1	1	1.3338710701833338	4.259681333183428	33.25	59
369	holistic	60	2	2	1.2619367408941942	3.2678711665123013	36.71666666666667	59
369	conventional	60	1	1	1.386714425990016	3.9151889508087607	33.25	59
370	holistic	60	1	1	1.237956855302263	2.7014509023029483	36.71666666666667	59
370	conventional	60	2	2	1.3437246193071308	4.21041653967444	33.18333333333333	59
371	holistic	60	4	4	1.1717142934917766	2.548651654807556	33.71666666666667	58
371	conventional	60	2	2	1.4087075248012284	3.921487260504048	33.15	58
372	holistic	60	1	1	1.2544700056833433	2.921061083901381	34.65	59
372	conventional	60	0	0	1.3690905416299033	3.67382645496378	34.15	59
373	holistic	60	1	1	1.2369546218478469	2.408277885468269	34.65	59
373	conventional	60	2	2	1.376922899386164	3.5930932510014904	33.15	59
374	holistic	60	1	1	1.2064451954158328	2.486005085984923	34.65	59
374	conventional	60	3	3	1.2999694801288477	3.459467544858873	32.083333333333336	59
375	holistic	60	2	2	1.1943044728513605	2.5319255832491163	34.583333333333336	58
375	conventional	60	2	2	1.3777487989984374	3.3437424142391556	31.083333333333332	59
376	holistic	60	1	1	1.3288635018839339	4.873701325603921	35.516666666666666	59
376	conventional	60	1	1	1.4399100703601515	3.295729605096879	31.083333333333332	59
377	holistic	60	2	2	1.2149494934552436	2.5250594890642093	35.46666666666667	59
377	conventional	60	3	3	1.3694186932646057	4.555119844904962	29.083333333333332	59
378	holistic	60	3	3	1.1997365425573627	3.5659741205756164	33.46666666666667	59
378	conventional	60	3	3	1.4866281076395287	4.324388540258503	27.616666666666667	59
379	holistic	60	1	1	1.146654988739379	3.892133751571131	33.46666666666667	59
379	conventional	60	1	1	1.4334988161221982	4.01409760863838	27.616666666666667	59
380	holistic	60	4	4	1.1342653007652634	3.6801426094055616	31.433333333333334	59
380	conventional	60	2	2	1.4690446949111953	3.726259880201475	27.583333333333332	58
381	holistic	60	5	5	1.1599894000606663	3.045759766065933	28.366666666666667	59
381	conventional	60	0	0	1.6724323138980886	4.28398640600341	28.583333333333332	59
382	holistic	60	1	1	1.2086806146624944	3.454521186707936	28.366666666666667	59
382	conventional	60	2	2	1.6086081868769098	3.7836481373853066	28.466666666666665	59
383	holistic	60	1	1	1.1568322949704979	2.956607862136657	28.366666666666667	59
383	conventional	60	2	2	1.5600416853979453	3.614316579408358	27.466666666666665	59
384	holistic	60	3	3	1.1172680889636444	2.9906049007650677	27.316666666666666	59
384	conventional	60	2	2	1.5255666546942879	3.5326109472529703	26.466666666666665	58
385	holistic	60	3	3	1.029739071627823	2.677901071144391	26.25	58
385	conventional	60	1	1	1.519538568576618	3.682392983820359	27.216666666666665	59
386	holistic	60	1	1	0.9965977780015525	2.5137152533333516	27.216666666666665	59
386	conventional	60	3	3	1.46503002876535	3.9497291586902943	26.2	58
387	holistic	60	5	5	0.8769974254819142	2.4997679442337004	24.183333333333334	59
387	conventional	60	0	0	1.5402882315480828	4.283618517473007	27.2	59
388	holistic	60	5	5	1.0757829797040472	4.932241639959897	22.916666666666668	59
388	conventional	60	2	2	1.5160559032517742	4.034219156820373	27.1	59
389	holistic	60	1	1	1.135807370677051	4.44317979332784	22.916666666666668	59
389	conventional	60	7	7	1.4132842841946127	4.173827461826229	22.95	53
390	holistic	60	1	1	1.150111219375163	3.557698194229301	22.916666666666668	59
390	conventional	60	0	0	1.5833901305137805	4.085548658242186	23.95	54
391	holistic	60	4	4	1.046150855221854	3.391946346248792	20.85	58
391	conventional	60	1	1	1.5985313396152203	3.9212622989172043	24.916666666666668	55
392	holistic	60	1	1	1.056714091132066	3.2951072376828847	21.783333333333335	59
392	conventional	60	1	1	1.5259390117518241	3.5350123155522026	25.866666666666667	56
393	holistic	60	3	3	1.1270085718648597	3.2499611696800867	21.516666666666666	58
393	conventional	60	0	0	1.4985795277647398	3.515659307636115	26.866666666666667	57
394	holistic	60	1	1	1.1353858077553411	2.8405222157866374	22.45	59
394	conventional	60	2	2	1.5695112033397955	3.925591304492826	27.783333333333335	58
395	holistic	60	1	1	1.0807570653697665	2.4176610093127056	22.45	58
395	conventional	60	0	0	1.5664337065686877	3.7495620578997073	28.783333333333335	59
396	holistic	60	0	0	1.0974757606372547	2.3704137095849247	23.45	59
396	conventional	60	2	2	1.5708498242644033	3.7204087658658263	28.75	59
397	holistic	60	3	3	1.0727269151583743	2.343501831539129	23.316666666666666	59
397	conventional	60	1	1	1.6079045371437115	3.5186430204030525	28.75	58
398	holistic	60	2	2	1.1041383603932482	3.925438155371615	22.316666666666666	59
398	conventional	60	0	0	1.6170840517038052	3.616616699498472	29.75	59
399	holistic	60	3	3	1.091340180658023	2.9251821967998306	21.9	59
399	conventional	60	1	1	1.5973439486234098	3.8091832576523084	29.75	59
400	holistic	60	2	2	1.0599490962087639	2.3562164307021423	20.9	59
400	conventional	60	2	2	1.5512565332979646	3.5824037246309026	28.75	59
401	holistic	60	2	2	1.0782751326538318	2.3142420874824663	20.833333333333332	58
401	conventional	60	1	1	1.5491345632827431	3.5682884486071678	28.75	59
402	holistic	60	1	1	1.144670053682777	3.9331555424282225	21.783333333333335	59
402	conventional	60	4	4	1.4236480888425607	3.4191775019210326	25.75	57
403	holistic	60	2	2	1.0809881436619913	2.20626049563386	21.716666666666665	59
403	conventional	60	1	1	1.4853217111954882	3.282822399900005	26.7	58
404	holistic	60	1	1	1.0495478593036462	2.0699908195850174	21.716666666666665	56
404	conventional	60	0	0	1.527714823378108	3.5326441248125207	27.7	59
405	holistic	60	1	1	1.0623223912049724	2.2842553444396554	22.65	57
405	conventional	60	3	3	1.459217534404685	3.522890040442379	26.65	59
406	holistic	60	2	2	1.0502888240910473	2.05180450734217	23.466666666666665	58
406	conventional	60	1	1	1.487113937036219	3.5136783577753317	26.65	59
407	holistic	60	1	1	1.086094308842338	2.8419194350259263	24.4	59
407	conventional	60	2	2	1.4141106174894287	3.4310802605847885	25.65	57
408	holistic	60	2	2	1.056861377670326	2.035110397971152	24.366666666666667	58
408	conventional	60	1	1	1.4287773723289698	3.283074975869327	26.616666666666667	58
409	holistic	60	0	0	1.0532346885734698	2.266002944656549	25.366666666666667	59
409	conventional	60	1	1	1.4009447247492335	3.1451885477995596	27.583333333333332	59
410	holistic	60	1	1	1.0461199779696857	2.1575809660930054	25.366666666666667	57
410	conventional	60	2	2	1.3729857777244598	3.0832436897891737	26.583333333333332	59
411	holistic	60	0	0	1.0430177828153666	2.145686246571233	26.366666666666667	58
411	conventional	60	3	3	1.3241098357888117	2.960718945846272	25.533333333333335	58
412	holistic	60	1	1	1.059130255130207	2.301613694346002	27.3	59
412	conventional	60	2	2	1.3071872887223372	2.877266954448769	26.483333333333334	59
413	holistic	60	1	1	1.0762043583653995	2.5248962097196492	27.3	57
413	conventional	60	2	2	1.3071343055288573	2.8896277054765243	26.433333333333334	59
414	holistic	60	1	1	1.1058711328102224	2.5772190117594644	28.033333333333335	58
414	conventional	60	4	4	1.2817954474044067	2.8425168995979124	25.366666666666667	56
415	holistic	60	0	0	1.0968072242385671	2.6997443175856284	29.033333333333335	59
415	conventional	60	1	1	1.1827630770558257	2.769484309128392	26.333333333333332	57
416	holistic	60	4	4	1.0391767292964695	2.6702469833160607	26.966666666666665	52
416	conventional	60	1	1	1.3084191345081218	2.7283310379315235	27.3	58
417	holistic	60	0	0	1.0498074361676895	2.574375075450223	27.966666666666665	53
417	conventional	60	1	1	1.3238653157888165	2.9213928291816544	28.266666666666666	59
418	holistic	60	1	1	1.0607669953945185	2.4846748632031774	28.933333333333334	54
418	conventional	60	2	2	1.2942948875403208	3.703536354195013	28.25	59
419	holistic	60	0	0	1.0844781864584558	2.4656090889423505	29.933333333333334	55
419	conventional	60	3	3	1.3087875114876775	3.418796465630317	28.033333333333335	56
420	holistic	60	1	1	1.0927704403422307	2.5409819576616814	30.866666666666667	56
420	conventional	60	0	0	1.2891556465272869	3.1973845000723196	29.033333333333335	57
421	holistic	60	0	0	1.078530629058298	2.4604098516747213	31.866666666666667	57
421	conventional	60	0	0	1.3490501735151006	3.2182224204796794	30.033333333333335	58
422	holistic	60	0	0	1.0960943319770426	2.4140012008364966	32.86666666666667	58
422	conventional	60	1	1	1.4106205328331782	3.247606368913147	30.966666666666665	59
423	holistic	60	0	0	1.1023570945221828	2.4845519766116144	33.86666666666667	59
423	conventional	60	2	2	1.3482680262109812	3.0940727482350936	29.966666666666665	56
424	holistic	60	1	1	1.0647112346017895	2.4403177808665464	33.86666666666667	59
424	conventional	60	1	1	1.391990866715004	2.9099688087813527	30.933333333333334	57
425	holistic	60	1	1	1.0505439018817342	2.3712696682732584	33.86666666666667	59
425	conventional	60	1	1	1.4029413645096447	2.784130480612071	31.9	58
426	holistic	60	1	1	1.0126205415151999	2.4899537151705897	33.86666666666667	57
426	conventional	60	0	0	1.4387851510701883	3.0276568330716795	32.9	59
427	holistic	60	0	0	1.0272489650611862	2.423003534210259	34.86666666666667	58
427	conventional	60	1	1	1.4446199787400407	3.3006357313532644	32.9	59
428	holistic	60	1	1	1.0469283448820803	2.409368311126387	35.8	59
428	conventional	60	1	1	1.3834243590807573	3.1320870027583876	32.9	57
429	holistic	60	2	2	1.0103922759401245	2.347733635791919	34.8	59
429	conventional	60	1	1	1.4255590426543618	3.5356832834474115	33.86666666666667	58
430	holistic	60	1	1	1.0182289367303647	2.289049469280894	34.8	59
430	conventional	60	0	0	1.413295821919501	3.6336256722034825	34.86666666666667	59
431	holistic	60	3	3	1.0059722129349926	2.279756784100322	32.8	58
431	conventional	60	3	3	1.3562478823838455	3.522197042465188	32.96666666666667	58
432	holistic	60	0	0	1.0828126354822127	2.8378286220966062	33.8	59
432	conventional	60	1	1	1.3717907446089805	3.470219530744429	33.81666666666667	59
433	holistic	60	1	1	1.0894870245664228	3.3338285650003985	33.8	58
433	conventional	60	2	2	1.368090810654973	3.3768352437044302	32.81666666666667	59
434	holistic	60	0	0	1.0957721256949065	2.499930766777245	34.8	59
434	conventional	60	5	5	1.2457729507482709	3.2053783813895023	30.133333333333333	59
435	holistic	60	2	2	1.072585138785667	4.082033976012618	33.8	59
435	conventional	60	1	1	1.34722186383079	4.34829511897644	30.133333333333333	59
436	holistic	60	1	1	1.038905449975901	3.831661444908417	33.8	59
436	conventional	60	1	1	1.3148180001910317	3.344153512727223	30.133333333333333	59
437	holistic	60	1	1	1.023511656646403	3.5005414173039555	33.8	59
437	conventional	60	2	2	1.2830533191113345	3.268595552731454	29.133333333333333	59
438	holistic	60	3	3	1.0082302811169064	3.405433096028926	32.4	59
438	conventional	60	3	3	1.2480992383317653	3.4313216589215547	28.083333333333332	59
439	holistic	60	2	2	1.0863863697589957	4.326784200551792	32.333333333333336	59
439	conventional	60	1	1	1.321934141072166	7.226537007466139	28.083333333333332	59
440	holistic	60	4	4	1.1122892761841103	4.124095699343842	30.25	59
440	conventional	60	2	2	1.216091904161203	5.224238334218276	27.083333333333332	58
441	holistic	60	2	2	1.0515358659076657	2.6331836653300056	29.25	58
441	conventional	60	1	1	1.2559296476710242	3.8900383568458685	28.033333333333335	59
442	holistic	60	1	1	1.0671012898803278	2.4685375054375243	30.216666666666665	59
442	conventional	60	1	1	1.2228872503046	3.9001489920595924	28.033333333333335	59
443	holistic	60	1	1	1.0467285813923242	2.415379870095262	30.216666666666665	58
443	conventional	60	3	3	1.1589003283780521	2.893131535354932	27.95	59
444	holistic	60	0	0	1.097271203891423	2.927865561872717	31.216666666666665	59
444	conventional	60	3	3	1.2000444722176402	2.8187068677717257	26.916666666666668	58
445	holistic	60	2	2	1.0156059269463418	2.375626224169773	30.216666666666665	59
445	conventional	60	0	0	1.168388535751869	2.8367281408066924	27.916666666666668	59
446	holistic	60	1	1	1.0484762237507235	2.9098013899220443	30.216666666666665	59
446	conventional	60	2	2	1.1370850794342968	2.8340181168859524	26.916666666666668	58
447	holistic	60	4	4	1.0041119341111668	3.916156181205329	27.216666666666665	59
447	conventional	60	1	1	1.1443434340798468	2.923927521402676	27.9	59
448	holistic	60	5	5	0.9207241532984245	3.3238050408371214	24.166666666666668	57
448	conventional	60	3	3	1.1528911398382096	2.8604120894912857	26.866666666666667	59
449	holistic	60	0	0	0.9610982554212458	2.757053031617495	25.166666666666668	58
449	conventional	60	5	5	1.0672333197725636	2.8312889226843407	22.866666666666667	53
450	holistic	60	2	2	0.9336524392676077	3.0669726394108316	26.05	59
450	conventional	60	0	0	1.1932501019790693	2.808450912636322	23.866666666666667	54
451	holistic	60	5	5	1.0053231183142255	7.914093424794753	23.933333333333334	59
451	conventional	60	1	1	1.1684883150266792	2.8565183075435296	24.833333333333332	55
452	holistic	60	2	2	1.0725135886120263	7.911769055481953	23.866666666666667	59
452	conventional	60	0	0	1.1813262238508815	2.9330710986591457	25.833333333333332	56
453	holistic	60	2	2	1.118966946568943	5.916976065736155	23.783333333333335	59
453	conventional	60	2	2	1.173816605765959	3.232624070294281	26.6	57
454	holistic	60	1	1	1.1360937655305046	4.913915871760694	23.783333333333335	59
454	conventional	60	1	1	1.247542991534683	3.0229100183688047	27.516666666666666	58
455	holistic	60	2	2	1.0877735571866571	4.514181243389018	23.533333333333335	58
455	conventional	60	0	0	1.2812700236917465	3.0863767354463962	28.516666666666666	59
456	holistic	60	0	0	1.1391350313364812	4.414286355286008	24.533333333333335	59
456	conventional	60	2	2	1.2415908356455103	3.440357357064943	27.516666666666666	59
457	holistic	60	2	2	1.086239195058727	3.9139690048111313	23.533333333333335	58
457	conventional	60	1	1	1.2546143326536254	3.775060098786291	27.516666666666666	58
458	holistic	60	0	0	1.1391289744836066	3.4140353609003573	24.533333333333335	59
458	conventional	60	0	0	1.2604447000911274	3.539855191906861	28.516666666666666	59
459	holistic	60	1	1	1.094192133882168	3.1397655914402427	24.533333333333335	59
459	conventional	60	1	1	1.2675056944962826	3.6190628445326714	28.516666666666666	59
460	holistic	60	2	2	1.0630560319144349	3.0169285780387907	23.533333333333335	59
460	conventional	60	1	1	1.363140159003553	4.20844059896701	28.516666666666666	59
461	holistic	60	1	1	1.034444113798913	3.0073949910034776	23.533333333333335	59
461	conventional	60	2	2	1.2901960267764545	3.206271553869292	28.316666666666666	59
462	holistic	60	1	1	1.0173076983175136	2.696519738343329	23.533333333333335	58
462	conventional	60	3	3	1.2592574653860091	3.14640682766101	26.316666666666666	59
463	holistic	60	0	0	1.0128502925589105	2.5911883849778876	24.533333333333335	59
463	conventional	60	1	1	1.2854524338517455	4.238895441626063	26.316666666666666	58
464	holistic	60	3	3	0.9807475988738671	2.2827705600834833	24.416666666666668	59
464	conventional	60	3	3	1.2824355468402122	3.2072424252997793	26.933333333333334	59
465	holistic	60	1	1	1.0357506965439347	2.4544496540741965	24.416666666666668	59
465	conventional	60	4	4	1.5290436016604114	9.460609381304973	24.866666666666667	58
466	holistic	60	1	1	1.031368017106568	2.380692651709079	24.416666666666668	59
466	conventional	60	0	0	1.598967896257958	4.98536879550691	25.866666666666667	59
467	holistic	60	1	1	1.0160387934439126	2.4183433368658287	24.416666666666668	59
467	conventional	60	1	1	1.4957500873572822	4.462725615488133	25.866666666666667	56
468	holistic	60	2	2	1.0154673324898396	2.246301260696629	24.35	58
468	conventional	60	1	1	1.4553896511735722	4.2137913468905674	26.85	57
469	holistic	60	0	0	1.0349082548200093	2.306127311297105	25.35	59
469	conventional	60	1	1	1.433111517836662	3.8633218860576006	27.716666666666665	58
470	holistic	60	1	1	1.016133926757718	2.35701926605321	25.35	57
470	conventional	60	0	0	1.4600994645491066	3.7964265308570866	28.716666666666665	59
471	holistic	60	0	0	1.0516474999020695	2.187806054018677	26.35	58
471	conventional	60	2	2	1.41336508143122	3.6060263913472608	27.716666666666665	58
472	holistic	60	0	0	1.073927788502972	2.268700738465711	27.35	59
472	conventional	60	0	0	1.648579964428411	5.282089907099861	28.716666666666665	59
473	holistic	60	1	1	1.0495440512189862	2.223924980459288	27.35	57
473	conventional	60	1	1	1.5168607382387187	3.529848349747297	28.716666666666665	59
474	holistic	60	0	0	1.0660292129431304	2.234946075991725	28.35	58
474	conventional	60	3	3	1.4002118054140051	2.8638780094102856	26.716666666666665	56
475	holistic	60	0	0	1.064920741597549	2.266383504111864	29.35	59
475	conventional	60	1	1	1.390521873805673	2.918156346460253	27.7	57
476	holistic	60	2	2	1.0673749332843239	2.1764796839025395	28.35	58
476	conventional	60	0	0	1.3873766922424988	2.7972323398540766	28.7	58
477	holistic	60	0	0	1.0823471243319418	2.1969982816706843	29.35	59
477	conventional	60	0	0	1.4844347319714353	3.289532909664161	29.7	59
478	holistic	60	1	1	1.0651014726475454	2.2692567643870603	29.35	58
478	conventional	60	2	2	1.4887756429370649	3.6536070322486065	29.35	59
479	holistic	60	0	0	1.1042706654615582	2.2870744547597037	30.35	59
479	conventional	60	3	3	1.392247971588094	4.300427487281966	27.35	55
480	holistic	60	2	2	1.066286581189511	2.253405836607967	30.283333333333335	55
480	conventional	60	0	0	1.4381583030636522	4.697408912180412	28.35	56
481	holistic	60	0	0	1.0779402895547523	2.27062528669185	31.283333333333335	56
481	conventional	60	1	1	1.4916404465777784	4.1331989252677745	29.3	57
482	holistic	60	0	0	1.0705286198451813	2.2631017295742875	32.28333333333333	57
482	conventional	60	0	0	1.5932639508517152	5.288132814419395	30.3	58
483	holistic	60	0	0	1.09101215943851	2.278886600384514	33.28333333333333	58
483	conventional	60	0	0	1.5925061113723777	3.794778455037786	31.3	59
484	holistic	60	3	3	1.0787224101146404	2.2487170139768953	34.016666666666666	59
484	conventional	60	1	1	1.5361878624128809	3.5863843318285262	31.3	59
485	holistic	60	1	1	1.116194709915477	2.8687734529453226	34.016666666666666	59
485	conventional	60	1	1	1.4876080413896824	3.30168330858078	31.3	57
486	holistic	60	1	1	1.0679502873015783	2.2284204096732894	34.016666666666666	58
486	conventional	60	1	1	1.4795416288173107	2.9650050058655073	32.266666666666666	58
487	holistic	60	0	0	1.0988526383647401	2.2206484580810493	35.016666666666666	59
487	conventional	60	1	1	1.4861709008565258	3.0552569880076272	32.666666666666664	59
488	holistic	60	1	1	1.0957487642698887	2.2135654563324754	35.016666666666666	59
488	conventional	60	1	1	1.5116611840233225	2.998559796495642	32.666666666666664	59
489	holistic	60	2	2	1.1048853794379692	2.2880949322671045	34.016666666666666	59
489	conventional	60	1	1	1.5136553373198518	3.0919688516882506	32.666666666666664	58
490	holistic	60	1	1	1.1252765899868278	2.4449080109611736	34.016666666666666	59
490	conventional	60	1	1	1.5528405103252183	4.330491454095302	33.6	59
491	holistic	60	3	3	1.0376053077220146	2.399781683273725	32.016666666666666	58
491	conventional	60	3	3	1.4648999385207497	2.684759520292091	31.6	59
492	holistic	60	0	0	1.146432752513509	4.806375569426154	33.016666666666666	59
492	conventional	60	1	1	1.4236400705728298	2.7784175056223566	31.6	59
493	holistic	60	2	2	1.106421993605409	3.306796574257307	32.95	57
493	conventional	60	4	4	1.3763165611272266	2.589788755103942	31.5	59
494	holistic	60	0	0	1.1098955524753653	3.1375477083274177	33.95	58
494	conventional	60	5	5	1.26559120896801	2.5232912072320453	27.5	58
495	holistic	60	2	2	1.0918909184082397	3.0553317248138008	34.81666666666667	59
495	conventional	60	0	0	1.359262450008205	3.1984037355708685	28.5	59
496	holistic	60	2	2	1.1389638399799025	3.9606893488146655	34.28333333333333	59
496	conventional	60	2	2	1.3711255687298047	2.497403104189994	28.466666666666665	59
497	holistic	60	2	2	1.1621145858748425	3.4482251569431215	34.21666666666667	59
497	conventional	60	3	3	1.3568041526888994	2.516536017186733	27.416666666666668	59
498	holistic	60	3	3	1.1509552361353783	3.2757859955317543	32.21666666666667	59
498	conventional	60	2	2	1.3870041241278834	3.370082902708049	26.416666666666668	59
499	holistic	60	2	2	1.1561031085407836	3.4389331706262136	31.216666666666665	59
499	conventional	60	2	2	1.3782843368609792	2.858303044743806	26.383333333333333	59
500	holistic	60	4	4	1.1651652364618463	5.893503182944471	29.883333333333333	59
500	conventional	60	1	1	1.3262420835969138	3.4573175055815795	26.383333333333333	57
501	holistic	60	4	4	1.0979915754338263	3.393893322186669	27.933333333333334	59
501	conventional	60	0	0	1.348285158530333	3.0283839403515773	27.383333333333333	58
502	holistic	60	1	1	1.1911220593921783	3.9649520252825172	27.933333333333334	59
502	conventional	60	0	0	1.3619654576996458	2.9562021585135425	28.383333333333333	59
503	holistic	60	1	1	1.1543323962570333	2.976011895611747	27.933333333333334	58
503	conventional	60	2	2	1.3755842453687035	2.63363419694023	27.383333333333333	59
504	holistic	60	1	1	1.1128569502915104	2.5042421042165524	28.866666666666667	59
504	conventional	60	3	3	1.3734254185985277	2.7290894878994645	26.366666666666667	57
505	holistic	60	3	3	1.1197885952349462	2.578240693130204	28.733333333333334	58
505	conventional	60	1	1	1.5193229265669492	6.506691993245359	27.35	58
506	holistic	60	0	0	1.231790681331538	3.891269799623995	29.733333333333334	59
506	conventional	60	1	1	1.6033383592874488	4.029992609586223	28.233333333333334	59
507	holistic	60	2	2	1.1435423687711102	2.623317471012064	28.733333333333334	59
507	conventional	60	2	2	1.5944544435437369	2.8766006620740834	28.066666666666666	59
508	holistic	60	2	2	1.0932638505545909	2.5755518596033258	28.666666666666668	58
508	conventional	60	3	3	1.5314500970571716	3.197253812121196	26.066666666666666	59
509	holistic	60	1	1	1.0561194845429327	2.4371784309260334	29.6	59
509	conventional	60	2	2	1.664556149249008	6.502791664111937	25.866666666666667	56
510	holistic	60	2	2	1.0474521139204798	2.5508333130107124	28.6	59
510	conventional	60	0	0	1.6845161108650328	4.498059598267804	26.866666666666667	57
511	holistic	60	7	7	1.0353562774578842	4.897018388728224	24.483333333333334	59
511	conventional	60	0	0	1.7078575143170416	2.9775599530090515	27.866666666666667	58
512	holistic	60	2	2	1.0961677396856884	4.3952543564126225	23.483333333333334	59
512	conventional	60	0	0	1.73030516566003	3.1323514777848303	28.866666666666667	59
513	holistic	60	3	3	1.027137146533717	3.561366944362501	22.416666666666668	59
513	conventional	60	2	2	1.670559704428235	2.9625134758467393	27.866666666666667	59
514	holistic	60	2	2	1.013677468011753	3.394739689988979	22.35	59
514	conventional	60	1	1	1.764375227733339	4.388168293267938	27.866666666666667	58
515	holistic	60	4	4	0.9226240372336789	2.6947637294373754	21.216666666666665	58
515	conventional	60	0	0	1.7210415961557173	4.389721027579764	28.866666666666667	59
516	holistic	60	2	2	0.9807116207775227	2.9001127136031233	21.883333333333333	59
516	conventional	60	2	2	1.683703051375688	3.384144862739731	27.866666666666667	57
517	holistic	60	3	3	0.9962217299651351	2.1754391971164284	19.916666666666668	57
517	conventional	60	1	1	1.7342142370733344	5.437779431216438	28.85	58
518	holistic	60	1	1	1.025522872427319	2.645123175209502	20.85	58
518	conventional	60	0	0	1.7310032230523456	3.9370105574351424	29.85	59
519	holistic	60	1	1	1.0555290578810923	2.5615247777407477	21.716666666666665	59
519	conventional	60	1	1	1.7201098931253833	3.7719497500344765	29.85	59
520	holistic	60	1	1	1.0660113345898974	2.4945646558205046	21.716666666666665	58
520	conventional	60	1	1	1.698500922499694	3.160276224413089	29.85	58
521	holistic	60	2	2	1.1019316670839407	2.894558180374427	22.583333333333332	59
521	conventional	60	1	1	1.6942275666717697	3.108593179947017	30.816666666666666	59
522	holistic	60	1	1	1.207637380631639	6.881717769930864	22.583333333333332	58
522	conventional	60	2	2	1.6833362066516104	3.186154093452455	29.816666666666666	58
523	holistic	60	1	1	1.162859271341652	3.383575611602268	23.516666666666666	59
523	conventional	60	1	1	1.6762494318603083	3.4008038255021455	30.8	59
524	holistic	60	2	2	1.1650951655717365	2.7654182453549976	23.316666666666666	59
524	conventional	60	4	4	1.6000794036160448	3.3978794494108775	28.783333333333335	59
525	holistic	60	3	3	1.1747633338064878	2.6267671247309554	23.05	59
525	conventional	60	4	4	1.63182589630311	3.3967657959093644	25.783333333333335	57
526	holistic	60	1	1	1.1633219078020944	3.7567605887763924	23.05	59
526	conventional	60	0	0	1.6598089213938572	5.469116836761264	26.783333333333335	58
527	holistic	60	1	1	1.1870175361265254	3.288689967670283	23.05	59
527	conventional	60	0	0	1.7051601121040643	3.451283901705593	27.783333333333335	59
528	holistic	60	2	2	1.1615611932683432	2.7896179476087166	22.05	58
528	conventional	60	1	1	1.7483751053631196	4.121645207542815	27.783333333333335	59
529	holistic	60	0	0	1.1487760491776495	3.0402093559459864	23.05	59
529	conventional	60	1	1	1.6923526516138805	3.952714934023021	27.783333333333335	58
530	holistic	60	2	2	1.1161723277674167	2.394619723384672	22.983333333333334	57
530	conventional	60	0	0	1.7511269626462	7.494647286372794	28.783333333333335	59
531	holistic	60	0	0	1.1538748439785644	3.1298891647900966	23.983333333333334	58
531	conventional	60	2	2	1.678413279277272	5.985279139478656	27.783333333333335	58
532	holistic	60	1	1	1.179344742634972	3.2225593845848945	24.916666666666668	59
532	conventional	60	0	0	1.6839901456790853	4.141945653679578	28.783333333333335	59
533	holistic	60	1	1	1.24485868619199	3.8693058580188615	24.916666666666668	55
533	conventional	60	1	1	1.7401516883885328	4.476054045295489	28.783333333333335	59
534	holistic	60	0	0	1.2058078180770748	3.456974523976743	25.916666666666668	56
534	conventional	60	3	3	1.610573360784368	4.082027294911193	27.633333333333333	59
535	holistic	60	1	1	1.1834940940201955	3.092012094902328	26.783333333333335	57
535	conventional	60	2	2	1.59637012985116	3.8186047648962833	27.6	57
536	holistic	60	0	0	1.1736040901920928	3.1556147618083386	27.783333333333335	58
536	conventional	60	0	0	1.618304488795607	3.5340939334416293	28.6	58
537	holistic	60	1	1	1.1607821929480617	3.0429318139046573	28.716666666666665	59
537	conventional	60	0	0	1.6638591251164685	4.094422292818748	29.6	59
538	holistic	60	1	1	1.1474828393221577	2.9480181853056115	28.716666666666665	54
538	conventional	60	1	1	1.639991162431586	4.1067297516570465	29.6	59
539	holistic	60	1	1	1.183061935603613	2.792509093895133	29.65	55
539	conventional	60	3	3	1.6205291316603587	3.761038217951801	27.6	58
540	holistic	60	0	0	1.2036268234443952	2.610369566182351	30.65	56
540	conventional	60	0	0	1.7181840579837788	4.38968518218624	28.6	59
541	holistic	60	0	0	1.1882549050525133	2.477831378118438	31.65	57
541	conventional	60	1	1	1.6038157631137566	3.6981639182996355	28.6	56
542	holistic	60	1	1	1.1706782139583263	2.3712736943874173	32.45	58
542	conventional	60	2	2	1.5712481321874667	3.6133723732517993	29.416666666666668	57
543	holistic	60	1	1	1.182722468575029	2.2880452131949562	33.15	59
543	conventional	60	0	0	1.6372484582376294	3.5379652420577825	30.416666666666668	58
544	holistic	60	2	2	1.1578246942292054	2.313903538880817	32.15	59
544	conventional	60	0	0	1.587741246511341	3.470258242899642	31.416666666666668	59
545	holistic	60	1	1	1.152815326931364	2.237381906383312	32.15	59
545	conventional	60	1	1	1.5605137786341126	3.4100637006345176	31.416666666666668	58
546	holistic	60	1	1	1.1810326964692488	2.8741244873074594	32.15	58
546	conventional	60	1	1	1.5122285677366831	3.5461189640163093	32.4	59
547	holistic	60	0	0	1.2070041627249914	2.5184995025838486	33.15	59
547	conventional	60	1	1	1.5239438095873268	3.4417227032946327	32.4	59
548	holistic	60	1	1	1.2141296543469755	2.541403343352899	33.15	59
548	conventional	60	1	1	1.5480636344264989	3.4774213772276115	32.4	59
549	holistic	60	1	1	1.1548963144717435	2.608372116073418	33.15	59
549	conventional	60	1	1	1.487436011837057	3.4686072456269503	32.4	59
550	holistic	60	1	1	1.201876503962559	2.521514197403176	33.15	59
550	conventional	60	2	2	1.4814156852371703	3.740295145955725	32.35	58
551	holistic	60	2	2	1.182762970447733	2.6335883486050977	33.016666666666666	58
551	conventional	60	0	0	1.6018742324263597	3.7217504942815256	33.35	59
552	holistic	60	0	0	1.2539220198560197	2.6298472442207443	34.016666666666666	59
552	conventional	60	1	1	1.5789268396289775	3.630524540901765	33.35	59
553	holistic	60	1	1	1.2267725587031881	2.9430781263236763	34.016666666666666	58
553	conventional	60	4	4	1.3991723609199171	3.546071952554722	30.35	59
554	holistic	60	0	0	1.261331109146966	3.4416579320384306	35.016666666666666	59
554	conventional	60	3	3	1.2932521725534305	3.43302751741156	28.35	58
555	holistic	60	3	3	1.2378532459225269	4.232704761023709	33.95	59
555	conventional	60	1	1	1.4418848155836896	3.427192086562023	29.316666666666666	59
556	holistic	60	1	1	1.3357448562972278	4.962384948658284	33.95	59
556	conventional	60	3	3	1.4556257076917172	3.7127632576290233	28.283333333333335	58
557	holistic	60	1	1	1.296358372897938	3.4780657786963696	33.95	59
557	conventional	60	1	1	1.5417269329077867	3.5726042205714106	29.25	59
558	holistic	60	3	3	1.2108910993658968	2.9252416468219837	31.95	59
558	conventional	60	4	4	1.5393921082317368	3.5028081406601372	28.183333333333334	59
559	holistic	60	2	2	1.1758237877321691	2.719444847310968	30.95	59
559	conventional	60	1	1	1.6771686866909634	7.180351130945031	28.183333333333334	59
560	holistic	60	3	3	1.280118295153714	3.902934158034901	29.883333333333333	59
560	conventional	60	2	2	1.686299307526449	3.7676113403912113	28.15	57
561	holistic	60	3	3	1.191511460158762	2.4855425439021963	28.783333333333335	59
561	conventional	60	0	0	1.718682236822676	3.6880274100792696	29.15	58
562	holistic	60	1	1	1.2310460998658916	2.5600825810250742	28.783333333333335	59
562	conventional	60	0	0	1.6386740729149554	3.747783456431606	30.15	59
563	holistic	60	1	1	1.1923709783789085	2.5391381623229665	28.783333333333335	58
563	conventional	60	1	1	1.5890994848931905	3.735264737257762	30.15	59
564	holistic	60	0	0	1.206404946391012	2.637176018247289	29.783333333333335	59
564	conventional	60	2	2	1.5309319242086685	3.722970055176901	29.15	59
565	holistic	60	3	3	1.1691605709999306	2.5864429537511695	28.75	58
565	conventional	60	2	2	1.6330134629459032	5.4270446955720315	29.116666666666667	59
566	holistic	60	0	0	1.2440715084315075	4.72626632872693	29.75	59
566	conventional	60	1	1	1.5697812708195895	3.602677598334142	29.116666666666667	59
567	holistic	60	1	1	1.242892574310474	2.7569523534178932	29.75	59
567	conventional	60	2	2	1.509137401053583	3.618416705430886	28.116666666666667	59
568	holistic	60	2	2	1.2184658820212355	2.7436646999618657	29.616666666666667	58
568	conventional	60	3	3	1.5682334999783145	3.5633670513496956	26.116666666666667	59
569	holistic	60	0	0	1.2320004385639034	2.5383052792184353	30.616666666666667	59
569	conventional	60	2	2	1.5138422319596623	3.6022777038728084	25.116666666666667	56
570	holistic	60	1	1	1.2016597327071434	2.496502827439458	30.616666666666667	59
570	conventional	60	1	1	1.5448064721730137	3.5944931974778216	26.1	57
571	holistic	60	4	4	1.1570813846931107	2.783744976799977	27.616666666666667	58
571	conventional	60	0	0	1.6221419586640131	3.9123608943724073	27.1	58
572	holistic	60	1	1	1.1383246113940726	3.2856111784645115	28.5	59
572	conventional	60	0	0	1.618616619236015	3.5380983059491338	28.1	59
573	holistic	60	3	3	1.1293933679533354	2.522879351627013	27.466666666666665	59
573	conventional	60	2	2	1.543139897960479	3.5114090182238247	27.1	59
574	holistic	60	1	1	1.2141123236575013	2.5765328169133332	27.466666666666665	59
574	conventional	60	1	1	1.5967300675698826	3.465417527549291	27.1	58
575	holistic	60	4	4	1.3029458629443722	4.761352060846942	24.466666666666665	59
575	conventional	60	0	0	1.5722171228281685	3.4214580468165177	28.1	59
576	holistic	60	2	2	1.2838602379325141	3.761919040699798	23.466666666666665	59
576	conventional	60	3	3	1.5668516805929398	3.359258951553064	28.016666666666666	59
577	holistic	60	1	1	1.321673081538892	3.863752766147699	23.466666666666665	59
577	conventional	60	1	1	1.5406355876598425	3.2994735847919894	28.016666666666666	57
578	holistic	60	1	1	1.229281667925103	3.263816045499804	23.466666666666665	58
578	conventional	60	0	0	1.6187437183453182	3.3363683993312763	29.016666666666666	58
579	holistic	60	1	1	1.2110072394645635	2.698933975707616	24.4	59
579	conventional	60	0	0	1.5766374530122638	3.3163174627439584	30.016666666666666	59
580	holistic	60	1	1	1.2372205203093654	2.9785351390859804	24.4	59
580	conventional	60	1	1	1.6176775405169048	3.3157033595585363	30.016666666666666	59
581	holistic	60	1	1	1.2498646846143369	2.4621297630409367	24.4	59
581	conventional	60	1	1	1.6093004701599296	3.332626800002213	30.016666666666666	59
582	holistic	60	2	2	1.2424713925629045	2.4483342558496215	24.333333333333332	59
582	conventional	60	2	2	1.5943117635048598	3.366509079076103	29.933333333333334	58
583	holistic	60	2	2	1.1876902206214546	2.535979688187358	24.133333333333333	59
583	conventional	60	1	1	1.571773547965798	3.2960545276683186	30.9	59
584	holistic	60	2	2	1.2110901606480753	3.422212936559409	23.133333333333333	59
584	conventional	60	5	5	1.4778621275561965	3.244624751996656	27.866666666666667	59
585	holistic	60	2	2	1.1844952380194256	3.2903245355950776	22.133333333333333	57
585	conventional	60	4	4	1.5196620881116014	4.203681400689731	25.833333333333332	57
586	holistic	60	1	1	1.2753335076400503	5.924371108129599	23.066666666666666	58
586	conventional	60	1	1	1.5823233800672856	3.4666065145673457	26.8	58
587	holistic	60	0	0	1.2324492157958984	3.424825343296475	24.066666666666666	59
587	conventional	60	0	0	1.6501052903270652	5.276642694942549	27.8	59
588	holistic	60	2	2	1.2481735603305093	3.2670627720675416	24.0	58
588	conventional	60	2	2	1.544175569362225	3.772044712749619	27.75	59
589	holistic	60	0	0	1.22835443003968	2.961819111387804	25.0	59
589	conventional	60	1	1	1.5930260261789764	4.215688533664075	27.75	58
590	holistic	60	2	2	1.156541423806076	2.937764943742568	24.933333333333334	58
590	conventional	60	0	0	1.504165391704118	2.7017178859746847	28.75	59
591	holistic	60	0	0	1.2043494991082615	3.0305019616754705	25.933333333333334	59
591	conventional	60	2	2	1.491211812659626	2.614659803274979	27.75	57
592	holistic	60	2	2	1.2130016243457444	2.7798279109067643	25.866666666666667	55
592	conventional	60	0	0	1.504954685079788	2.77003556342655	28.75	58
593	holistic	60	0	0	1.1968830354233035	2.640338261716789	26.866666666666667	56
593	conventional	60	0	0	1.4538113570515327	2.5929104310821702	29.75	59
594	holistic	60	0	0	1.2450570318033622	2.6651969410704193	27.866666666666667	57
594	conventional	60	4	4	1.3968242567352296	2.6685932329535946	28.65	59
595	holistic	60	0	0	1.2180022443561627	2.6080550429357383	28.866666666666667	58
595	conventional	60	2	2	1.444758965251599	4.290783431215173	27.65	57
596	holistic	60	0	0	1.2435527762941256	2.7112279680337967	29.866666666666667	59
596	conventional	60	1	1	1.4897877082564228	3.7918002437867235	28.633333333333333	58
597	holistic	60	1	1	1.207474466435816	2.78289886085673	29.866666666666667	59
597	conventional	60	0	0	1.4827648493998364	4.292553633037028	29.633333333333333	59
598	holistic	60	1	1	1.199169658964523	2.8540709296689246	29.866666666666667	59
598	conventional	60	1	1	1.5002044814657023	4.293353350912859	29.633333333333333	59
599	holistic	60	1	1	1.2292446128525158	2.7402602265615776	29.866666666666667	57
599	conventional	60	3	3	1.4104921333246523	3.292036797992865	28.55	58
