# RBT-102 structural carriage -- runs/RBT-106/P1-7

seed 7; state.json season 600 of 600; fauna: conventional (fixed_body 'pioneer'); window seasons 300-599
genomes saved at birth: 1855; living names without a genome: 0

## Positive control (before any number)

  20 window genomes (seed 102); installs ((1.0, 1.0), (8.0, -1.0)) (w, sign)
  installed motif detected 40 of 40; install invalid 0; bare genomes carrying 1 of 20
  positive control: PASSED

## Carriage per season (living conventional fauna)

| season | alive | carriers | fraction | mean depth |
|---|---|---|---|---|
| 0 | 60 | 30 | 0.5000 | 0.0 |
| 1 | 60 | 31 | 0.5167 | 0.0 |
| 2 | 60 | 31 | 0.5167 | 0.1 |
| 3 | 60 | 31 | 0.5167 | 0.2 |
| 4 | 60 | 26 | 0.4333 | 0.4 |
| 5 | 60 | 26 | 0.4333 | 0.6 |
| 6 | 60 | 27 | 0.4500 | 0.7 |
| 7 | 60 | 26 | 0.4333 | 0.8 |
| 8 | 60 | 22 | 0.3667 | 0.9 |
| 9 | 60 | 19 | 0.3167 | 0.9 |
| 10 | 60 | 20 | 0.3333 | 1.0 |
| 11 | 60 | 21 | 0.3500 | 1.0 |
| 12 | 60 | 20 | 0.3333 | 1.1 |
| 13 | 60 | 20 | 0.3333 | 1.1 |
| 14 | 60 | 18 | 0.3000 | 1.2 |
| 15 | 60 | 18 | 0.3000 | 1.3 |
| 16 | 60 | 19 | 0.3167 | 1.4 |
| 17 | 60 | 18 | 0.3000 | 1.3 |
| 18 | 60 | 19 | 0.3167 | 1.3 |
| 19 | 60 | 18 | 0.3000 | 1.3 |
| 20 | 60 | 18 | 0.3000 | 1.4 |
| 21 | 60 | 19 | 0.3167 | 1.4 |
| 22 | 60 | 19 | 0.3167 | 1.4 |
| 23 | 60 | 17 | 0.2833 | 1.5 |
| 24 | 60 | 19 | 0.3167 | 1.5 |
| 25 | 60 | 19 | 0.3167 | 1.5 |
| 26 | 60 | 18 | 0.3000 | 1.6 |
| 27 | 60 | 17 | 0.2833 | 1.6 |
| 28 | 60 | 17 | 0.2833 | 1.6 |
| 29 | 60 | 17 | 0.2833 | 1.6 |
| 30 | 60 | 17 | 0.2833 | 1.6 |
| 31 | 60 | 16 | 0.2667 | 1.6 |
| 32 | 60 | 16 | 0.2667 | 1.6 |
| 33 | 60 | 15 | 0.2500 | 1.7 |
| 34 | 60 | 15 | 0.2500 | 1.7 |
| 35 | 60 | 16 | 0.2667 | 1.7 |
| 36 | 60 | 16 | 0.2667 | 1.7 |
| 37 | 60 | 17 | 0.2833 | 1.7 |
| 38 | 60 | 17 | 0.2833 | 1.7 |
| 39 | 60 | 17 | 0.2833 | 1.7 |
| 40 | 60 | 17 | 0.2833 | 1.7 |
| 41 | 60 | 18 | 0.3000 | 1.7 |
| 42 | 60 | 18 | 0.3000 | 1.8 |
| 43 | 60 | 18 | 0.3000 | 1.8 |
| 44 | 60 | 18 | 0.3000 | 1.7 |
| 45 | 60 | 19 | 0.3167 | 1.8 |
| 46 | 60 | 19 | 0.3167 | 1.8 |
| 47 | 60 | 18 | 0.3000 | 1.8 |
| 48 | 60 | 17 | 0.2833 | 1.8 |
| 49 | 60 | 18 | 0.3000 | 1.8 |
| 50 | 60 | 18 | 0.3000 | 1.9 |
| 51 | 60 | 18 | 0.3000 | 1.9 |
| 52 | 60 | 17 | 0.2833 | 1.9 |
| 53 | 60 | 17 | 0.2833 | 1.9 |
| 54 | 60 | 16 | 0.2667 | 2.0 |
| 55 | 60 | 15 | 0.2500 | 2.0 |
| 56 | 60 | 15 | 0.2500 | 2.0 |
| 57 | 60 | 18 | 0.3000 | 2.0 |
| 58 | 60 | 17 | 0.2833 | 2.1 |
| 59 | 60 | 17 | 0.2833 | 2.1 |
| 60 | 60 | 18 | 0.3000 | 2.1 |
| 61 | 60 | 19 | 0.3167 | 2.1 |
| 62 | 60 | 19 | 0.3167 | 2.3 |
| 63 | 60 | 20 | 0.3333 | 2.5 |
| 64 | 60 | 19 | 0.3167 | 2.4 |
| 65 | 60 | 20 | 0.3333 | 2.6 |
| 66 | 60 | 18 | 0.3000 | 2.7 |
| 67 | 60 | 18 | 0.3000 | 2.7 |
| 68 | 60 | 19 | 0.3167 | 2.7 |
| 69 | 60 | 18 | 0.3000 | 3.0 |
| 70 | 60 | 17 | 0.2833 | 3.0 |
| 71 | 60 | 19 | 0.3167 | 3.0 |
| 72 | 60 | 22 | 0.3667 | 2.9 |
| 73 | 60 | 18 | 0.3000 | 3.0 |
| 74 | 60 | 15 | 0.2500 | 3.1 |
| 75 | 60 | 16 | 0.2667 | 3.2 |
| 76 | 60 | 17 | 0.2833 | 3.4 |
| 77 | 60 | 18 | 0.3000 | 3.5 |
| 78 | 60 | 18 | 0.3000 | 3.5 |
| 79 | 60 | 19 | 0.3167 | 3.5 |
| 80 | 60 | 20 | 0.3333 | 3.7 |
| 81 | 60 | 21 | 0.3500 | 3.7 |
| 82 | 60 | 22 | 0.3667 | 3.7 |
| 83 | 60 | 21 | 0.3500 | 3.7 |
| 84 | 60 | 21 | 0.3500 | 3.8 |
| 85 | 60 | 22 | 0.3667 | 3.8 |
| 86 | 60 | 21 | 0.3500 | 3.8 |
| 87 | 60 | 20 | 0.3333 | 3.7 |
| 88 | 60 | 21 | 0.3500 | 3.7 |
| 89 | 60 | 20 | 0.3333 | 3.7 |
| 90 | 60 | 18 | 0.3000 | 3.9 |
| 91 | 60 | 17 | 0.2833 | 3.9 |
| 92 | 60 | 16 | 0.2667 | 3.9 |
| 93 | 60 | 19 | 0.3167 | 4.0 |
| 94 | 60 | 20 | 0.3333 | 4.0 |
| 95 | 60 | 20 | 0.3333 | 4.0 |
| 96 | 60 | 20 | 0.3333 | 4.0 |
| 97 | 60 | 21 | 0.3500 | 4.0 |
| 98 | 60 | 21 | 0.3500 | 4.0 |
| 99 | 60 | 20 | 0.3333 | 4.0 |
| 100 | 60 | 20 | 0.3333 | 4.0 |
| 101 | 60 | 21 | 0.3500 | 4.0 |
| 102 | 60 | 21 | 0.3500 | 4.0 |
| 103 | 60 | 20 | 0.3333 | 4.1 |
| 104 | 60 | 20 | 0.3333 | 4.0 |
| 105 | 60 | 20 | 0.3333 | 4.0 |
| 106 | 60 | 20 | 0.3333 | 4.0 |
| 107 | 60 | 20 | 0.3333 | 4.0 |
| 108 | 60 | 21 | 0.3500 | 4.0 |
| 109 | 60 | 22 | 0.3667 | 4.0 |
| 110 | 60 | 21 | 0.3500 | 4.2 |
| 111 | 60 | 20 | 0.3333 | 4.2 |
| 112 | 60 | 21 | 0.3500 | 4.2 |
| 113 | 60 | 21 | 0.3500 | 4.2 |
| 114 | 60 | 22 | 0.3667 | 4.2 |
| 115 | 60 | 22 | 0.3667 | 4.2 |
| 116 | 60 | 20 | 0.3333 | 4.3 |
| 117 | 60 | 19 | 0.3167 | 4.4 |
| 118 | 60 | 18 | 0.3000 | 4.5 |
| 119 | 60 | 18 | 0.3000 | 4.5 |
| 120 | 60 | 18 | 0.3000 | 4.5 |
| 121 | 60 | 18 | 0.3000 | 4.5 |
| 122 | 60 | 17 | 0.2833 | 4.6 |
| 123 | 60 | 17 | 0.2833 | 4.6 |
| 124 | 60 | 18 | 0.3000 | 4.6 |
| 125 | 60 | 19 | 0.3167 | 4.8 |
| 126 | 60 | 18 | 0.3000 | 5.0 |
| 127 | 60 | 18 | 0.3000 | 5.0 |
| 128 | 60 | 19 | 0.3167 | 5.0 |
| 129 | 60 | 19 | 0.3167 | 5.0 |
| 130 | 60 | 19 | 0.3167 | 5.0 |
| 131 | 60 | 18 | 0.3000 | 5.1 |
| 132 | 60 | 18 | 0.3000 | 5.2 |
| 133 | 60 | 21 | 0.3500 | 5.3 |
| 134 | 60 | 20 | 0.3333 | 5.4 |
| 135 | 60 | 22 | 0.3667 | 5.4 |
| 136 | 60 | 21 | 0.3500 | 5.4 |
| 137 | 60 | 21 | 0.3500 | 5.3 |
| 138 | 60 | 20 | 0.3333 | 5.5 |
| 139 | 60 | 18 | 0.3000 | 5.6 |
| 140 | 60 | 19 | 0.3167 | 5.6 |
| 141 | 60 | 20 | 0.3333 | 5.6 |
| 142 | 60 | 18 | 0.3000 | 5.8 |
| 143 | 60 | 15 | 0.2500 | 5.9 |
| 144 | 60 | 16 | 0.2667 | 5.9 |
| 145 | 60 | 16 | 0.2667 | 6.0 |
| 146 | 60 | 14 | 0.2333 | 6.0 |
| 147 | 60 | 14 | 0.2333 | 6.0 |
| 148 | 60 | 15 | 0.2500 | 6.0 |
| 149 | 60 | 15 | 0.2500 | 6.0 |
| 150 | 60 | 16 | 0.2667 | 6.1 |
| 151 | 60 | 16 | 0.2667 | 6.0 |
| 152 | 60 | 17 | 0.2833 | 6.0 |
| 153 | 60 | 16 | 0.2667 | 6.1 |
| 154 | 60 | 14 | 0.2333 | 6.3 |
| 155 | 60 | 12 | 0.2000 | 6.4 |
| 156 | 60 | 12 | 0.2000 | 6.4 |
| 157 | 60 | 13 | 0.2167 | 6.4 |
| 158 | 60 | 13 | 0.2167 | 6.4 |
| 159 | 60 | 15 | 0.2500 | 6.4 |
| 160 | 60 | 15 | 0.2500 | 6.5 |
| 161 | 60 | 14 | 0.2333 | 6.6 |
| 162 | 60 | 14 | 0.2333 | 6.7 |
| 163 | 60 | 14 | 0.2333 | 6.7 |
| 164 | 60 | 14 | 0.2333 | 6.6 |
| 165 | 60 | 14 | 0.2333 | 6.7 |
| 166 | 60 | 15 | 0.2500 | 6.6 |
| 167 | 60 | 15 | 0.2500 | 6.7 |
| 168 | 60 | 13 | 0.2167 | 6.7 |
| 169 | 60 | 12 | 0.2000 | 6.7 |
| 170 | 60 | 12 | 0.2000 | 6.7 |
| 171 | 60 | 12 | 0.2000 | 6.7 |
| 172 | 60 | 12 | 0.2000 | 6.8 |
| 173 | 60 | 12 | 0.2000 | 6.8 |
| 174 | 60 | 12 | 0.2000 | 6.8 |
| 175 | 60 | 13 | 0.2167 | 6.8 |
| 176 | 60 | 13 | 0.2167 | 6.8 |
| 177 | 60 | 12 | 0.2000 | 7.0 |
| 178 | 60 | 12 | 0.2000 | 7.0 |
| 179 | 60 | 12 | 0.2000 | 7.0 |
| 180 | 60 | 12 | 0.2000 | 7.0 |
| 181 | 60 | 13 | 0.2167 | 7.0 |
| 182 | 60 | 13 | 0.2167 | 7.0 |
| 183 | 60 | 13 | 0.2167 | 7.0 |
| 184 | 60 | 13 | 0.2167 | 7.1 |
| 185 | 60 | 12 | 0.2000 | 7.2 |
| 186 | 60 | 12 | 0.2000 | 7.3 |
| 187 | 60 | 12 | 0.2000 | 7.3 |
| 188 | 60 | 12 | 0.2000 | 7.2 |
| 189 | 60 | 14 | 0.2333 | 7.3 |
| 190 | 60 | 15 | 0.2500 | 7.3 |
| 191 | 60 | 14 | 0.2333 | 7.5 |
| 192 | 60 | 13 | 0.2167 | 7.4 |
| 193 | 60 | 13 | 0.2167 | 7.4 |
| 194 | 60 | 13 | 0.2167 | 7.5 |
| 195 | 60 | 13 | 0.2167 | 7.4 |
| 196 | 60 | 12 | 0.2000 | 7.5 |
| 197 | 60 | 11 | 0.1833 | 7.5 |
| 198 | 60 | 11 | 0.1833 | 7.6 |
| 199 | 60 | 10 | 0.1667 | 7.7 |
| 200 | 60 | 11 | 0.1833 | 7.7 |
| 201 | 60 | 11 | 0.1833 | 7.7 |
| 202 | 60 | 11 | 0.1833 | 7.8 |
| 203 | 60 | 11 | 0.1833 | 7.8 |
| 204 | 60 | 11 | 0.1833 | 7.9 |
| 205 | 60 | 11 | 0.1833 | 7.9 |
| 206 | 60 | 11 | 0.1833 | 8.0 |
| 207 | 60 | 11 | 0.1833 | 8.0 |
| 208 | 60 | 10 | 0.1667 | 8.2 |
| 209 | 60 | 10 | 0.1667 | 8.2 |
| 210 | 60 | 11 | 0.1833 | 8.3 |
| 211 | 60 | 12 | 0.2000 | 8.3 |
| 212 | 60 | 12 | 0.2000 | 8.4 |
| 213 | 60 | 12 | 0.2000 | 8.5 |
| 214 | 60 | 12 | 0.2000 | 8.6 |
| 215 | 60 | 12 | 0.2000 | 8.6 |
| 216 | 60 | 12 | 0.2000 | 8.7 |
| 217 | 60 | 11 | 0.1833 | 8.7 |
| 218 | 60 | 12 | 0.2000 | 8.7 |
| 219 | 60 | 11 | 0.1833 | 8.7 |
| 220 | 60 | 11 | 0.1833 | 8.8 |
| 221 | 60 | 11 | 0.1833 | 8.8 |
| 222 | 60 | 11 | 0.1833 | 8.7 |
| 223 | 60 | 11 | 0.1833 | 8.8 |
| 224 | 60 | 11 | 0.1833 | 8.9 |
| 225 | 60 | 12 | 0.2000 | 8.9 |
| 226 | 60 | 12 | 0.2000 | 8.9 |
| 227 | 60 | 10 | 0.1667 | 8.9 |
| 228 | 60 | 11 | 0.1833 | 8.9 |
| 229 | 60 | 11 | 0.1833 | 8.9 |
| 230 | 60 | 12 | 0.2000 | 8.9 |
| 231 | 60 | 12 | 0.2000 | 8.9 |
| 232 | 60 | 12 | 0.2000 | 9.0 |
| 233 | 60 | 13 | 0.2167 | 9.0 |
| 234 | 60 | 14 | 0.2333 | 9.1 |
| 235 | 60 | 13 | 0.2167 | 9.1 |
| 236 | 60 | 13 | 0.2167 | 9.1 |
| 237 | 60 | 13 | 0.2167 | 9.1 |
| 238 | 60 | 14 | 0.2333 | 9.1 |
| 239 | 60 | 14 | 0.2333 | 9.1 |
| 240 | 60 | 13 | 0.2167 | 9.1 |
| 241 | 60 | 13 | 0.2167 | 9.1 |
| 242 | 60 | 12 | 0.2000 | 9.2 |
| 243 | 60 | 13 | 0.2167 | 9.1 |
| 244 | 60 | 13 | 0.2167 | 9.1 |
| 245 | 60 | 13 | 0.2167 | 9.2 |
| 246 | 60 | 13 | 0.2167 | 9.3 |
| 247 | 60 | 13 | 0.2167 | 9.3 |
| 248 | 60 | 12 | 0.2000 | 9.3 |
| 249 | 60 | 14 | 0.2333 | 9.3 |
| 250 | 60 | 14 | 0.2333 | 9.3 |
| 251 | 60 | 14 | 0.2333 | 9.3 |
| 252 | 60 | 14 | 0.2333 | 9.3 |
| 253 | 60 | 15 | 0.2500 | 9.4 |
| 254 | 60 | 15 | 0.2500 | 9.4 |
| 255 | 60 | 14 | 0.2333 | 9.5 |
| 256 | 60 | 14 | 0.2333 | 9.5 |
| 257 | 60 | 15 | 0.2500 | 9.6 |
| 258 | 60 | 13 | 0.2167 | 9.6 |
| 259 | 60 | 13 | 0.2167 | 9.7 |
| 260 | 60 | 13 | 0.2167 | 9.7 |
| 261 | 60 | 13 | 0.2167 | 9.8 |
| 262 | 60 | 13 | 0.2167 | 9.8 |
| 263 | 60 | 13 | 0.2167 | 9.9 |
| 264 | 60 | 14 | 0.2333 | 9.9 |
| 265 | 60 | 16 | 0.2667 | 9.9 |
| 266 | 60 | 14 | 0.2333 | 10.1 |
| 267 | 60 | 14 | 0.2333 | 10.1 |
| 268 | 60 | 14 | 0.2333 | 10.0 |
| 269 | 60 | 16 | 0.2667 | 10.1 |
| 270 | 60 | 17 | 0.2833 | 10.0 |
| 271 | 60 | 15 | 0.2500 | 10.1 |
| 272 | 60 | 15 | 0.2500 | 10.1 |
| 273 | 60 | 16 | 0.2667 | 10.2 |
| 274 | 60 | 15 | 0.2500 | 10.2 |
| 275 | 60 | 15 | 0.2500 | 10.2 |
| 276 | 60 | 16 | 0.2667 | 10.2 |
| 277 | 60 | 14 | 0.2333 | 10.2 |
| 278 | 60 | 14 | 0.2333 | 10.3 |
| 279 | 60 | 15 | 0.2500 | 10.3 |
| 280 | 60 | 17 | 0.2833 | 10.2 |
| 281 | 60 | 15 | 0.2500 | 10.2 |
| 282 | 60 | 15 | 0.2500 | 10.2 |
| 283 | 60 | 16 | 0.2667 | 10.2 |
| 284 | 60 | 14 | 0.2333 | 10.3 |
| 285 | 60 | 13 | 0.2167 | 10.4 |
| 286 | 60 | 13 | 0.2167 | 10.4 |
| 287 | 60 | 13 | 0.2167 | 10.6 |
| 288 | 60 | 13 | 0.2167 | 10.6 |
| 289 | 60 | 12 | 0.2000 | 10.6 |
| 290 | 60 | 11 | 0.1833 | 10.7 |
| 291 | 60 | 12 | 0.2000 | 10.7 |
| 292 | 60 | 12 | 0.2000 | 10.6 |
| 293 | 60 | 12 | 0.2000 | 10.6 |
| 294 | 60 | 12 | 0.2000 | 10.7 |
| 295 | 60 | 12 | 0.2000 | 10.7 |
| 296 | 60 | 12 | 0.2000 | 10.7 |
| 297 | 60 | 12 | 0.2000 | 10.8 |
| 298 | 60 | 12 | 0.2000 | 10.8 |
| 299 | 60 | 12 | 0.2000 | 10.8 |
| 300 | 60 | 12 | 0.2000 | 10.8 |
| 301 | 60 | 12 | 0.2000 | 10.8 |
| 302 | 60 | 12 | 0.2000 | 10.8 |
| 303 | 60 | 12 | 0.2000 | 10.8 |
| 304 | 60 | 12 | 0.2000 | 10.8 |
| 305 | 60 | 13 | 0.2167 | 10.8 |
| 306 | 60 | 13 | 0.2167 | 10.9 |
| 307 | 60 | 12 | 0.2000 | 11.0 |
| 308 | 60 | 11 | 0.1833 | 11.1 |
| 309 | 60 | 11 | 0.1833 | 11.1 |
| 310 | 60 | 11 | 0.1833 | 11.1 |
| 311 | 60 | 10 | 0.1667 | 11.1 |
| 312 | 60 | 10 | 0.1667 | 11.1 |
| 313 | 60 | 11 | 0.1833 | 11.2 |
| 314 | 60 | 12 | 0.2000 | 11.2 |
| 315 | 60 | 12 | 0.2000 | 11.2 |
| 316 | 60 | 13 | 0.2167 | 11.2 |
| 317 | 60 | 13 | 0.2167 | 11.3 |
| 318 | 60 | 12 | 0.2000 | 11.3 |
| 319 | 60 | 12 | 0.2000 | 11.4 |
| 320 | 60 | 12 | 0.2000 | 11.3 |
| 321 | 60 | 12 | 0.2000 | 11.4 |
| 322 | 60 | 11 | 0.1833 | 11.7 |
| 323 | 60 | 11 | 0.1833 | 11.7 |
| 324 | 60 | 9 | 0.1500 | 11.8 |
| 325 | 60 | 12 | 0.2000 | 11.8 |
| 326 | 60 | 11 | 0.1833 | 11.9 |
| 327 | 60 | 9 | 0.1500 | 12.0 |
| 328 | 60 | 9 | 0.1500 | 12.0 |
| 329 | 60 | 10 | 0.1667 | 12.0 |
| 330 | 60 | 10 | 0.1667 | 12.1 |
| 331 | 60 | 10 | 0.1667 | 12.1 |
| 332 | 60 | 10 | 0.1667 | 12.1 |
| 333 | 60 | 11 | 0.1833 | 12.1 |
| 334 | 60 | 11 | 0.1833 | 12.2 |
| 335 | 60 | 11 | 0.1833 | 12.3 |
| 336 | 60 | 13 | 0.2167 | 12.2 |
| 337 | 60 | 13 | 0.2167 | 12.2 |
| 338 | 60 | 13 | 0.2167 | 12.2 |
| 339 | 60 | 12 | 0.2000 | 12.3 |
| 340 | 60 | 11 | 0.1833 | 12.5 |
| 341 | 60 | 11 | 0.1833 | 12.6 |
| 342 | 60 | 11 | 0.1833 | 12.6 |
| 343 | 60 | 11 | 0.1833 | 12.6 |
| 344 | 60 | 11 | 0.1833 | 12.5 |
| 345 | 60 | 11 | 0.1833 | 12.6 |
| 346 | 60 | 13 | 0.2167 | 12.7 |
| 347 | 60 | 14 | 0.2333 | 12.8 |
| 348 | 60 | 13 | 0.2167 | 12.7 |
| 349 | 60 | 13 | 0.2167 | 12.7 |
| 350 | 60 | 12 | 0.2000 | 12.8 |
| 351 | 60 | 11 | 0.1833 | 12.8 |
| 352 | 60 | 10 | 0.1667 | 13.0 |
| 353 | 60 | 12 | 0.2000 | 13.2 |
| 354 | 60 | 13 | 0.2167 | 13.2 |
| 355 | 60 | 12 | 0.2000 | 13.2 |
| 356 | 60 | 13 | 0.2167 | 13.2 |
| 357 | 60 | 13 | 0.2167 | 13.2 |
| 358 | 60 | 11 | 0.1833 | 13.2 |
| 359 | 60 | 11 | 0.1833 | 13.3 |
| 360 | 60 | 11 | 0.1833 | 13.3 |
| 361 | 60 | 11 | 0.1833 | 13.3 |
| 362 | 60 | 11 | 0.1833 | 13.3 |
| 363 | 60 | 11 | 0.1833 | 13.4 |
| 364 | 60 | 12 | 0.2000 | 13.3 |
| 365 | 60 | 12 | 0.2000 | 13.4 |
| 366 | 60 | 10 | 0.1667 | 13.4 |
| 367 | 60 | 10 | 0.1667 | 13.4 |
| 368 | 60 | 10 | 0.1667 | 13.5 |
| 369 | 60 | 11 | 0.1833 | 13.5 |
| 370 | 60 | 12 | 0.2000 | 13.5 |
| 371 | 60 | 11 | 0.1833 | 13.6 |
| 372 | 60 | 10 | 0.1667 | 13.6 |
| 373 | 60 | 9 | 0.1500 | 13.6 |
| 374 | 60 | 10 | 0.1667 | 13.7 |
| 375 | 60 | 11 | 0.1833 | 13.7 |
| 376 | 60 | 9 | 0.1500 | 13.7 |
| 377 | 60 | 9 | 0.1500 | 13.7 |
| 378 | 60 | 10 | 0.1667 | 13.8 |
| 379 | 60 | 11 | 0.1833 | 13.9 |
| 380 | 60 | 10 | 0.1667 | 14.1 |
| 381 | 60 | 8 | 0.1333 | 14.3 |
| 382 | 60 | 8 | 0.1333 | 14.4 |
| 383 | 60 | 8 | 0.1333 | 14.4 |
| 384 | 60 | 8 | 0.1333 | 14.3 |
| 385 | 60 | 7 | 0.1167 | 14.3 |
| 386 | 60 | 7 | 0.1167 | 14.4 |
| 387 | 60 | 8 | 0.1333 | 14.3 |
| 388 | 60 | 8 | 0.1333 | 14.3 |
| 389 | 60 | 7 | 0.1167 | 14.4 |
| 390 | 60 | 7 | 0.1167 | 14.5 |
| 391 | 60 | 7 | 0.1167 | 14.5 |
| 392 | 60 | 7 | 0.1167 | 14.5 |
| 393 | 60 | 7 | 0.1167 | 14.4 |
| 394 | 60 | 8 | 0.1333 | 14.4 |
| 395 | 60 | 9 | 0.1500 | 14.6 |
| 396 | 60 | 9 | 0.1500 | 14.6 |
| 397 | 60 | 9 | 0.1500 | 14.6 |
| 398 | 60 | 10 | 0.1667 | 14.5 |
| 399 | 60 | 11 | 0.1833 | 14.6 |
| 400 | 60 | 10 | 0.1667 | 14.7 |
| 401 | 60 | 11 | 0.1833 | 14.7 |
| 402 | 60 | 12 | 0.2000 | 14.7 |
| 403 | 60 | 11 | 0.1833 | 14.7 |
| 404 | 60 | 11 | 0.1833 | 14.8 |
| 405 | 60 | 13 | 0.2167 | 14.7 |
| 406 | 60 | 13 | 0.2167 | 15.0 |
| 407 | 60 | 12 | 0.2000 | 15.1 |
| 408 | 60 | 10 | 0.1667 | 15.0 |
| 409 | 60 | 10 | 0.1667 | 15.0 |
| 410 | 60 | 11 | 0.1833 | 15.1 |
| 411 | 60 | 12 | 0.2000 | 15.0 |
| 412 | 60 | 13 | 0.2167 | 14.9 |
| 413 | 60 | 15 | 0.2500 | 15.1 |
| 414 | 60 | 15 | 0.2500 | 15.2 |
| 415 | 60 | 14 | 0.2333 | 15.2 |
| 416 | 60 | 12 | 0.2000 | 15.2 |
| 417 | 60 | 13 | 0.2167 | 15.2 |
| 418 | 60 | 14 | 0.2333 | 15.2 |
| 419 | 60 | 15 | 0.2500 | 15.3 |
| 420 | 60 | 13 | 0.2167 | 15.6 |
| 421 | 60 | 15 | 0.2500 | 15.5 |
| 422 | 60 | 15 | 0.2500 | 15.5 |
| 423 | 60 | 14 | 0.2333 | 15.6 |
| 424 | 60 | 15 | 0.2500 | 15.6 |
| 425 | 60 | 15 | 0.2500 | 15.5 |
| 426 | 60 | 14 | 0.2333 | 15.4 |
| 427 | 60 | 15 | 0.2500 | 15.4 |
| 428 | 60 | 14 | 0.2333 | 15.4 |
| 429 | 60 | 15 | 0.2500 | 15.5 |
| 430 | 60 | 15 | 0.2500 | 15.6 |
| 431 | 60 | 15 | 0.2500 | 15.8 |
| 432 | 60 | 16 | 0.2667 | 15.7 |
| 433 | 60 | 17 | 0.2833 | 15.8 |
| 434 | 60 | 15 | 0.2500 | 15.9 |
| 435 | 60 | 14 | 0.2333 | 16.0 |
| 436 | 60 | 14 | 0.2333 | 16.0 |
| 437 | 60 | 13 | 0.2167 | 16.0 |
| 438 | 60 | 14 | 0.2333 | 16.0 |
| 439 | 60 | 15 | 0.2500 | 16.0 |
| 440 | 60 | 12 | 0.2000 | 16.0 |
| 441 | 60 | 12 | 0.2000 | 16.2 |
| 442 | 60 | 12 | 0.2000 | 16.2 |
| 443 | 60 | 12 | 0.2000 | 16.1 |
| 444 | 60 | 12 | 0.2000 | 16.3 |
| 445 | 60 | 12 | 0.2000 | 16.3 |
| 446 | 60 | 12 | 0.2000 | 16.4 |
| 447 | 60 | 12 | 0.2000 | 16.3 |
| 448 | 60 | 11 | 0.1833 | 16.5 |
| 449 | 60 | 11 | 0.1833 | 16.5 |
| 450 | 60 | 12 | 0.2000 | 16.4 |
| 451 | 60 | 11 | 0.1833 | 16.5 |
| 452 | 60 | 12 | 0.2000 | 16.4 |
| 453 | 60 | 12 | 0.2000 | 16.5 |
| 454 | 60 | 12 | 0.2000 | 16.4 |
| 455 | 60 | 13 | 0.2167 | 16.5 |
| 456 | 60 | 14 | 0.2333 | 16.5 |
| 457 | 60 | 14 | 0.2333 | 16.5 |
| 458 | 60 | 14 | 0.2333 | 16.7 |
| 459 | 60 | 14 | 0.2333 | 16.8 |
| 460 | 60 | 14 | 0.2333 | 16.8 |
| 461 | 60 | 15 | 0.2500 | 16.8 |
| 462 | 60 | 12 | 0.2000 | 16.9 |
| 463 | 60 | 11 | 0.1833 | 17.0 |
| 464 | 60 | 12 | 0.2000 | 17.1 |
| 465 | 60 | 12 | 0.2000 | 17.0 |
| 466 | 60 | 12 | 0.2000 | 17.0 |
| 467 | 60 | 12 | 0.2000 | 17.0 |
| 468 | 60 | 11 | 0.1833 | 17.0 |
| 469 | 60 | 11 | 0.1833 | 17.1 |
| 470 | 60 | 11 | 0.1833 | 17.0 |
| 471 | 60 | 14 | 0.2333 | 16.9 |
| 472 | 60 | 15 | 0.2500 | 17.0 |
| 473 | 60 | 12 | 0.2000 | 17.1 |
| 474 | 60 | 11 | 0.1833 | 17.2 |
| 475 | 60 | 12 | 0.2000 | 17.2 |
| 476 | 60 | 9 | 0.1500 | 17.4 |
| 477 | 60 | 9 | 0.1500 | 17.4 |
| 478 | 60 | 9 | 0.1500 | 17.4 |
| 479 | 60 | 10 | 0.1667 | 17.5 |
| 480 | 60 | 11 | 0.1833 | 17.5 |
| 481 | 60 | 12 | 0.2000 | 17.7 |
| 482 | 60 | 13 | 0.2167 | 17.8 |
| 483 | 60 | 14 | 0.2333 | 17.6 |
| 484 | 60 | 14 | 0.2333 | 17.6 |
| 485 | 60 | 15 | 0.2500 | 17.8 |
| 486 | 60 | 15 | 0.2500 | 17.8 |
| 487 | 60 | 17 | 0.2833 | 17.7 |
| 488 | 60 | 16 | 0.2667 | 17.8 |
| 489 | 60 | 15 | 0.2500 | 17.9 |
| 490 | 60 | 14 | 0.2333 | 17.8 |
| 491 | 60 | 14 | 0.2333 | 17.8 |
| 492 | 60 | 14 | 0.2333 | 17.9 |
| 493 | 60 | 14 | 0.2333 | 17.9 |
| 494 | 60 | 14 | 0.2333 | 17.9 |
| 495 | 60 | 15 | 0.2500 | 18.1 |
| 496 | 60 | 15 | 0.2500 | 18.2 |
| 497 | 60 | 16 | 0.2667 | 18.2 |
| 498 | 60 | 15 | 0.2500 | 18.2 |
| 499 | 60 | 16 | 0.2667 | 18.2 |
| 500 | 60 | 17 | 0.2833 | 18.3 |
| 501 | 60 | 18 | 0.3000 | 18.3 |
| 502 | 60 | 18 | 0.3000 | 18.3 |
| 503 | 60 | 19 | 0.3167 | 18.4 |
| 504 | 60 | 20 | 0.3333 | 18.3 |
| 505 | 60 | 19 | 0.3167 | 18.3 |
| 506 | 60 | 20 | 0.3333 | 18.2 |
| 507 | 60 | 21 | 0.3500 | 18.4 |
| 508 | 60 | 21 | 0.3500 | 18.4 |
| 509 | 60 | 21 | 0.3500 | 18.4 |
| 510 | 60 | 19 | 0.3167 | 18.3 |
| 511 | 60 | 19 | 0.3167 | 18.3 |
| 512 | 60 | 19 | 0.3167 | 18.4 |
| 513 | 60 | 19 | 0.3167 | 18.5 |
| 514 | 60 | 21 | 0.3500 | 18.4 |
| 515 | 60 | 21 | 0.3500 | 18.5 |
| 516 | 60 | 21 | 0.3500 | 18.6 |
| 517 | 60 | 21 | 0.3500 | 18.7 |
| 518 | 60 | 21 | 0.3500 | 18.7 |
| 519 | 60 | 20 | 0.3333 | 18.8 |
| 520 | 60 | 20 | 0.3333 | 18.8 |
| 521 | 60 | 19 | 0.3167 | 18.7 |
| 522 | 60 | 20 | 0.3333 | 18.7 |
| 523 | 60 | 21 | 0.3500 | 18.7 |
| 524 | 60 | 20 | 0.3333 | 18.6 |
| 525 | 60 | 21 | 0.3500 | 18.7 |
| 526 | 60 | 21 | 0.3500 | 18.7 |
| 527 | 60 | 22 | 0.3667 | 18.8 |
| 528 | 60 | 22 | 0.3667 | 18.7 |
| 529 | 60 | 22 | 0.3667 | 18.7 |
| 530 | 60 | 22 | 0.3667 | 18.7 |
| 531 | 60 | 21 | 0.3500 | 18.7 |
| 532 | 60 | 22 | 0.3667 | 18.8 |
| 533 | 60 | 24 | 0.4000 | 19.0 |
| 534 | 60 | 24 | 0.4000 | 19.0 |
| 535 | 60 | 25 | 0.4167 | 19.1 |
| 536 | 60 | 25 | 0.4167 | 19.1 |
| 537 | 60 | 25 | 0.4167 | 19.1 |
| 538 | 60 | 25 | 0.4167 | 19.1 |
| 539 | 60 | 24 | 0.4000 | 19.1 |
| 540 | 60 | 23 | 0.3833 | 19.2 |
| 541 | 60 | 24 | 0.4000 | 19.2 |
| 542 | 60 | 25 | 0.4167 | 19.2 |
| 543 | 60 | 23 | 0.3833 | 19.3 |
| 544 | 60 | 24 | 0.4000 | 19.2 |
| 545 | 60 | 24 | 0.4000 | 19.3 |
| 546 | 60 | 24 | 0.4000 | 19.3 |
| 547 | 60 | 23 | 0.3833 | 19.4 |
| 548 | 60 | 24 | 0.4000 | 19.5 |
| 549 | 60 | 23 | 0.3833 | 19.5 |
| 550 | 60 | 23 | 0.3833 | 19.6 |
| 551 | 60 | 23 | 0.3833 | 19.6 |
| 552 | 60 | 23 | 0.3833 | 19.7 |
| 553 | 60 | 22 | 0.3667 | 19.6 |
| 554 | 60 | 22 | 0.3667 | 19.7 |
| 555 | 60 | 19 | 0.3167 | 19.7 |
| 556 | 60 | 20 | 0.3333 | 19.7 |
| 557 | 60 | 20 | 0.3333 | 19.6 |
| 558 | 60 | 19 | 0.3167 | 19.6 |
| 559 | 60 | 19 | 0.3167 | 19.6 |
| 560 | 60 | 19 | 0.3167 | 19.5 |
| 561 | 60 | 19 | 0.3167 | 19.6 |
| 562 | 60 | 18 | 0.3000 | 19.6 |
| 563 | 60 | 20 | 0.3333 | 19.6 |
| 564 | 60 | 20 | 0.3333 | 19.7 |
| 565 | 60 | 17 | 0.2833 | 19.8 |
| 566 | 60 | 16 | 0.2667 | 19.8 |
| 567 | 60 | 17 | 0.2833 | 19.8 |
| 568 | 60 | 17 | 0.2833 | 19.8 |
| 569 | 60 | 19 | 0.3167 | 19.8 |
| 570 | 60 | 19 | 0.3167 | 19.8 |
| 571 | 60 | 18 | 0.3000 | 19.8 |
| 572 | 60 | 19 | 0.3167 | 20.0 |
| 573 | 60 | 17 | 0.2833 | 20.0 |
| 574 | 60 | 17 | 0.2833 | 20.0 |
| 575 | 60 | 16 | 0.2667 | 20.2 |
| 576 | 60 | 17 | 0.2833 | 20.3 |
| 577 | 60 | 16 | 0.2667 | 20.3 |
| 578 | 60 | 16 | 0.2667 | 20.3 |
| 579 | 60 | 15 | 0.2500 | 20.4 |
| 580 | 60 | 17 | 0.2833 | 20.4 |
| 581 | 60 | 15 | 0.2500 | 20.5 |
| 582 | 60 | 14 | 0.2333 | 20.6 |
| 583 | 60 | 16 | 0.2667 | 20.7 |
| 584 | 60 | 18 | 0.3000 | 20.9 |
| 585 | 60 | 17 | 0.2833 | 20.8 |
| 586 | 60 | 17 | 0.2833 | 20.9 |
| 587 | 60 | 16 | 0.2667 | 20.8 |
| 588 | 60 | 17 | 0.2833 | 20.8 |
| 589 | 60 | 17 | 0.2833 | 20.9 |
| 590 | 60 | 18 | 0.3000 | 21.0 |
| 591 | 60 | 17 | 0.2833 | 21.0 |
| 592 | 60 | 15 | 0.2500 | 21.1 |
| 593 | 60 | 13 | 0.2167 | 20.9 |
| 594 | 60 | 14 | 0.2333 | 21.1 |
| 595 | 60 | 13 | 0.2167 | 21.1 |
| 596 | 60 | 13 | 0.2167 | 21.2 |
| 597 | 60 | 13 | 0.2167 | 21.2 |
| 598 | 60 | 12 | 0.2000 | 21.2 |
| 599 | 60 | 13 | 0.2167 | 21.2 |

## Births

  founders 60, carrying 30
  births 1795; carriers born 453; DE NOVO arrivals (no parent carries) 15; inherited 438
  births at depth 17-21 (RBT-91's k = 19 +- 2): 87 of 409 = 21.271% [17.582, 25.495]
  RBT-91 drift proposal rate: 84 of 200000 = 0.042% [0.0339, 0.0520] (Wilson 95%)

## Window statistic

  X = mean carriage over seasons 300-599 = 24.0000%  (mean depth of the living in the window 16.2); seasons with any carrier 600 of 600

## Carriers alive in the window, signed at the reference probe (16 x 15 s)

| carrier | depth | seasons alive in window | whole-brain a | links-alone a | heading | R | re-signed a | verdict | links-alone sign agrees |
|---|---|---|---|---|---|---|---|---|---|
| ce1001 | 12 | 60 | +0.0346 | +0.5085 | +179.8 | 0.85 | +0.0346 | COMPASS | yes |
| ce1003 | 11 | 60 | +1.2003 | +1.0876 | +176.7 | 0.87 | +1.2003 | COMPASS | yes |
| ce1004 | 10 | 4 | +0.3226 | +0.8834 | +5.9 | 0.94 | -0.3226 | ANTI-COMPASS | yes |
| ce1010 | 10 | 60 | +0.9214 | +0.8609 | -173.3 | 0.77 | +0.9214 | COMPASS | yes |
| ce1013 | 11 | 2 | +0.6602 | +1.0272 | +174.6 | 0.82 | +0.6602 | COMPASS | yes |
| ce1021 | 10 | 2 | +0.7853 | +1.1066 | -172.6 | 0.72 | +0.7853 | COMPASS | yes |
| ce1024 | 11 | 3 | +0.7587 | +0.4337 | +176.6 | 0.83 | +0.7587 | COMPASS | yes |
| ce1043 | 13 | 60 | +0.0031 | +0.5085 | +174.8 | 0.92 | +0.0031 | COMPASS | yes |
| ce1044 | 11 | 2 | +0.0504 | +0.7929 | +163.2 | 0.85 | +0.0504 | COMPASS | yes |
| ce1046 | 11 | 1 | +1.2601 | +1.0609 | +176.6 | 0.82 | +1.2601 | COMPASS | yes |
| ce1057 | 13 | 60 | +0.3002 | +0.3817 | +175.9 | 0.94 | +0.3002 | COMPASS | yes |
| ce1063 | 11 | 2 | +0.1844 | +1.0511 | -157.6 | 0.39 | +0.1844 | COMPASS | yes |
| ce1068 | 12 | 3 | +0.8129 | +1.0876 | +177.0 | 0.85 | +0.8129 | COMPASS | yes |
| ce1071 | 11 | 3 | +1.2688 | +0.6410 | +173.8 | 0.88 | +1.2688 | COMPASS | yes |
| ce1072 | 14 | 3 | +0.0063 | +0.2387 | +171.6 | 0.97 | +0.0063 | COMPASS | yes |
| ce1074 | 11 | 2 | +0.3929 | +0.6998 | +173.2 | 0.83 | +0.3929 | COMPASS | yes |
| ce1076 | 11 | 60 | +0.0392 | +0.9466 | +4.1 | 0.69 | -0.0392 | ANTI-COMPASS | yes |
| ce1079 | 13 | 17 | +0.7052 | +0.5883 | -176.3 | 0.31 | +0.7052 | COMPASS | yes |
| ce1096 | 15 | 2 | +0.4304 | +1.1683 | +172.3 | 0.92 | +0.4304 | COMPASS | yes |
| ce1097 | 11 | 60 | +1.1492 | +0.8691 | -178.6 | 0.88 | +1.1492 | COMPASS | yes |
| ce1099 | 13 | 10 | +0.8648 | +0.4937 | +179.4 | 0.70 | +0.8648 | COMPASS | yes |
| ce1101 | 15 | 1 | +0.0071 | +0.4578 | +17.0 | 0.75 | -0.0071 | ANTI-COMPASS | yes |
| ce1102 | 11 | 2 | +0.1570 | +0.8049 | -37.8 | 0.17 | -0.1570 | ANTI-COMPASS | yes |
| ce1113 | 14 | 2 | +0.2665 | +0.4531 | +169.1 | 0.94 | +0.2665 | COMPASS | yes |
| ce1116 | 14 | 1 | +1.1657 | +0.7485 | +152.4 | 0.72 | +1.1657 | COMPASS | yes |
| ce1118 | 15 | 10 | +0.4009 | +0.7063 | +176.5 | 0.94 | +0.4009 | COMPASS | yes |
| ce1119 | 14 | 2 | +0.3627 | +0.2644 | +166.0 | 0.70 | +0.3627 | COMPASS | yes |
| ce1127 | 14 | 60 | +0.0072 | +0.0397 | +175.9 | 0.91 | +0.0072 | COMPASS | yes |
| ce1128 | 11 | 2 | +0.2252 | +0.7436 | -168.6 | 0.90 | +0.2252 | COMPASS | yes |
| ce1129 | 11 | 2 | +0.8754 | +1.2774 | -155.7 | 0.30 | +0.8754 | COMPASS | yes |
| ce1130 | 16 | 60 | +0.1713 | +0.1935 | -170.8 | 0.62 | +0.1713 | COMPASS | yes |
| ce1141 | 12 | 2 | +0.3211 | +1.4297 | -154.3 | 0.20 | +0.3211 | COMPASS | yes |
| ce1142 | 17 | 2 | +0.1763 | +0.1935 | -164.5 | 0.62 | +0.1763 | COMPASS | yes |
| ce1152 | 14 | 2 | +0.3167 | +1.0421 | -15.0 | 0.47 | -0.3167 | ANTI-COMPASS | yes |
| ce1153 | 12 | 8 | -1.5941 | +0.6480 | +0.3 | 0.78 | +1.5941 | COMPASS | no |
| ce1156 | 13 | 2 | +0.0652 | +0.4995 | +172.3 | 0.98 | +0.0652 | COMPASS | yes |
| ce1165 | 14 | 7 | +0.7582 | +0.3078 | +174.0 | 0.36 | +0.7582 | COMPASS | yes |
| ce1166 | 14 | 2 | +0.0861 | +0.5085 | +177.8 | 0.86 | +0.0861 | COMPASS | yes |
| ce1169 | 11 | 60 | +0.7039 | +0.7014 | -168.4 | 0.61 | +0.7039 | COMPASS | yes |
| ce1175 | 16 | 60 | +0.8458 | +0.9414 | -160.3 | 0.53 | +0.8458 | COMPASS | yes |
| ce1182 | 14 | 2 | +0.6629 | +0.3796 | +177.7 | 0.74 | +0.6629 | COMPASS | yes |
| ce1188 | 14 | 2 | +0.1207 | +0.1862 | -179.4 | 0.87 | +0.1207 | COMPASS | yes |
| ce1214 | 17 | 60 | +0.4035 | +0.9491 | -164.0 | 0.50 | +0.4035 | COMPASS | yes |
| ce1231 | 12 | 46 | +0.1192 | +0.6956 | +179.5 | 0.90 | +0.1192 | COMPASS | yes |
| ce1233 | 12 | 17 | +0.4025 | +1.0990 | -140.6 | 0.24 | +0.4025 | COMPASS | yes |
| ce1239 | 12 | 60 | +0.0791 | +0.3901 | +152.2 | 0.39 | +0.0791 | COMPASS | yes |
| ce1242 | 17 | 60 | +0.1645 | +0.1646 | -176.8 | 0.83 | +0.1645 | COMPASS | yes |
| ce1243 | 13 | 1 | +0.3044 | +1.0255 | -168.9 | 0.56 | +0.3044 | COMPASS | yes |
| ce1251 | 12 | 2 | +0.5953 | +0.6812 | -2.0 | 0.91 | -0.5953 | ANTI-COMPASS | yes |
| ce1255 | 15 | 60 | +1.2968 | +0.6753 | +0.2 | 0.97 | -1.2968 | ANTI-COMPASS | yes |
| ce1261 | 13 | 2 | +0.3692 | +0.6846 | +177.9 | 0.72 | +0.3692 | COMPASS | yes |
| ce1262 | 13 | 3 | +0.0493 | +0.4196 | +164.2 | 0.84 | +0.0493 | COMPASS | yes |
| ce1264 | 18 | 2 | +34.2796 | +51.3039 | -168.9 | 0.44 | +34.2796 | COMPASS | yes |
| ce1285 | 13 | 38 | +0.4764 | +0.9020 | -179.9 | 0.89 | +0.4764 | COMPASS | yes |
| ce1287 | 13 | 1 | +0.5106 | +0.3460 | +176.9 | 0.85 | +0.5106 | COMPASS | yes |
| ce1291 | 18 | 18 | +0.2825 | +0.1757 | -171.7 | 0.44 | +0.2825 | COMPASS | yes |
| ce1294 | 13 | 2 | +0.9618 | +0.7331 | +175.0 | 0.82 | +0.9618 | COMPASS | yes |
| ce1296 | 14 | 1 | +0.8409 | +0.6995 | +177.6 | 0.90 | +0.8409 | COMPASS | yes |
| ce1300 | 18 | 60 | +0.9830 | +0.9531 | -161.1 | 0.49 | +0.9830 | COMPASS | yes |
| ce1302 | 17 | 2 | +0.1646 | +0.5492 | -170.3 | 0.50 | +0.1646 | COMPASS | yes |
| ce1303 | 17 | 3 | +0.2312 | +0.1935 | -165.7 | 0.71 | +0.2312 | COMPASS | yes |
| ce1308 | 15 | 2 | +0.0150 | +0.0397 | +174.8 | 0.91 | +0.0150 | COMPASS | yes |
| ce1319 | 12 | 4 | +1.6452 | +0.7612 | +163.6 | 0.44 | +1.6452 | COMPASS | yes |
| ce1320 | 14 | 60 | +0.0492 | +0.2201 | +175.8 | 0.87 | +0.0492 | COMPASS | yes |
| ce1321 | 18 | 11 | +0.9927 | +0.9352 | -162.6 | 0.49 | +0.9927 | COMPASS | yes |
| ce1324 | 13 | 2 | +0.4873 | +0.6903 | +178.8 | 0.84 | +0.4873 | COMPASS | yes |
| ce1326 | 16 | 60 | +1.1747 | +0.6385 | -0.5 | 0.96 | -1.1747 | ANTI-COMPASS | yes |
| ce1335 | 12 | 2 | +0.0241 | +0.7080 | +142.6 | 0.40 | +0.0241 | COMPASS | yes |
| ce1338 | 17 | 9 | +0.2723 | +0.8041 | -64.9 | 0.14 | -0.2723 | ANTI-COMPASS | yes |
| ce1344 | 17 | 2 | +0.8246 | +0.5497 | -3.1 | 0.63 | -0.8246 | ANTI-COMPASS | yes |
| ce1349 | 14 | 1 | +0.4158 | +1.0903 | +174.0 | 0.78 | +0.4158 | COMPASS | yes |
| ce1353 | 13 | 60 | +0.4500 | +0.4610 | +177.0 | 0.83 | +0.4500 | COMPASS | yes |
| ce1356 | 13 | 2 | +0.0000 | +0.0000 | -180.0 | 0.81 | +0.0000 | ANTI-COMPASS | yes |
| ce1359 | 14 | 1 | +0.6818 | +0.7259 | +113.4 | 0.35 | +0.6818 | COMPASS | yes |
| ce1362 | 17 | 60 | +0.5133 | +0.3148 | -168.3 | 0.48 | +0.5133 | COMPASS | yes |
| ce1364 | 18 | 3 | +0.3659 | +0.5170 | -175.3 | 0.89 | +0.3659 | COMPASS | yes |
| ce1366 | 18 | 4 | +0.2284 | +0.1994 | -167.8 | 0.17 | +0.2284 | COMPASS | yes |
| ce1369 | 13 | 2 | +0.0627 | +0.3916 | +0.4 | 0.77 | -0.0627 | ANTI-COMPASS | yes |
| ce1372 | 18 | 60 | +0.5166 | +0.4969 | -157.3 | 0.26 | +0.5166 | COMPASS | yes |
| ce1378 | 20 | 2 | +0.0750 | +0.0876 | -18.7 | 0.14 | -0.0750 | ANTI-COMPASS | yes |
| ce1385 | 18 | 3 | +0.4979 | +0.8729 | -153.3 | 0.67 | +0.4979 | COMPASS | yes |
| ce1387 | 14 | 2 | +0.3911 | +0.6597 | +179.8 | 0.92 | +0.3911 | COMPASS | yes |
| ce1389 | 16 | 5 | +1.9213 | +0.9574 | -4.5 | 0.11 | -1.9213 | ANTI-COMPASS | yes |
| ce1405 | 16 | 1 | +0.4301 | +0.6419 | +179.9 | 0.97 | +0.4301 | COMPASS | yes |
| ce1412 | 13 | 31 | +0.5155 | +0.3901 | +167.0 | 0.79 | +0.5155 | COMPASS | yes |
| ce1416 | 13 | 1 | +0.0000 | +0.0000 | +152.7 | 0.58 | +0.0000 | ANTI-COMPASS | yes |
| ce1420 | 18 | 60 | +0.5293 | +0.3721 | -168.5 | 0.45 | +0.5293 | COMPASS | yes |
| ce1428 | 13 | 1 | +0.0593 | +0.3325 | +178.9 | 0.90 | +0.0593 | COMPASS | yes |
| ce1432 | 19 | 60 | +1.5835 | +1.3464 | -9.2 | 0.59 | -1.5835 | ANTI-COMPASS | yes |
| ce1437 | 18 | 2 | +0.1904 | +0.1131 | -179.8 | 0.80 | +0.1904 | COMPASS | yes |
| ce1443 | 18 | 60 | +0.0119 | +0.0398 | -173.0 | 0.73 | +0.0119 | COMPASS | yes |
| ce1444 | 19 | 2 | +0.4189 | +0.3721 | -161.9 | 0.67 | +0.4189 | COMPASS | yes |
| ce1449 | 16 | 4 | +0.8657 | +0.6753 | +0.2 | 0.96 | -0.8657 | ANTI-COMPASS | yes |
| ce1453 | 19 | 60 | +0.1327 | +0.3032 | +0.8 | 0.77 | -0.1327 | ANTI-COMPASS | yes |
| ce1454 | 18 | 3 | +0.1240 | +0.4208 | +2.3 | 0.36 | -0.1240 | ANTI-COMPASS | yes |
| ce1458 | 15 | 2 | +0.0735 | +0.3256 | +174.0 | 0.80 | +0.0735 | COMPASS | yes |
| ce1467 | 20 | 2 | +0.4653 | +0.9688 | +0.3 | 0.93 | -0.4653 | ANTI-COMPASS | yes |
| ce1475 | 19 | 2 | +0.2670 | +0.6993 | -165.9 | 0.36 | +0.2670 | COMPASS | yes |
| ce1487 | 20 | 2 | +0.1203 | +0.3222 | -0.7 | 0.79 | -0.1203 | ANTI-COMPASS | yes |
| ce1488 | 18 | 60 | +0.0485 | +0.3137 | -170.1 | 0.42 | +0.0485 | COMPASS | yes |
| ce1489 | 14 | 2 | +1.2233 | +0.7982 | -171.8 | 0.85 | +1.2233 | COMPASS | yes |
| ce1492 | 17 | 2 | +0.9674 | +0.5565 | -2.6 | 0.89 | -0.9674 | ANTI-COMPASS | yes |
| ce1506 | 19 | 1 | +0.3272 | +0.2404 | -141.6 | 0.52 | +0.3272 | COMPASS | yes |
| ce1518 | 20 | 60 | +0.0324 | +0.0314 | -171.4 | 0.82 | +0.0324 | COMPASS | yes |
| ce1520 | 20 | 2 | +0.0853 | +0.1612 | -2.4 | 0.95 | -0.0853 | ANTI-COMPASS | yes |
| ce1522 | 19 | 60 | +0.0171 | +0.0415 | -169.1 | 0.63 | +0.0171 | COMPASS | yes |
| ce1525 | 21 | 4 | +0.0372 | +0.0378 | -171.9 | 0.79 | +0.0372 | COMPASS | yes |
| ce1527 | 20 | 24 | +1.3072 | +1.3464 | -3.3 | 0.84 | -1.3072 | ANTI-COMPASS | yes |
| ce1530 | 19 | 39 | +0.4898 | +0.7416 | -1.7 | 0.46 | -0.4898 | ANTI-COMPASS | yes |
| ce1534 | 20 | 60 | +0.4784 | +0.2063 | -169.8 | 0.89 | +0.4784 | COMPASS | yes |
| ce1537 | 21 | 60 | +0.0858 | +1.2846 | -4.0 | 0.79 | -0.0858 | ANTI-COMPASS | yes |
| ce1538 | 19 | 60 | +0.0152 | +0.0362 | -175.2 | 0.69 | +0.0152 | COMPASS | yes |
| ce1542 | 19 | 60 | +0.0092 | +0.1961 | -170.5 | 0.72 | +0.0092 | COMPASS | yes |
| ce1543 | 14 | 2 | +0.5335 | +0.4610 | +175.0 | 0.84 | +0.5335 | COMPASS | yes |
| ce1553 | 21 | 60 | +0.0000 | +0.0000 | -175.9 | 0.91 | +0.0000 | ANTI-COMPASS | yes |
| ce1555 | 19 | 60 | +0.0158 | +0.0398 | -157.2 | 0.36 | +0.0158 | COMPASS | yes |
| ce1560 | 20 | 1 | +0.0001 | +0.0000 | -169.5 | 0.81 | +0.0001 | COMPASS | no |
| ce1562 | 20 | 60 | +0.0050 | +0.0357 | -173.7 | 0.79 | +0.0050 | COMPASS | yes |
| ce1566 | 20 | 60 | +0.4077 | +1.0190 | -174.8 | 0.09 | +0.4077 | COMPASS | yes |
| ce1568 | 20 | 60 | -0.0058 | -0.0015 | -169.5 | 0.85 | -0.0058 | ANTI-COMPASS | yes |
| ce1572 | 21 | 60 | +0.0037 | +0.0382 | -174.5 | 0.80 | +0.0037 | COMPASS | yes |
| ce1577 | 19 | 1 | +0.2357 | +0.3304 | -107.5 | 0.41 | +0.2357 | COMPASS | yes |
| ce1582 | 21 | 1 | +0.1049 | +0.0357 | -0.1 | 0.96 | -0.1049 | ANTI-COMPASS | yes |
| ce1587 | 20 | 60 | +0.0026 | +0.0000 | -171.8 | 0.72 | +0.0026 | COMPASS | no |
| ce1588 | 19 | 4 | +0.2116 | +0.4570 | -0.9 | 0.60 | -0.2116 | ANTI-COMPASS | yes |
| ce1591 | 22 | 3 | +0.3251 | +0.0883 | -175.8 | 0.92 | +0.3251 | COMPASS | yes |
| ce1594 | 22 | 2 | +1.5601 | +1.4201 | -0.6 | 0.70 | -1.5601 | ANTI-COMPASS | yes |
| ce1601 | 21 | 2 | +0.0964 | +1.0936 | -166.8 | 0.30 | +0.0964 | COMPASS | yes |
| ce1603 | 19 | 60 | +0.4292 | +0.2394 | -165.9 | 0.84 | +0.4292 | COMPASS | yes |
| ce1604 | 19 | 60 | +0.0124 | +0.0000 | -20.0 | 0.36 | -0.0124 | ANTI-COMPASS | yes |
| ce1611 | 19 | 5 | +0.0077 | +0.0330 | -179.7 | 0.92 | +0.0077 | COMPASS | yes |
| ce1612 | 20 | 3 | +0.1628 | +0.5443 | +0.2 | 0.72 | -0.1628 | ANTI-COMPASS | yes |
| ce1615 | 21 | 8 | +0.9758 | +0.9817 | -165.1 | 0.25 | +0.9758 | COMPASS | yes |
| ce1618 | 21 | 2 | +0.6076 | +0.2914 | -173.2 | 0.88 | +0.6076 | COMPASS | yes |
| ce1625 | 20 | 53 | +0.0437 | +0.0635 | -97.5 | 0.20 | — | UNDETERMINED | — |
| ce1627 | 21 | 60 | +0.1506 | +0.0353 | -173.8 | 0.86 | +0.1506 | COMPASS | yes |
| ce1636 | 21 | 60 | -0.0153 | -0.0056 | +176.4 | 0.60 | -0.0153 | ANTI-COMPASS | yes |
| ce1637 | 18 | 60 | +0.1432 | +0.1558 | -179.4 | 0.73 | +0.1432 | COMPASS | yes |
| ce1640 | 22 | 2 | -0.0092 | +0.0000 | -174.0 | 0.77 | -0.0092 | ANTI-COMPASS | yes |
| ce1641 | 22 | 60 | +0.0107 | +0.0353 | -177.9 | 0.65 | +0.0107 | COMPASS | yes |
| ce1642 | 21 | 60 | +0.2291 | +0.0734 | -170.2 | 0.84 | +0.2291 | COMPASS | yes |
| ce1648 | 20 | 60 | +0.0197 | +0.0377 | -168.9 | 0.74 | +0.0197 | COMPASS | yes |
| ce1650 | 21 | 60 | +0.0362 | +0.0349 | -2.8 | 0.63 | -0.0362 | ANTI-COMPASS | yes |
| ce1651 | 21 | 1 | +0.0130 | +0.0137 | -176.0 | 0.77 | +0.0130 | COMPASS | yes |
| ce1653 | 21 | 2 | +0.0965 | +0.0705 | -165.5 | 0.60 | +0.0965 | COMPASS | yes |
| ce1657 | 22 | 60 | +0.0054 | +0.0141 | -166.9 | 0.80 | +0.0054 | COMPASS | yes |
| ce1661 | 20 | 4 | +0.0195 | +0.2147 | -174.1 | 0.60 | +0.0195 | COMPASS | yes |
| ce1666 | 22 | 2 | +0.0080 | +0.0407 | -171.3 | 0.83 | +0.0080 | COMPASS | yes |
| ce1668 | 20 | 2 | +0.0035 | +0.0476 | -153.1 | 0.29 | +0.0035 | COMPASS | yes |
| ce1671 | 22 | 1 | +0.0422 | +0.0730 | -170.6 | 0.79 | +0.0422 | COMPASS | yes |
| ce1672 | 21 | 8 | +0.0047 | +0.0213 | -174.2 | 0.73 | +0.0047 | COMPASS | yes |
| ce1675 | 22 | 57 | +0.0000 | +0.0000 | -3.4 | 0.89 | -0.0000 | ANTI-COMPASS | yes |
| ce1679 | 21 | 9 | +0.1076 | +0.2574 | -168.4 | 0.65 | +0.1076 | COMPASS | yes |
| ce1681 | 22 | 31 | +0.1829 | +0.0266 | -2.2 | 0.60 | -0.1829 | ANTI-COMPASS | yes |
| ce1682 | 22 | 55 | +0.0000 | +0.0000 | -143.7 | 0.51 | +0.0000 | ANTI-COMPASS | yes |
| ce1686 | 21 | 1 | +0.0000 | +0.0000 | -168.5 | 0.82 | +0.0000 | ANTI-COMPASS | yes |
| ce1688 | 20 | 2 | +0.0107 | +0.0323 | -147.3 | 0.28 | +0.0107 | COMPASS | yes |
| ce1693 | 21 | 2 | +0.0152 | +0.1374 | -166.8 | 0.67 | +0.0152 | COMPASS | yes |
| ce1695 | 20 | 2 | +0.2895 | +0.2838 | -17.4 | 0.75 | -0.2895 | ANTI-COMPASS | yes |
| ce1700 | 23 | 1 | +0.0000 | +0.0000 | -94.9 | 0.36 | — | UNDETERMINED | — |
| ce1705 | 22 | 2 | +7.1343 | +0.1198 | -179.8 | 0.89 | +7.1343 | COMPASS | yes |
| ce1711 | 21 | 1 | -0.0004 | -0.0009 | -59.1 | 0.46 | +0.0004 | COMPASS | yes |
| ce1713 | 20 | 13 | +0.0051 | +0.0000 | -18.0 | 0.39 | -0.0051 | ANTI-COMPASS | yes |
| ce1715 | 21 | 2 | -0.0028 | -0.0011 | -174.9 | 0.80 | -0.0028 | ANTI-COMPASS | yes |
| ce1716 | 22 | 2 | +0.0509 | +0.0452 | -1.3 | 0.86 | -0.0509 | ANTI-COMPASS | yes |
| ce1719 | 22 | 2 | +0.0737 | +0.0196 | -170.7 | 0.84 | +0.0737 | COMPASS | yes |
| ce1720 | 23 | 1 | +0.0073 | +0.0258 | -167.8 | 0.84 | +0.0073 | COMPASS | yes |
| ce1721 | 20 | 7 | +0.0121 | +0.0000 | -1.0 | 0.71 | -0.0121 | ANTI-COMPASS | yes |
| ce1722 | 22 | 2 | +0.0311 | +0.0636 | -60.3 | 0.41 | -0.0311 | ANTI-COMPASS | yes |
| ce1724 | 23 | 1 | -0.0004 | +0.0000 | -9.1 | 0.91 | +0.0004 | COMPASS | no |
| ce1734 | 23 | 4 | +0.0071 | +0.0288 | -175.8 | 0.76 | +0.0071 | COMPASS | yes |
| ce1739 | 18 | 5 | +0.7872 | +0.3532 | -165.4 | 0.86 | +0.7872 | COMPASS | yes |
| ce1740 | 20 | 3 | -0.0748 | +0.0000 | -153.1 | 0.52 | -0.0748 | ANTI-COMPASS | yes |
| ce1742 | 21 | 30 | +0.0481 | +0.2121 | -170.5 | 0.78 | +0.0481 | COMPASS | yes |
| ce1746 | 23 | 28 | -0.0011 | +0.0353 | +177.0 | 0.87 | -0.0011 | ANTI-COMPASS | no |
| ce1747 | 22 | 1 | +0.2113 | +0.0434 | -177.3 | 0.71 | +0.2113 | COMPASS | yes |
| ce1748 | 21 | 28 | +0.0212 | +0.0186 | -170.5 | 0.77 | +0.0212 | COMPASS | yes |
| ce1750 | 23 | 28 | +0.0290 | +0.0771 | -169.3 | 0.79 | +0.0290 | COMPASS | yes |
| ce1752 | 23 | 3 | +0.0000 | +0.0000 | -2.3 | 0.95 | -0.0000 | ANTI-COMPASS | yes |
| ce1759 | 21 | 2 | -0.0468 | -0.1761 | -17.7 | 0.25 | +0.0468 | COMPASS | yes |
| ce1771 | 22 | 1 | +0.0066 | +0.0418 | -170.5 | 0.76 | +0.0066 | COMPASS | yes |
| ce1772 | 23 | 24 | +0.0089 | +0.0183 | -21.3 | 0.43 | -0.0089 | ANTI-COMPASS | yes |
| ce1773 | 22 | 1 | -0.0101 | -0.0138 | -138.2 | 0.50 | -0.0101 | ANTI-COMPASS | yes |
| ce1774 | 22 | 23 | +0.2157 | +0.2096 | -168.4 | 0.74 | +0.2157 | COMPASS | yes |
| ce1789 | 22 | 1 | +0.2258 | +0.1054 | -169.5 | 0.79 | +0.2258 | COMPASS | yes |
| ce1790 | 24 | 1 | +0.0062 | +0.0733 | -168.8 | 0.81 | +0.0062 | COMPASS | yes |
| ce1801 | 24 | 2 | +0.0018 | +0.0214 | -119.2 | 0.18 | +0.0018 | COMPASS | yes |
| ce1803 | 24 | 2 | -0.0133 | +0.1615 | -168.2 | 0.89 | -0.0133 | ANTI-COMPASS | no |
| ce1805 | 22 | 11 | +0.1255 | +0.2007 | -170.9 | 0.49 | +0.1255 | COMPASS | yes |
| ce1806 | 24 | 2 | +0.4346 | +0.0902 | -44.5 | 0.21 | -0.4346 | ANTI-COMPASS | yes |
| ce1807 | 21 | 7 | +0.1408 | +0.0409 | -165.3 | 0.54 | +0.1408 | COMPASS | yes |
| ce1809 | 23 | 15 | -0.0183 | -0.0430 | -179.3 | 0.86 | -0.0183 | ANTI-COMPASS | yes |
| ce1812 | 23 | 6 | +0.0000 | +0.0000 | -10.1 | 0.91 | -0.0000 | ANTI-COMPASS | yes |
| ce1816 | 21 | 12 | +0.0078 | +0.0413 | -23.8 | 0.21 | -0.0078 | ANTI-COMPASS | yes |
| ce1819 | 22 | 12 | +0.0284 | +0.2121 | -172.3 | 0.84 | +0.0284 | COMPASS | yes |
| ce1824 | 24 | 3 | +0.0300 | +0.0000 | -166.1 | 0.69 | +0.0300 | COMPASS | no |
| ce1837 | 22 | 4 | +0.0323 | +0.0311 | -150.6 | 0.34 | +0.0323 | COMPASS | yes |
| ce1838 | 22 | 6 | +0.0364 | +0.0113 | -172.0 | 0.74 | +0.0364 | COMPASS | yes |
| ce1854 | 19 | 1 | +0.0415 | +0.0480 | -2.2 | 0.88 | -0.0415 | ANTI-COMPASS | yes |
| ce1855 | 23 | 1 | +0.1691 | +0.2143 | -168.4 | 0.74 | +0.1691 | COMPASS | yes |
| ce795 | 10 | 5 | +0.1853 | +0.5728 | -170.3 | 0.77 | +0.1853 | COMPASS | yes |
| ce797 | 9 | 6 | +0.6604 | +1.5287 | +177.5 | 0.95 | +0.6604 | COMPASS | yes |
| ce804 | 9 | 9 | -1.2318 | -1.7177 | -169.2 | 0.78 | -1.2318 | ANTI-COMPASS | yes |
| ce818 | 11 | 17 | +0.8993 | +0.5314 | +179.9 | 0.85 | +0.8993 | COMPASS | yes |
| ce839 | 9 | 22 | +0.8440 | +1.0042 | -168.7 | 0.76 | +0.8440 | COMPASS | yes |
| ce846 | 10 | 24 | +0.0130 | +1.6572 | +178.1 | 0.83 | +0.0130 | COMPASS | yes |
| ce856 | 9 | 27 | +1.1433 | +0.8834 | -164.0 | 0.54 | +1.1433 | COMPASS | yes |
| ce910 | 10 | 39 | +0.2068 | +1.6530 | +179.8 | 0.88 | +0.2068 | COMPASS | yes |
| ce934 | 10 | 1 | +0.3072 | +1.9605 | +175.5 | 0.82 | +0.3072 | COMPASS | yes |
| ce937 | 11 | 46 | +0.1810 | +1.5627 | +179.2 | 0.80 | +0.1810 | COMPASS | yes |
| ce947 | 12 | 51 | +0.8519 | +0.3989 | +179.8 | 0.80 | +0.8519 | COMPASS | yes |
| ce953 | 10 | 52 | +0.7544 | +0.8714 | +165.0 | 0.76 | +0.7544 | COMPASS | yes |
| ce968 | 11 | 7 | +0.2629 | +1.9959 | +176.3 | 0.92 | +0.2629 | COMPASS | yes |
| ce970 | 10 | 2 | -0.0478 | -1.1612 | -5.7 | 0.69 | +0.0478 | COMPASS | yes |
| ce972 | 11 | 2 | +1.4362 | +1.4883 | +15.8 | 0.34 | -1.4362 | ANTI-COMPASS | yes |
| ce974 | 10 | 6 | +0.3361 | +0.1978 | +4.9 | 0.52 | -0.3361 | ANTI-COMPASS | yes |
| ce980 | 10 | 1 | +0.0000 | +0.0000 | +17.7 | 0.78 | -0.0000 | ANTI-COMPASS | yes |
| ce984 | 10 | 1 | -0.0708 | -0.1700 | -168.0 | 0.70 | -0.0708 | ANTI-COMPASS | yes |
| ce985 | 10 | 60 | +0.5757 | +1.0042 | -169.6 | 0.81 | +0.5757 | COMPASS | yes |
| ce989 | 10 | 2 | +0.0907 | +0.7773 | -12.2 | 0.61 | -0.0907 | ANTI-COMPASS | yes |
| ce995 | 11 | 2 | +0.0029 | +1.6572 | +177.1 | 0.84 | +0.0029 | COMPASS | yes |

  compasses 156, ANTI-COMPASSES (the inversion count) 63, undetermined 2 of 221 distinct window carriers; links-alone |a| >= paying rung: 1

wall time 554 s
SUMMARY {"seed": 7, "pc_pass": true, "pc_detected": 40, "pc_total": 40, "pc_invalid": 0, "X": 0.23999999999999996, "window_depth": 16.232, "seasons_any": 600, "n_seasons": 600, "genomes": 1855, "missing": 0, "founders": 60, "founder_carriers": 30, "births": 1795, "carriers_born": 453, "de_novo": 15, "depth_matched": 409, "depth_matched_carriers": 87, "window_carriers": 221, "compass": 156, "anti": 63, "undetermined": 2, "alone_agrees": 212, "alone_reaches_rung": 1, "probed": true}
