season	population	alive	births	deaths	mean_lifetime_score	best_lifetime_score
0	holistic	59	0	1	-0.03902149568814008	0.0
0	conventional	60	1	1	-0.14359595632591404	3.450976246862152
1	holistic	60	1	0	-0.027056840584787797	0.27402148595582804
1	conventional	60	3	3	0.1460554668364759	4.5334346901843645
2	holistic	60	1	1	0.0704679099821053	1.7661758581735834
2	conventional	60	5	5	0.2805073869406186	3.1981061873932783
3	holistic	60	0	0	0.05141724607146302	1.188634875212711
3	conventional	60	6	6	0.3865915128422241	2.235627749753865
4	holistic	60	1	1	0.03828844416136955	0.9381923802289828
4	conventional	60	6	6	0.42219707495288267	2.6597678081800282
5	holistic	60	2	2	0.036502326597964756	0.7726766951685146
5	conventional	60	8	8	0.39208621714850117	2.0815393972067806
6	holistic	60	1	1	0.024368249165584055	0.7682628429323426
6	conventional	60	4	4	0.4727273500719125	2.0401877662747525
7	holistic	60	2	2	0.07403712759037819	1.695777949476871
7	conventional	60	10	10	0.5169448846825991	1.9058918330471049
8	holistic	59	4	5	0.1461718117157114	2.8038464236942238
8	conventional	60	6	6	0.5874246462482184	1.7544052554550986
9	holistic	60	5	4	0.11761832545390832	1.8442046557137561
9	conventional	60	5	5	0.6466366019336701	2.4964168551541244
10	holistic	59	4	5	0.18351339919488616	3.8442207893410614
10	conventional	60	6	6	0.5729674545332182	2.0325638287843817
11	holistic	29	6	36	0.44231591776578716	2.3550147889548665
11	conventional	60	6	6	0.6489669972399308	5.417336772192079
12	holistic	28	3	4	0.4164895687703739	1.8766524921872683
12	conventional	60	8	8	0.5363595748144704	2.4029536062756875
13	holistic	36	10	2	0.418935266458868	1.8759733523647613
13	conventional	60	3	3	0.5688448994602964	2.0788530371527387
14	holistic	47	12	1	0.5769965989874694	4.860125745964481
14	conventional	60	4	4	0.6037670678677078	2.4279192903150966
15	holistic	51	6	2	0.43428555060753715	2.8666836775044318
15	conventional	60	5	5	0.4919175333374571	2.0195562276117447
16	holistic	57	9	3	0.537908752523802	2.2792797645498766
16	conventional	60	7	7	0.5569425598581513	1.8324330764329624
17	holistic	60	9	6	0.5311686185363603	2.0835385784555234
17	conventional	60	8	8	0.6383824292859274	3.481063901835461
18	holistic	60	1	1	0.7405819360247168	6.894314891959691
18	conventional	60	1	1	0.7542702814210421	2.482619703545497
19	holistic	60	3	3	0.7673840880737764	4.393464643249774
19	conventional	60	6	6	0.6966700164430991	1.8115938191105265
20	holistic	60	7	7	0.7915512759228095	3.8930579573485358
20	conventional	60	3	3	0.7657902040411236	2.349598380578736
21	holistic	60	3	3	0.8608109086577601	2.8898519800550835
21	conventional	60	0	0	0.7976015711923136	2.9018197854851597
22	holistic	60	0	0	0.893511434749915	2.6898856615775535
22	conventional	60	4	4	0.7262141944831486	2.7560059868050963
23	holistic	60	3	3	0.9079289332687502	2.7236780693797944
23	conventional	60	2	2	0.7751544042941538	2.433960542671712
24	holistic	60	2	2	0.90178385331212	2.613709091361228
24	conventional	60	1	1	0.7564293122203183	2.0428543949743663
25	holistic	60	2	2	0.9102104245904205	2.5183722595171534
25	conventional	60	1	1	0.7594970936146276	2.283163598208167
26	holistic	60	0	0	0.8967982477529719	3.0053598205747942
26	conventional	60	1	1	0.7305419541845447	1.883624043815405
27	holistic	60	3	3	0.941201893784321	2.794463352572816
27	conventional	60	1	1	0.8050494327885808	1.8598375244333638
28	holistic	60	1	1	1.0176028645540414	2.83595411663156
28	conventional	60	1	1	0.7810772221289839	1.6364436333023236
29	holistic	60	1	1	1.0704257695801294	3.9040794854601852
29	conventional	60	2	2	0.7938246094740022	2.4113537095967397
30	holistic	60	1	1	1.0207210988974313	2.7030118813877184
30	conventional	60	2	2	0.813953051438153	2.6624530186873727
31	holistic	60	1	1	1.0475740209675117	2.586446752267942
31	conventional	60	2	2	0.7984784220086474	1.861386697055519
32	holistic	60	1	1	1.0198296921805985	2.718848067843682
32	conventional	60	1	1	0.7459329586466554	1.8414506773589445
33	holistic	60	3	3	1.032056211611713	2.614853968302517
33	conventional	60	2	2	0.7960674889962058	1.8223678257645466
34	holistic	60	1	1	1.0653179211414072	2.868842460076288
34	conventional	60	1	1	0.777906423660269	1.64213959151261
35	holistic	60	1	1	1.0430354598918459	2.6960271737664665
35	conventional	60	1	1	0.8103367653515631	2.167209785946311
36	holistic	60	1	1	1.0695975503460218	2.601914241080999
36	conventional	60	2	2	0.8158585395164961	3.1593414932700243
37	holistic	60	1	1	1.0718290283811507	2.4677654789789534
37	conventional	60	1	1	0.7989462594128738	2.8290597991712567
38	holistic	60	0	0	1.0607197755038829	2.4412695552327985
38	conventional	60	2	2	0.7703987149236328	2.4094731488392016
39	holistic	60	1	1	1.0494786206469169	2.3372931982767557
39	conventional	60	4	4	0.7553476174469808	1.9574730213445757
40	holistic	60	0	0	1.0798460991443783	2.3074609531964017
40	conventional	60	1	1	0.8768210757004318	5.508658912705042
41	holistic	60	1	1	1.0666632566006191	2.2909528721347097
41	conventional	60	1	1	0.7785234207507227	2.5139727338603692
42	holistic	60	1	1	1.0362053269497133	2.2126186244974315
42	conventional	60	3	3	0.7542528139174909	2.178046979335361
43	holistic	60	1	1	1.0454799209793975	2.2221449188136164
43	conventional	60	1	1	0.7439399699131529	1.7644333828188812
44	holistic	60	0	0	1.0897402622034391	2.3546488318626677
44	conventional	60	1	1	0.776463217413837	2.1316755701857475
45	holistic	60	0	0	1.0979606549173468	2.371081415994938
45	conventional	60	1	1	0.8154108608443764	1.749639747305162
46	holistic	60	1	1	1.1009187409708117	2.321682652630664
46	conventional	60	3	3	0.8123383368406103	1.964106168696054
47	holistic	60	0	0	1.1155781566387313	2.306670203021024
47	conventional	60	0	0	0.8544605072239299	1.7980335634300215
48	holistic	60	0	0	1.172245863166168	2.3728811995480723
48	conventional	60	0	0	0.8716713746901843	1.7658141786869894
49	holistic	60	0	0	1.1695376900701817	2.875926533125241
49	conventional	60	1	1	0.8603804486246008	2.3191833998074185
50	holistic	60	0	0	1.158890900649324	2.626444835285883
50	conventional	60	2	2	0.8768062221743015	2.5562084048900755
51	holistic	60	0	0	1.1510987971867839	2.2966019658952064
51	conventional	60	0	0	0.9506159321598779	3.335987149851464
52	holistic	60	0	0	1.1531188404007684	2.3517542324936076
52	conventional	60	2	2	0.8864561287752248	1.8455249649284715
53	holistic	60	0	0	1.1550989684217667	2.3381393608178254
53	conventional	60	0	0	0.9098158820687782	1.7096063908057553
54	holistic	60	0	0	1.1443977419928795	2.299577343567234
54	conventional	60	0	0	0.8604751864806865	1.6452252961465115
55	holistic	60	0	0	1.1407915444411032	2.6538068942645
55	conventional	60	0	0	0.8438743513330104	1.7010988550571626
56	holistic	60	0	0	1.1414122029627118	2.775631565493252
56	conventional	60	2	2	0.8368127630110656	1.6905845984608707
57	holistic	60	1	1	1.1255172926613415	2.7845002610420315
57	conventional	60	0	0	0.8095758435209479	1.6250961202615466
58	holistic	60	0	0	1.1734274045777833	2.8737038754448845
58	conventional	60	1	1	0.8638225563377088	1.6458365102823325
59	holistic	60	1	1	1.138148501384729	2.413609494785931
59	conventional	60	1	1	0.8772557669426938	2.4310848539253307
60	holistic	60	0	0	1.1201988337426747	2.3041158027970594
60	conventional	60	1	1	0.8654720982659679	1.6992439381109508
61	holistic	60	1	1	1.08691866483234	2.1426304534166563
61	conventional	60	1	1	0.8006987421531414	1.646969620038691
62	holistic	60	0	0	1.0782545831505563	2.1591744931552412
62	conventional	60	2	2	0.7865254073888435	1.6473218468359665
63	holistic	60	1	1	1.0948946716578847	2.1320301197731233
63	conventional	60	2	2	0.7548010458816086	1.5978964180831512
64	holistic	60	0	0	1.0966812690133758	2.1062883352003254
64	conventional	60	1	1	0.8180252304884773	1.622667293972072
65	holistic	60	0	0	1.1002401274822418	2.123055998700808
65	conventional	60	3	3	0.7861054376266357	1.6003202487195882
66	holistic	60	1	1	1.0962392994891756	2.0779953260964756
66	conventional	60	3	3	0.8374125137089856	3.13441118375959
67	holistic	60	3	3	1.0454406884023384	2.0550861223756094
67	conventional	60	2	2	0.8857945642752	2.594252896253385
68	holistic	60	0	0	1.082136560097689	2.724527665930832
68	conventional	60	3	3	0.8466097453582011	2.5602486787367216
69	holistic	60	2	2	1.029978897434949	2.115939410433891
69	conventional	60	2	2	0.7728471604541022	2.5616089884732514
70	holistic	60	4	4	1.0014794092674402	3.0601834151878307
70	conventional	60	4	4	0.7627784281414296	2.5755808820168147
71	holistic	60	4	4	1.0224824819563472	3.8742439998202753
71	conventional	60	4	4	0.6862663320674832	2.3746635601763986
72	holistic	60	2	2	1.0909213175821122	4.39621781022048
72	conventional	60	2	2	0.7435799064850115	1.91550647403297
73	holistic	60	8	8	0.9734133520100714	3.2301784643191556
73	conventional	60	4	4	0.7710038096265059	1.8888089354223616
74	holistic	60	7	7	1.0641718882102926	6.902962085486567
74	conventional	60	4	4	0.8206837750426035	3.4369334880455007
75	holistic	60	6	6	1.0900404632519178	6.852053824779906
75	conventional	60	3	3	0.7421973065853831	2.2537603874899546
76	holistic	60	3	3	0.9817955302517724	3.851646554668614
76	conventional	60	6	6	0.721405549607072	2.3010362204753605
77	holistic	60	5	5	0.8517041432546828	2.896208930175558
77	conventional	60	5	5	0.6565457970089527	1.9022417045463076
78	holistic	60	4	4	0.9087815110699675	6.883999640674032
78	conventional	60	5	5	0.7088437131653956	1.8204577837712506
79	holistic	60	3	3	0.930538057357456	7.386508428542499
79	conventional	60	9	9	0.6353860169767243	1.8804957606314565
80	holistic	60	6	6	0.8966517391882576	6.8809426458112775
80	conventional	60	3	3	0.7632864443506528	3.4683176125714112
81	holistic	60	1	1	0.8494873624696556	5.383063201882787
81	conventional	60	3	3	0.8195818766604596	3.428475531540024
82	holistic	60	4	4	0.993221391977394	5.2847510248331755
82	conventional	60	4	4	0.8898042638259681	4.61387311178007
83	holistic	60	2	2	1.1191943963028999	5.843599647447026
83	conventional	60	4	4	0.7561878138156501	2.680570414295299
84	holistic	60	3	3	1.009998054234494	4.169654571413015
84	conventional	60	6	6	0.6877946857135059	2.6138510089705247
85	holistic	60	4	4	0.9775529993519528	4.008608379768641
85	conventional	60	3	3	0.758054326529231	2.5369575865253577
86	holistic	60	0	0	1.0217284601264367	3.9943739565682908
86	conventional	60	3	3	0.7991445375830845	3.1120411278638542
87	holistic	60	3	3	0.9870213464202015	4.0833101454893
87	conventional	60	2	2	0.9025150716179687	3.5537436084990803
88	holistic	60	3	3	0.9212520367311295	3.791725777377424
88	conventional	60	4	4	0.8653603160487161	4.383868892302934
89	holistic	60	2	2	1.0870226345714014	4.903687148527249
89	conventional	60	3	3	0.9690824586991413	4.438967161273165
90	holistic	60	2	2	1.0266692302113918	3.5736107138151474
90	conventional	60	1	1	0.8768766832827753	2.5610125570027855
91	holistic	60	0	0	1.0497351198368716	3.9028807429163095
91	conventional	60	4	4	0.8486836186516549	2.112388394199365
92	holistic	60	1	1	1.0488581962189891	3.482570522777274
92	conventional	60	1	1	0.8327008762642588	2.202582834396738
93	holistic	60	4	4	1.011441476619756	3.4456479655129946
93	conventional	60	2	2	0.8607427957394294	1.775709885898429
94	holistic	60	0	0	1.0075146648392397	3.2360057791225163
94	conventional	60	1	1	0.9270922747100926	3.5450223831396634
95	holistic	60	2	2	0.9987127336896824	3.105640229699857
95	conventional	60	0	0	0.8773827767529865	2.1503738350538333
96	holistic	60	2	2	0.9641774506710316	2.9884081909877005
96	conventional	60	2	2	0.8508567946250529	2.057023349126224
97	holistic	60	4	4	1.0613456643335943	4.857191023504058
97	conventional	60	0	0	0.9377117725163036	2.6537852436841725
98	holistic	60	1	1	1.0638944586502233	2.904677411566648
98	conventional	60	4	4	0.8610050411336739	2.328843653290766
99	holistic	60	0	0	1.1160886925654525	2.72258142350919
99	conventional	60	2	2	0.8021970411969169	2.248745201347465
100	holistic	60	0	0	1.1367889076034141	2.879379107753654
100	conventional	60	1	1	0.9065565896845327	4.371552486914119
101	holistic	60	3	3	1.1359921912211126	4.879763043752525
101	conventional	60	2	2	0.8938235596478464	3.861145663579757
102	holistic	60	1	1	1.1947056387060828	3.679287189915425
102	conventional	60	5	5	0.8454325249261342	3.013683876300371
103	holistic	60	1	1	1.1509823851505296	3.0829046625444345
103	conventional	60	2	2	0.8200880644057643	2.1802446854884976
104	holistic	60	0	0	1.1332961128196872	2.8969573535670663
104	conventional	60	1	1	0.8410215702219221	2.2075587929662346
105	holistic	60	2	2	1.1261805403135794	2.8971639025330527
105	conventional	60	2	2	0.8562449547884438	1.9181128884477239
106	holistic	60	2	2	1.1506649335406016	3.00494878333516
106	conventional	60	0	0	0.8703025393420435	1.7665069178165955
107	holistic	60	0	0	1.1393111201156922	2.658416088127687
107	conventional	60	0	0	0.9099806712538189	1.7996427725872688
108	holistic	60	0	0	1.1124328478327803	2.755182475189525
108	conventional	60	0	0	0.8779006657253764	2.0804724834791615
109	holistic	60	1	1	1.1115041048133663	2.647922512282601
109	conventional	60	1	1	0.8594191224266147	1.9544738721564383
110	holistic	60	1	1	1.110268313523788	2.3670835446882994
110	conventional	60	1	1	0.8021462124003917	1.9310641063728093
111	holistic	60	0	0	1.1199848185656962	2.397683877653413
111	conventional	60	3	3	0.8253566389152607	2.264393975883644
112	holistic	60	0	0	1.1276926896408077	2.3529098903870715
112	conventional	60	1	1	0.8175415485793415	2.763683565231603
113	holistic	60	0	0	1.1353237823044284	2.271036481173852
113	conventional	60	0	0	0.8043666568589175	1.7104087979672995
114	holistic	60	1	1	1.1597306640459228	2.341512880722346
114	conventional	60	3	3	0.7989578009009258	1.6623191823984549
115	holistic	60	0	0	1.1625273194055734	2.276809719914213
115	conventional	60	1	1	0.8057323639651078	1.6769815291366266
116	holistic	60	0	0	1.1620912376519381	2.631639027904179
116	conventional	60	1	1	0.802445418114116	1.6278460410220479
117	holistic	60	1	1	1.137426888556427	2.5234373324814316
117	conventional	60	2	2	0.7585892217831648	1.5816416483589422
118	holistic	60	1	1	1.1657062833904857	2.486620548716848
118	conventional	60	1	1	0.8296928110152901	2.4233560215985746
119	holistic	60	0	0	1.1542859641142982	2.6205101609015644
119	conventional	60	1	1	0.8100878178427257	1.7679189388828958
120	holistic	60	0	0	1.1443424975567182	2.582813269008132
120	conventional	60	2	2	0.7984000447532825	1.6282589159587317
121	holistic	60	1	1	1.1216544779106101	2.448266850598396
121	conventional	60	2	2	0.7885096527358619	2.426148774379052
122	holistic	60	1	1	1.1681004996786883	2.911337488515208
122	conventional	60	1	1	0.8685352925393945	3.27738560931662
123	holistic	60	0	0	1.2208530671780395	3.820970069210046
123	conventional	60	1	1	0.7996061934024666	2.2883343900995907
124	holistic	60	0	0	1.2053772940146208	3.3161582656647077
124	conventional	60	1	1	0.8181452274391852	1.9603672713778968
125	holistic	60	0	0	1.1786278144686155	2.189696575855545
125	conventional	60	1	1	0.8112839090327802	1.8050886679509104
126	holistic	60	1	1	1.1615992384795493	2.1561322490255486
126	conventional	60	2	2	0.7846735860358094	1.7089007253035942
127	holistic	60	2	2	1.1113396133757396	2.161894335765427
127	conventional	60	2	2	0.7510618197358911	1.6427855777830238
128	holistic	60	0	0	1.1589186121459134	2.4790104867167293
128	conventional	60	4	4	0.6628092080892041	1.444643746445687
129	holistic	60	1	1	1.139407577733928	2.1577065496190238
129	conventional	60	1	1	0.6910428422311177	1.5133951213921824
130	holistic	60	3	3	1.0928074292362708	2.2212833679573234
130	conventional	60	3	3	0.6998495658473172	1.651986962417969
131	holistic	60	3	3	1.085446132852505	3.918631706886826
131	conventional	60	4	4	0.641830751204763	1.5047344409731487
132	holistic	60	1	1	1.0528132652473026	2.4207683819481343
132	conventional	60	2	2	0.8023010381478844	3.702674454346236
133	holistic	60	5	5	0.9770703752058317	2.2746006142013124
133	conventional	60	3	3	0.7952072864288101	2.697262507932006
134	holistic	60	3	3	0.9793215958053736	2.2852911984179114
134	conventional	60	2	2	0.8939570915055779	3.0022191370932916
135	holistic	60	4	4	0.9276069563769422	2.433639088035245
135	conventional	60	0	0	0.8647200450088572	2.498030326479267
136	holistic	60	3	3	0.8861276893504573	2.339553088333343
136	conventional	60	2	2	0.7965563765098523	2.506770017562226
137	holistic	60	4	4	0.9374878366771345	2.73117728603948
137	conventional	60	2	2	0.8237278045665192	2.368112475175338
138	holistic	60	3	3	0.8813373883924943	2.7314780819218263
138	conventional	60	3	3	0.7460053135902437	1.8345894716673306
139	holistic	60	2	2	0.9646357800686939	2.917527317519063
139	conventional	60	7	7	0.6913120258601813	1.786866180605388
140	holistic	60	6	6	0.8586898095790078	2.0587009543259622
140	conventional	60	2	2	0.665533031940292	2.3528057140025878
141	holistic	60	2	2	0.9533761514803432	2.4638349179117456
141	conventional	60	5	5	0.7186514359665271	2.85984427913018
142	holistic	60	2	2	0.9467497080092356	2.143022275912575
142	conventional	60	3	3	0.7257196337811201	2.2787510992635633
143	holistic	60	2	2	1.0303960095180817	2.415362027151634
143	conventional	60	2	2	0.7529947580356791	2.423531492653076
144	holistic	60	2	2	1.0388036158120606	2.386836350264078
144	conventional	60	7	7	0.7945982713454296	2.3449693959335227
145	holistic	60	3	3	1.0400580158839057	2.38887252516713
145	conventional	60	3	3	0.7528806478093417	1.8462578602275443
146	holistic	60	1	1	1.007970308771846	2.4741121301059485
146	conventional	60	5	5	0.7032139019847979	1.7547277008457733
147	holistic	60	4	4	0.9240605101091611	2.563700719358252
147	conventional	60	5	5	0.7082407240714138	1.8147975760066175
148	holistic	60	3	3	0.9310410089367704	2.212605975777189
148	conventional	60	7	7	0.7175942241848152	2.267239559706222
149	holistic	60	2	2	0.917142458205657	2.0295937849932533
149	conventional	60	2	2	0.6701327238217863	1.6131634668140085
150	holistic	60	2	2	1.0182561627789743	2.0976608182361303
150	conventional	60	6	6	0.6695474185510109	1.5617132137664647
151	holistic	60	0	0	1.0242905681889887	2.0733219203180266
151	conventional	60	2	2	0.7019978466931193	2.5332484257314922
152	holistic	60	1	1	0.9971679459030447	2.0882148341840345
152	conventional	60	3	3	0.7429639372580681	1.6956762650919788
153	holistic	60	1	1	1.041239613919637	2.599590053655615
153	conventional	60	3	3	0.7069060562978874	1.5237241095667617
154	holistic	60	1	1	1.0198240737928832	2.0495110652871302
154	conventional	60	0	0	0.6919248207891855	1.5777873576178068
155	holistic	60	1	1	1.0155923769119193	2.683769506938983
155	conventional	60	2	2	0.7320939908339656	1.6335702060600084
156	holistic	60	4	4	0.9841452539238436	2.4218009291188793
156	conventional	60	2	2	0.7466175271096251	1.8398212277185422
157	holistic	60	2	2	1.0233139299583134	2.35140154263042
157	conventional	60	1	1	0.7516116989225353	1.773907272015772
158	holistic	60	1	1	1.0390668680346744	2.3913632457583605
158	conventional	60	3	3	0.7236938487576708	1.5594403517230004
159	holistic	60	1	1	1.0767643313795143	2.2236830013792788
159	conventional	60	3	3	0.7374449712916422	1.6607787141969421
160	holistic	60	0	0	1.0712226974317214	2.3891751744395737
160	conventional	60	2	2	0.7925437851604104	2.279222052990409
161	holistic	60	2	2	1.0238708859432142	2.2878982010696634
161	conventional	60	2	2	0.7535285215348754	1.7253406082934566
162	holistic	60	1	1	1.0494883121020027	2.0547415653153136
162	conventional	60	1	1	0.8462842706505669	2.3034339178709513
163	holistic	60	0	0	1.0500978485559826	2.028704413272102
163	conventional	60	0	0	0.8227762858569029	2.8025800067097277
164	holistic	60	0	0	1.0420113172049805	2.260526137105116
164	conventional	60	3	3	0.7960091986616488	3.3049538371218135
165	holistic	60	3	3	1.005637931338593	2.1674950681530514
165	conventional	60	4	4	0.7561879286642234	2.5574602542028564
166	holistic	60	1	1	1.0593050133182838	2.0309812977594985
166	conventional	60	1	1	0.7982081072715475	2.363945479599865
167	holistic	60	0	0	1.0994008843551937	3.823852060021107
167	conventional	60	1	1	0.7880355593108359	2.3804023477417964
168	holistic	60	0	0	1.0606336203936984	2.488360293617506
168	conventional	60	2	2	0.8154842343667154	1.6961332720585744
169	holistic	60	2	2	1.0233124518857375	2.4545231125785927
169	conventional	60	2	2	0.8905073266186679	5.491019335732938
170	holistic	60	1	1	1.0103276375245143	2.3309287617750067
170	conventional	60	1	1	0.8915202718057454	3.34782092223963
171	holistic	60	0	0	0.9891206478891537	2.2180059352862123
171	conventional	60	1	1	0.8449265039923065	3.3527071103584185
172	holistic	60	1	1	0.9950112524592104	2.158919586928856
172	conventional	60	3	3	0.855341389648478	3.3534697131380398
173	holistic	60	1	1	1.0098043609547434	2.3961671205275663
173	conventional	60	0	0	0.8031533979253528	1.863117075595205
174	holistic	60	1	1	1.0056650220237016	2.294324404587389
174	conventional	60	2	2	0.7914752243230725	1.5757104379634208
175	holistic	60	0	0	0.9951913789297337	2.20031156230753
175	conventional	60	0	0	0.8389604541139162	1.8867718718655986
176	holistic	60	0	0	0.9880590540023555	2.113653109726338
176	conventional	60	3	3	0.800469854750428	1.7982920673276859
177	holistic	60	3	3	0.9897230133029817	2.1731795388577613
177	conventional	60	2	2	0.8463945077970717	1.6607253972156937
178	holistic	60	1	1	1.0602244296406933	2.895786287898841
178	conventional	60	0	0	0.8261718366243932	2.34333927365867
179	holistic	60	0	0	1.0555705046187844	2.1215228660715213
179	conventional	60	1	1	0.7995581473160377	1.6449348997454005
180	holistic	60	0	0	1.0482527013733511	2.1131739676089576
180	conventional	60	0	0	0.8499668853624692	1.7087540360105944
181	holistic	60	1	1	1.0363692072742638	2.074066204563268
181	conventional	60	2	2	0.8168594778352192	1.6308611930049015
182	holistic	60	2	2	1.0282371144133648	2.009163418836495
182	conventional	60	2	2	0.7781830083460926	1.599502733614536
183	holistic	60	0	0	1.057493408521786	2.004166366969737
183	conventional	60	1	1	0.8123324481542348	1.8719481114544496
184	holistic	60	0	0	1.0380671571303737	2.05675670269272
184	conventional	60	1	1	0.8479245075433268	2.4190682008907523
185	holistic	60	1	1	1.0205870313270564	1.9956961357488143
185	conventional	60	1	1	0.8369786589592146	1.5398811276921793
186	holistic	60	1	1	1.069814475586256	2.9494870593127116
186	conventional	60	1	1	0.8178320544798469	1.6750343654676023
187	holistic	60	2	2	1.0412288655518502	2.947439321933395
187	conventional	60	0	0	0.8187837112742422	1.6589030487934664
188	holistic	60	0	0	1.0595119689764083	2.0622900519349927
188	conventional	60	1	1	0.8203735524323663	1.588235452508706
189	holistic	60	1	1	1.0716981733063278	2.0070663055292455
189	conventional	60	2	2	0.7931644161059668	1.5624773136031873
190	holistic	60	3	3	1.0595630974873909	2.2499711381283847
190	conventional	60	2	2	0.8736990056331668	3.380311918500369
191	holistic	60	2	2	1.0509086106525944	2.97666271597155
191	conventional	60	4	4	0.7691245599843824	1.882131415894369
192	holistic	60	1	1	1.0273395490014878	2.4781442362038244
192	conventional	60	3	3	0.738863742026299	1.649890610952677
193	holistic	60	1	1	1.0183426275730556	2.0752002044417455
193	conventional	60	5	5	0.76078900961075	1.5824401589559935
194	holistic	60	3	3	0.982865078261449	2.198347357204067
194	conventional	60	1	1	0.8165015790631273	1.7834126944069966
195	holistic	60	3	3	0.9628734414605272	2.0310973959859084
195	conventional	60	1	1	0.8038513752805032	1.626193829004753
196	holistic	60	3	3	0.919612203312454	2.0274813630386928
196	conventional	60	2	2	0.7544351242654421	1.5859273591920329
197	holistic	60	3	3	0.9789654750075686	2.7136434358396175
197	conventional	60	6	6	0.7353655551088898	1.582219363725438
198	holistic	60	3	3	0.9148707950552067	2.3488800159865706
198	conventional	60	2	2	0.8313524170116567	3.539064495035843
199	holistic	60	3	3	0.89496057336308	2.097035324695861
199	conventional	60	3	3	0.8437240985290912	2.219325333310424
200	holistic	60	5	5	0.9054664835115668	2.8475948944710665
200	conventional	60	1	1	0.7627930799189492	1.8262552406987218
201	holistic	60	4	4	1.0376899872716885	3.936809203384043
201	conventional	60	2	2	0.745919000631089	1.9258466505089438
202	holistic	60	2	2	0.966501211705972	4.538808915023704
202	conventional	60	4	4	0.6901033050602147	1.4911539640034819
203	holistic	60	2	2	1.0864088397231983	3.9034999408376465
203	conventional	60	1	1	0.7421857034480291	3.3513529851001254
204	holistic	60	2	2	0.9924565689642134	1.985742041834461
204	conventional	60	4	4	0.6734137478035944	1.8468815842175765
205	holistic	60	1	1	0.9343507926256918	2.036979139593628
205	conventional	60	1	1	0.7982424689041743	3.4603280159377015
206	holistic	60	2	2	0.9244024858288892	2.0513229471773475
206	conventional	60	3	3	0.7685088447067002	2.4119356962962213
207	holistic	60	5	5	0.9390369348571329	2.954782973479525
207	conventional	60	3	3	0.7123976089461656	1.3983413889550904
208	holistic	60	4	4	0.9007628516741839	2.0670791185845507
208	conventional	60	3	3	0.7397437220524842	1.5642542607617802
209	holistic	60	3	3	0.8258621956457669	1.9377641370375729
209	conventional	60	0	0	0.7440485970427579	1.8946650115767252
210	holistic	60	4	4	0.950832441270714	4.726834244369197
210	conventional	60	5	5	0.7115500312367735	1.3920262534766088
211	holistic	60	4	4	1.0435362073101457	4.910062469636431
211	conventional	60	3	3	0.6428586660119926	1.414027893186191
212	holistic	60	1	1	1.0602668398378323	4.576986635972315
212	conventional	60	3	3	0.7670073519474473	2.690796078817363
213	holistic	60	0	0	1.062653600220471	4.158014987160437
213	conventional	60	2	2	0.780622020108156	2.2209005837159745
214	holistic	60	1	1	1.0393155752088064	3.5084126606189514
214	conventional	60	0	0	0.7775079438578889	2.2347322414326465
215	holistic	60	2	2	1.0379513570732162	3.4083666767893948
215	conventional	60	2	2	0.7570460566438866	1.9038642017534526
216	holistic	60	4	4	0.9918945366520588	3.052234484012195
216	conventional	60	1	1	0.6699037869906259	1.6294276422176204
217	holistic	60	0	0	1.0658870158954656	3.2830444104806222
217	conventional	60	3	3	0.7035149325961308	1.6035115336128793
218	holistic	60	0	0	1.1177483958192673	3.1307710117807432
218	conventional	60	3	3	0.750824041647446	2.356684014522455
219	holistic	60	2	2	1.106556678544977	3.3099374248130973
219	conventional	60	2	2	0.7362740406092989	1.487656128765693
220	holistic	60	1	1	1.1054138554677857	3.0915220726081247
220	conventional	60	2	2	0.6961053420436928	1.6576263942831477
221	holistic	60	1	1	1.1073311005664217	2.825549968752339
221	conventional	60	5	5	0.6937914077347425	1.5305340845620905
222	holistic	60	0	0	1.074425955595252	2.6776268387667628
222	conventional	60	0	0	0.7721120560486053	1.6123317775243748
223	holistic	60	0	0	1.0623745098235395	2.766787576784865
223	conventional	60	1	1	0.6827597961066592	1.513607422265986
224	holistic	60	1	1	1.0727126512012672	2.643236527909216
224	conventional	60	1	1	0.7016642872474218	1.507524654850369
225	holistic	60	1	1	1.0566231496536953	2.534843409141383
225	conventional	60	3	3	0.7381337463421003	1.5636797749773332
226	holistic	60	0	0	1.0563512677428906	2.6155259585738775
226	conventional	60	2	2	0.6815367004340322	1.4458606867496557
227	holistic	60	0	0	1.062660575817812	2.464097301027037
227	conventional	60	1	1	0.7409915136704536	1.4766549353104006
228	holistic	60	0	0	1.0673929490179828	2.5922406139995324
228	conventional	60	3	3	0.6703011815297307	1.3402410582747042
229	holistic	60	1	1	1.053804992513272	2.658767236765745
229	conventional	60	3	3	0.7466989607394282	1.4738446554379816
230	holistic	60	0	0	1.0795607304964194	2.575104381100599
230	conventional	60	1	1	0.7432684581776479	1.4114148641963944
231	holistic	60	1	1	1.079453578405149	2.4993950471718125
231	conventional	60	2	2	0.7625415939450891	1.7856166575441736
232	holistic	60	2	2	1.0699013356643592	2.430164155559287
232	conventional	60	3	3	0.7844455566300268	2.232830005116967
233	holistic	60	1	1	1.0650313304788257	2.366906744424696
233	conventional	60	2	2	0.8325756550373083	2.304935931113518
234	holistic	60	0	0	1.0397064580645805	2.348799192113913
234	conventional	60	2	2	0.7748280167589744	1.842791554453405
235	holistic	60	0	0	1.0294675848302044	2.2931537675992693
235	conventional	60	2	2	0.7437281128891161	2.32435081709107
236	holistic	60	2	2	1.0217077381491406	2.2419136349059308
236	conventional	60	5	5	0.7420982123446528	1.8163704985895932
237	holistic	60	4	4	0.957780617329391	2.1935361093585724
237	conventional	60	3	3	0.865145642344491	5.363220901462742
238	holistic	60	0	0	1.0127138358585348	2.140059500680398
238	conventional	60	1	1	0.786568419011721	2.8734548733614536
239	holistic	60	1	1	1.007967759457191	2.2065808886170464
239	conventional	60	0	0	0.7952157021057499	1.9040808598830699
240	holistic	60	0	0	0.9793932547459642	2.1535071084521458
240	conventional	60	2	2	0.7899127972317967	1.8911290444524478
241	holistic	60	0	0	0.9696115775474667	2.1026930466893208
241	conventional	60	1	1	0.7829728123513945	2.052284741677392
242	holistic	60	2	2	0.9794110737041968	2.1206491749392
242	conventional	60	0	0	0.8574769974598689	3.486917638443702
243	holistic	60	1	1	1.0125091829452992	2.1164422429584375
243	conventional	60	1	1	0.8154275387061883	2.151840301973168
244	holistic	60	0	0	1.1231751347751884	2.9112406900357173
244	conventional	60	2	2	0.7800926004373683	1.5028312697347896
245	holistic	60	2	2	1.0993401164006484	2.406393626318186
245	conventional	60	1	1	0.7581762447728552	1.5564712625126318
246	holistic	60	0	0	1.101168102919643	2.2369892644727183
246	conventional	60	2	2	0.7699107647823059	1.5770314828514285
247	holistic	60	2	2	1.0520508488163525	2.1010834979081716
247	conventional	60	1	1	0.7397349989058222	1.539246940915689
248	holistic	60	0	0	1.0513854371095905	2.3005540570779344
248	conventional	60	1	1	0.7174311681010361	1.5041000617553184
249	holistic	60	2	2	1.025419751925347	2.3993116479544576
249	conventional	60	2	2	0.7284308600068904	1.4710832479606513
250	holistic	60	4	4	1.0082657194293863	2.757080378682659
250	conventional	60	1	1	0.8788443786795451	2.5026725647634263
251	holistic	60	1	1	0.994272606180168	2.650092795528016
251	conventional	60	2	2	0.80111268889879	1.7619196108210438
252	holistic	60	1	1	1.0459532941596315	2.567140478683208
252	conventional	60	1	1	0.8001569159689974	2.3294204608311357
253	holistic	60	2	2	1.0783843064617444	2.500269164155444
253	conventional	60	2	2	0.7902463829521911	1.573962705042493
254	holistic	60	2	2	1.1556480296633036	2.9091399050545084
254	conventional	60	2	2	0.7850108481383141	1.8340570330584327
255	holistic	60	2	2	1.0988676742531955	2.3175515965761835
255	conventional	60	1	1	0.8738396545170309	3.2808623856410297
256	holistic	60	2	2	1.0817478164966603	2.4054140153210266
256	conventional	60	2	2	0.9035305477498242	3.2003774718435047
257	holistic	60	2	2	1.08168635346661	2.8487088965301948
257	conventional	60	3	3	0.868968587060104	2.7294380751078258
258	holistic	60	4	4	1.0318689199373925	2.575060048170784
258	conventional	60	0	0	0.799880585799266	1.8852787990423436
259	holistic	60	2	2	1.0944038983907105	3.6800345647694384
259	conventional	60	3	3	0.7473446088835318	1.3582796634850323
260	holistic	60	5	5	1.04232481601385	2.2817765073063265
260	conventional	60	3	3	0.7737083312090107	1.3356742996611362
261	holistic	60	4	4	1.063805322471955	3.3484896081476676
261	conventional	60	2	2	0.7675975471149911	1.471739331993532
262	holistic	60	2	2	1.051893956175878	2.9463604862369306
262	conventional	60	2	2	0.7668883411520906	1.8791919994290602
263	holistic	60	0	0	1.0409143831215912	3.2805613930718707
263	conventional	60	4	4	0.8084663783502801	2.713104024712548
264	holistic	60	2	2	1.0292694019137452	3.0114954144067103
264	conventional	60	5	5	0.7753183498918916	2.873478919619716
265	holistic	60	3	3	1.046704962303123	2.9637307776121307
265	conventional	60	2	2	0.7547011584539052	2.04401041093259
266	holistic	60	2	2	1.1065473532982526	2.8037749399620226
266	conventional	60	6	6	0.7917987836665975	2.2176569236812895
267	holistic	60	2	2	1.0958903490073801	2.4569875638181795
267	conventional	60	1	1	0.8826523633586196	3.3303195044089517
268	holistic	60	4	4	1.0257423037121585	2.279123945138465
268	conventional	60	0	0	0.8297628482482787	2.3221191813117166
269	holistic	60	3	3	1.0447599404800791	4.833777702792463
269	conventional	60	1	1	0.8532137704215929	2.027469250944674
270	holistic	60	6	6	0.948682397396366	2.5984895128464194
270	conventional	60	5	5	0.7830575707042243	2.430898294096046
271	holistic	60	2	2	0.9808256697879908	2.779845688454719
271	conventional	60	3	3	0.7584587100476227	2.001141780263682
272	holistic	60	2	2	1.0355321927054746	4.976962444172325
272	conventional	60	5	5	0.8408936711806231	4.301671196485877
273	holistic	60	1	1	1.0296279377169901	2.4695256059706763
273	conventional	60	5	5	0.850971612655915	3.8025321642253105
274	holistic	60	3	3	1.0047817837238582	2.4026381635743066
274	conventional	60	1	1	0.8376150121452682	2.3184276012195615
275	holistic	60	2	2	0.9638728450053576	2.1367765994476753
275	conventional	60	2	2	0.8696713760724495	2.3249404790793102
276	holistic	60	3	3	1.0130513666938665	2.911431396264133
276	conventional	60	0	0	0.9322812748340178	2.3316208210660436
277	holistic	60	0	0	1.0461137215574898	4.40974135139688
277	conventional	60	3	3	0.9105374137534523	2.9867502076411916
278	holistic	60	0	0	0.9776815004789323	3.576880528257116
278	conventional	60	2	2	0.8783227374881086	3.3169054373873808
279	holistic	60	3	3	0.9149734456860235	2.660419704072396
279	conventional	60	1	1	0.9832254871651477	4.317922302062098
280	holistic	60	3	3	0.9220808731900402	2.710671315927398
280	conventional	60	1	1	0.9531923475432931	2.814908891123755
281	holistic	60	1	1	1.037925861339801	2.816581289526956
281	conventional	60	1	1	1.030656431319107	3.3761946995106387
282	holistic	60	0	0	0.9992808833252382	2.3406310346196073
282	conventional	60	0	0	1.0263159803626114	2.573810125273278
283	holistic	60	1	1	0.9974611146128388	2.4126406434936705
283	conventional	60	1	1	0.9793667020026365	2.525482959462942
284	holistic	60	3	3	0.9920261289062126	2.46945954570682
284	conventional	60	1	1	0.9547040160513109	2.3260918804387947
285	holistic	60	2	2	0.9832157488350032	2.3138628837372925
285	conventional	60	2	2	1.0007013178768243	1.9954067831374978
286	holistic	60	0	0	1.0113259602826856	2.1862547795286087
286	conventional	60	1	1	1.0290643771529853	2.607370823335185
287	holistic	60	1	1	1.0180157501708846	2.0793120982864743
287	conventional	60	0	0	1.0248357582807084	2.9296026285047114
288	holistic	60	2	2	1.0557290364384366	2.101282293504647
288	conventional	60	1	1	0.9868601749127763	2.081375664988578
289	holistic	60	1	1	1.0454216578508684	2.0962636576558764
289	conventional	60	1	1	0.9748351632909691	1.9708481601178773
290	holistic	60	0	0	1.0683941236881898	2.7689962837185957
290	conventional	60	2	2	0.9669234467312933	1.7849890726692765
291	holistic	60	2	2	1.0537440589028437	2.137422992328956
291	conventional	60	0	0	0.9709939600255939	1.7714716016951841
292	holistic	60	2	2	1.0560370242955317	2.0812112128820366
292	conventional	60	2	2	0.9883118175706418	1.7599061882364146
293	holistic	60	0	0	1.1144836930298019	2.82446440202589
293	conventional	60	0	0	0.9910357392272081	1.7200249375898522
294	holistic	60	0	0	1.161672765640477	3.162082145359108
294	conventional	60	1	1	0.9945548734524027	1.7340895122899096
295	holistic	60	0	0	1.172163273625118	2.827403350703029
295	conventional	60	2	2	1.000628310687222	1.7224365930129968
296	holistic	60	2	2	1.187292738329409	3.2257363804290655
296	conventional	60	3	3	0.9309288702238567	1.711942783930225
297	holistic	60	3	3	1.1124372079023246	3.1591528960406383
297	conventional	60	1	1	1.015519852861704	6.28118773450168
298	holistic	60	0	0	1.1283451980878842	3.254040838872688
298	conventional	60	2	2	1.0328967252792454	3.3418977954176494
299	holistic	60	0	0	1.150702736081713	2.8931853179812332
299	conventional	60	0	0	1.0796655392247918	3.2981248119154967
300	holistic	60	0	0	1.133079649018979	3.0490746559035395
300	conventional	60	1	1	1.037078551571662	2.2932277841150013
301	holistic	60	4	4	1.117726419166612	3.1274195536121896
301	conventional	60	0	0	1.0736922537548905	2.3941490295411483
302	holistic	60	2	2	1.0588128441707734	3.1916144098881123
302	conventional	60	0	0	1.069563496216742	2.865504809606848
303	holistic	60	1	1	1.047836604532294	2.9939018919366465
303	conventional	60	0	0	1.0595987063553034	2.8971428363725753
304	holistic	60	0	0	1.060540731123697	3.135226562590748
304	conventional	60	1	1	1.0211673965915373	2.6337777012092505
305	holistic	60	3	3	1.0566700293910907	3.041507649445294
305	conventional	60	1	1	1.0004762198793062	2.2962148492820242
306	holistic	60	2	2	1.0660899405270288	2.894145936063841
306	conventional	60	1	1	0.9210311029303179	1.9161334261401257
307	holistic	60	0	0	1.1296633565804186	2.7019911728127153
307	conventional	60	2	2	0.9671745993452784	2.2932862374068645
308	holistic	60	1	1	1.0986518965500685	2.8274206564631235
308	conventional	60	1	1	0.9003526618903978	2.093750695200933
309	holistic	60	1	1	1.048720349975999	2.882596322895397
309	conventional	60	3	3	0.8721617954312201	2.021128267528939
310	holistic	60	2	2	1.0090673509109849	2.773912162725213
310	conventional	60	0	0	0.8795656146114823	2.0455233320989437
311	holistic	60	1	1	0.9915589289930454	2.776263705762585
311	conventional	60	1	1	0.904765139945394	1.909978894329671
312	holistic	60	1	1	1.0220237635690579	2.948767123438799
312	conventional	60	1	1	0.8613779982006977	1.7947214112754992
313	holistic	60	2	2	0.989259906416537	2.598940007430102
313	conventional	60	1	1	0.8858315402725159	1.6954813841153258
314	holistic	60	2	2	0.9867880552185884	2.565060909680339
314	conventional	60	2	2	0.8818466254733331	1.8579350997656945
315	holistic	60	1	1	1.1149694669883525	7.814404099049989
315	conventional	60	2	2	0.8691885880642793	1.8260509965825673
316	holistic	60	3	3	1.089333355889802	5.324115158862809
316	conventional	60	1	1	0.8368796546704991	1.739240316457434
317	holistic	60	1	1	1.1052657908009331	4.1596625121597555
317	conventional	60	2	2	0.8602525383500396	1.6119199991260085
318	holistic	60	4	4	1.0171762958907886	3.5792624071095704
318	conventional	60	1	1	0.8850318863828491	1.721754111137691
319	holistic	60	2	2	0.9962873121748803	3.0268302267917107
319	conventional	60	2	2	0.8592067008912264	2.009068164721689
320	holistic	60	5	5	0.9159775330851974	2.6618166355530963
320	conventional	60	3	3	0.8216895034123944	2.3139337898007595
321	holistic	60	4	4	0.962421369227295	2.5408200771847285
321	conventional	60	1	1	0.9696771778916902	3.532217496584159
322	holistic	60	3	3	1.0059738107346723	3.2032517724949776
322	conventional	60	2	2	0.9658525026285031	3.248066969294543
323	holistic	60	1	1	1.0568607033472333	2.9392702048369843
323	conventional	60	1	1	0.9825468658520139	2.748905940378581
324	holistic	60	3	3	1.0861446703274897	2.9248294102957058
324	conventional	60	4	4	0.9308508034585247	2.9189310786599805
325	holistic	60	3	3	1.0250441415003715	2.67894002629103
325	conventional	60	1	1	0.9574750938132139	2.5694981167290747
326	holistic	60	0	0	0.9697407697216464	2.4548553702024716
326	conventional	60	6	6	0.85713156817228	3.385754241921302
327	holistic	60	3	3	0.9478816168086588	2.4374493903891437
327	conventional	60	2	2	0.8986308693369139	3.39019356691993
328	holistic	60	3	3	0.9085099883129388	2.42119863196754
328	conventional	60	1	1	0.9088753055548888	2.309857058674277
329	holistic	60	4	4	0.8495701122475974	2.379140655464921
329	conventional	60	1	1	0.9472153129143434	2.391042765223881
330	holistic	60	5	5	0.8479175654441093	2.390416195228581
330	conventional	60	3	3	0.9940062309128055	2.4360260711757675
331	holistic	60	1	1	0.8807569928270649	2.376309615643843
331	conventional	60	1	1	1.1280431284892882	4.5331387125477995
332	holistic	60	3	3	0.8577884215046304	2.3382771411287124
332	conventional	60	4	4	0.9442010087323861	3.036344526006535
333	holistic	60	3	3	0.8174313307296182	2.2781010034760403
333	conventional	60	5	5	0.8761670697130586	3.2077273174414667
334	holistic	60	5	5	0.8753795554805883	2.290784406502632
334	conventional	60	1	1	0.9358482013046363	2.5425992058199594
335	holistic	60	3	3	0.9532618966988876	3.8643338410160086
335	conventional	60	1	1	0.9537938782467262	3.1434774689896168
336	holistic	60	1	1	0.9387506647215417	2.351701687818161
336	conventional	60	0	0	0.9495565208958544	2.692490781969262
337	holistic	60	1	1	0.95827130673124	3.1867389537334265
337	conventional	60	3	3	0.878777092438627	2.288916035280537
338	holistic	60	1	1	0.935336201016969	2.601252026348821
338	conventional	60	2	2	0.8208540266158765	2.278474526263037
339	holistic	60	4	4	0.945864658508113	2.7846706539669563
339	conventional	60	2	2	0.8040613046684576	2.281140488403392
340	holistic	60	3	3	0.8845515964260435	2.3348781014611855
340	conventional	60	1	1	0.8201925950485667	2.5021700088443843
341	holistic	60	0	0	0.8600429566060821	2.3247926145490694
341	conventional	60	3	3	0.7912220081242424	1.9482532718032823
342	holistic	60	1	1	0.8569775218019977	2.3150391518116553
342	conventional	60	0	0	0.9043669398489163	2.3614551835020174
343	holistic	60	1	1	0.9101698860453207	2.305814216381766
343	conventional	60	1	1	0.8668595405825427	1.8706164898921074
344	holistic	60	4	4	0.8961605755423302	2.6105662665012486
344	conventional	60	2	2	0.8703115874772777	1.7763243138789897
345	holistic	60	3	3	0.8615160559244569	2.6350324600718786
345	conventional	60	2	2	0.8566467267327994	1.795721181943226
346	holistic	60	0	0	0.8918661046984678	2.6524737040394184
346	conventional	60	0	0	0.9108534131105495	2.650760662794406
347	holistic	60	1	1	0.8882923871731337	2.361204482855274
347	conventional	60	2	2	0.952341879377942	3.149162753138039
348	holistic	60	1	1	0.9058413390445281	2.3692853884905998
348	conventional	60	2	2	0.9488929459821294	1.9866796372523028
349	holistic	60	3	3	0.8937345614942561	2.360135344445541
349	conventional	60	1	1	0.9697828511992691	3.451256660790168
350	holistic	60	0	0	0.9516938939429402	2.351052933948908
350	conventional	60	1	1	0.8758139907635807	1.8268477464960815
351	holistic	60	2	2	0.9104186927408902	2.2211488091447484
351	conventional	60	0	0	0.9139583097260265	3.101367970903557
352	holistic	60	2	2	0.8949108353302019	2.138405248314624
352	conventional	60	1	1	0.8942195303042415	2.1048199511611667
353	holistic	60	1	1	0.9051128322875877	2.090124302896602
353	conventional	60	1	1	0.8984310201440259	1.7995779809867645
354	holistic	60	0	0	0.9394819511566345	2.2007136108329406
354	conventional	60	0	0	0.9111446875020971	1.8844289475566758
355	holistic	60	1	1	0.9366711886002591	1.9968624935035946
355	conventional	60	1	1	0.8935285057864888	1.9624074618669443
356	holistic	60	1	1	0.9132700156137105	2.0357152457400143
356	conventional	60	2	2	0.8664029806284297	2.0251849053133233
357	holistic	60	0	0	0.9029325977057064	2.0279103042741102
357	conventional	60	1	1	0.8448976378672499	1.7620806285040553
358	holistic	60	0	0	0.9092969164254507	2.1038148820909095
358	conventional	60	2	2	0.8635331615742944	1.8537390545920445
359	holistic	60	0	0	0.8992681784010038	2.0539374712261154
359	conventional	60	3	3	0.8352294350603994	1.834797160161242
360	holistic	60	1	1	0.8977535997865902	2.0066242922229205
360	conventional	60	3	3	0.8324295993612458	2.534201570961569
361	holistic	60	1	1	0.9037188059891356	1.9268460040396294
361	conventional	60	2	2	0.9541986492865003	4.351670200790392
362	holistic	60	1	1	0.8990032270028526	2.0316809294703146
362	conventional	60	2	2	0.9145117412160991	2.863564010471355
363	holistic	60	0	0	0.9640746733237034	2.9560722558783756
363	conventional	60	2	2	0.8720417393723334	2.015149643386945
364	holistic	60	0	0	0.9447869125886122	1.9534181573245137
364	conventional	60	3	3	0.8264508208600038	1.4868043743474137
365	holistic	60	2	2	0.9145709764589893	2.074471060881927
365	conventional	60	2	2	0.8859013052773631	1.5636140743631632
366	holistic	60	3	3	0.8899794397631158	1.9461586256730372
366	conventional	60	1	1	0.8981186899532024	1.5271219244871266
367	holistic	60	0	0	0.9312624100326211	2.8089458062442523
367	conventional	60	2	2	0.9034611257114332	3.5866229198945483
368	holistic	60	2	2	0.9201689726193151	2.307993545751784
368	conventional	60	2	2	0.8575002976320317	3.0828107448408324
369	holistic	60	1	1	0.9056810103959336	1.9864073817154322
369	conventional	60	3	3	0.8704233802391337	1.9229659584641172
370	holistic	60	1	1	0.9392105340509465	2.1752879746030627
370	conventional	60	0	0	0.8774980277660062	1.8349887494069386
371	holistic	60	1	1	0.9375908182874059	2.055620754530896
371	conventional	60	1	1	0.8637949462527407	1.5823239941610827
372	holistic	60	1	1	0.9132352359559899	1.872167921868984
372	conventional	60	1	1	0.8672028760381935	1.5246602899459585
373	holistic	60	2	2	0.9188948328642065	2.0265488643461262
373	conventional	60	1	1	0.8379316444914712	1.6402712543225098
374	holistic	60	2	2	0.9356475624434776	2.8536686464011765
374	conventional	60	2	2	0.8208780445670422	1.7241476503941862
375	holistic	60	1	1	0.9862204996727072	3.3494903787008843
375	conventional	60	3	3	0.7751535688254217	1.6452507124988036
376	holistic	60	4	4	0.9072935032954322	2.18402927756409
376	conventional	60	0	0	0.8167285018861623	1.546747803534783
377	holistic	60	0	0	0.9557495374673864	2.6160523325539025
377	conventional	60	3	3	0.8191445776821707	1.5849606585771365
378	holistic	60	3	3	0.9563088189478606	2.4541137701886253
378	conventional	60	0	0	0.8041052831105742	1.6214646757940308
379	holistic	60	1	1	0.9873495809774756	2.0775424506227687
379	conventional	60	3	3	0.8273539117883606	2.0378605215217642
380	holistic	60	3	3	0.9534201218932227	2.3760510596526254
380	conventional	60	2	2	0.8009322427847718	1.6485471980535353
381	holistic	60	4	4	0.9521879496945981	2.9186065495460682
381	conventional	60	3	3	0.8582815334751953	2.8107198841556023
382	holistic	60	3	3	0.9957132981455731	3.9299619655840123
382	conventional	60	1	1	0.8686757721649048	2.3566023868101618
383	holistic	60	2	2	1.0049188184589377	2.9327292863137857
383	conventional	60	2	2	0.8751858740080097	2.6790929146674767
384	holistic	60	1	1	1.0036580762727432	2.9280448500415206
384	conventional	60	3	3	0.8069166543969412	2.101004834688483
385	holistic	60	2	2	0.9794440240131841	1.9300895814383237
385	conventional	60	1	1	0.8035080810228489	1.9451485961291883
386	holistic	60	1	1	0.9583092343746968	1.765600221845371
386	conventional	60	5	5	0.7456693590823541	1.8445170337636874
387	holistic	60	5	5	0.9367291694634645	1.7445644625071854
387	conventional	60	4	4	0.8111845553169529	3.4895574630944557
388	holistic	60	2	2	1.0277126794320168	4.8405048495461065
388	conventional	60	3	3	0.8030733979150201	2.992740120011004
389	holistic	60	1	1	0.9554289959287005	2.3283070373975274
389	conventional	60	2	2	0.8428260208383556	4.339434505342394
390	holistic	60	4	4	0.9593781896267307	2.1511361645339977
390	conventional	60	3	3	0.8376636450023965	2.8669212656884735
391	holistic	60	1	1	1.003963081118001	1.9469416727489322
391	conventional	60	1	1	0.8752193133293659	3.3733536693957547
392	holistic	60	2	2	0.9535510038220226	1.7484048208904794
392	conventional	60	4	4	0.7633275306446847	2.6272508679863185
393	holistic	60	2	2	0.9938603409982416	2.9515430977576966
393	conventional	60	7	7	0.7450011381909716	2.171295392633003
394	holistic	60	4	4	1.043773198363738	3.7629100804528073
394	conventional	60	5	5	0.758405013071126	1.7004946386737503
395	holistic	60	1	1	1.1013952626338663	2.99352697598518
395	conventional	60	3	3	0.8807271976141728	4.391979258470991
396	holistic	60	1	1	1.1640713733165973	4.374319325018192
396	conventional	60	2	2	0.8500752232414798	1.9016098959988628
397	holistic	60	0	0	1.157348926100956	2.875336591984899
397	conventional	60	3	3	0.9086429648049756	2.8218629625335785
398	holistic	60	2	2	1.101928301403153	2.3725330794375217
398	conventional	60	3	3	0.8584121473718553	2.657260512667538
399	holistic	60	1	1	1.0567742611175777	2.4104687116336336
399	conventional	60	4	4	0.8915526101653242	4.373260048834452
400	holistic	60	0	0	1.1043899013517615	2.884055902862948
400	conventional	60	4	4	0.8584697658542375	3.375468355123306
401	holistic	60	0	0	1.1004820112817895	3.381521191504997
401	conventional	60	3	3	0.8840926070743087	2.498476295114823
402	holistic	60	2	2	1.0604274854955034	3.5491331651022766
402	conventional	60	2	2	0.9824580043171457	4.776416930711394
403	holistic	60	0	0	1.0680542789010434	2.6311553558799363
403	conventional	60	1	1	0.8995191612825706	2.776866429505024
404	holistic	60	2	2	1.0608230925937445	3.0812199748504066
404	conventional	60	2	2	0.9710399899111872	3.427638989827756
405	holistic	60	2	2	1.0323068274818048	2.8823696497857605
405	conventional	60	2	2	0.9737362614667942	3.793095971548765
406	holistic	60	1	1	1.048617254780864	2.596021437910977
406	conventional	60	3	3	0.8912174337993796	2.249564827442676
407	holistic	60	1	1	1.0374466745554676	2.5066746048070114
407	conventional	60	3	3	0.8643058941827227	2.342341573328038
408	holistic	60	2	2	1.0373203209995778	2.4378463206805603
408	conventional	60	2	2	0.9280554383290374	2.185978900883997
409	holistic	60	4	4	0.9995511950290539	2.883080983677087
409	conventional	60	1	1	0.8924478370840921	2.3289665620281355
410	holistic	60	0	0	1.104162099660229	2.882799442407288
410	conventional	60	1	1	0.935752777702906	2.6598317394861826
411	holistic	60	3	3	1.0685800109209747	2.632092607154808
411	conventional	60	0	0	1.0489658569064353	3.3131673018521264
412	holistic	60	2	2	1.097176810257836	2.728059156534496
412	conventional	60	0	0	1.0554972796347128	3.6462108805771116
413	holistic	60	1	1	1.0605582074912736	2.5966839949411975
413	conventional	60	0	0	1.0487408923683488	3.3126348506381356
414	holistic	60	1	1	1.0924474224784086	2.4826324137753604
414	conventional	60	0	0	1.0190310252693309	2.5143147084889077
415	holistic	60	0	0	1.1931850890527465	2.7851297563184376
415	conventional	60	0	0	1.0210727353489883	2.319191363836587
416	holistic	60	0	0	1.2155046881506022	4.2763012642537905
416	conventional	60	1	1	0.9929653245565196	2.099813783836897
417	holistic	60	0	0	1.1558837456342774	2.779240068524798
417	conventional	60	0	0	1.0043780806891434	2.2379749853888393
418	holistic	60	0	0	1.1318279574818608	2.532517917739846
418	conventional	60	1	1	1.0089676250850248	2.2504340501913926
419	holistic	60	0	0	1.1298136525643256	2.4825319835696296
419	conventional	60	0	0	1.0315659931215828	2.3374334894448197
420	holistic	60	1	1	1.095309858340894	2.4064150579610804
420	conventional	60	2	2	1.0158850878585777	2.7871483534965034
421	holistic	60	0	0	1.0936648370639621	2.336824065748146
421	conventional	60	3	3	0.948363310482745	2.221364475560909
422	holistic	60	2	2	1.0826898760671024	2.4475426288960604
422	conventional	60	1	1	0.9447271927817729	2.151151688850177
423	holistic	60	0	0	1.084830364281551	2.340956418131372
423	conventional	60	1	1	0.9322909805107952	2.094679832396585
424	holistic	60	0	0	1.106997633639765	2.2425854280183035
424	conventional	60	0	0	0.9563276603354226	2.164352528217753
425	holistic	60	0	0	1.1237718501118885	2.2672160460000024
425	conventional	60	1	1	0.933337563548072	2.1360106934664698
426	holistic	60	2	2	1.0764567890320003	2.2897623320407567
426	conventional	60	2	2	0.9400211605242146	2.1098110745619603
427	holistic	60	0	0	1.136583843842012	2.3466289252120847
427	conventional	60	1	1	0.922533138657931	2.022673311869229
428	holistic	60	2	2	1.1237828234630554	2.365254295521051
428	conventional	60	0	0	0.929398956575753	2.093045837539525
429	holistic	60	0	0	1.1189823834882904	2.2824994082598296
429	conventional	60	2	2	0.9098097375589016	2.011887302517919
430	holistic	60	0	0	1.143230227026684	2.2371616364267717
430	conventional	60	0	0	0.927042452226489	1.9631706119564265
431	holistic	60	1	1	1.1455300934874868	2.283829622076075
431	conventional	60	1	1	0.8896958655788603	1.9179227248885304
432	holistic	60	1	1	1.1362046081050217	2.1852598493930295
432	conventional	60	0	0	0.9251192666643285	1.8484055493785232
433	holistic	60	1	1	1.2043022629524425	3.9596345564335165
433	conventional	60	2	2	0.928388880767147	2.1435625046512614
434	holistic	60	2	2	1.1864659559403097	2.7976043391764303
434	conventional	60	1	1	0.9182172797959615	1.8992691557048027
435	holistic	60	0	0	1.2160752690624799	2.9869142773900363
435	conventional	60	3	3	0.9532773914986101	4.276037929963443
436	holistic	60	2	2	1.1951414675838634	4.45571369550742
436	conventional	60	1	1	1.0639003210594786	7.2696719499659395
437	holistic	60	0	0	1.1635067861310435	3.6252027309235104
437	conventional	60	0	0	1.0418818691992617	3.2946679752706394
438	holistic	60	3	3	1.1248517419978166	3.210629616050083
438	conventional	60	0	0	1.0162070153935256	2.6259977527471663
439	holistic	60	1	1	1.1970595385305256	2.816748358880775
439	conventional	60	3	3	0.9883388922449383	2.5375811199403384
440	holistic	60	2	2	1.1458144948895113	2.351934680448707
440	conventional	60	1	1	1.0337891939256112	4.253742784166036
441	holistic	60	3	3	1.1193504522975568	2.522012502890435
441	conventional	60	1	1	0.9712393046490747	2.1363410885179666
442	holistic	60	3	3	1.063621024390678	2.11447622619816
442	conventional	60	2	2	0.9754399164133605	2.285513759078244
443	holistic	60	2	2	1.1187610020966827	2.941552355655618
443	conventional	60	1	1	1.0492713042529624	3.3205917813285115
444	holistic	60	2	2	1.137458175118907	2.691838201306274
444	conventional	60	1	1	1.0524853829577505	2.023151140014199
445	holistic	60	3	3	1.1274672735009903	2.8774455441540203
445	conventional	60	1	1	1.0224648336416888	2.3810523459855606
446	holistic	60	0	0	1.1660113492500896	2.0518972267633173
446	conventional	60	4	4	0.9242929495396666	1.8416666506371866
447	holistic	60	3	3	1.1056346431311204	3.3082307818482746
447	conventional	60	1	1	0.8853837736663124	1.6312831993647572
448	holistic	60	2	2	1.1322279557339276	2.806979586610493
448	conventional	60	5	5	0.8489034335067867	1.6337442244764455
449	holistic	60	1	1	1.1752998728807316	2.941466650306445
449	conventional	60	4	4	0.8790439203943521	1.7969642584792402
450	holistic	60	3	3	1.083165642867661	2.116817206859473
450	conventional	60	0	0	0.9420205754824399	1.8821355333311929
451	holistic	60	2	2	1.15048276294662	3.7661226829802783
451	conventional	60	1	1	1.0417851653995551	2.859975043270062
452	holistic	60	2	2	1.1877165345825587	2.968698182292294
452	conventional	60	2	2	1.0058705819181766	1.738469117325228
453	holistic	60	2	2	1.1409552009751165	2.605664612625891
453	conventional	60	4	4	0.9484812408729925	2.112257713579115
454	holistic	60	3	3	1.0291314035453398	2.208276116177439
454	conventional	60	3	3	0.8631899375042397	1.9667265210439606
455	holistic	60	2	2	1.0330468445732965	2.2926280310287845
455	conventional	60	3	3	0.8448001932924546	1.703762295061588
456	holistic	60	3	3	1.0847772864150567	2.831743846275877
456	conventional	60	3	3	0.8573636836321422	1.6544167504960734
457	holistic	60	0	0	1.150193637731092	2.335052997807864
457	conventional	60	2	2	0.9423077942909401	3.693895644852221
458	holistic	60	1	1	1.1545544453560177	2.8356364450679763
458	conventional	60	3	3	0.8441449721558613	2.2003642605011895
459	holistic	60	1	1	1.1200577240018157	2.335100358920989
459	conventional	60	6	6	0.8159092125399703	2.2715177963626436
460	holistic	60	2	2	1.10739074728978	2.4912384638191165
460	conventional	60	5	5	0.8633331881873401	3.2983253352487565
461	holistic	60	0	0	1.083052223507018	2.124141201877411
461	conventional	60	4	4	0.9123402086222694	5.699722884340369
462	holistic	60	2	2	1.1102241925242289	2.0999717355328484
462	conventional	60	1	1	0.872843875590792	3.2010190614093164
463	holistic	60	1	1	1.1073332597938146	2.1321880040983374
463	conventional	60	2	2	0.7755866108972835	2.3530395993523165
464	holistic	60	2	2	1.099571612465741	2.0012268933130137
464	conventional	60	2	2	0.8136441099172874	2.2330451472233372
465	holistic	60	1	1	1.0716713252964267	2.266096653115911
465	conventional	60	3	3	0.6908979740078177	1.6035242342648186
466	holistic	60	2	2	1.0973209885828539	2.13437374395699
466	conventional	60	4	4	0.8030435488282144	3.328794172516739
467	holistic	60	0	0	1.0772949616789682	2.0657919648765564
467	conventional	60	2	2	0.792605084852816	2.7244637555523323
468	holistic	60	3	3	1.0339118922150434	1.9565880915214102
468	conventional	60	5	5	0.7535214696520574	1.8877451762313924
469	holistic	60	3	3	1.0156764645293805	1.9480872066159498
469	conventional	60	1	1	0.8434576967762631	2.382777621145682
470	holistic	60	2	2	1.0746047222189645	1.9257442856688534
470	conventional	60	0	0	0.8250482528249029	2.218015128032149
471	holistic	60	4	4	1.0411500498742587	2.203004649037833
471	conventional	60	1	1	0.8430963869153019	1.805886165087647
472	holistic	60	2	2	1.1703547934692722	3.1858700915553717
472	conventional	60	0	0	0.8423731021138511	2.2562910342495814
473	holistic	60	2	2	1.1063426276410724	2.689176461324004
473	conventional	60	0	0	0.8673675600552787	1.9623566154688807
474	holistic	60	1	1	1.0763833138753005	2.0398051436133926
474	conventional	60	1	1	0.8363355136940026	1.786112896437097
475	holistic	60	0	0	1.0831542426595253	1.9050805254144885
475	conventional	60	0	0	0.9005152102629344	1.8587174396547665
476	holistic	60	2	2	1.1258163721610805	2.1234065155637505
476	conventional	60	1	1	0.8556640441143032	1.9598695962125152
477	holistic	60	2	2	1.1301526079333728	1.9846832531301513
477	conventional	60	0	0	0.8515242067418636	1.6967269317645275
478	holistic	60	0	0	1.1662862561321277	2.0730507709357986
478	conventional	60	3	3	0.9027186969530975	2.2203271021341204
479	holistic	60	0	0	1.1283139655000858	2.4192918518828455
479	conventional	60	1	1	0.9704539890910249	5.289425438828194
480	holistic	60	1	1	1.100931771419859	2.4572961151108452
480	conventional	60	1	1	0.9460415834578005	3.3008187652644283
481	holistic	60	0	0	1.1441679613143556	2.536052902574394
481	conventional	60	0	0	0.9402480494182199	2.354266196966806
482	holistic	60	3	3	1.0887693232660067	2.0877780468638165
482	conventional	60	2	2	0.8949692235930368	2.086262289022294
483	holistic	60	0	0	1.0979962619834545	2.8850920713826915
483	conventional	60	1	1	0.880387417431318	2.4416114042987154
484	holistic	60	0	0	1.0847502212521323	2.306481258674408
484	conventional	60	0	0	0.83739087889664	1.8208098465767952
485	holistic	60	2	2	1.0940512908435767	2.0505990780736663
485	conventional	60	2	2	0.8154840744520915	1.9309208235975996
486	holistic	60	2	2	1.0863426470993713	2.2629188251191157
486	conventional	60	2	2	0.8141782703084356	2.5154281720591936
487	holistic	60	0	0	1.1228309660551716	2.558262143078355
487	conventional	60	2	2	0.7693452296370659	2.047589582106495
488	holistic	60	2	2	1.079258071035561	2.4737516093426044
488	conventional	60	3	3	0.7666775867950144	1.948816739092507
489	holistic	60	0	0	1.0781742086644566	2.445025714863705
489	conventional	60	3	3	0.7953633619985072	1.804457014381195
490	holistic	60	0	0	1.0687232499452073	2.4189889312043236
490	conventional	60	0	0	0.7876787827730362	1.9383900689842724
491	holistic	60	2	2	1.0622525528994653	2.4388805772222746
491	conventional	60	2	2	0.8289004878068018	1.8601560105605153
492	holistic	60	2	2	1.0395514976512867	2.4150618653623215
492	conventional	60	0	0	0.856041373324739	1.8365597988054765
493	holistic	60	1	1	1.0753246831364924	2.433446275331466
493	conventional	60	2	2	0.8539086420685333	1.9055585887361168
494	holistic	60	2	2	1.0981722345415614	2.488801780899886
494	conventional	60	1	1	0.8708525183641035	2.3661895270465942
495	holistic	60	0	0	1.1272085361688389	2.562889391903218
495	conventional	60	3	3	0.8447427264029425	1.875425574809832
496	holistic	60	1	1	1.0589486504889338	2.3027070947794077
496	conventional	60	0	0	0.9427916297539469	2.8611862864761974
497	holistic	60	0	0	1.0697191608256853	2.2878551215777034
497	conventional	60	0	0	0.8983314433679506	1.7966670005529828
498	holistic	60	4	4	0.9788659960110031	2.207362280033932
498	conventional	60	2	2	0.8158102409802759	1.5439563783323689
499	holistic	60	0	0	0.9952332818760324	2.1640812160498393
499	conventional	60	2	2	0.8108113477073541	2.8385518126848956
500	holistic	60	2	2	0.9999749774501238	2.2489663628593948
500	conventional	60	1	1	0.8103946582859357	3.3232908642115633
501	holistic	60	1	1	1.0168256189972498	2.2677595369031893
501	conventional	60	2	2	0.7863597367989242	2.1531768648364285
502	holistic	60	3	3	1.0479533706777464	2.9524308102743597
502	conventional	60	1	1	0.7919083095874355	1.8185265291106585
503	holistic	60	2	2	1.009451186954999	2.2166993971355686
503	conventional	60	2	2	0.785269948812834	1.462800400024717
504	holistic	60	1	1	1.0496732869204235	2.290537578060565
504	conventional	60	1	1	0.8216609786250546	1.4798270794118424
505	holistic	60	2	2	0.9962241650385785	2.2949101912223218
505	conventional	60	0	0	0.8685366646145452	2.2636861063939593
506	holistic	60	0	0	1.01894646819415	2.3473090172055375
506	conventional	60	2	2	0.8315954873689233	1.7193355766681795
507	holistic	60	2	2	0.9603111984498209	2.335012033431473
507	conventional	60	2	2	0.8319937598483461	1.7010971980443987
508	holistic	60	3	3	1.058685179302485	6.936658335700068
508	conventional	60	4	4	0.7952384376978593	1.6787819968530926
509	holistic	60	3	3	1.0326440428152928	3.9388044537723355
509	conventional	60	3	3	0.7341822462726244	1.597743434450376
510	holistic	60	3	3	1.0684041162823201	5.83329169367663
510	conventional	60	0	0	0.8439851333796718	2.305937550239292
511	holistic	60	2	2	0.9959368830256622	3.3327972112550537
511	conventional	60	3	3	0.8012326207776825	1.622361673938349
512	holistic	60	1	1	0.9707848018408102	2.833375199167999
512	conventional	60	1	1	0.7602522866436209	2.041001046559963
513	holistic	60	1	1	1.0302128901323326	2.9392744679208627
513	conventional	60	5	5	0.8123895525484585	3.459388738901425
514	holistic	60	4	4	0.9455821559679497	2.444462486967868
514	conventional	60	0	0	0.8167307415777976	4.4659534552467655
515	holistic	60	3	3	1.0575797313735744	3.9470484500448557
515	conventional	60	6	6	0.8040803024315046	4.467102257178525
516	holistic	60	1	1	1.134163004019041	4.809050484639636
516	conventional	60	3	3	0.8972152695583705	3.994223028751332
517	holistic	60	0	0	1.0932482205075589	3.8135608759295163
517	conventional	60	1	1	1.0048258302819755	3.8901816436687127
518	holistic	60	0	0	1.0815899223976255	4.147187878189407
518	conventional	60	1	1	0.9676254974094503	3.3173503110004283
519	holistic	60	1	1	1.0284292193874973	3.313411229598036
519	conventional	60	4	4	0.834989802445783	2.756585409757544
520	holistic	60	3	3	1.0034170868321113	3.4181442337207555
520	conventional	60	3	3	0.8042373845775044	2.337354281482496
521	holistic	60	0	0	1.0736823763473402	3.3133005003603775
521	conventional	60	2	2	0.8230485659471584	2.6888376950809127
522	holistic	60	0	0	1.0506019451221316	3.0956335877132504
522	conventional	60	1	1	0.8370951649503419	2.821648894773862
523	holistic	60	1	1	1.020699641080011	3.0602430036150885
523	conventional	60	3	3	0.7825290323394327	2.54926426631666
524	holistic	60	3	3	1.0211887181591124	2.9219628415181855
524	conventional	60	2	2	0.7991641029259202	2.457913039463904
525	holistic	60	2	2	1.1299719765464158	2.8417997797195116
525	conventional	60	3	3	0.7720507161049988	2.3011709017712842
526	holistic	60	0	0	1.1572681870211698	2.8374212404870978
526	conventional	60	2	2	0.7863639875262325	2.5252572079973987
527	holistic	60	0	0	1.1163540858548806	2.5565440115434224
527	conventional	60	5	5	0.7859032116293105	2.4487208047745015
528	holistic	60	5	5	1.0071565810548284	2.589145547574683
528	conventional	60	7	7	0.7173497391448567	2.5022731350793035
529	holistic	60	4	4	1.140135402811283	3.9346588011274735
529	conventional	60	1	1	0.8066846397246094	2.2784406039042473
530	holistic	60	2	2	1.0871261369254108	4.903853740424907
530	conventional	60	1	1	0.7898981302711334	2.2741092867479598
531	holistic	60	4	4	1.007231221958587	2.8996618701843895
531	conventional	60	2	2	0.737137751014145	2.0730789346711624
532	holistic	60	1	1	1.0608292790954181	2.5654574536419945
532	conventional	60	2	2	0.8361688064515733	5.302777676097922
533	holistic	60	1	1	1.086392998868579	2.9276705983195583
533	conventional	60	1	1	0.9495808872487355	4.763354326645056
534	holistic	60	0	0	1.0736051985762514	2.1767342237829674
534	conventional	60	0	0	0.9544436426051156	4.939800676707163
535	holistic	60	1	1	1.061559193642156	2.1557392014432004
535	conventional	60	0	0	0.9857024148749989	4.779513594850498
536	holistic	60	3	3	1.0429113253754394	2.269235418344605
536	conventional	60	1	1	0.930859918928226	4.4875136814998395
537	holistic	60	3	3	1.0671908857983474	2.506261281990994
537	conventional	60	0	0	0.9555824747009616	3.7925515834865533
538	holistic	60	0	0	1.0515328788238907	2.1835922549262388
538	conventional	60	1	1	0.8950635300513581	3.2925490702136444
539	holistic	60	0	0	1.0735859742627432	2.155056072413024
539	conventional	60	1	1	0.87142358006488	2.796274183797122
540	holistic	60	3	3	1.06105332749953	2.1400630628561967
540	conventional	60	1	1	0.8585091228111472	2.505470616734898
541	holistic	60	0	0	1.084861805741449	2.0528801104151233
541	conventional	60	0	0	0.8596834723805235	2.5848882663129706
542	holistic	60	2	2	1.0646521254870396	2.0122996926844765
542	conventional	60	4	4	0.7970842892363381	2.4668309886752144
543	holistic	60	0	0	1.0737397676427256	1.946398861370361
543	conventional	60	0	0	0.7679043379613439	2.372527861422069
544	holistic	60	1	1	1.083568973836384	1.9708822458166584
544	conventional	60	0	0	0.8298257657390139	2.291423992043289
545	holistic	60	1	1	1.0853340406821883	1.9950720754465487
545	conventional	60	1	1	0.7895246620539129	2.1479086784018175
546	holistic	60	2	2	1.0274765028134867	1.9888594792433996
546	conventional	60	2	2	0.8405863356572522	3.471302012420413
547	holistic	60	0	0	1.031267245064533	1.928048984807961
547	conventional	60	1	1	0.8115801983317251	2.3540756627563404
548	holistic	60	1	1	1.0770205430808455	1.9789095353254715
548	conventional	60	1	1	0.8430947094289486	2.4091588832815667
549	holistic	60	0	0	1.09879997294221	2.0156393164490507
549	conventional	60	2	2	0.8804515399954568	2.7633453832954165
550	holistic	60	0	0	1.1116133892533553	2.011032063230776
550	conventional	60	1	1	0.8374966653372508	2.073509719226797
551	holistic	60	0	0	1.104014829957712	2.013497090387493
551	conventional	60	1	1	0.8660290821848305	2.0847200412214053
552	holistic	60	2	2	1.0839347066895129	2.008253740016107
552	conventional	60	1	1	0.8996923386777692	2.015148929724268
553	holistic	60	0	0	1.1946488554734744	2.935393894433636
553	conventional	60	3	3	0.9116999122389533	2.142731907512072
554	holistic	60	2	2	1.1388460766454118	2.432316096593657
554	conventional	60	1	1	0.8705093022585405	1.8960388750630817
555	holistic	60	0	0	1.1117182785028932	1.99177408803233
555	conventional	60	2	2	0.9266712456482147	2.2221552717762827
556	holistic	60	0	0	1.1523215274416418	2.195430890672128
556	conventional	60	0	0	0.9200645058399873	1.8442436637276445
557	holistic	60	0	0	1.1259011671695656	2.0274089200009007
557	conventional	60	1	1	0.9001768495657766	1.8228736303722046
558	holistic	60	3	3	1.0721909379188839	1.9805849416191212
558	conventional	60	2	2	0.8429447371017299	1.8405801183918586
559	holistic	60	0	0	1.1419358269619433	3.8730697872154276
559	conventional	60	1	1	0.9050757014806573	3.385071768602285
560	holistic	60	1	1	1.1389271688863063	3.77726162160996
560	conventional	60	2	2	0.838360234409664	1.7331849448327856
561	holistic	60	1	1	1.1637325856176906	4.110321627657879
561	conventional	60	1	1	0.8567084441757776	1.6852853736199918
562	holistic	60	4	4	1.0627427605139819	3.266631702229208
562	conventional	60	2	2	0.8177833976705892	1.6067027446436655
563	holistic	60	2	2	1.0796187922189378	2.96811843069877
563	conventional	60	0	0	0.8797800817870164	1.6285001883946808
564	holistic	60	0	0	1.0989739280744546	2.428743459292439
564	conventional	60	1	1	0.8562848031306317	1.7395864079303955
565	holistic	60	0	0	1.1088842568199213	2.7661534515202386
565	conventional	60	1	1	0.8887523134949205	1.792407071461502
566	holistic	60	2	2	1.0859567948078128	2.520041360178374
566	conventional	60	1	1	0.8624872332036294	1.6846323944235515
567	holistic	60	2	2	1.0680280692569928	2.5481713410602214
567	conventional	60	2	2	0.8582929541053544	1.6738010621038826
568	holistic	60	1	1	1.1040765035508109	2.473258432264531
568	conventional	60	2	2	0.8855899219801112	3.4203510482365083
569	holistic	60	3	3	1.0258945283895449	2.8595265429840824
569	conventional	60	2	2	0.8259496287927285	1.9227280227630206
570	holistic	60	3	3	1.0472327421180525	2.7052328944835047
570	conventional	60	2	2	0.9072246972663224	6.343864961772338
571	holistic	60	2	2	1.1524105853893245	5.903029569207694
571	conventional	60	3	3	0.8939644123674338	3.349754409100984
572	holistic	60	2	2	1.119841161420265	3.0557441040057958
572	conventional	60	3	3	0.8968152654244383	3.2609414081066492
573	holistic	60	1	1	1.0682854541046503	2.9029792330209307
573	conventional	60	4	4	0.7670995449170076	2.340065286739921
574	holistic	60	5	5	1.0128629180094413	3.143899786329435
574	conventional	60	0	0	0.8791145424281447	2.9324145545274987
575	holistic	60	3	3	0.9471200542096361	2.9464161421490607
575	conventional	60	3	3	0.8048998664465449	2.199310915895624
576	holistic	60	1	1	0.9812099693152253	3.0462757457948695
576	conventional	60	3	3	0.8378435469434199	2.802145208902992
577	holistic	60	1	1	1.0446828479112085	3.033179098716866
577	conventional	60	3	3	0.8153438368600994	2.2670532601244515
578	holistic	60	1	1	1.0698753463019197	2.9712725095317536
578	conventional	60	1	1	0.8915478655203376	3.452551377140755
579	holistic	60	1	1	1.0751962485898234	2.9147706523153656
579	conventional	60	2	2	0.8006406718061138	1.7601219661023348
580	holistic	60	3	3	1.0688399552219274	2.910140646609486
580	conventional	60	4	4	0.7443194894262993	1.8586766745167325
581	holistic	60	0	0	1.068769488811429	2.9911677118135027
581	conventional	60	0	0	0.7714781424315905	1.5953430118935874
582	holistic	60	0	0	1.0898505100941012	2.980907423806371
582	conventional	60	2	2	0.735640199168352	1.6910985118298072
583	holistic	60	4	4	1.0498192523700036	3.1718125664701917
583	conventional	60	2	2	0.7462492446908453	1.8864390798355732
584	holistic	60	3	3	1.049622903826433	3.1170619725168653
584	conventional	60	1	1	0.8156807084950032	2.5044787205589105
585	holistic	60	0	0	1.0338399584930302	3.0686875155671447
585	conventional	60	3	3	0.7556837801906007	1.546205305309097
586	holistic	60	1	1	1.0804819103225254	3.0588172432525953
586	conventional	60	2	2	0.8076822223126257	2.3279783493591673
587	holistic	60	1	1	1.0985184753135837	3.014676399751588
587	conventional	60	3	3	0.7109076010974881	1.5104332431887804
588	holistic	60	4	4	1.1445685632637639	6.7013453190614465
588	conventional	60	7	7	0.6769755383506484	1.5955854785912271
589	holistic	60	4	4	1.1088292738822558	3.7153036043375187
589	conventional	60	2	2	0.6873090027108991	1.4777060486781806
590	holistic	60	2	2	1.077253685288438	3.2409314874302364
590	conventional	60	1	1	0.720825481422636	1.3866649027357998
591	holistic	60	3	3	1.0233913883080517	3.34811397773353
591	conventional	60	7	7	0.7675548564371908	2.276789653311403
592	holistic	60	2	2	0.9884645268517499	3.360232672203671
592	conventional	60	3	3	0.7210139990723999	2.4076841658260624
593	holistic	60	1	1	1.0654562737392115	3.372423113623273
593	conventional	60	2	2	0.7045576112119066	1.597819660046645
594	holistic	60	2	2	1.0417978850082443	3.273393354638278
594	conventional	60	1	1	0.8329836679642402	3.5194806202688316
595	holistic	60	2	2	1.0495371120477452	3.2600245913148482
595	conventional	60	1	1	0.8020543873832218	2.3301445954993585
596	holistic	60	2	2	1.0523457431287508	3.1949889310348354
596	conventional	60	2	2	0.7864108451293568	2.529518780699839
597	holistic	60	1	1	1.1078389963770596	3.834492374163133
597	conventional	60	2	2	0.8008018654024771	1.776838075335392
598	holistic	60	0	0	1.0976969453430603	3.835052984492874
598	conventional	60	1	1	0.8101842061657689	1.5302846711662172
599	holistic	60	1	1	1.0741620059915535	3.1648492155956465
599	conventional	60	2	2	0.8525963526161727	2.0909552751906166
