# garden MERGED J=32 from parts 0..15, 16..31: garden fresh-base-20-conventional-d600 seed 20 conventional season 960 n=60 J=16 worlds=0..15 run=/tmp/rbt107-h1/base-20 work_cost=0.03 (111 s, workers 4) | garden fresh-base-20-conventional-d600 seed 20 conventional season 960 n=60 J=16 worlds=16..31 run=/tmp/rbt107-h1/base-20 work_cost=0.03 (110 s, workers 4)
fresh-base-20-conventional-d600	20	conventional	960	ce1724	2.1036	1.2597	2.8438	2.0000	24672.1454	24675.7300	0	0
fresh-base-20-conventional-d600	20	conventional	960	ce1725	1.2951	0.9144	1.9062	1.5312	20372.7401	20561.2573	0	0
fresh-base-20-conventional-d600	20	conventional	960	ce1726	1.9625	1.2471	2.5312	1.8125	18958.2042	18844.5151	0	0
fresh-base-20-conventional-d600	20	conventional	960	ce1730	2.7835	0.9903	3.3125	1.5000	17634.9083	16989.0992	0	0
fresh-base-20-conventional-d600	20	conventional	960	ce1732	2.9301	1.3688	3.4062	1.8125	15873.0212	14789.0488	0	1
fresh-base-20-conventional-d600	20	conventional	960	ce1733	1.6478	1.0505	2.1562	1.5625	16947.1946	17065.5543	0	0
fresh-base-20-conventional-d600	20	conventional	960	ce1734	2.0736	1.1304	2.8750	1.9375	26713.2797	26904.4199	0	0
fresh-base-20-conventional-d600	20	conventional	960	ce1735	1.3050	1.2077	1.8125	1.7188	16916.6210	17032.9518	0	0
fresh-base-20-conventional-d600	20	conventional	960	ce1737	2.3104	0.8954	2.8750	1.4688	18817.6666	19112.8007	0	0
fresh-base-20-conventional-d600	20	conventional	960	ce1738	1.1406	1.0156	1.6875	1.5625	18230.2529	18229.9431	0	0
fresh-base-20-conventional-d600	20	conventional	960	ce1739	2.9154	1.3901	3.4375	1.8750	17402.2902	16163.4168	0	0
fresh-base-20-conventional-d600	20	conventional	960	ce1740	1.1654	0.6658	1.8438	1.3438	22610.5196	22599.1845	0	0
fresh-base-20-conventional-d600	20	conventional	960	ce1741	1.0733	0.8822	1.5938	1.4062	17349.8681	17467.2006	0	0
fresh-base-20-conventional-d600	20	conventional	960	ce1742	2.1542	0.8305	2.6250	1.3125	15693.7740	16067.7109	0	0
fresh-base-20-conventional-d600	20	conventional	960	ce1744	2.0285	1.1221	2.7188	1.8125	23008.3789	23013.8633	0	0
fresh-base-20-conventional-d600	20	conventional	960	ce1745	1.6324	0.6639	2.1875	1.2188	18505.7928	18495.3864	0	0
fresh-base-20-conventional-d600	20	conventional	960	ce1746	0.8322	1.2133	1.5312	1.9062	23299.5315	23097.5244	0	0
fresh-base-20-conventional-d600	20	conventional	960	ce1747	3.2463	1.9173	4.0312	2.6875	26164.5601	25671.9220	0	0
fresh-base-20-conventional-d600	20	conventional	960	ce1748	1.1989	0.6675	1.6875	1.1562	16287.2535	16290.9381	0	0
fresh-base-20-conventional-d600	20	conventional	960	ce1749	2.2615	1.7329	2.9375	2.4062	22530.8807	22446.0782	0	0
fresh-base-20-conventional-d600	20	conventional	960	ce1750	2.8080	1.5009	3.3750	2.0625	18900.4721	18719.3748	0	0
fresh-base-20-conventional-d600	20	conventional	960	ce1751	1.0723	0.4495	1.4688	0.8750	13215.6233	14184.6733	0	0
fresh-base-20-conventional-d600	20	conventional	960	ce1752	2.6200	0.8436	3.1875	1.3750	18919.1269	17711.7923	0	0
fresh-base-20-conventional-d600	20	conventional	960	ce1753	1.1083	0.4844	1.8438	1.2188	24513.8478	24481.1360	0	0
fresh-base-20-conventional-d600	20	conventional	960	ce1756	0.6941	0.5938	1.2188	1.1250	17487.8574	17708.6202	0	0
fresh-base-20-conventional-d600	20	conventional	960	ce1757	1.3767	0.7175	2.0625	1.4062	22860.8491	22958.7798	0	0
fresh-base-20-conventional-d600	20	conventional	960	ce1760	1.4813	0.5212	1.9375	1.0000	15206.2789	15958.0416	0	0
fresh-base-20-conventional-d600	20	conventional	960	ce1761	2.0913	1.1421	2.8438	1.9062	25080.5654	25473.4274	0	0
fresh-base-20-conventional-d600	20	conventional	960	ce1762	1.7148	0.9038	2.2812	1.4688	18881.5413	18830.6940	0	0
fresh-base-20-conventional-d600	20	conventional	960	ce1763	1.5465	0.7043	2.3438	1.5000	26576.5895	26523.5197	0	0
fresh-base-20-conventional-d600	20	conventional	960	ce1766	0.8335	0.2602	1.2188	0.6562	12841.7004	13199.7568	0	1
fresh-base-20-conventional-d600	20	conventional	960	ce1768	2.3337	1.0633	3.1250	1.8438	26376.4937	26016.0923	0	0
fresh-base-20-conventional-d600	20	conventional	960	ce1770	1.1446	0.6807	1.8750	1.4062	24348.2010	24183.0203	0	0
fresh-base-20-conventional-d600	20	conventional	960	ce1771	1.8190	0.5671	2.3438	1.0938	17493.0929	17556.2066	0	0
fresh-base-20-conventional-d600	20	conventional	960	ce1772	3.1066	1.3842	3.6562	1.9062	18322.3846	17399.9613	0	1
fresh-base-20-conventional-d600	20	conventional	960	ce1773	2.1098	0.9947	2.5312	1.4062	14047.5916	13719.3569	0	0
fresh-base-20-conventional-d600	20	conventional	960	ce1774	2.4096	1.2773	3.0000	1.8750	19682.9112	19922.3474	0	0
fresh-base-20-conventional-d600	20	conventional	960	ce1775	2.6662	1.6190	3.1250	2.0625	15291.3141	14783.9854	0	0
fresh-base-20-conventional-d600	20	conventional	960	ce1777	1.4565	1.1203	1.9688	1.6250	17075.6989	16821.6011	0	0
fresh-base-20-conventional-d600	20	conventional	960	ce1780	2.5464	1.3165	2.9062	1.6875	11995.3944	12364.7972	0	0
fresh-base-20-conventional-d600	20	conventional	960	ce1784	1.9477	0.5658	2.6875	1.3125	24661.1082	24887.6669	0	0
fresh-base-20-conventional-d600	20	conventional	960	ce1786	1.1129	0.5290	1.7188	1.1250	20194.5759	19869.1375	0	0
fresh-base-20-conventional-d600	20	conventional	960	ce1787	1.2328	1.4674	1.9688	2.1875	24532.7902	24004.5424	0	0
fresh-base-20-conventional-d600	20	conventional	960	ce1788	2.3956	1.3046	3.0938	1.9688	23273.2482	22138.7685	0	0
fresh-base-20-conventional-d600	20	conventional	960	ce1789	2.5295	1.0565	3.3125	1.8438	26099.7585	26241.6747	0	0
fresh-base-20-conventional-d600	20	conventional	960	ce1790	2.6260	1.5652	3.1562	2.0938	17677.5719	17620.9535	0	0
fresh-base-20-conventional-d600	20	conventional	960	ce1791	2.0293	1.1252	2.8125	1.9062	26108.2412	26035.4700	0	0
fresh-base-20-conventional-d600	20	conventional	960	ce1792	1.1542	0.4032	1.7188	0.9688	18819.0190	18849.4120	0	0
fresh-base-20-conventional-d600	20	conventional	960	ce1793	1.0470	0.6681	1.7188	1.3750	22391.8470	23564.4574	0	0
fresh-base-20-conventional-d600	20	conventional	960	ce1794	1.8034	1.0990	2.4062	1.6875	20097.6189	19618.0445	0	1
fresh-base-20-conventional-d600	20	conventional	960	ce1796	1.0917	0.6204	1.6250	1.1562	17778.6332	17860.0470	0	0
fresh-base-20-conventional-d600	20	conventional	960	ce1797	1.2115	0.4630	1.9375	1.1875	24200.1344	24151.9025	0	0
fresh-base-20-conventional-d600	20	conventional	960	ce1799	1.8054	1.3118	2.2500	1.7500	14821.3557	14607.5310	0	0
fresh-base-20-conventional-d600	20	conventional	960	ce1800	1.6408	0.9848	2.1562	1.5000	17180.0702	17174.7820	0	0
fresh-base-20-conventional-d600	20	conventional	960	ce1801	0.9632	0.6250	1.4062	1.0938	14766.9411	15626.6800	0	0
fresh-base-20-conventional-d600	20	conventional	960	ce1802	2.1567	0.5935	2.9688	1.3438	27068.7259	25010.8971	0	0
fresh-base-20-conventional-d600	20	conventional	960	ce1803	2.1539	1.0237	2.9062	1.7812	25077.8455	25250.8002	0	0
fresh-base-20-conventional-d600	20	conventional	960	ce1804	2.0749	1.2838	2.6562	1.8438	19378.7890	18664.6260	0	0
fresh-base-20-conventional-d600	20	conventional	960	ce1807	1.5052	0.5638	2.0312	1.0938	17535.0189	17666.0043	0	0
fresh-base-20-conventional-d600	20	conventional	960	ce1808	1.3985	0.6494	2.0312	1.2812	21091.6899	21061.8458	0	0
