# garden MERGED J=32 from parts 0..15, 16..31: garden fresh-cull20-20-conventional-d400 seed 20 conventional season 760 n=60 J=16 worlds=0..15 run=/tmp/rbt107-h1/cull20-20 work_cost=0.03 (110 s, workers 4) | garden fresh-cull20-20-conventional-d400 seed 20 conventional season 760 n=60 J=16 worlds=16..31 run=/tmp/rbt107-h1/cull20-20 work_cost=0.03 (111 s, workers 4)
fresh-cull20-20-conventional-d400	20	conventional	760	ce1409	1.0175	0.7084	1.6875	1.3750	22335.7114	22221.9208	0	0
fresh-cull20-20-conventional-d400	20	conventional	760	ce1410	2.2571	0.5400	2.9375	1.2188	22680.6874	22623.0567	0	0
fresh-cull20-20-conventional-d400	20	conventional	760	ce1411	3.9422	2.0816	4.6562	2.7812	23800.9638	23320.0359	0	0
fresh-cull20-20-conventional-d400	20	conventional	760	ce1412	2.5701	1.6339	3.3438	2.4062	25787.5329	25744.0717	0	0
fresh-cull20-20-conventional-d400	20	conventional	760	ce1414	1.7518	1.1509	2.2812	1.6875	17648.7317	17888.1395	0	0
fresh-cull20-20-conventional-d400	20	conventional	760	ce1418	2.2546	1.1254	2.9375	1.8125	22763.7131	22901.7879	0	0
fresh-cull20-20-conventional-d400	20	conventional	760	ce1424	3.0394	1.3297	3.7812	2.0625	24727.7665	24426.5686	0	0
fresh-cull20-20-conventional-d400	20	conventional	760	ce1425	2.2058	1.2826	2.9688	2.0625	25432.0909	25998.5657	0	0
fresh-cull20-20-conventional-d400	20	conventional	760	ce1427	2.1485	1.0168	2.8125	1.6875	22133.0884	22355.6131	0	0
fresh-cull20-20-conventional-d400	20	conventional	760	ce1428	1.4993	0.7446	2.0625	1.3125	18774.6299	18929.5747	0	0
fresh-cull20-20-conventional-d400	20	conventional	760	ce1429	1.8558	1.3203	2.4062	1.8750	18349.6126	18490.1647	0	0
fresh-cull20-20-conventional-d400	20	conventional	760	ce1430	2.4839	1.7347	3.2188	2.4688	24494.8074	24469.1182	0	0
fresh-cull20-20-conventional-d400	20	conventional	760	ce1433	2.9517	1.0052	3.6562	1.6562	23485.7970	21699.1133	0	0
fresh-cull20-20-conventional-d400	20	conventional	760	ce1436	1.8972	0.4872	2.3438	1.0000	14885.0314	17092.2739	0	0
fresh-cull20-20-conventional-d400	20	conventional	760	ce1437	2.7928	1.0398	3.5625	1.8125	25653.8908	25758.0455	0	0
fresh-cull20-20-conventional-d400	20	conventional	760	ce1438	1.9510	1.4623	2.5312	2.0625	19339.0913	20007.8968	0	0
fresh-cull20-20-conventional-d400	20	conventional	760	ce1440	3.0232	1.4577	3.6875	2.1250	22141.3215	22241.2953	0	0
fresh-cull20-20-conventional-d400	20	conventional	760	ce1444	0.8747	0.6236	1.6250	1.3750	25008.2649	25047.2199	0	0
fresh-cull20-20-conventional-d400	20	conventional	760	ce1445	1.7976	1.1811	2.5000	1.8750	23413.1324	23128.1594	0	0
fresh-cull20-20-conventional-d400	20	conventional	760	ce1447	0.9658	1.0581	1.5938	1.6875	20929.2745	20977.5785	0	0
fresh-cull20-20-conventional-d400	20	conventional	760	ce1451	3.7292	1.3288	4.4688	2.0625	24652.8357	24458.4558	0	0
fresh-cull20-20-conventional-d400	20	conventional	760	ce1454	2.3500	0.8764	2.9688	1.5000	20625.7464	20784.3777	0	0
fresh-cull20-20-conventional-d400	20	conventional	760	ce1455	1.4971	0.7160	2.1875	1.4062	23012.5470	23008.6583	0	0
fresh-cull20-20-conventional-d400	20	conventional	760	ce1459	1.8186	0.6401	2.5312	1.3438	23757.2449	23453.9422	0	0
fresh-cull20-20-conventional-d400	20	conventional	760	ce1460	0.3041	0.3346	1.1250	1.1562	27364.5157	27390.9510	0	0
fresh-cull20-20-conventional-d400	20	conventional	760	ce1462	3.6592	0.8505	4.4062	1.5625	24903.3826	23731.9566	0	2
fresh-cull20-20-conventional-d400	20	conventional	760	ce1463	1.6743	0.6701	2.2188	1.2188	18150.8255	18288.0894	0	0
fresh-cull20-20-conventional-d400	20	conventional	760	ce1464	1.0093	0.6573	1.5938	1.2500	19478.5542	19758.5844	0	0
fresh-cull20-20-conventional-d400	20	conventional	760	ce1468	2.8508	1.2401	3.6875	2.0625	27888.9377	27414.2824	0	0
fresh-cull20-20-conventional-d400	20	conventional	760	ce1470	1.5241	1.0198	2.2500	1.7500	24197.2847	24341.1264	0	0
fresh-cull20-20-conventional-d400	20	conventional	760	ce1471	1.0345	0.2793	1.7812	1.0312	24893.2726	25064.2957	0	0
fresh-cull20-20-conventional-d400	20	conventional	760	ce1473	2.0576	1.1013	2.5625	1.6250	16829.7372	17455.4689	0	0
fresh-cull20-20-conventional-d400	20	conventional	760	ce1474	1.5661	0.6548	2.2500	1.3438	22797.0619	22963.5221	0	0
fresh-cull20-20-conventional-d400	20	conventional	760	ce1479	1.3560	0.4018	2.1562	1.1875	26676.3055	26189.0977	0	0
fresh-cull20-20-conventional-d400	20	conventional	760	ce1480	1.5047	0.9732	2.2188	1.6875	23802.6675	23808.9703	0	0
fresh-cull20-20-conventional-d400	20	conventional	760	ce1481	2.6121	0.5289	3.3125	1.2812	23345.8656	25080.8043	0	0
fresh-cull20-20-conventional-d400	20	conventional	760	ce1483	2.7687	1.2527	3.5000	2.0000	24378.8193	24912.1156	0	0
fresh-cull20-20-conventional-d400	20	conventional	760	ce1484	3.5343	2.1823	4.0625	2.7188	17605.2047	17881.3861	0	0
fresh-cull20-20-conventional-d400	20	conventional	760	ce1486	2.9804	1.2763	3.7812	2.0625	26694.1802	26206.7729	0	0
fresh-cull20-20-conventional-d400	20	conventional	760	ce1488	2.3586	0.8277	3.0938	1.5938	24502.0178	25535.5863	0	0
fresh-cull20-20-conventional-d400	20	conventional	760	ce1492	1.9588	1.2041	2.7188	1.9375	25330.1148	24445.1384	0	1
fresh-cull20-20-conventional-d400	20	conventional	760	ce1493	1.7559	1.3836	2.5000	2.1250	24804.2997	24713.7619	0	0
fresh-cull20-20-conventional-d400	20	conventional	760	ce1495	2.9191	0.5595	3.5625	1.2812	21447.0906	24058.2473	0	1
fresh-cull20-20-conventional-d400	20	conventional	760	ce1496	2.1148	1.0780	2.7812	1.7500	22214.2127	22399.5709	0	0
fresh-cull20-20-conventional-d400	20	conventional	760	ce1498	2.1505	0.9064	2.9375	1.6875	26233.0820	26034.9297	0	0
fresh-cull20-20-conventional-d400	20	conventional	760	ce1499	2.7357	1.2985	3.4688	2.0625	24432.8919	25467.5536	0	0
fresh-cull20-20-conventional-d400	20	conventional	760	ce1500	3.4761	1.4947	4.1250	2.1250	21631.1162	21009.4368	0	0
fresh-cull20-20-conventional-d400	20	conventional	760	ce1501	2.7189	1.5649	3.4688	2.3125	24994.5414	24918.8204	0	0
fresh-cull20-20-conventional-d400	20	conventional	760	ce1503	1.3035	0.6503	1.9375	1.2812	21133.2563	21031.7052	0	0
fresh-cull20-20-conventional-d400	20	conventional	760	ce1504	2.5833	1.3312	3.3438	2.0938	25346.6740	25418.8014	0	0
fresh-cull20-20-conventional-d400	20	conventional	760	ce1505	1.4888	0.8209	2.2500	1.5625	25372.7930	24720.1624	0	0
fresh-cull20-20-conventional-d400	20	conventional	760	ce1507	2.6076	0.4624	3.3438	1.2188	24538.2121	25208.8930	0	0
fresh-cull20-20-conventional-d400	20	conventional	760	ce1508	2.5438	1.5391	3.2812	2.2812	24584.1822	24738.7871	0	0
fresh-cull20-20-conventional-d400	20	conventional	760	ce1509	2.3803	1.2532	3.1562	2.0000	25865.9817	24892.9220	0	1
fresh-cull20-20-conventional-d400	20	conventional	760	ce1510	-0.1549	-0.2797	0.4688	0.3438	20785.7686	20780.1466	0	0
fresh-cull20-20-conventional-d400	20	conventional	760	ce1511	1.1722	0.4848	1.9062	1.2188	24467.9354	24466.9512	0	0
fresh-cull20-20-conventional-d400	20	conventional	760	ce1512	1.1147	0.9902	1.7500	1.6250	21174.7596	21161.3973	0	0
fresh-cull20-20-conventional-d400	20	conventional	760	ce1513	1.1885	0.7854	1.9375	1.5312	24969.5485	24860.7944	0	0
fresh-cull20-20-conventional-d400	20	conventional	760	ce1514	0.4806	0.0369	1.4062	0.9375	30856.9109	30017.4238	0	0
fresh-cull20-20-conventional-d400	20	conventional	760	ce1515	1.6065	0.8148	2.2812	1.5000	22489.5295	22837.4045	0	0
