# garden MERGED J=32 from parts 0..15, 16..31: garden fresh-base-20-holistic-d400 seed 20 holistic season 760 n=60 J=16 worlds=0..15 run=/tmp/rbt107-h1/base-20 work_cost=0.03 (141 s, workers 4) | garden fresh-base-20-holistic-d400 seed 20 holistic season 760 n=60 J=16 worlds=16..31 run=/tmp/rbt107-h1/base-20 work_cost=0.03 (144 s, workers 4)
fresh-base-20-holistic-d400	20	holistic	760	he1321	0.5484	0.3275	0.6562	0.4375	3594.4064	3668.4720	0	0
fresh-base-20-holistic-d400	20	holistic	760	he1322	1.1842	1.3092	1.3438	1.4688	5321.4456	5318.5621	0	0
fresh-base-20-holistic-d400	20	holistic	760	he1323	1.6159	1.4112	1.7188	1.4688	3429.5159	1918.1028	0	1
fresh-base-20-holistic-d400	20	holistic	760	he1324	0.2611	0.3223	0.2812	0.3438	672.0201	715.1384	0	0
fresh-base-20-holistic-d400	20	holistic	760	he1325	0.7555	0.5990	0.7812	0.6250	859.4482	866.0661	0	0
fresh-base-20-holistic-d400	20	holistic	760	he1326	0.9824	0.7958	1.0312	0.8438	1628.9525	1595.3640	0	0
fresh-base-20-holistic-d400	20	holistic	760	he1328	1.6532	0.9662	1.8125	1.1250	5312.5388	5294.4324	0	0
fresh-base-20-holistic-d400	20	holistic	760	he1330	0.8925	0.7649	1.0312	0.9062	4626.1251	4712.6905	0	0
fresh-base-20-holistic-d400	20	holistic	760	he1333	1.6848	1.8084	1.7188	1.8438	1132.5193	1177.3371	0	0
fresh-base-20-holistic-d400	20	holistic	760	he1334	0.7650	0.5491	0.8125	0.5938	1583.4425	1491.5139	0	0
fresh-base-20-holistic-d400	20	holistic	760	he1335	0.8276	0.5815	0.9375	0.6875	3662.3605	3533.6993	0	0
fresh-base-20-holistic-d400	20	holistic	760	he1336	0.3981	0.6516	0.4688	0.7188	2356.0467	2240.0157	0	0
fresh-base-20-holistic-d400	20	holistic	760	he1337	1.3194	1.2230	1.4062	1.3125	2895.9393	2981.7791	0	0
fresh-base-20-holistic-d400	20	holistic	760	he1341	0.8968	0.7089	0.9062	0.7188	312.4816	329.2832	0	0
fresh-base-20-holistic-d400	20	holistic	760	he1342	1.6446	1.2052	1.8750	1.4375	7678.3789	7743.3162	0	0
fresh-base-20-holistic-d400	20	holistic	760	he1343	2.1482	1.9866	2.3750	2.2188	7557.6684	7739.6394	0	0
fresh-base-20-holistic-d400	20	holistic	760	he1344	1.1169	1.2098	1.3750	1.4688	8601.4142	8633.5577	0	0
fresh-base-20-holistic-d400	20	holistic	760	he1345	2.1808	2.0225	2.3750	2.2188	6473.7665	6540.7620	0	0
fresh-base-20-holistic-d400	20	holistic	760	he1346	2.9062	2.5652	3.0312	2.6875	4168.6650	4076.0044	0	0
fresh-base-20-holistic-d400	20	holistic	760	he1348	0.5767	0.4206	0.5938	0.4375	568.4244	560.9597	0	0
fresh-base-20-holistic-d400	20	holistic	760	he1350	0.5742	0.6623	0.7188	0.8125	4818.4914	5004.6058	0	0
fresh-base-20-holistic-d400	20	holistic	760	he1352	1.3543	1.2330	1.4375	1.3125	2771.4091	2648.3774	0	0
fresh-base-20-holistic-d400	20	holistic	760	he1355	1.0577	1.0604	1.1875	1.1875	4324.8265	4235.5114	0	0
fresh-base-20-holistic-d400	20	holistic	760	he1356	0.4917	0.5549	0.5312	0.5938	1319.8884	1294.1575	0	0
fresh-base-20-holistic-d400	20	holistic	760	he1357	1.9192	1.0739	2.1562	1.3125	7900.6112	7952.7030	0	0
fresh-base-20-holistic-d400	20	holistic	760	he1363	0.2959	0.2025	0.3125	0.2188	553.6533	540.6334	0	0
fresh-base-20-holistic-d400	20	holistic	760	he1364	1.3353	1.3656	1.5312	1.5625	6532.4929	6565.9702	0	0
fresh-base-20-holistic-d400	20	holistic	760	he1365	1.4362	1.3786	1.8438	1.7812	13586.6920	13420.9855	0	0
fresh-base-20-holistic-d400	20	holistic	760	he1366	1.5085	1.3202	1.6875	1.5000	5966.3187	5994.4270	0	0
fresh-base-20-holistic-d400	20	holistic	760	he1367	0.7571	0.8850	0.8125	0.9375	1844.4324	1750.6123	0	0
fresh-base-20-holistic-d400	20	holistic	760	he1368	0.4888	0.4542	0.5000	0.4688	375.0461	481.8691	0	0
fresh-base-20-holistic-d400	20	holistic	760	he1369	0.4578	0.4579	0.4688	0.4688	364.2389	359.1355	0	0
fresh-base-20-holistic-d400	20	holistic	760	he1370	1.1406	0.9529	1.2500	1.0625	3644.7667	3651.4705	0	0
fresh-base-20-holistic-d400	20	holistic	760	he1371	1.1573	1.6039	1.3438	1.7812	6216.2229	5909.6393	0	0
fresh-base-20-holistic-d400	20	holistic	760	he1374	0.5061	0.8186	0.5312	0.8438	837.9701	837.2632	0	0
fresh-base-20-holistic-d400	20	holistic	760	he1375	1.3357	1.3693	1.5000	1.5312	5476.3452	5398.3324	0	0
fresh-base-20-holistic-d400	20	holistic	760	he1378	0.1515	0.1827	0.1562	0.1875	158.5608	158.2944	0	0
fresh-base-20-holistic-d400	20	holistic	760	he1379	1.2479	1.0321	1.3125	1.0938	2150.9975	2054.8219	0	0
fresh-base-20-holistic-d400	20	holistic	760	he1380	0.5314	0.4325	0.6562	0.5625	4159.2500	4334.5310	0	0
fresh-base-20-holistic-d400	20	holistic	760	he1381	1.7272	1.7077	1.8125	1.7812	2840.6833	2451.4987	0	0
fresh-base-20-holistic-d400	20	holistic	760	he1382	1.7832	1.4704	1.9375	1.6250	5142.0275	5155.6400	0	0
fresh-base-20-holistic-d400	20	holistic	760	he1384	2.2538	2.1897	2.4688	2.4062	7166.5262	7221.1076	0	0
fresh-base-20-holistic-d400	20	holistic	760	he1386	0.4947	0.4938	0.5312	0.5312	1218.6599	1248.6560	0	0
fresh-base-20-holistic-d400	20	holistic	760	he1388	1.9638	1.7125	2.1250	1.8750	5374.7158	5415.4618	0	0
fresh-base-20-holistic-d400	20	holistic	760	he1389	1.7328	1.4201	1.9062	1.5938	5782.0450	5789.1705	0	0
fresh-base-20-holistic-d400	20	holistic	760	he1390	2.1088	1.5247	2.1875	1.5938	2623.5984	2302.8907	0	0
fresh-base-20-holistic-d400	20	holistic	760	he1391	1.4613	1.6794	1.6250	1.8438	5458.3304	5477.9669	0	0
fresh-base-20-holistic-d400	20	holistic	760	he1392	1.1589	1.2570	1.2188	1.3125	1997.1500	1848.7830	0	0
fresh-base-20-holistic-d400	20	holistic	760	he1393	0.8994	0.8995	1.0000	1.0000	3353.9911	3350.5445	0	0
fresh-base-20-holistic-d400	20	holistic	760	he1394	1.9925	1.4617	2.1562	1.6250	5457.8629	5445.3519	0	0
fresh-base-20-holistic-d400	20	holistic	760	he1395	1.5045	1.9425	1.8750	2.3125	12349.9127	12333.1787	0	0
fresh-base-20-holistic-d400	20	holistic	760	he1396	1.0147	1.0497	1.1250	1.1562	3677.3603	3550.5462	0	0
fresh-base-20-holistic-d400	20	holistic	760	he1400	0.0000	0.0000	0.0000	0.0000	0.0000	0.0000	0	0
fresh-base-20-holistic-d400	20	holistic	760	he1401	0.8255	0.8792	1.0625	1.1250	7900.5066	8192.9784	1	0
fresh-base-20-holistic-d400	20	holistic	760	he1402	1.0115	0.8202	1.0938	0.9062	2740.0045	2869.0561	0	0
fresh-base-20-holistic-d400	20	holistic	760	he1403	1.2060	1.0193	1.4062	1.2188	6677.6090	6645.6587	0	0
fresh-base-20-holistic-d400	20	holistic	760	he1404	1.2087	1.6467	1.3125	1.7500	3459.0974	3443.2319	0	0
fresh-base-20-holistic-d400	20	holistic	760	he1405	0.0237	0.0238	0.0312	0.0312	252.7875	249.9444	0	0
fresh-base-20-holistic-d400	20	holistic	760	he1406	0.2478	0.2787	0.2500	0.2812	75.8690	83.0341	0	0
fresh-base-20-holistic-d400	20	holistic	760	he1407	-0.0046	0.0271	0.0000	0.0312	153.9689	139.4656	0	0
