# garden MERGED J=32 from parts 0..15, 16..31: garden fresh-cull20-15-conventional-d400 seed 15 conventional season 760 n=60 J=16 worlds=0..15 run=/tmp/rbt107-h1/cull20-15 work_cost=0.03 (120 s, workers 4) | garden fresh-cull20-15-conventional-d400 seed 15 conventional season 760 n=60 J=16 worlds=16..31 run=/tmp/rbt107-h1/cull20-15 work_cost=0.03 (121 s, workers 4)
fresh-cull20-15-conventional-d400	15	conventional	760	ce1390	0.2928	0.3849	0.9062	1.0000	20447.7422	20505.6915	0	0
fresh-cull20-15-conventional-d400	15	conventional	760	ce1392	1.7551	1.3491	2.3125	1.9062	18581.1483	18571.5882	0	0
fresh-cull20-15-conventional-d400	15	conventional	760	ce1393	1.0057	0.2931	1.5625	0.8750	18558.7432	19395.0992	0	0
fresh-cull20-15-conventional-d400	15	conventional	760	ce1394	2.0532	0.8666	2.7500	1.5625	23226.5052	23195.3359	0	0
fresh-cull20-15-conventional-d400	15	conventional	760	ce1395	2.7808	0.8724	3.5312	1.5938	25013.6338	24045.4106	0	0
fresh-cull20-15-conventional-d400	15	conventional	760	ce1396	0.9183	0.4149	1.5000	1.0000	19389.3904	19502.7471	0	0
fresh-cull20-15-conventional-d400	15	conventional	760	ce1399	0.7925	0.1684	1.4375	0.8125	21499.4118	21469.4728	0	0
fresh-cull20-15-conventional-d400	15	conventional	760	ce1402	1.1366	0.7161	1.7188	1.3125	19405.1855	19877.7082	0	0
fresh-cull20-15-conventional-d400	15	conventional	760	ce1403	1.3026	0.6118	1.9688	1.2812	22206.6165	22315.4296	0	0
fresh-cull20-15-conventional-d400	15	conventional	760	ce1404	2.3508	0.8710	2.9375	1.4375	19556.3048	18884.6056	0	1
fresh-cull20-15-conventional-d400	15	conventional	760	ce1405	1.8510	0.8888	2.5625	1.5938	23718.5137	23497.2432	0	0
fresh-cull20-15-conventional-d400	15	conventional	760	ce1406	0.7023	0.7025	1.3750	1.3750	22424.3784	22415.6454	0	0
fresh-cull20-15-conventional-d400	15	conventional	760	ce1407	2.1699	0.7945	2.9688	1.5938	26629.7925	26641.4964	0	0
fresh-cull20-15-conventional-d400	15	conventional	760	ce1408	1.3852	0.7758	2.0938	1.4688	23618.1360	23096.8887	0	1
fresh-cull20-15-conventional-d400	15	conventional	760	ce1410	1.0063	0.8008	1.5000	1.3125	16457.1660	17056.4431	0	0
fresh-cull20-15-conventional-d400	15	conventional	760	ce1411	3.3261	1.1112	4.0625	1.7500	24545.4785	21295.7994	0	1
fresh-cull20-15-conventional-d400	15	conventional	760	ce1412	2.7831	0.8827	3.5312	1.6250	24940.7474	24744.0134	0	0
fresh-cull20-15-conventional-d400	15	conventional	760	ce1414	1.0896	0.6848	1.6562	1.2500	18888.2786	18840.3962	0	0
fresh-cull20-15-conventional-d400	15	conventional	760	ce1416	1.6214	0.8756	2.2500	1.5000	20953.5732	20815.0347	0	0
fresh-cull20-15-conventional-d400	15	conventional	760	ce1419	1.4684	0.9122	2.1875	1.6250	23967.7578	23762.4806	0	0
fresh-cull20-15-conventional-d400	15	conventional	760	ce1421	1.6355	0.8448	2.3438	1.5625	23608.9750	23923.0002	0	0
fresh-cull20-15-conventional-d400	15	conventional	760	ce1422	2.3407	0.4643	3.1562	1.2812	27186.3898	27232.5998	0	0
fresh-cull20-15-conventional-d400	15	conventional	760	ce1424	1.6631	0.3738	2.2188	0.9688	18522.6807	19832.0936	0	0
fresh-cull20-15-conventional-d400	15	conventional	760	ce1425	1.4106	0.7269	2.0000	1.3438	19644.6303	20559.9101	0	0
fresh-cull20-15-conventional-d400	15	conventional	760	ce1427	0.9622	0.5865	1.6250	1.2500	22090.2922	22118.7520	0	0
fresh-cull20-15-conventional-d400	15	conventional	760	ce1428	1.5304	0.5469	2.1875	1.1562	21904.5620	20314.2157	0	0
fresh-cull20-15-conventional-d400	15	conventional	760	ce1429	1.1061	0.5488	1.5938	1.0312	16254.9775	16082.4394	0	1
fresh-cull20-15-conventional-d400	15	conventional	760	ce1430	2.1909	1.4613	2.7812	2.0625	19676.9457	20038.5623	0	0
fresh-cull20-15-conventional-d400	15	conventional	760	ce1433	0.8167	0.1401	1.4688	0.7812	21733.1519	21370.1960	0	0
fresh-cull20-15-conventional-d400	15	conventional	760	ce1435	0.6321	0.7285	1.4375	1.5000	26844.5945	25718.2861	0	0
fresh-cull20-15-conventional-d400	15	conventional	760	ce1437	1.3426	0.4849	1.7500	0.9062	13578.0871	14044.0397	0	0
fresh-cull20-15-conventional-d400	15	conventional	760	ce1438	1.5441	0.8931	2.2500	1.5938	23530.9341	23351.9417	0	0
fresh-cull20-15-conventional-d400	15	conventional	760	ce1439	1.4929	0.8900	1.9375	1.3750	14820.4784	16166.3110	0	0
fresh-cull20-15-conventional-d400	15	conventional	760	ce1440	1.4612	1.1334	1.9688	1.6250	16918.5572	16384.7932	0	0
fresh-cull20-15-conventional-d400	15	conventional	760	ce1441	1.7157	0.5166	2.4688	1.2500	25102.2605	24446.9187	0	0
fresh-cull20-15-conventional-d400	15	conventional	760	ce1442	1.5899	0.9594	2.2500	1.6250	22001.8652	22185.7193	0	0
fresh-cull20-15-conventional-d400	15	conventional	760	ce1444	1.6946	1.5201	2.3750	2.1875	22681.4156	22245.9682	0	0
fresh-cull20-15-conventional-d400	15	conventional	760	ce1446	0.6201	0.4329	1.4062	1.1875	26204.3317	25154.6033	0	0
fresh-cull20-15-conventional-d400	15	conventional	760	ce1447	2.0076	0.5614	2.6875	1.2500	22665.8922	22954.4117	0	0
fresh-cull20-15-conventional-d400	15	conventional	760	ce1448	1.4670	1.0604	2.2812	1.8750	27144.7591	27154.3090	0	0
fresh-cull20-15-conventional-d400	15	conventional	760	ce1450	1.4436	0.8106	2.1250	1.5000	22714.4310	22979.8178	0	0
fresh-cull20-15-conventional-d400	15	conventional	760	ce1451	1.7083	1.5603	2.4375	2.2812	24308.8951	24031.0516	0	0
fresh-cull20-15-conventional-d400	15	conventional	760	ce1452	0.7278	0.4498	1.2500	0.9688	17405.9574	17299.1263	0	0
fresh-cull20-15-conventional-d400	15	conventional	760	ce1453	2.0783	1.0819	2.9062	1.9062	27597.1971	27475.4583	0	0
fresh-cull20-15-conventional-d400	15	conventional	760	ce1456	3.5250	2.1249	4.1562	2.7500	21043.0736	20835.9892	0	0
fresh-cull20-15-conventional-d400	15	conventional	760	ce1457	3.2250	1.9844	3.8750	2.6562	21665.6859	22397.1740	0	0
fresh-cull20-15-conventional-d400	15	conventional	760	ce1459	1.6858	1.0088	2.4062	1.7188	24018.0600	23667.0727	0	0
fresh-cull20-15-conventional-d400	15	conventional	760	ce1461	0.1844	0.1306	0.9688	0.8750	26147.6421	24811.9172	0	0
fresh-cull20-15-conventional-d400	15	conventional	760	ce1463	2.5210	1.4432	3.1875	2.0938	22216.7323	21686.0203	0	0
fresh-cull20-15-conventional-d400	15	conventional	760	ce1464	0.5873	1.2999	1.2812	2.0000	23130.7924	23336.4206	0	0
fresh-cull20-15-conventional-d400	15	conventional	760	ce1466	1.7249	1.0014	2.3750	1.6562	21671.0887	21826.9096	0	0
fresh-cull20-15-conventional-d400	15	conventional	760	ce1467	1.7688	1.1479	2.4062	1.7812	21248.8540	21111.5586	0	0
fresh-cull20-15-conventional-d400	15	conventional	760	ce1468	0.6082	0.2624	1.3438	1.0000	24516.2903	24585.1119	0	0
fresh-cull20-15-conventional-d400	15	conventional	760	ce1469	1.7750	0.8910	2.5000	1.5938	24166.3649	23427.6635	0	0
fresh-cull20-15-conventional-d400	15	conventional	760	ce1471	1.1917	0.8016	1.7188	1.3438	17569.3823	18072.2638	0	0
fresh-cull20-15-conventional-d400	15	conventional	760	ce1473	1.6401	0.8690	2.3438	1.5312	23457.3562	22073.1735	0	0
fresh-cull20-15-conventional-d400	15	conventional	760	ce1474	2.5661	0.8952	3.3125	1.6250	24880.9705	24328.0806	0	0
fresh-cull20-15-conventional-d400	15	conventional	760	ce1475	1.1247	0.8093	1.6562	1.3438	17719.8156	17815.4492	0	0
fresh-cull20-15-conventional-d400	15	conventional	760	ce1476	3.7094	0.8238	4.3750	1.5000	22186.5620	22538.1433	0	0
fresh-cull20-15-conventional-d400	15	conventional	760	ce1477	1.2003	0.7934	1.9375	1.5312	24574.6086	24593.9677	0	0
