# garden MERGED J=32 from parts 0..15, 16..31: garden fresh-shift-12-holistic-d800 seed 12 holistic season 1160 n=60 J=16 worlds=0..15 run=/tmp/rbt107-h1/shift-12 work_cost=0.03 (102 s, workers 4) | garden fresh-shift-12-holistic-d800 seed 12 holistic season 1160 n=60 J=16 worlds=16..31 run=/tmp/rbt107-h1/shift-12 work_cost=0.03 (103 s, workers 4)
fresh-shift-12-holistic-d800	12	holistic	1160	he1728	0.7301	0.8850	0.8438	1.0000	3785.5164	3831.9404	0	0
fresh-shift-12-holistic-d800	12	holistic	1160	he1729	1.0696	1.0080	1.2812	1.2188	7053.6587	7022.2802	0	0
fresh-shift-12-holistic-d800	12	holistic	1160	he1731	0.8417	0.8160	1.4062	1.3750	18817.8358	18631.8282	0	0
fresh-shift-12-holistic-d800	12	holistic	1160	he1732	1.2062	1.1416	1.4688	1.4062	8751.3993	8823.5587	0	0
fresh-shift-12-holistic-d800	12	holistic	1160	he1733	2.0221	1.2723	2.3750	1.6250	11763.7971	11755.7164	0	0
fresh-shift-12-holistic-d800	12	holistic	1160	he1734	2.4497	1.6077	2.7188	1.8750	8965.3246	8913.1467	0	0
fresh-shift-12-holistic-d800	12	holistic	1160	he1736	0.9670	1.1544	1.1250	1.3125	5267.7061	5268.1374	0	0
fresh-shift-12-holistic-d800	12	holistic	1160	he1737	2.0959	1.7542	2.3750	2.0312	9302.8579	9237.4152	0	0
fresh-shift-12-holistic-d800	12	holistic	1160	he1738	0.9972	0.7169	1.0938	0.8125	3217.0301	3187.3108	0	0
fresh-shift-12-holistic-d800	12	holistic	1160	he1739	1.4703	1.2258	1.8750	1.6250	13491.3478	13306.2225	0	0
fresh-shift-12-holistic-d800	12	holistic	1160	he1740	0.5179	0.8965	0.6562	1.0312	4611.5757	4491.7110	0	0
fresh-shift-12-holistic-d800	12	holistic	1160	he1741	1.5438	1.2034	1.8125	1.4688	8956.9633	8845.5969	0	0
fresh-shift-12-holistic-d800	12	holistic	1160	he1744	1.4268	1.0263	1.7188	1.3125	9732.0722	9538.5780	0	0
fresh-shift-12-holistic-d800	12	holistic	1160	he1745	1.7591	1.5321	2.1250	1.9062	12197.8299	12471.9769	0	0
fresh-shift-12-holistic-d800	12	holistic	1160	he1746	0.9044	0.7513	0.9375	0.7812	1101.8306	996.9130	0	0
fresh-shift-12-holistic-d800	12	holistic	1160	he1747	1.7138	1.4657	1.7812	1.5312	2249.5197	2185.1782	0	0
fresh-shift-12-holistic-d800	12	holistic	1160	he1751	0.3145	0.2222	0.3438	0.2500	974.8372	928.3400	0	0
fresh-shift-12-holistic-d800	12	holistic	1160	he1752	1.1557	1.2876	1.5312	1.6562	12519.8495	12287.7895	0	0
fresh-shift-12-holistic-d800	12	holistic	1160	he1754	0.4972	0.3450	0.5625	0.4062	2174.6345	2042.7904	0	0
fresh-shift-12-holistic-d800	12	holistic	1160	he1755	1.4480	1.3809	1.5000	1.4375	1735.0474	1884.8859	0	0
fresh-shift-12-holistic-d800	12	holistic	1160	he1756	1.5061	1.2608	1.7812	1.5312	9169.8805	9014.4261	0	0
fresh-shift-12-holistic-d800	12	holistic	1160	he1757	0.6646	0.6025	0.6875	0.6250	761.9479	748.9274	0	0
fresh-shift-12-holistic-d800	12	holistic	1160	he1759	1.8796	1.7280	2.2500	2.0938	12348.8767	12191.8039	0	0
fresh-shift-12-holistic-d800	12	holistic	1160	he1760	1.0676	1.0403	1.1875	1.1562	3997.0329	3864.7573	0	0
fresh-shift-12-holistic-d800	12	holistic	1160	he1763	1.3124	1.1666	1.7188	1.5625	13546.1464	13196.3646	0	0
fresh-shift-12-holistic-d800	12	holistic	1160	he1764	1.4880	1.4265	1.5625	1.5000	2480.2170	2450.0835	0	0
fresh-shift-12-holistic-d800	12	holistic	1160	he1766	0.2030	0.2028	0.2188	0.2188	526.7020	533.5284	0	0
fresh-shift-12-holistic-d800	12	holistic	1160	he1767	1.5112	1.5482	1.7188	1.7500	6919.0297	6727.7101	0	0
fresh-shift-12-holistic-d800	12	holistic	1160	he1768	1.0371	0.8785	1.2188	1.0625	6054.3133	6130.6177	0	0
fresh-shift-12-holistic-d800	12	holistic	1160	he1769	0.5741	0.6252	0.6562	0.7188	2737.4121	3116.1841	0	0
fresh-shift-12-holistic-d800	12	holistic	1160	he1770	0.1715	0.2740	0.5312	0.6250	11992.2085	11701.8968	0	0
fresh-shift-12-holistic-d800	12	holistic	1160	he1771	1.1638	1.1651	1.4062	1.4062	8082.0368	8038.7832	0	0
fresh-shift-12-holistic-d800	12	holistic	1160	he1773	1.0465	1.0490	1.2812	1.2812	7825.6468	7742.6439	0	0
fresh-shift-12-holistic-d800	12	holistic	1160	he1775	1.4108	1.0989	1.6250	1.3125	7137.4644	7117.5023	0	0
fresh-shift-12-holistic-d800	12	holistic	1160	he1776	0.1848	0.2482	0.2188	0.2812	1131.3627	1100.4081	0	0
fresh-shift-12-holistic-d800	12	holistic	1160	he1777	1.1086	1.4529	1.3125	1.6562	6799.0756	6775.7008	0	0
fresh-shift-12-holistic-d800	12	holistic	1160	he1778	1.7403	0.8942	2.1250	1.2812	12824.8173	12902.4788	0	0
fresh-shift-12-holistic-d800	12	holistic	1160	he1780	0.4297	0.4926	0.4688	0.5312	1302.1421	1288.9170	0	0
fresh-shift-12-holistic-d800	12	holistic	1160	he1781	2.1848	1.7782	2.4688	2.0625	9464.2093	9476.9183	0	0
fresh-shift-12-holistic-d800	12	holistic	1160	he1782	1.4107	0.9124	1.6250	1.1250	7143.3495	7086.1523	0	0
fresh-shift-12-holistic-d800	12	holistic	1160	he1783	2.9133	1.8819	3.0938	2.0625	6014.8870	6022.1110	0	0
fresh-shift-12-holistic-d800	12	holistic	1160	he1785	1.6881	1.1905	1.8750	1.3750	6229.6995	6151.4050	0	0
fresh-shift-12-holistic-d800	12	holistic	1160	he1786	2.2443	1.6294	2.4375	1.8125	6440.8205	6101.1894	0	0
fresh-shift-12-holistic-d800	12	holistic	1160	he1787	0.7378	1.0840	0.9375	1.2812	6656.7980	6574.1515	0	0
fresh-shift-12-holistic-d800	12	holistic	1160	he1788	0.6884	0.6582	0.7500	0.7188	2054.7220	2020.1253	0	0
fresh-shift-12-holistic-d800	12	holistic	1160	he1789	1.4567	1.4901	1.6875	1.7188	7692.8316	7621.4002	0	0
fresh-shift-12-holistic-d800	12	holistic	1160	he1790	1.6976	1.2949	1.9375	1.5312	7997.6245	7878.5369	0	0
fresh-shift-12-holistic-d800	12	holistic	1160	he1791	1.3287	1.1699	1.4062	1.2500	2586.5938	2669.6885	0	0
fresh-shift-12-holistic-d800	12	holistic	1160	he1792	1.8009	1.5890	2.0625	1.8438	8719.4493	8489.8558	0	0
fresh-shift-12-holistic-d800	12	holistic	1160	he1793	1.2425	1.7070	1.5000	1.9688	8585.0989	8724.1283	0	0
fresh-shift-12-holistic-d800	12	holistic	1160	he1794	1.6623	1.5375	1.9062	1.7812	8130.9432	8122.9724	0	0
fresh-shift-12-holistic-d800	12	holistic	1160	he1795	0.5463	0.3297	0.9688	0.7500	14081.7653	14008.2401	0	0
fresh-shift-12-holistic-d800	12	holistic	1160	he1796	0.5683	0.5069	0.5938	0.5312	851.2774	812.7409	0	0
fresh-shift-12-holistic-d800	12	holistic	1160	he1798	1.5783	1.8279	1.9375	2.1875	11975.5019	11986.7645	0	0
fresh-shift-12-holistic-d800	12	holistic	1160	he1799	0.6787	0.6177	0.7188	0.6562	1336.2776	1284.0365	0	0
fresh-shift-12-holistic-d800	12	holistic	1160	he1800	0.7849	0.6359	1.0000	0.8750	7171.8383	7970.9194	0	0
fresh-shift-12-holistic-d800	12	holistic	1160	he1801	0.4914	0.5821	0.5312	0.6250	1329.7533	1429.0748	0	0
fresh-shift-12-holistic-d800	12	holistic	1160	he1802	1.3189	1.1993	1.5938	1.4688	9162.9322	8983.7630	0	0
fresh-shift-12-holistic-d800	12	holistic	1160	he1803	0.2426	0.2118	0.2500	0.2188	246.4638	231.1764	0	0
fresh-shift-12-holistic-d800	12	holistic	1160	he1804	0.0134	0.0487	0.6562	0.6875	21428.6104	21295.5871	0	0
