# garden MERGED J=32 from parts 0..15, 16..31: garden fresh-base-17-conventional-d400 seed 17 conventional season 760 n=60 J=16 worlds=0..15 run=/tmp/rbt107-h1/base-17 work_cost=0.03 (109 s, workers 4) | garden fresh-base-17-conventional-d400 seed 17 conventional season 760 n=60 J=16 worlds=16..31 run=/tmp/rbt107-h1/base-17 work_cost=0.03 (109 s, workers 4)
fresh-base-17-conventional-d400	17	conventional	760	ce1474	0.9403	0.7746	1.5625	1.4062	20739.4758	21057.7741	0	0
fresh-base-17-conventional-d400	17	conventional	760	ce1476	1.6657	0.8333	2.4688	1.6250	26767.3097	26390.5633	0	0
fresh-base-17-conventional-d400	17	conventional	760	ce1478	1.8243	0.8651	2.6250	1.6562	26688.7265	26374.1466	0	0
fresh-base-17-conventional-d400	17	conventional	760	ce1482	0.8137	0.5565	1.4375	1.1875	20791.1596	21032.2988	0	0
fresh-base-17-conventional-d400	17	conventional	760	ce1483	1.6598	0.9421	2.4688	1.7188	26964.8190	25888.3381	0	1
fresh-base-17-conventional-d400	17	conventional	760	ce1484	1.4139	0.4304	1.9688	0.9375	18496.8056	16903.1363	0	0
fresh-base-17-conventional-d400	17	conventional	760	ce1485	1.4326	0.8118	2.2188	1.5938	26204.8000	26063.9679	0	0
fresh-base-17-conventional-d400	17	conventional	760	ce1486	1.4813	0.9159	2.3125	1.7500	27705.2916	27802.0442	0	0
fresh-base-17-conventional-d400	17	conventional	760	ce1489	1.6000	0.7186	2.3438	1.4688	24791.8740	25006.9475	0	0
fresh-base-17-conventional-d400	17	conventional	760	ce1492	2.5691	1.4726	3.2500	2.1562	22697.0899	22788.7813	0	0
fresh-base-17-conventional-d400	17	conventional	760	ce1494	1.6417	0.7200	2.4062	1.4688	25484.8478	24960.2766	0	1
fresh-base-17-conventional-d400	17	conventional	760	ce1495	3.3969	1.3781	4.1562	2.1562	25311.3643	25938.0454	0	0
fresh-base-17-conventional-d400	17	conventional	760	ce1497	1.3796	1.0424	2.0312	1.6875	21722.5549	21503.1164	0	0
fresh-base-17-conventional-d400	17	conventional	760	ce1498	0.5693	0.5027	1.1875	1.1250	20609.0520	20744.9042	0	0
fresh-base-17-conventional-d400	17	conventional	760	ce1499	1.3170	0.9097	2.1250	1.6875	26933.2295	25928.1039	0	0
fresh-base-17-conventional-d400	17	conventional	760	ce1508	0.8911	0.1715	1.4375	0.7188	18213.1615	18240.8647	0	0
fresh-base-17-conventional-d400	17	conventional	760	ce1509	2.1911	0.5201	2.9688	1.2812	25921.9251	25374.5554	0	0
fresh-base-17-conventional-d400	17	conventional	760	ce1514	0.9950	1.2189	1.6250	1.8438	21002.7815	20828.9060	0	0
fresh-base-17-conventional-d400	17	conventional	760	ce1515	1.3216	1.0644	2.0625	1.7812	24695.6285	23891.8705	0	1
fresh-base-17-conventional-d400	17	conventional	760	ce1516	1.2151	0.8273	1.6562	1.2812	14704.9793	15131.4552	0	0
fresh-base-17-conventional-d400	17	conventional	760	ce1517	1.1386	0.4503	1.8750	1.1875	24545.7476	24572.1843	0	0
fresh-base-17-conventional-d400	17	conventional	760	ce1518	1.9423	0.9522	2.5938	1.5938	21715.7178	21383.6493	0	0
fresh-base-17-conventional-d400	17	conventional	760	ce1519	1.6741	0.3773	2.4062	1.1250	24405.8278	24922.6919	0	0
fresh-base-17-conventional-d400	17	conventional	760	ce1520	0.7190	0.3356	1.4375	1.0625	23948.2047	24231.2458	0	0
fresh-base-17-conventional-d400	17	conventional	760	ce1522	2.7352	1.3490	3.4375	2.0312	23409.4815	22740.6100	0	0
fresh-base-17-conventional-d400	17	conventional	760	ce1523	2.1831	0.9046	2.6875	1.4375	16813.1561	17762.3697	0	0
fresh-base-17-conventional-d400	17	conventional	760	ce1524	2.4344	1.2712	3.1875	2.0312	25105.5232	25337.2376	0	0
fresh-base-17-conventional-d400	17	conventional	760	ce1525	1.2910	0.6682	2.1562	1.5312	28843.9461	28770.4693	0	0
fresh-base-17-conventional-d400	17	conventional	760	ce1526	2.3700	0.4115	2.9688	1.0000	19959.8153	19616.5570	0	0
fresh-base-17-conventional-d400	17	conventional	760	ce1528	1.4409	1.2933	2.1562	2.0000	23843.0654	23557.8414	0	0
fresh-base-17-conventional-d400	17	conventional	760	ce1532	1.7625	1.2099	2.4375	1.9062	22500.7495	23211.3784	0	0
fresh-base-17-conventional-d400	17	conventional	760	ce1533	2.1963	0.3704	2.7812	0.9688	19499.8718	19946.0846	0	0
fresh-base-17-conventional-d400	17	conventional	760	ce1534	1.5574	0.5515	2.3438	1.3125	26213.6286	25364.9289	0	1
fresh-base-17-conventional-d400	17	conventional	760	ce1537	1.7097	0.8695	2.4062	1.5938	23218.6744	24140.5628	0	0
fresh-base-17-conventional-d400	17	conventional	760	ce1538	1.5340	0.6526	2.3438	1.4375	26992.2895	26162.2747	0	1
fresh-base-17-conventional-d400	17	conventional	760	ce1539	1.5875	0.4769	2.3125	1.1875	24167.4274	23685.5782	0	1
fresh-base-17-conventional-d400	17	conventional	760	ce1540	1.2061	0.7676	1.9375	1.5000	24379.0512	24412.1966	0	0
fresh-base-17-conventional-d400	17	conventional	760	ce1541	1.8500	0.6121	2.6562	1.4062	26873.7988	26473.1253	0	0
fresh-base-17-conventional-d400	17	conventional	760	ce1542	1.4455	0.7049	2.2500	1.5000	26816.1689	26502.9927	0	0
fresh-base-17-conventional-d400	17	conventional	760	ce1543	1.3900	0.8980	2.1875	1.6875	26585.1086	26317.4706	0	0
fresh-base-17-conventional-d400	17	conventional	760	ce1545	1.6224	1.0562	2.3750	1.7812	25085.9015	24169.0063	0	0
fresh-base-17-conventional-d400	17	conventional	760	ce1546	1.1110	0.7680	1.7812	1.4375	22340.9215	22318.5947	0	0
fresh-base-17-conventional-d400	17	conventional	760	ce1548	1.5737	0.9935	2.2188	1.6562	21500.3818	22091.9511	0	0
fresh-base-17-conventional-d400	17	conventional	760	ce1549	1.5203	1.1326	1.9062	1.5312	12866.5725	13287.0965	0	0
fresh-base-17-conventional-d400	17	conventional	760	ce1550	1.3928	0.4904	2.2500	1.3438	28572.5490	28446.5554	0	0
fresh-base-17-conventional-d400	17	conventional	760	ce1553	1.7200	0.9032	2.5000	1.6875	25999.7923	26140.7067	0	0
fresh-base-17-conventional-d400	17	conventional	760	ce1554	1.1509	0.3999	1.8750	1.1250	24138.0366	24171.7123	0	0
fresh-base-17-conventional-d400	17	conventional	760	ce1555	1.4944	0.6578	2.1875	1.3438	23104.1936	22866.9134	0	0
fresh-base-17-conventional-d400	17	conventional	760	ce1557	0.3624	0.5180	1.0625	1.1875	23337.0483	22318.0693	0	0
fresh-base-17-conventional-d400	17	conventional	760	ce1561	1.2043	0.7442	1.9688	1.4688	25483.2682	24149.9693	0	0
fresh-base-17-conventional-d400	17	conventional	760	ce1562	1.2772	0.5411	2.0000	1.2500	24093.2679	23632.9454	0	0
fresh-base-17-conventional-d400	17	conventional	760	ce1563	1.8836	1.1064	2.6562	1.8750	25755.2248	25617.8185	0	0
fresh-base-17-conventional-d400	17	conventional	760	ce1565	0.8520	0.5327	1.5938	1.2812	24724.6436	24950.5330	0	0
fresh-base-17-conventional-d400	17	conventional	760	ce1567	2.6135	1.6200	3.2500	2.2812	21216.0550	22042.8852	0	0
fresh-base-17-conventional-d400	17	conventional	760	ce1568	2.3953	0.7195	3.0625	1.3750	22239.2505	21849.5830	0	0
fresh-base-17-conventional-d400	17	conventional	760	ce1571	1.6975	0.6952	2.4375	1.4375	24666.4868	24744.3963	0	0
fresh-base-17-conventional-d400	17	conventional	760	ce1572	0.2988	0.0340	0.8125	0.5312	17123.9749	16575.4291	0	0
fresh-base-17-conventional-d400	17	conventional	760	ce1573	1.2388	0.9285	2.0000	1.6875	25375.5765	25300.9117	0	0
fresh-base-17-conventional-d400	17	conventional	760	ce1574	0.7366	0.3898	1.4688	1.0938	24405.2947	23464.1066	0	1
fresh-base-17-conventional-d400	17	conventional	760	ce1575	1.2183	0.5915	1.8750	1.2500	21890.4001	21953.0377	0	0
