# garden MERGED J=32 from parts 0..15, 16..31: garden fresh-cull20-14-holistic-d400 seed 14 holistic season 760 n=60 J=16 worlds=0..15 run=/tmp/rbt107-h1/cull20-14 work_cost=0.03 (121 s, workers 4) | garden fresh-cull20-14-holistic-d400 seed 14 holistic season 760 n=60 J=16 worlds=16..31 run=/tmp/rbt107-h1/cull20-14 work_cost=0.03 (119 s, workers 4)
fresh-cull20-14-holistic-d400	14	holistic	760	he1127	0.6056	0.5144	0.8438	0.7500	7940.2982	7853.5979	0	0
fresh-cull20-14-holistic-d400	14	holistic	760	he1128	2.2518	1.9080	2.3438	2.0000	3065.3680	3066.8500	0	0
fresh-cull20-14-holistic-d400	14	holistic	760	he1131	0.8996	0.8985	1.0000	1.0000	3346.1316	3381.1913	0	0
fresh-cull20-14-holistic-d400	14	holistic	760	he1132	2.2085	1.6163	2.3125	1.7188	3468.3884	3413.9968	0	0
fresh-cull20-14-holistic-d400	14	holistic	760	he1133	1.2858	1.5669	1.5000	1.7812	7141.6132	7144.3324	0	0
fresh-cull20-14-holistic-d400	14	holistic	760	he1134	1.8508	1.2808	2.2500	1.6875	13307.1872	13556.8965	1	1
fresh-cull20-14-holistic-d400	14	holistic	760	he1135	0.1528	0.1211	0.1875	0.1562	1156.5653	1171.9119	0	0
fresh-cull20-14-holistic-d400	14	holistic	760	he1136	1.3557	1.2948	1.4062	1.3438	1684.7827	1633.3746	0	0
fresh-cull20-14-holistic-d400	14	holistic	760	he1137	1.8147	1.6264	1.9062	1.7188	3052.3537	3079.0906	0	0
fresh-cull20-14-holistic-d400	14	holistic	760	he1139	0.8337	0.4278	0.9062	0.5000	2420.0074	2405.5322	0	0
fresh-cull20-14-holistic-d400	14	holistic	760	he1140	1.6696	1.5106	1.8750	1.7188	6848.1292	6941.0410	0	0
fresh-cull20-14-holistic-d400	14	holistic	760	he1141	1.1146	1.3343	1.2812	1.5000	5553.6013	5523.7671	0	0
fresh-cull20-14-holistic-d400	14	holistic	760	he1143	1.3759	1.5326	1.5312	1.6875	5180.9095	5160.4337	0	0
fresh-cull20-14-holistic-d400	14	holistic	760	he1145	1.9186	1.4774	2.1562	1.7188	7923.1127	8044.7679	0	0
fresh-cull20-14-holistic-d400	14	holistic	760	he1147	0.7075	0.5222	0.7812	0.5938	2459.4972	2387.0457	0	0
fresh-cull20-14-holistic-d400	14	holistic	760	he1148	0.8051	0.8623	0.8438	0.9062	1288.0201	1462.8213	0	0
fresh-cull20-14-holistic-d400	14	holistic	760	he1149	0.5842	0.4277	0.6562	0.5000	2399.6386	2409.3285	0	0
fresh-cull20-14-holistic-d400	14	holistic	760	he1151	0.7253	0.7895	0.8125	0.8750	2905.0584	2849.8972	0	0
fresh-cull20-14-holistic-d400	14	holistic	760	he1152	2.0560	2.0320	2.2500	2.2188	6465.8920	6227.7695	0	0
fresh-cull20-14-holistic-d400	14	holistic	760	he1153	0.5212	0.7250	0.6250	0.8438	3458.4093	3955.6673	0	0
fresh-cull20-14-holistic-d400	14	holistic	760	he1154	1.5500	1.4739	1.7500	1.6875	6667.4510	7119.2239	0	0
fresh-cull20-14-holistic-d400	14	holistic	760	he1155	1.0685	1.1674	1.1562	1.2500	2926.3281	2751.6566	0	0
fresh-cull20-14-holistic-d400	14	holistic	760	he1157	0.4960	0.7223	0.5938	0.8438	3256.8808	4049.9158	0	0
fresh-cull20-14-holistic-d400	14	holistic	760	he1158	1.2675	1.0808	1.4688	1.2812	6706.0656	6683.8369	0	0
fresh-cull20-14-holistic-d400	14	holistic	760	he1160	1.9477	1.7103	2.4375	2.1562	16326.1470	14865.2793	0	0
fresh-cull20-14-holistic-d400	14	holistic	760	he1161	1.6261	1.3167	1.7188	1.4062	3088.4614	2985.0139	0	0
fresh-cull20-14-holistic-d400	14	holistic	760	he1162	0.3527	0.2927	0.3750	0.3125	743.2217	661.6901	0	0
fresh-cull20-14-holistic-d400	14	holistic	760	he1164	1.7654	1.4510	2.0312	1.7188	8860.6069	8923.7242	0	0
fresh-cull20-14-holistic-d400	14	holistic	760	he1169	1.2128	1.0534	1.4375	1.2812	7488.5064	7593.1617	0	0
fresh-cull20-14-holistic-d400	14	holistic	760	he1170	0.5867	0.7402	0.6250	0.7812	1275.0105	1368.1435	0	0
fresh-cull20-14-holistic-d400	14	holistic	760	he1171	0.9214	1.0477	1.1250	1.2500	6788.1070	6742.2308	0	0
fresh-cull20-14-holistic-d400	14	holistic	760	he1172	1.4680	1.4747	1.6875	1.6875	7318.9211	7094.2007	0	0
fresh-cull20-14-holistic-d400	14	holistic	760	he1173	2.0079	1.0535	2.3438	1.4062	11194.7935	11755.9872	0	0
fresh-cull20-14-holistic-d400	14	holistic	760	he1174	1.2508	0.7513	1.3438	0.8438	3097.6544	3081.2831	0	0
fresh-cull20-14-holistic-d400	14	holistic	760	he1176	0.9422	0.7248	1.1562	0.9375	7135.0363	7089.5526	0	0
fresh-cull20-14-holistic-d400	14	holistic	760	he1179	0.6710	0.6078	0.6875	0.6250	550.8221	574.7136	0	0
fresh-cull20-14-holistic-d400	14	holistic	760	he1180	1.2287	1.1925	1.6250	1.5938	13210.0084	13376.9708	0	0
fresh-cull20-14-holistic-d400	14	holistic	760	he1183	2.3966	1.7747	2.7188	2.0938	10739.3797	10634.7118	0	0
fresh-cull20-14-holistic-d400	14	holistic	760	he1184	2.1220	1.6744	2.4688	2.0312	11559.7160	11893.4598	2	1
fresh-cull20-14-holistic-d400	14	holistic	760	he1186	1.3668	1.3665	1.6250	1.6250	8607.1999	8615.6800	0	0
fresh-cull20-14-holistic-d400	14	holistic	760	he1188	0.1875	0.1251	0.2188	0.1562	1044.4885	1037.3850	0	0
fresh-cull20-14-holistic-d400	14	holistic	760	he1189	0.3615	0.0819	0.4062	0.1250	1489.6658	1435.6380	0	0
fresh-cull20-14-holistic-d400	14	holistic	760	he1191	1.5674	1.4129	1.7500	1.5938	6088.3313	6027.2213	0	0
fresh-cull20-14-holistic-d400	14	holistic	760	he1192	1.9285	1.9922	2.1562	2.2188	7589.2049	7552.6703	0	0
fresh-cull20-14-holistic-d400	14	holistic	760	he1195	2.5476	1.6705	2.6875	1.8125	4665.9810	4732.8437	0	0
fresh-cull20-14-holistic-d400	14	holistic	760	he1196	0.6435	0.6057	0.6875	0.6562	1467.8151	1686.0550	0	0
fresh-cull20-14-holistic-d400	14	holistic	760	he1197	1.2557	1.0372	1.4688	1.2500	7099.7486	7094.1735	0	0
fresh-cull20-14-holistic-d400	14	holistic	760	he1199	1.6495	1.7079	1.7500	1.8125	3350.3749	3488.4364	0	0
fresh-cull20-14-holistic-d400	14	holistic	760	he1200	1.1219	0.9034	1.3438	1.1250	7394.5440	7386.7518	0	0
fresh-cull20-14-holistic-d400	14	holistic	760	he1201	0.4757	0.6619	0.5312	0.7188	1851.7064	1896.9096	0	0
fresh-cull20-14-holistic-d400	14	holistic	760	he1202	1.9489	1.5252	2.1562	1.7188	6909.5181	6450.7733	2	3
fresh-cull20-14-holistic-d400	14	holistic	760	he1203	1.0802	1.0481	1.2812	1.2500	6700.2859	6730.7453	0	0
fresh-cull20-14-holistic-d400	14	holistic	760	he1204	2.0452	1.7775	2.2500	2.0000	6826.5866	7417.1079	0	0
fresh-cull20-14-holistic-d400	14	holistic	760	he1205	0.0312	0.0312	0.0312	0.0312	0.0000	0.0000	0	0
fresh-cull20-14-holistic-d400	14	holistic	760	he1206	0.6733	0.7084	0.9688	1.0000	9849.8311	9721.3173	0	0
fresh-cull20-14-holistic-d400	14	holistic	760	he1207	2.3021	1.4619	2.4375	1.5938	4513.6399	4393.4456	0	0
fresh-cull20-14-holistic-d400	14	holistic	760	he1208	1.5241	1.0869	1.7188	1.2812	6488.9825	6476.1707	0	0
fresh-cull20-14-holistic-d400	14	holistic	760	he1209	0.0312	0.0312	0.0312	0.0312	0.0000	0.0000	0	0
fresh-cull20-14-holistic-d400	14	holistic	760	he1210	1.5668	1.1699	1.7812	1.4062	7147.7555	7876.7776	0	0
fresh-cull20-14-holistic-d400	14	holistic	760	he1211	1.2781	1.0602	1.4062	1.1875	4271.4713	4244.4174	0	0
