# garden MERGED J=32 from parts 0..15, 16..31: garden fresh-shift-13-holistic-d600 seed 13 holistic season 960 n=60 J=16 worlds=0..15 run=/tmp/rbt107-h1/shift-13 work_cost=0.03 (302 s, workers 4) | garden fresh-shift-13-holistic-d600 seed 13 holistic season 960 n=60 J=16 worlds=16..31 run=/tmp/rbt107-h1/shift-13 work_cost=0.03 (305 s, workers 4)
fresh-shift-13-holistic-d600	13	holistic	960	he1313	2.5549	2.3365	2.5938	2.3750	1295.5250	1283.1238	0	0
fresh-shift-13-holistic-d600	13	holistic	960	he1315	1.7510	1.3769	1.7812	1.4062	1006.4088	977.7886	0	0
fresh-shift-13-holistic-d600	13	holistic	960	he1316	1.6414	1.6729	1.6562	1.6875	495.4832	487.1993	0	0
fresh-shift-13-holistic-d600	13	holistic	960	he1317	1.4841	1.3921	1.5312	1.4375	1570.1654	1511.8727	0	0
fresh-shift-13-holistic-d600	13	holistic	960	he1318	2.3380	1.7754	2.3438	1.7812	194.0502	195.2545	0	0
fresh-shift-13-holistic-d600	13	holistic	960	he1319	1.4016	1.5587	1.4062	1.5625	154.5183	127.7286	0	0
fresh-shift-13-holistic-d600	13	holistic	960	he1322	1.1689	0.7631	1.2500	0.8438	2703.7240	2687.7297	0	0
fresh-shift-13-holistic-d600	13	holistic	960	he1323	1.1843	0.9968	1.1875	1.0000	106.3297	107.1244	0	0
fresh-shift-13-holistic-d600	13	holistic	960	he1324	3.4245	2.9396	3.5000	3.0312	2514.1370	3055.7756	2	1
fresh-shift-13-holistic-d600	13	holistic	960	he1327	1.4948	1.3382	1.5312	1.3750	1214.1686	1225.6524	0	0
fresh-shift-13-holistic-d600	13	holistic	960	he1328	0.7467	0.4649	0.7500	0.4688	111.0959	127.0245	0	0
fresh-shift-13-holistic-d600	13	holistic	960	he1329	1.0850	0.9602	1.0938	0.9688	289.9583	283.7582	0	0
fresh-shift-13-holistic-d600	13	holistic	960	he1330	0.7118	0.5830	0.7188	0.5938	230.8353	356.8855	0	0
fresh-shift-13-holistic-d600	13	holistic	960	he1331	0.3755	0.3913	0.5000	0.5625	4151.2915	5704.7523	4	2
fresh-shift-13-holistic-d600	13	holistic	960	he1334	2.6579	2.4613	2.7188	2.5312	2028.0570	2329.8697	0	0
fresh-shift-13-holistic-d600	13	holistic	960	he1336	1.3035	1.2099	1.3125	1.2188	298.2557	295.7889	0	0
fresh-shift-13-holistic-d600	13	holistic	960	he1337	0.8369	0.9610	0.8438	0.9688	230.0777	257.0274	0	0
fresh-shift-13-holistic-d600	13	holistic	960	he1338	1.5680	1.0976	1.6250	1.1562	1898.0540	1954.0855	0	0
fresh-shift-13-holistic-d600	13	holistic	960	he1339	0.5020	0.5640	0.5312	0.5938	976.7136	991.0725	0	0
fresh-shift-13-holistic-d600	13	holistic	960	he1341	2.1130	1.7709	2.1875	1.8438	2482.2515	2428.1818	0	0
fresh-shift-13-holistic-d600	13	holistic	960	he1343	0.3356	0.2418	0.3438	0.2500	272.8808	274.5783	0	0
fresh-shift-13-holistic-d600	13	holistic	960	he1345	1.0177	0.9869	1.0938	1.0625	2534.1119	2518.7974	0	0
fresh-shift-13-holistic-d600	13	holistic	960	he1346	3.2327	3.3578	3.2500	3.3750	578.3865	576.1925	0	0
fresh-shift-13-holistic-d600	13	holistic	960	he1348	1.7992	2.2702	1.8438	2.3125	1486.0047	1408.3819	0	0
fresh-shift-13-holistic-d600	13	holistic	960	he1350	2.2611	1.8857	2.2812	1.9062	673.0732	683.2397	0	0
fresh-shift-13-holistic-d600	13	holistic	960	he1351	1.4808	1.7942	1.5625	1.8750	2721.1186	2693.6108	0	0
fresh-shift-13-holistic-d600	13	holistic	960	he1352	1.1207	1.4332	1.1250	1.4375	143.1815	143.0978	0	0
fresh-shift-13-holistic-d600	13	holistic	960	he1353	0.7114	0.6191	0.8125	0.7188	3371.3246	3318.4651	0	0
fresh-shift-13-holistic-d600	13	holistic	960	he1354	2.1050	2.2310	2.1562	2.2812	1708.5493	1676.5134	0	0
fresh-shift-13-holistic-d600	13	holistic	960	he1355	0.8488	0.9743	0.8750	1.0000	872.1295	855.8671	0	0
fresh-shift-13-holistic-d600	13	holistic	960	he1356	0.7442	0.7419	0.7500	0.7500	192.7629	269.9407	0	0
fresh-shift-13-holistic-d600	13	holistic	960	he1357	1.5918	1.3731	1.5938	1.3750	62.6907	63.6450	0	0
fresh-shift-13-holistic-d600	13	holistic	960	he1358	0.5288	0.3727	0.5312	0.3750	82.4998	77.7878	0	0
fresh-shift-13-holistic-d600	13	holistic	960	he1359	2.3221	1.8846	2.3438	1.9062	721.7628	718.6364	0	0
fresh-shift-13-holistic-d600	13	holistic	960	he1360	0.8034	0.7722	0.8438	0.8125	1344.1826	1342.7327	0	0
fresh-shift-13-holistic-d600	13	holistic	960	he1361	1.7340	1.4219	1.7812	1.4688	1573.6829	1559.0212	0	0
fresh-shift-13-holistic-d600	13	holistic	960	he1362	2.1778	1.7094	2.1875	1.7188	325.0846	309.7127	0	0
fresh-shift-13-holistic-d600	13	holistic	960	he1364	0.8119	0.5619	0.8125	0.5625	19.9532	19.0270	0	0
fresh-shift-13-holistic-d600	13	holistic	960	he1365	2.7559	2.7265	2.7812	2.7500	844.6341	783.0606	0	0
fresh-shift-13-holistic-d600	13	holistic	960	he1366	0.1994	0.1057	0.2188	0.1250	644.1244	643.7580	0	0
fresh-shift-13-holistic-d600	13	holistic	960	he1367	2.2206	2.3302	2.3125	2.4375	3064.3527	3575.1417	0	0
fresh-shift-13-holistic-d600	13	holistic	960	he1368	0.3740	0.2803	0.3750	0.2812	33.8781	33.2263	0	0
fresh-shift-13-holistic-d600	13	holistic	960	he1369	1.4977	1.3725	1.5625	1.4375	2160.5618	2167.2564	0	0
fresh-shift-13-holistic-d600	13	holistic	960	he1370	1.3830	1.1650	1.4062	1.1875	775.0271	747.8861	0	0
fresh-shift-13-holistic-d600	13	holistic	960	he1371	0.1528	0.3716	0.1562	0.3750	114.2707	114.4922	0	0
fresh-shift-13-holistic-d600	13	holistic	960	he1372	0.6867	0.6864	0.7812	0.7812	3151.2660	3162.3971	0	0
fresh-shift-13-holistic-d600	13	holistic	960	he1373	1.4950	1.1823	1.5000	1.1875	167.7205	173.0823	0	0
fresh-shift-13-holistic-d600	13	holistic	960	he1377	0.1845	0.1845	0.1875	0.1875	101.4158	99.3747	0	0
fresh-shift-13-holistic-d600	13	holistic	960	he1379	0.4351	0.4664	0.4375	0.4688	78.5641	77.5778	0	0
fresh-shift-13-holistic-d600	13	holistic	960	he1380	0.3215	0.3863	0.3438	0.4062	741.7794	662.6240	0	0
fresh-shift-13-holistic-d600	13	holistic	960	he1381	3.0463	3.1417	3.0938	3.1875	1581.3443	1529.8837	0	0
fresh-shift-13-holistic-d600	13	holistic	960	he1382	2.2781	2.0158	2.3125	2.0625	1147.9955	1555.9053	0	0
fresh-shift-13-holistic-d600	13	holistic	960	he1383	2.5579	1.4364	2.6250	1.5000	2234.9230	2120.2627	0	0
fresh-shift-13-holistic-d600	13	holistic	960	he1384	0.6018	0.6655	0.6250	0.6875	770.7730	733.1582	0	0
fresh-shift-13-holistic-d600	13	holistic	960	he1385	1.9710	2.1894	2.0000	2.2188	966.8950	979.5067	0	0
fresh-shift-13-holistic-d600	13	holistic	960	he1386	0.2801	0.2801	0.2812	0.2812	38.5474	38.7273	0	0
fresh-shift-13-holistic-d600	13	holistic	960	he1387	-0.0074	-0.0074	0.0000	0.0000	247.1698	246.2661	0	0
fresh-shift-13-holistic-d600	13	holistic	960	he1388	1.0613	0.8420	1.0938	0.8750	1080.9046	1099.0298	0	0
fresh-shift-13-holistic-d600	13	holistic	960	he1389	0.4370	0.4057	0.4375	0.4062	15.7985	17.8194	0	0
fresh-shift-13-holistic-d600	13	holistic	960	he1390	-0.0028	-0.0028	0.0000	0.0000	94.0983	94.0183	0	0
