# garden MERGED J=32 from parts 0..15, 16..31: garden fresh-base-28-conventional-d800 seed 28 conventional season 1160 n=60 J=16 worlds=0..15 run=/tmp/rbt107-h1/base-28 work_cost=0.03 (94 s, workers 4) | garden fresh-base-28-conventional-d800 seed 28 conventional season 1160 n=60 J=16 worlds=16..31 run=/tmp/rbt107-h1/base-28 work_cost=0.03 (94 s, workers 4)
fresh-base-28-conventional-d800	28	conventional	1160	ce2078	0.1324	0.3377	0.7500	0.9688	20586.3914	21033.2492	0	0
fresh-base-28-conventional-d800	28	conventional	1160	ce2079	1.6881	1.2507	2.4688	2.0312	26021.0387	26018.7683	0	0
fresh-base-28-conventional-d800	28	conventional	1160	ce2080	2.7611	0.9750	3.2500	1.5000	16294.9248	17499.0975	0	0
fresh-base-28-conventional-d800	28	conventional	1160	ce2081	2.0918	0.7517	2.6875	1.3438	19856.2976	19735.2445	0	0
fresh-base-28-conventional-d800	28	conventional	1160	ce2082	2.5971	1.3552	3.1562	1.9062	18639.2337	18367.7657	0	0
fresh-base-28-conventional-d800	28	conventional	1160	ce2083	2.1286	1.2269	2.9062	2.0000	25919.2186	25769.1897	0	0
fresh-base-28-conventional-d800	28	conventional	1160	ce2084	1.3691	0.6208	2.1562	1.4062	26239.4523	26180.9450	0	0
fresh-base-28-conventional-d800	28	conventional	1160	ce2086	2.7095	1.6076	3.3125	2.2188	20101.2853	20372.6130	0	0
fresh-base-28-conventional-d800	28	conventional	1160	ce2087	1.7477	0.4207	2.4062	1.0938	21952.0150	22436.8824	0	0
fresh-base-28-conventional-d800	28	conventional	1160	ce2089	1.7702	1.3356	2.2812	1.8438	17037.4469	16939.2258	0	0
fresh-base-28-conventional-d800	28	conventional	1160	ce2092	2.1635	0.9952	2.7812	1.6250	20588.7836	20993.4005	0	0
fresh-base-28-conventional-d800	28	conventional	1160	ce2097	2.9048	1.3892	3.5625	2.0625	21924.0686	22442.6428	0	0
fresh-base-28-conventional-d800	28	conventional	1160	ce2099	2.3590	1.2227	3.0938	1.9375	24492.1506	23826.8855	0	1
fresh-base-28-conventional-d800	28	conventional	1160	ce2103	2.2832	1.6614	2.8125	2.1875	17644.4213	17538.2450	0	0
fresh-base-28-conventional-d800	28	conventional	1160	ce2105	2.1147	1.0766	2.8438	1.7500	24304.7784	22445.5629	0	0
fresh-base-28-conventional-d800	28	conventional	1160	ce2108	2.3567	1.2159	3.0000	1.8750	21444.4804	21972.8309	0	0
fresh-base-28-conventional-d800	28	conventional	1160	ce2109	2.5509	0.9566	3.1875	1.5938	21220.1224	21239.1977	0	1
fresh-base-28-conventional-d800	28	conventional	1160	ce2110	1.4697	0.5155	2.2188	1.3125	24967.7798	26565.5420	0	0
fresh-base-28-conventional-d800	28	conventional	1160	ce2111	2.9463	1.9131	3.5938	2.5625	21584.1896	21646.5648	0	0
fresh-base-28-conventional-d800	28	conventional	1160	ce2112	1.4116	1.1288	1.9688	1.6875	18573.6349	18620.8613	0	0
fresh-base-28-conventional-d800	28	conventional	1160	ce2113	1.7549	1.2868	2.4688	2.0000	23797.4382	23773.6767	0	0
fresh-base-28-conventional-d800	28	conventional	1160	ce2115	1.4800	1.0644	2.2188	1.8125	24622.8613	24934.9788	0	0
fresh-base-28-conventional-d800	28	conventional	1160	ce2116	1.5956	1.1583	2.4062	1.9688	27023.0716	27014.1483	0	0
fresh-base-28-conventional-d800	28	conventional	1160	ce2117	2.6502	1.5665	3.2500	2.1875	19995.6894	20698.5458	0	0
fresh-base-28-conventional-d800	28	conventional	1160	ce2120	2.4455	1.1921	3.0000	1.7812	18484.3838	19640.3561	0	0
fresh-base-28-conventional-d800	28	conventional	1160	ce2121	3.3893	1.2148	4.0938	1.9062	23482.2550	23046.8579	0	0
fresh-base-28-conventional-d800	28	conventional	1160	ce2122	0.6762	0.4931	0.9688	0.7812	9752.0844	9602.3233	0	0
fresh-base-28-conventional-d800	28	conventional	1160	ce2123	1.1596	0.7761	1.6250	1.2500	15512.1256	15796.3216	0	0
fresh-base-28-conventional-d800	28	conventional	1160	ce2124	1.8575	0.9510	2.5625	1.6562	23500.3452	23509.3286	0	0
fresh-base-28-conventional-d800	28	conventional	1160	ce2125	1.3750	0.6772	2.0000	1.3125	20833.1562	21177.3561	0	0
fresh-base-28-conventional-d800	28	conventional	1160	ce2127	2.2930	1.0151	2.9688	1.6875	22526.1452	22412.6886	0	0
fresh-base-28-conventional-d800	28	conventional	1160	ce2128	2.2723	1.1801	3.0000	1.9062	24257.5206	24206.3492	0	0
fresh-base-28-conventional-d800	28	conventional	1160	ce2129	2.1345	1.0407	2.9062	1.8125	25725.4702	25727.1540	0	0
fresh-base-28-conventional-d800	28	conventional	1160	ce2131	1.8211	1.2195	2.5625	1.9375	24715.4924	23931.9319	0	1
fresh-base-28-conventional-d800	28	conventional	1160	ce2132	1.9034	1.0905	2.6875	1.8750	26138.4405	26151.1557	0	0
fresh-base-28-conventional-d800	28	conventional	1160	ce2133	1.3606	0.8891	2.0625	1.5938	23396.6300	23487.5102	0	0
fresh-base-28-conventional-d800	28	conventional	1160	ce2135	1.1916	1.1930	1.6875	1.6875	16530.4368	16485.1903	0	0
fresh-base-28-conventional-d800	28	conventional	1160	ce2136	1.7574	1.4441	2.5625	2.2500	26835.7441	26865.1289	0	0
fresh-base-28-conventional-d800	28	conventional	1160	ce2138	2.2102	1.2742	2.9688	2.0312	25286.1213	25233.8382	0	0
fresh-base-28-conventional-d800	28	conventional	1160	ce2139	1.5216	0.6771	2.3438	1.5000	27403.9976	27426.9951	0	0
fresh-base-28-conventional-d800	28	conventional	1160	ce2140	1.3705	1.3274	1.8438	1.8125	15775.1434	16169.9250	0	0
fresh-base-28-conventional-d800	28	conventional	1160	ce2143	2.3100	1.1530	2.9688	1.8125	21958.5195	21983.8041	0	0
fresh-base-28-conventional-d800	28	conventional	1160	ce2145	3.1625	1.2877	3.7812	1.9375	20624.5275	21660.0632	0	0
fresh-base-28-conventional-d800	28	conventional	1160	ce2146	2.1962	1.2195	2.9062	1.9375	23668.1193	23931.1048	0	0
fresh-base-28-conventional-d800	28	conventional	1160	ce2148	2.4842	1.6584	3.0938	2.2812	20317.4486	20761.3475	0	0
fresh-base-28-conventional-d800	28	conventional	1160	ce2150	1.8567	1.2489	2.4688	1.8750	20401.6762	20871.0086	0	0
fresh-base-28-conventional-d800	28	conventional	1160	ce2152	1.4005	0.8092	2.1875	1.5938	26232.5072	26150.5529	0	0
fresh-base-28-conventional-d800	28	conventional	1160	ce2153	1.5221	0.7628	2.2500	1.5000	24264.6280	24575.0740	0	0
fresh-base-28-conventional-d800	28	conventional	1160	ce2156	2.6911	0.8841	3.3438	1.5312	21752.6462	21574.8537	0	0
fresh-base-28-conventional-d800	28	conventional	1160	ce2157	2.4839	1.7270	3.1250	2.3750	21370.7212	21597.2591	0	0
fresh-base-28-conventional-d800	28	conventional	1160	ce2159	2.1861	0.8622	2.8750	1.5938	22962.9498	24383.3715	0	0
fresh-base-28-conventional-d800	28	conventional	1160	ce2161	1.9129	1.2879	2.6562	2.0312	24779.2081	24778.9871	0	0
fresh-base-28-conventional-d800	28	conventional	1160	ce2162	1.6554	1.2409	2.3750	1.9688	23985.6776	24261.9821	0	0
fresh-base-28-conventional-d800	28	conventional	1160	ce2163	1.8615	1.2410	2.5938	1.9688	24408.6663	24255.5997	0	0
fresh-base-28-conventional-d800	28	conventional	1160	ce2164	2.2498	0.8251	2.9688	1.5625	23964.8980	24579.7081	0	0
fresh-base-28-conventional-d800	28	conventional	1160	ce2166	2.1392	1.1151	2.6875	1.6875	18275.4002	19080.9343	0	0
fresh-base-28-conventional-d800	28	conventional	1160	ce2168	1.9634	1.4177	2.5938	2.0625	21012.8166	21494.5462	0	0
fresh-base-28-conventional-d800	28	conventional	1160	ce2169	2.4640	1.3097	3.1250	1.9688	22035.7792	21968.7221	0	0
fresh-base-28-conventional-d800	28	conventional	1160	ce2170	1.6501	1.3012	2.3125	2.0000	22080.0191	23293.2821	0	0
fresh-base-28-conventional-d800	28	conventional	1160	ce2172	1.7790	1.5535	2.5312	2.3125	25074.9803	25300.0923	0	0
