# garden MERGED J=32 from parts 0..15, 16..31: garden fresh-cull20-30-conventional-d600 seed 30 conventional season 960 n=60 J=16 worlds=0..15 run=/tmp/rbt107-h1/cull20-30 work_cost=0.03 (108 s, workers 4) | garden fresh-cull20-30-conventional-d600 seed 30 conventional season 960 n=60 J=16 worlds=16..31 run=/tmp/rbt107-h1/cull20-30 work_cost=0.03 (103 s, workers 4)
fresh-cull20-30-conventional-d600	30	conventional	960	ce1682	1.0413	0.7337	1.6875	1.3750	21539.6397	21375.6525	0	0
fresh-cull20-30-conventional-d600	30	conventional	960	ce1684	1.0491	0.8055	1.7812	1.5312	24404.4525	24189.9403	0	0
fresh-cull20-30-conventional-d600	30	conventional	960	ce1685	2.4479	1.3409	3.2500	2.1250	26736.8174	26135.3750	0	0
fresh-cull20-30-conventional-d600	30	conventional	960	ce1687	1.9345	0.8244	2.6875	1.5625	25099.5829	24604.9363	0	0
fresh-cull20-30-conventional-d600	30	conventional	960	ce1688	2.5341	1.0721	3.2188	1.7500	22821.1295	22596.9218	0	0
fresh-cull20-30-conventional-d600	30	conventional	960	ce1690	2.2001	0.8629	2.9062	1.5625	23536.9310	23317.5404	0	0
fresh-cull20-30-conventional-d600	30	conventional	960	ce1691	0.9335	0.5920	1.6250	1.2812	23050.5985	22973.9461	0	0
fresh-cull20-30-conventional-d600	30	conventional	960	ce1692	1.6349	1.1079	2.4062	1.8750	25712.5252	25569.1909	0	0
fresh-cull20-30-conventional-d600	30	conventional	960	ce1694	1.6985	0.8862	2.4375	1.6250	24635.1367	24627.1256	0	0
fresh-cull20-30-conventional-d600	30	conventional	960	ce1697	2.6374	1.0634	3.3438	1.7500	23546.5329	22888.0889	0	0
fresh-cull20-30-conventional-d600	30	conventional	960	ce1701	0.7098	0.1205	1.3125	0.7188	20091.0794	19943.5915	0	0
fresh-cull20-30-conventional-d600	30	conventional	960	ce1702	1.8071	0.9022	2.6250	1.7188	27263.4451	27219.9160	0	0
fresh-cull20-30-conventional-d600	30	conventional	960	ce1703	1.9597	0.7581	2.7500	1.5312	26343.2725	25773.3538	0	0
fresh-cull20-30-conventional-d600	30	conventional	960	ce1704	0.8514	0.1777	1.5312	0.8438	22660.5341	22201.7004	0	0
fresh-cull20-30-conventional-d600	30	conventional	960	ce1706	2.6952	1.6699	3.5000	2.4688	26826.0033	26628.5723	0	0
fresh-cull20-30-conventional-d600	30	conventional	960	ce1708	1.3682	0.3119	2.0000	0.9375	21058.9465	20853.9936	0	0
fresh-cull20-30-conventional-d600	30	conventional	960	ce1709	1.2249	0.5139	1.8438	1.1250	20627.9575	20368.0879	0	0
fresh-cull20-30-conventional-d600	30	conventional	960	ce1710	1.5620	0.4907	2.2812	1.1875	23975.1533	23228.3993	0	0
fresh-cull20-30-conventional-d600	30	conventional	960	ce1712	2.2750	1.4157	2.9375	2.0625	22083.2983	21560.3584	0	0
fresh-cull20-30-conventional-d600	30	conventional	960	ce1713	2.4659	1.6448	3.2188	2.3750	25093.3098	24340.7973	0	0
fresh-cull20-30-conventional-d600	30	conventional	960	ce1714	1.9759	1.7766	2.8125	2.5938	27887.2622	27237.4498	0	0
fresh-cull20-30-conventional-d600	30	conventional	960	ce1715	1.7015	0.9952	2.4062	1.6875	23492.0088	23075.6937	0	0
fresh-cull20-30-conventional-d600	30	conventional	960	ce1716	1.1961	0.9141	1.9688	1.6875	25755.1902	25782.7094	0	0
fresh-cull20-30-conventional-d600	30	conventional	960	ce1717	2.5096	1.5974	3.1562	2.2500	21554.6447	21754.1244	0	0
fresh-cull20-30-conventional-d600	30	conventional	960	ce1718	2.7820	1.1052	3.5000	1.8125	23930.4856	23577.6855	0	0
fresh-cull20-30-conventional-d600	30	conventional	960	ce1719	3.3579	1.4739	4.1250	2.2188	25569.6762	24827.5060	0	0
fresh-cull20-30-conventional-d600	30	conventional	960	ce1720	1.9670	1.1069	2.6875	1.8125	24013.4749	23518.3641	0	0
fresh-cull20-30-conventional-d600	30	conventional	960	ce1722	2.2203	0.7996	2.9062	1.5000	22866.6460	23347.1594	0	0
fresh-cull20-30-conventional-d600	30	conventional	960	ce1725	3.7803	1.3443	4.4688	2.0000	22947.6074	21854.7851	0	1
fresh-cull20-30-conventional-d600	30	conventional	960	ce1726	1.7572	0.8027	2.4688	1.5000	23716.4512	23242.7303	0	0
fresh-cull20-30-conventional-d600	30	conventional	960	ce1728	2.6479	1.6201	3.2188	2.1875	19030.2044	18912.8918	0	0
fresh-cull20-30-conventional-d600	30	conventional	960	ce1729	2.6617	0.9961	3.4062	1.7188	24817.3746	24087.2274	0	0
fresh-cull20-30-conventional-d600	30	conventional	960	ce1730	2.4697	1.5155	3.2500	2.2812	26011.0085	25524.7530	0	0
fresh-cull20-30-conventional-d600	30	conventional	960	ce1732	1.9131	1.2077	2.6562	1.9375	24772.1407	24324.9567	0	0
fresh-cull20-30-conventional-d600	30	conventional	960	ce1733	2.4434	1.2870	3.1562	1.9688	23759.5099	22727.3213	0	1
fresh-cull20-30-conventional-d600	30	conventional	960	ce1735	1.8999	0.9780	2.5625	1.6250	22086.1107	21568.7357	0	0
fresh-cull20-30-conventional-d600	30	conventional	960	ce1738	2.5568	0.9752	3.2188	1.6250	22064.0979	21659.7827	0	0
fresh-cull20-30-conventional-d600	30	conventional	960	ce1739	2.6220	0.5907	3.3438	1.2812	24060.8048	23020.4404	0	0
fresh-cull20-30-conventional-d600	30	conventional	960	ce1740	1.9311	1.1187	2.6250	1.8125	23128.9807	23128.3529	0	1
fresh-cull20-30-conventional-d600	30	conventional	960	ce1743	2.0272	0.4356	2.7188	1.1250	23049.7196	22978.5031	0	0
fresh-cull20-30-conventional-d600	30	conventional	960	ce1744	2.6744	1.8048	3.3438	2.4688	22310.2162	22133.2827	0	0
fresh-cull20-30-conventional-d600	30	conventional	960	ce1745	1.8310	1.1462	2.4375	1.7500	20216.1086	20124.2651	0	0
fresh-cull20-30-conventional-d600	30	conventional	960	ce1747	2.3178	0.9524	2.9062	1.5625	19617.3795	20336.7654	0	0
fresh-cull20-30-conventional-d600	30	conventional	960	ce1748	2.0697	0.8949	2.8125	1.6250	24761.7009	24335.4932	0	0
fresh-cull20-30-conventional-d600	30	conventional	960	ce1750	2.3544	0.9264	2.9688	1.5312	20479.0644	20159.7698	0	0
fresh-cull20-30-conventional-d600	30	conventional	960	ce1752	2.3700	1.2714	3.1250	2.0000	25169.2566	24286.1395	0	0
fresh-cull20-30-conventional-d600	30	conventional	960	ce1753	1.9328	1.4062	2.6562	2.1250	24113.6626	23959.6217	0	0
fresh-cull20-30-conventional-d600	30	conventional	960	ce1754	1.1883	0.5919	1.8438	1.2500	21851.1855	21936.0772	0	0
fresh-cull20-30-conventional-d600	30	conventional	960	ce1755	1.9500	1.0348	2.7188	1.7812	25625.0677	24881.4584	0	0
fresh-cull20-30-conventional-d600	30	conventional	960	ce1756	1.7594	1.4151	2.5000	2.1562	24686.8670	24704.5090	0	0
fresh-cull20-30-conventional-d600	30	conventional	960	ce1759	2.4847	0.8693	3.1562	1.5000	22386.7614	21023.1925	0	0
fresh-cull20-30-conventional-d600	30	conventional	960	ce1760	2.5646	1.2054	3.2812	1.9062	23890.0497	23360.5798	0	0
fresh-cull20-30-conventional-d600	30	conventional	960	ce1761	2.9133	1.7167	3.5625	2.3750	21642.3623	21944.7637	0	0
fresh-cull20-30-conventional-d600	30	conventional	960	ce1762	0.7257	0.9149	1.4375	1.6250	23725.2139	23670.2754	0	0
fresh-cull20-30-conventional-d600	30	conventional	960	ce1763	1.3016	0.6425	1.9375	1.2500	21196.7615	20248.7992	0	1
fresh-cull20-30-conventional-d600	30	conventional	960	ce1764	1.6113	0.7784	2.3125	1.4688	23371.9512	23009.6165	0	0
fresh-cull20-30-conventional-d600	30	conventional	960	ce1766	1.5460	1.0432	2.4375	1.9062	29716.9370	28768.7262	0	0
fresh-cull20-30-conventional-d600	30	conventional	960	ce1767	2.4444	1.1964	3.2500	2.0000	26855.4307	26787.0385	0	0
fresh-cull20-30-conventional-d600	30	conventional	960	ce1768	0.9603	0.6325	1.8438	1.5000	29448.3184	28917.3194	0	0
fresh-cull20-30-conventional-d600	30	conventional	960	ce1769	1.5631	1.4055	2.2812	2.0938	23936.1049	22943.2352	0	0
