# garden MERGED J=32 from parts 0..15, 16..31: garden fresh-cull20-28-holistic-d400 seed 28 holistic season 760 n=60 J=16 worlds=0..15 run=/tmp/rbt107-h1/cull20-28 work_cost=0.03 (76 s, workers 4) | garden fresh-cull20-28-holistic-d400 seed 28 holistic season 760 n=60 J=16 worlds=16..31 run=/tmp/rbt107-h1/cull20-28 work_cost=0.03 (76 s, workers 4)
fresh-cull20-28-holistic-d400	28	holistic	760	he1206	2.0257	1.9311	2.2500	2.1562	7474.2884	7505.3760	0	0
fresh-cull20-28-holistic-d400	28	holistic	760	he1207	0.9944	0.9946	1.0000	1.0000	186.3966	180.0045	0	0
fresh-cull20-28-holistic-d400	28	holistic	760	he1208	1.1404	1.2965	1.4688	1.6250	10943.3189	10947.3578	0	0
fresh-cull20-28-holistic-d400	28	holistic	760	he1209	0.7136	0.4638	0.7812	0.5312	2256.7608	2246.3472	0	0
fresh-cull20-28-holistic-d400	28	holistic	760	he1210	1.2075	1.3022	1.4688	1.5625	8708.2530	8677.9146	0	0
fresh-cull20-28-holistic-d400	28	holistic	760	he1211	0.9120	0.9466	1.5625	1.5938	21684.8283	21572.4298	0	0
fresh-cull20-28-holistic-d400	28	holistic	760	he1212	0.8471	0.8472	0.9375	0.9375	3012.8413	3012.5413	0	0
fresh-cull20-28-holistic-d400	28	holistic	760	he1213	0.5153	0.4996	0.6250	0.5938	3656.6184	3137.2287	0	0
fresh-cull20-28-holistic-d400	28	holistic	760	he1214	1.1519	0.9007	1.5312	1.2812	12645.1507	12683.9493	0	0
fresh-cull20-28-holistic-d400	28	holistic	760	he1215	1.0992	1.0045	1.3125	1.2188	7110.0033	7140.4137	0	0
fresh-cull20-28-holistic-d400	28	holistic	760	he1216	1.7234	1.5076	1.7500	1.5312	886.4696	786.4324	0	0
fresh-cull20-28-holistic-d400	28	holistic	760	he1217	1.1812	0.9637	1.4375	1.2188	8543.9122	8500.5097	0	0
fresh-cull20-28-holistic-d400	28	holistic	760	he1218	1.9687	1.8439	2.1562	2.0312	6251.2411	6244.3969	0	0
fresh-cull20-28-holistic-d400	28	holistic	760	he1219	1.3579	1.2649	1.5312	1.4375	5775.4985	5752.7295	0	0
fresh-cull20-28-holistic-d400	28	holistic	760	he1220	1.5764	1.1705	1.9375	1.5312	12034.6706	12025.3475	0	0
fresh-cull20-28-holistic-d400	28	holistic	760	he1221	2.5121	2.6064	2.6250	2.7188	3763.9411	3745.9546	0	0
fresh-cull20-28-holistic-d400	28	holistic	760	he1223	2.5644	2.3128	2.6875	2.4375	4103.1393	4157.7680	0	0
fresh-cull20-28-holistic-d400	28	holistic	760	he1224	2.8143	1.8142	2.9062	1.9062	3065.8540	3066.6687	0	0
fresh-cull20-28-holistic-d400	28	holistic	760	he1225	1.0931	1.1555	1.4062	1.4688	10437.6700	10439.2632	0	0
fresh-cull20-28-holistic-d400	28	holistic	760	he1228	1.1046	1.1681	1.3438	1.4062	7971.1538	7937.9031	0	0
fresh-cull20-28-holistic-d400	28	holistic	760	he1229	2.2060	2.0497	2.4688	2.3125	8757.5586	8762.7604	0	0
fresh-cull20-28-holistic-d400	28	holistic	760	he1230	1.5080	1.1650	1.8750	1.5312	12231.6941	12209.2016	0	0
fresh-cull20-28-holistic-d400	28	holistic	760	he1232	1.5084	1.4244	1.6562	1.5625	4928.5017	4603.9459	0	0
fresh-cull20-28-holistic-d400	28	holistic	760	he1233	1.6128	1.2695	1.8750	1.5312	8740.0699	8723.9958	0	0
fresh-cull20-28-holistic-d400	28	holistic	760	he1234	0.9791	0.7621	1.2500	1.0312	9029.8417	8973.4641	0	0
fresh-cull20-28-holistic-d400	28	holistic	760	he1235	1.6139	1.2727	1.6875	1.3438	2451.7427	2368.4990	0	0
fresh-cull20-28-holistic-d400	28	holistic	760	he1236	0.3059	0.3684	0.3125	0.3750	220.5793	219.6922	0	0
fresh-cull20-28-holistic-d400	28	holistic	760	he1238	1.7530	2.2522	1.9062	2.4062	5108.2144	5134.6690	0	0
fresh-cull20-28-holistic-d400	28	holistic	760	he1240	2.1663	1.5693	2.3750	1.7812	6953.7994	7063.9335	0	0
fresh-cull20-28-holistic-d400	28	holistic	760	he1241	1.5366	1.2255	1.6875	1.3750	5032.1911	4982.8656	0	0
fresh-cull20-28-holistic-d400	28	holistic	760	he1242	1.4440	1.2885	1.7188	1.5625	9157.9930	9134.3841	0	0
fresh-cull20-28-holistic-d400	28	holistic	760	he1243	0.9819	0.7950	1.2812	1.0938	9980.3249	9959.1718	0	0
fresh-cull20-28-holistic-d400	28	holistic	760	he1244	1.8095	1.2463	2.1250	1.5625	10515.0294	10539.7765	0	0
fresh-cull20-28-holistic-d400	28	holistic	760	he1245	1.9952	1.5282	2.0625	1.5938	2242.3625	2183.8153	0	0
fresh-cull20-28-holistic-d400	28	holistic	760	he1246	2.1240	2.0928	2.3438	2.3125	7325.9587	7321.6958	0	0
fresh-cull20-28-holistic-d400	28	holistic	760	he1247	2.2199	1.4394	2.5312	1.7500	10379.0958	10351.1480	0	0
fresh-cull20-28-holistic-d400	28	holistic	760	he1248	1.6923	1.2855	1.7188	1.3125	883.6619	899.6692	0	0
fresh-cull20-28-holistic-d400	28	holistic	760	he1249	1.5536	1.5859	1.7500	1.7812	6545.5174	6510.9795	0	0
fresh-cull20-28-holistic-d400	28	holistic	760	he1250	0.6169	0.6169	0.6250	0.6250	267.1336	270.8984	0	0
fresh-cull20-28-holistic-d400	28	holistic	760	he1251	1.4962	1.2474	1.5938	1.3438	3253.7725	3211.7663	0	0
fresh-cull20-28-holistic-d400	28	holistic	760	he1252	0.5685	0.5993	0.9375	0.9688	12299.9339	12315.8804	0	0
fresh-cull20-28-holistic-d400	28	holistic	760	he1253	0.6479	0.5549	0.6875	0.5938	1321.5743	1293.9027	0	0
fresh-cull20-28-holistic-d400	28	holistic	760	he1254	1.6288	1.8485	1.9062	2.1250	9246.3570	9214.8566	0	0
fresh-cull20-28-holistic-d400	28	holistic	760	he1256	0.9794	0.8538	1.1875	1.0625	6933.9121	6954.8421	0	0
fresh-cull20-28-holistic-d400	28	holistic	760	he1257	1.0806	0.8318	1.7188	1.4688	21271.9929	21232.2437	0	0
fresh-cull20-28-holistic-d400	28	holistic	760	he1258	1.9259	2.1747	2.0312	2.2812	3514.0970	3549.8490	0	0
fresh-cull20-28-holistic-d400	28	holistic	760	he1259	1.1195	1.0247	1.5312	1.4375	13723.6043	13759.7353	0	0
fresh-cull20-28-holistic-d400	28	holistic	760	he1260	0.4374	0.4377	0.5000	0.5000	2088.5505	2076.9822	0	0
fresh-cull20-28-holistic-d400	28	holistic	760	he1261	1.3936	1.2686	1.5625	1.4375	5629.7064	5630.0028	0	0
fresh-cull20-28-holistic-d400	28	holistic	760	he1262	0.2804	0.2804	0.2812	0.2812	28.0964	28.0870	0	0
fresh-cull20-28-holistic-d400	28	holistic	760	he1263	0.9517	0.7956	1.2500	1.0938	9942.7128	9936.1086	0	0
fresh-cull20-28-holistic-d400	28	holistic	760	he1264	2.7290	2.1997	2.9375	2.4062	6949.8966	6887.6830	0	0
fresh-cull20-28-holistic-d400	28	holistic	760	he1265	1.3859	1.1057	1.7812	1.5000	13179.8720	13142.8298	0	0
fresh-cull20-28-holistic-d400	28	holistic	760	he1267	1.1005	0.7256	1.2812	0.9062	6025.0552	6019.1799	0	0
fresh-cull20-28-holistic-d400	28	holistic	760	he1268	1.6475	1.3655	1.8750	1.5938	7584.7442	7609.2347	0	0
fresh-cull20-28-holistic-d400	28	holistic	760	he1269	3.7972	3.0843	3.9688	3.2500	5720.8690	5524.1529	0	0
fresh-cull20-28-holistic-d400	28	holistic	760	he1270	0.7113	0.8076	1.0000	1.0938	9623.6287	9539.5565	0	0
fresh-cull20-28-holistic-d400	28	holistic	760	he1271	1.3421	1.0616	1.6875	1.4062	11513.6070	11485.9639	0	0
fresh-cull20-28-holistic-d400	28	holistic	760	he1272	1.9891	1.9880	2.2188	2.2188	7654.0703	7692.9291	0	0
fresh-cull20-28-holistic-d400	28	holistic	760	he1273	0.9670	0.9368	1.1875	1.1562	7347.8528	7315.3317	0	0
