# garden MERGED J=32 from parts 0..15, 16..31: garden fresh-c0-13-conventional seed 13 conventional season 359 n=60 J=16 worlds=0..15 run=/tmp/rbt107-h1/base-13 work_cost=0.03 (109 s, workers 4) | garden fresh-c0-13-conventional seed 13 conventional season 359 n=60 J=16 worlds=16..31 run=/tmp/rbt107-h1/base-13 work_cost=0.03 (109 s, workers 4)
fresh-c0-13-conventional	13	conventional	359	ce676	1.6808	1.3691	2.2188	1.9062	17928.9099	17903.4706	0	0
fresh-c0-13-conventional	13	conventional	359	ce679	2.3468	1.3076	2.6562	1.6250	10315.8005	10578.2967	0	0
fresh-c0-13-conventional	13	conventional	359	ce680	1.8062	1.2778	2.0938	1.5625	9586.0305	9491.3362	0	0
fresh-c0-13-conventional	13	conventional	359	ce681	1.3755	0.6109	1.5938	0.8125	7277.7122	6717.4096	0	0
fresh-c0-13-conventional	13	conventional	359	ce682	1.7197	0.8842	2.2500	1.4062	17676.7764	17399.7265	0	0
fresh-c0-13-conventional	13	conventional	359	ce683	1.4807	0.4007	2.1562	1.0625	22520.0552	22061.5259	0	1
fresh-c0-13-conventional	13	conventional	359	ce684	1.8651	0.9705	2.0625	1.1875	6580.4789	7235.4003	0	0
fresh-c0-13-conventional	13	conventional	359	ce685	1.5846	1.3390	1.9062	1.6562	10722.4077	10575.8155	0	0
fresh-c0-13-conventional	13	conventional	359	ce687	1.9227	1.2359	2.4375	1.6875	17160.4822	15052.4008	0	0
fresh-c0-13-conventional	13	conventional	359	ce689	1.2018	0.7732	1.8125	1.4062	20354.4674	21103.3684	0	0
fresh-c0-13-conventional	13	conventional	359	ce691	0.6408	0.4843	0.9688	0.8125	10934.4222	10941.7380	0	0
fresh-c0-13-conventional	13	conventional	359	ce692	0.8796	0.5989	1.4375	1.1562	18599.3631	18578.3682	0	0
fresh-c0-13-conventional	13	conventional	359	ce697	1.2100	0.6999	1.7500	1.2500	18002.0510	18339.2635	0	0
fresh-c0-13-conventional	13	conventional	359	ce699	2.6646	1.5068	3.1875	2.0312	17428.4935	17483.2750	0	0
fresh-c0-13-conventional	13	conventional	359	ce702	1.9183	1.0131	2.5938	1.6875	22513.6957	22479.5900	0	0
fresh-c0-13-conventional	13	conventional	359	ce704	1.9796	1.1336	2.1562	1.3125	5888.1061	5965.5873	0	0
fresh-c0-13-conventional	13	conventional	359	ce705	1.1952	0.7942	1.9688	1.5625	25784.7715	25610.0717	0	0
fresh-c0-13-conventional	13	conventional	359	ce706	2.1397	0.9237	2.5625	1.3438	14093.4008	14002.6018	0	0
fresh-c0-13-conventional	13	conventional	359	ce710	1.4241	0.4245	2.0938	1.0938	22321.1522	22305.6660	0	0
fresh-c0-13-conventional	13	conventional	359	ce711	2.1956	1.2835	2.7812	1.8750	19520.6619	19716.5582	0	0
fresh-c0-13-conventional	13	conventional	359	ce714	0.7398	0.8159	1.1562	1.2188	13881.3868	13428.0937	0	0
fresh-c0-13-conventional	13	conventional	359	ce717	0.9642	1.1928	1.5312	1.7500	18902.8431	18574.8474	0	0
fresh-c0-13-conventional	13	conventional	359	ce719	1.1814	0.5707	1.5000	0.8750	10619.1103	10143.4119	0	0
fresh-c0-13-conventional	13	conventional	359	ce720	1.1007	0.3885	1.6562	0.9375	18517.9201	18300.0923	0	1
fresh-c0-13-conventional	13	conventional	359	ce721	1.1206	0.8977	1.7812	1.5625	22019.8956	22158.5984	0	0
fresh-c0-13-conventional	13	conventional	359	ce724	1.2089	0.8584	1.8750	1.5312	22202.6462	22427.0563	0	0
fresh-c0-13-conventional	13	conventional	359	ce725	1.0835	0.6400	1.5938	1.1562	17008.4316	17210.3456	0	0
fresh-c0-13-conventional	13	conventional	359	ce726	1.2020	0.9122	1.6250	1.3438	14099.2747	14385.5287	0	0
fresh-c0-13-conventional	13	conventional	359	ce727	0.8294	0.4922	1.1562	0.8125	10894.5612	10676.5920	0	0
fresh-c0-13-conventional	13	conventional	359	ce733	0.9805	0.6438	1.0938	0.7500	3777.4199	3541.3230	0	0
fresh-c0-13-conventional	13	conventional	359	ce736	1.1503	0.5853	1.5000	0.9375	11655.8591	11741.7587	0	0
fresh-c0-13-conventional	13	conventional	359	ce737	2.4240	0.9876	3.0625	1.6250	21285.1552	21246.0647	0	0
fresh-c0-13-conventional	13	conventional	359	ce739	0.6383	0.3957	0.9062	0.6562	8930.6305	8684.9682	0	0
fresh-c0-13-conventional	13	conventional	359	ce742	1.9807	1.2037	2.5938	1.8125	20434.8115	20292.0910	0	0
fresh-c0-13-conventional	13	conventional	359	ce743	1.5754	1.2084	2.1250	1.7500	18320.8746	18054.4182	0	0
fresh-c0-13-conventional	13	conventional	359	ce745	1.9388	0.6601	2.5000	1.2188	18707.7514	18624.2289	0	0
fresh-c0-13-conventional	13	conventional	359	ce746	0.5546	0.6456	1.0625	1.1562	16929.7821	17024.6214	0	0
fresh-c0-13-conventional	13	conventional	359	ce747	1.1220	0.8682	1.8438	1.5312	24057.0564	22100.4650	0	0
fresh-c0-13-conventional	13	conventional	359	ce748	1.3388	0.8626	1.9688	1.5000	20998.3858	21245.2487	0	0
fresh-c0-13-conventional	13	conventional	359	ce749	1.0111	0.8575	1.6562	1.4688	21504.6830	20376.9447	0	0
fresh-c0-13-conventional	13	conventional	359	ce754	2.6441	1.8089	3.2188	2.3125	19152.7794	16786.0999	0	0
fresh-c0-13-conventional	13	conventional	359	ce756	0.8238	0.5868	1.0938	0.8438	8996.7735	8562.7373	0	0
fresh-c0-13-conventional	13	conventional	359	ce757	1.1233	0.1971	1.7188	0.8125	19849.2773	20510.3597	0	0
fresh-c0-13-conventional	13	conventional	359	ce758	2.1776	0.9286	2.7500	1.5000	19077.3617	19046.9273	0	0
fresh-c0-13-conventional	13	conventional	359	ce759	1.8579	1.1045	2.2812	1.5000	14112.7783	13182.4820	0	0
fresh-c0-13-conventional	13	conventional	359	ce760	0.6652	0.4109	1.1875	0.9375	17410.6575	17552.9045	0	0
fresh-c0-13-conventional	13	conventional	359	ce761	0.0627	0.1564	0.4375	0.5312	12494.0716	12494.9000	0	0
fresh-c0-13-conventional	13	conventional	359	ce762	2.8674	1.1195	3.4062	1.6562	17961.3685	17890.0527	0	0
fresh-c0-13-conventional	13	conventional	359	ce763	0.7128	0.4214	1.1875	0.9062	15822.5524	16159.4277	0	0
fresh-c0-13-conventional	13	conventional	359	ce764	1.3453	1.1935	2.0000	1.7812	21824.9684	19593.0609	0	0
fresh-c0-13-conventional	13	conventional	359	ce767	1.2845	0.8674	1.6562	1.2500	12392.2434	12755.7614	0	0
fresh-c0-13-conventional	13	conventional	359	ce768	1.0350	0.6686	1.3750	1.0000	11334.5217	11047.2044	0	1
fresh-c0-13-conventional	13	conventional	359	ce770	1.5852	1.1771	2.1875	1.7812	20078.9051	20138.1759	0	0
fresh-c0-13-conventional	13	conventional	359	ce773	1.2901	0.1964	1.9062	0.7812	20538.7772	19494.6820	0	0
fresh-c0-13-conventional	13	conventional	359	ce776	1.7727	0.8017	2.3125	1.3438	17992.0339	18066.2478	0	0
fresh-c0-13-conventional	13	conventional	359	ce778	1.8237	1.2701	2.4375	1.7812	20458.3080	17038.5370	0	0
fresh-c0-13-conventional	13	conventional	359	ce780	2.0141	1.0472	2.5000	1.5312	16198.4562	16136.2392	0	0
fresh-c0-13-conventional	13	conventional	359	ce782	1.6975	0.8370	2.0938	1.1875	13208.1735	11682.9428	0	0
fresh-c0-13-conventional	13	conventional	359	ce783	1.9731	0.9450	2.4688	1.4375	16519.5657	16413.3892	0	0
fresh-c0-13-conventional	13	conventional	359	ce784	1.5606	1.4329	1.9688	1.8438	13602.3942	13693.8357	0	0
