# garden MERGED J=32 from parts 0..15, 16..31: garden fresh-base-20-conventional-d800 seed 20 conventional season 1160 n=60 J=16 worlds=0..15 run=/tmp/rbt107-h1/base-20 work_cost=0.03 (111 s, workers 4) | garden fresh-base-20-conventional-d800 seed 20 conventional season 1160 n=60 J=16 worlds=16..31 run=/tmp/rbt107-h1/base-20 work_cost=0.03 (111 s, workers 4)
fresh-base-20-conventional-d800	20	conventional	1160	ce2024	1.3838	1.0023	2.0312	1.6562	21583.3705	21799.8441	0	0
fresh-base-20-conventional-d800	20	conventional	1160	ce2025	1.6923	1.4558	2.3750	2.1250	22757.3373	22304.8122	0	0
fresh-base-20-conventional-d800	20	conventional	1160	ce2026	2.9984	1.7126	3.7812	2.5000	26096.6041	26246.7282	0	0
fresh-base-20-conventional-d800	20	conventional	1160	ce2029	2.3003	1.0224	3.0000	1.7188	23321.8635	23211.7636	0	0
fresh-base-20-conventional-d800	20	conventional	1160	ce2030	2.1156	1.0193	2.8750	1.7812	25311.4309	25396.1800	0	0
fresh-base-20-conventional-d800	20	conventional	1160	ce2034	1.7768	1.3206	2.5000	2.0312	24108.0149	23691.2213	0	0
fresh-base-20-conventional-d800	20	conventional	1160	ce2036	3.0442	0.9758	3.6250	1.5312	19361.3835	18516.4260	0	0
fresh-base-20-conventional-d800	20	conventional	1160	ce2037	1.0774	0.8367	1.7500	1.5000	22421.9698	22112.0791	0	0
fresh-base-20-conventional-d800	20	conventional	1160	ce2039	1.7755	1.1789	2.3750	1.7812	19981.2602	20076.0077	0	1
fresh-base-20-conventional-d800	20	conventional	1160	ce2040	3.4495	1.4263	4.0625	2.0312	20435.3665	20166.6148	0	0
fresh-base-20-conventional-d800	20	conventional	1160	ce2043	1.5698	1.2492	2.0938	1.7812	17464.8675	17732.9658	0	0
fresh-base-20-conventional-d800	20	conventional	1160	ce2045	3.7324	1.8216	4.4062	2.5000	22460.8016	22614.4253	0	0
fresh-base-20-conventional-d800	20	conventional	1160	ce2046	2.0631	1.1858	2.6562	1.7812	19770.5533	19849.5753	0	0
fresh-base-20-conventional-d800	20	conventional	1160	ce2049	1.5576	0.8883	2.1562	1.4688	19952.8817	19347.1061	0	0
fresh-base-20-conventional-d800	20	conventional	1160	ce2051	2.0416	0.9576	2.7500	1.6562	23611.9716	23288.4055	0	0
fresh-base-20-conventional-d800	20	conventional	1160	ce2056	2.8843	0.9127	3.5625	1.5938	22607.2817	22702.9517	0	0
fresh-base-20-conventional-d800	20	conventional	1160	ce2060	1.6654	1.1921	2.3125	1.8438	21571.1392	21724.1362	0	0
fresh-base-20-conventional-d800	20	conventional	1160	ce2062	2.8812	1.0954	3.6250	1.8438	24793.6525	24945.7181	0	0
fresh-base-20-conventional-d800	20	conventional	1160	ce2064	1.9377	1.1810	2.3438	1.5938	13537.3543	13756.8368	0	0
fresh-base-20-conventional-d800	20	conventional	1160	ce2067	1.3514	1.1905	2.0000	1.8438	21621.0060	21776.3273	0	0
fresh-base-20-conventional-d800	20	conventional	1160	ce2069	2.5131	1.3527	3.1562	2.0000	21437.0992	21575.8545	0	0
fresh-base-20-conventional-d800	20	conventional	1160	ce2070	2.4527	1.4444	3.1562	2.1562	23453.8543	23729.9461	0	0
fresh-base-20-conventional-d800	20	conventional	1160	ce2073	1.5065	0.9502	2.0625	1.5000	18532.7409	18327.6888	0	0
fresh-base-20-conventional-d800	20	conventional	1160	ce2076	2.2734	0.9615	2.9375	1.5938	22137.4221	21075.8873	0	0
fresh-base-20-conventional-d800	20	conventional	1160	ce2077	1.3125	0.8417	1.9062	1.4375	19793.3579	19860.8347	0	0
fresh-base-20-conventional-d800	20	conventional	1160	ce2078	2.5629	1.3404	3.2500	2.0312	22901.2283	23029.5920	0	0
fresh-base-20-conventional-d800	20	conventional	1160	ce2080	2.6710	0.8974	3.4062	1.6250	24509.3481	24255.5156	0	0
fresh-base-20-conventional-d800	20	conventional	1160	ce2082	2.2707	1.2725	2.8125	1.8438	18059.9702	19042.7951	0	0
fresh-base-20-conventional-d800	20	conventional	1160	ce2083	2.6803	1.1393	3.3750	1.8125	23155.1099	22440.1771	0	1
fresh-base-20-conventional-d800	20	conventional	1160	ce2084	2.1714	1.2528	2.9062	2.0000	24495.7349	24906.2732	0	0
fresh-base-20-conventional-d800	20	conventional	1160	ce2085	1.4371	1.0103	1.9375	1.5000	16680.7215	16322.1827	0	0
fresh-base-20-conventional-d800	20	conventional	1160	ce2086	1.4350	0.5734	2.0938	1.2188	21960.0765	21514.3137	0	0
fresh-base-20-conventional-d800	20	conventional	1160	ce2087	0.6744	1.1084	1.4375	1.8750	25437.8787	25550.9331	0	0
fresh-base-20-conventional-d800	20	conventional	1160	ce2089	1.0759	1.0285	1.8438	1.7812	25592.1020	25090.2290	0	0
fresh-base-20-conventional-d800	20	conventional	1160	ce2090	2.0494	1.2053	2.5312	1.6875	16062.5696	16073.3591	0	0
fresh-base-20-conventional-d800	20	conventional	1160	ce2091	1.8348	1.2409	2.5625	1.9688	24258.1716	24261.1663	0	0
fresh-base-20-conventional-d800	20	conventional	1160	ce2093	1.7508	0.9708	2.4375	1.6562	22890.1159	22850.6366	0	0
fresh-base-20-conventional-d800	20	conventional	1160	ce2095	1.7830	0.7655	2.3750	1.3125	19733.2913	18231.6605	0	0
fresh-base-20-conventional-d800	20	conventional	1160	ce2097	2.7271	1.4763	3.2812	2.0312	18469.8874	18499.6113	0	0
fresh-base-20-conventional-d800	20	conventional	1160	ce2098	1.8791	1.2429	2.5938	1.9375	23821.9350	23152.0055	0	0
fresh-base-20-conventional-d800	20	conventional	1160	ce2099	2.3020	0.4829	3.0938	1.2812	26391.3135	26609.8454	0	0
fresh-base-20-conventional-d800	20	conventional	1160	ce2100	2.4167	1.2284	2.9062	1.7188	16319.5245	16345.8981	0	0
fresh-base-20-conventional-d800	20	conventional	1160	ce2101	2.4000	1.8710	3.1562	2.5938	25209.6016	24094.0952	0	1
fresh-base-20-conventional-d800	20	conventional	1160	ce2102	2.1587	0.9346	2.8750	1.6562	23878.0953	24054.0160	0	0
fresh-base-20-conventional-d800	20	conventional	1160	ce2103	1.8001	1.3668	2.3750	1.9375	19162.1871	19025.4438	0	0
fresh-base-20-conventional-d800	20	conventional	1160	ce2104	1.2387	0.9256	2.0938	1.7812	28502.0531	28521.2763	0	0
fresh-base-20-conventional-d800	20	conventional	1160	ce2106	1.0776	0.6009	1.6562	1.1875	19286.7481	19554.0995	0	0
fresh-base-20-conventional-d800	20	conventional	1160	ce2107	0.7367	0.8011	1.2188	1.2812	16068.3702	16005.1056	0	0
fresh-base-20-conventional-d800	20	conventional	1160	ce2108	1.7362	1.2408	2.1875	1.6875	15043.1838	14890.1862	0	0
fresh-base-20-conventional-d800	20	conventional	1160	ce2110	2.1883	1.3447	2.9062	2.0625	23933.8958	23926.2231	0	0
fresh-base-20-conventional-d800	20	conventional	1160	ce2111	2.7837	1.2722	3.4062	1.9062	20753.9101	21136.4875	0	0
fresh-base-20-conventional-d800	20	conventional	1160	ce2115	2.6736	1.0746	3.3750	1.7812	23377.8880	23555.2415	0	0
fresh-base-20-conventional-d800	20	conventional	1160	ce2116	1.4662	1.1744	2.0938	1.8125	20919.8446	21268.7200	0	0
fresh-base-20-conventional-d800	20	conventional	1160	ce2117	2.8618	1.0424	3.5938	1.7500	24397.8684	23587.4754	0	1
fresh-base-20-conventional-d800	20	conventional	1160	ce2119	1.8817	1.1105	2.4375	1.6562	18527.5367	18188.7794	0	1
fresh-base-20-conventional-d800	20	conventional	1160	ce2121	3.1453	1.1722	3.7500	1.7812	20155.7526	20303.8431	0	0
fresh-base-20-conventional-d800	20	conventional	1160	ce2122	1.4390	0.8055	2.1250	1.5000	22866.5153	23150.0480	0	0
fresh-base-20-conventional-d800	20	conventional	1160	ce2123	2.0058	1.2785	2.7812	2.0312	25848.9650	25092.1810	0	1
fresh-base-20-conventional-d800	20	conventional	1160	ce2125	3.4537	0.8279	4.0312	1.4062	19252.8275	19276.4879	0	0
fresh-base-20-conventional-d800	20	conventional	1160	ce2126	0.7618	0.7561	1.4688	1.4375	23562.9702	22712.2686	0	1
