# garden MERGED J=32 from parts 0..15, 16..31: garden fresh-c0-16-conventional seed 16 conventional season 359 n=60 J=16 worlds=0..15 run=/tmp/rbt107-h1/base-16 work_cost=0.03 (102 s, workers 4) | garden fresh-c0-16-conventional seed 16 conventional season 359 n=60 J=16 worlds=16..31 run=/tmp/rbt107-h1/base-16 work_cost=0.03 (101 s, workers 4)
fresh-c0-16-conventional	16	conventional	359	ce694	2.3340	0.8455	3.0000	1.5000	22201.6430	21818.3115	0	0
fresh-c0-16-conventional	16	conventional	359	ce695	1.1816	0.3860	1.7500	0.9688	18944.7312	19426.5197	0	0
fresh-c0-16-conventional	16	conventional	359	ce698	2.6876	0.5068	3.3438	1.1562	21871.8274	21648.9305	0	0
fresh-c0-16-conventional	16	conventional	359	ce699	0.7672	0.8736	1.4062	1.5312	21300.1709	21922.7375	0	0
fresh-c0-16-conventional	16	conventional	359	ce707	1.8718	0.9455	2.2188	1.3125	11564.9545	12232.6135	0	0
fresh-c0-16-conventional	16	conventional	359	ce708	2.5366	1.2242	3.2188	1.9062	22736.6464	22734.6269	0	0
fresh-c0-16-conventional	16	conventional	359	ce710	2.2203	0.7182	2.7188	1.2188	16614.7885	16686.1309	0	0
fresh-c0-16-conventional	16	conventional	359	ce711	2.6601	1.4270	3.3438	2.0938	22788.1457	22224.7566	0	0
fresh-c0-16-conventional	16	conventional	359	ce714	0.0519	0.1767	0.5312	0.6562	15975.9032	15983.3576	0	0
fresh-c0-16-conventional	16	conventional	359	ce715	1.2757	0.7398	1.9375	1.3750	22057.7409	21174.0614	0	0
fresh-c0-16-conventional	16	conventional	359	ce718	0.7243	0.4541	1.3125	1.0312	19608.2579	19241.1836	0	0
fresh-c0-16-conventional	16	conventional	359	ce719	2.0148	1.0013	2.4062	1.3750	13048.2630	12454.4853	0	0
fresh-c0-16-conventional	16	conventional	359	ce722	2.9771	1.0253	3.4375	1.4688	15345.4366	14779.5820	0	1
fresh-c0-16-conventional	16	conventional	359	ce723	2.4375	0.9654	2.9062	1.4375	15627.4659	15736.6839	0	0
fresh-c0-16-conventional	16	conventional	359	ce728	1.8310	0.7790	2.4688	1.4375	21258.6004	21951.4398	0	0
fresh-c0-16-conventional	16	conventional	359	ce730	1.9375	0.9860	2.4062	1.4688	15624.4970	16091.4055	0	0
fresh-c0-16-conventional	16	conventional	359	ce734	0.1756	-0.1678	0.8125	0.4688	21232.0070	21217.2205	0	0
fresh-c0-16-conventional	16	conventional	359	ce736	1.0533	1.0440	1.6562	1.6250	20098.2058	19365.0650	0	0
fresh-c0-16-conventional	16	conventional	359	ce741	1.3405	0.4698	1.8750	1.0000	17818.9744	17674.7804	0	0
fresh-c0-16-conventional	16	conventional	359	ce743	2.0069	1.2244	2.5000	1.7188	16433.8326	16479.0570	0	0
fresh-c0-16-conventional	16	conventional	359	ce745	2.3724	1.0930	3.0938	1.7812	24043.9809	22941.7463	0	0
fresh-c0-16-conventional	16	conventional	359	ce749	1.2386	-0.0220	1.8750	0.6250	21214.3940	21568.3336	0	0
fresh-c0-16-conventional	16	conventional	359	ce751	2.0089	0.9435	2.5938	1.5312	19494.6213	19591.0922	0	0
fresh-c0-16-conventional	16	conventional	359	ce753	1.0590	0.4502	1.7812	1.1562	24074.9837	23534.8025	0	0
fresh-c0-16-conventional	16	conventional	359	ce754	0.5522	0.2648	1.0312	0.7500	15969.3893	16171.1532	0	0
fresh-c0-16-conventional	16	conventional	359	ce757	1.3256	1.2997	1.8750	1.8438	18316.2725	18134.6609	0	0
fresh-c0-16-conventional	16	conventional	359	ce763	1.3604	1.2791	2.0938	2.0000	24444.9869	24032.4811	0	0
fresh-c0-16-conventional	16	conventional	359	ce764	1.0687	0.8185	1.6875	1.4375	20625.3469	20631.8076	0	0
fresh-c0-16-conventional	16	conventional	359	ce765	2.9012	0.6353	3.5000	1.1875	19961.0304	18405.0664	0	0
fresh-c0-16-conventional	16	conventional	359	ce767	2.2229	1.1678	2.9688	1.8750	24862.6208	23572.0652	0	0
fresh-c0-16-conventional	16	conventional	359	ce772	1.9590	0.8424	2.4375	1.3125	15947.4032	15671.3471	0	0
fresh-c0-16-conventional	16	conventional	359	ce780	0.6734	0.4889	1.1875	1.0000	17135.1007	17038.5323	0	0
fresh-c0-16-conventional	16	conventional	359	ce781	0.8490	0.8139	1.0938	1.0312	8159.9922	7243.3405	0	0
fresh-c0-16-conventional	16	conventional	359	ce785	2.4187	1.0156	2.9062	1.5000	16251.8456	16148.1031	0	0
fresh-c0-16-conventional	16	conventional	359	ce786	1.7236	0.6743	2.2812	1.1250	18588.8838	15023.5153	0	1
fresh-c0-16-conventional	16	conventional	359	ce788	2.1315	1.3488	2.8750	2.0938	24782.4646	24830.7890	0	0
fresh-c0-16-conventional	16	conventional	359	ce790	1.1812	0.6109	1.8750	1.3125	23125.8253	23385.3535	0	0
fresh-c0-16-conventional	16	conventional	359	ce791	2.7242	1.5119	3.4688	2.2188	24818.1556	23562.9865	0	0
fresh-c0-16-conventional	16	conventional	359	ce793	1.6401	1.1507	2.2500	1.7500	20331.2830	19975.2153	0	0
fresh-c0-16-conventional	16	conventional	359	ce794	1.1326	0.6480	1.7500	1.2500	20581.3736	20066.6462	0	0
fresh-c0-16-conventional	16	conventional	359	ce796	3.3642	0.8956	3.8438	1.3750	15984.3550	15982.4577	0	0
fresh-c0-16-conventional	16	conventional	359	ce797	2.9986	1.3416	3.6562	1.9688	21922.1172	20905.5166	0	0
fresh-c0-16-conventional	16	conventional	359	ce798	1.5850	0.7383	2.3125	1.4688	24251.8293	24347.3899	0	0
fresh-c0-16-conventional	16	conventional	359	ce799	3.1048	1.0524	3.5938	1.5625	16299.1696	17004.4261	0	0
fresh-c0-16-conventional	16	conventional	359	ce800	2.3916	1.3064	2.8750	1.7812	16113.4939	15830.3805	0	0
fresh-c0-16-conventional	16	conventional	359	ce802	0.6027	0.3608	1.1875	0.9375	19494.4140	19225.3718	0	0
fresh-c0-16-conventional	16	conventional	359	ce803	1.4195	0.7656	2.0000	1.3438	19348.5053	19269.5449	0	0
fresh-c0-16-conventional	16	conventional	359	ce804	2.2613	0.5610	2.7188	1.0000	15251.4925	14633.4761	0	1
fresh-c0-16-conventional	16	conventional	359	ce805	1.6942	0.9484	2.3438	1.5938	21650.7003	21511.6305	0	0
fresh-c0-16-conventional	16	conventional	359	ce810	1.2681	1.3014	1.9062	1.9375	21272.4729	21204.0542	0	0
fresh-c0-16-conventional	16	conventional	359	ce811	2.1639	1.6799	2.8125	2.3125	21621.7928	21087.6957	0	0
fresh-c0-16-conventional	16	conventional	359	ce816	1.5558	1.1227	2.2812	1.8438	24180.3757	24036.4184	0	0
fresh-c0-16-conventional	16	conventional	359	ce817	1.9252	1.2725	2.5938	1.9375	22284.3020	22169.0248	0	0
fresh-c0-16-conventional	16	conventional	359	ce818	1.4509	0.7017	2.1875	1.4375	24552.7001	24525.7548	0	0
fresh-c0-16-conventional	16	conventional	359	ce820	0.8676	0.4385	1.5312	1.0938	22121.9008	21839.1668	0	0
fresh-c0-16-conventional	16	conventional	359	ce821	0.6539	0.4657	1.4062	1.2188	25077.3181	25101.6956	0	0
fresh-c0-16-conventional	16	conventional	359	ce822	1.2083	0.6845	1.8750	1.3438	22222.7920	21972.4398	0	0
fresh-c0-16-conventional	16	conventional	359	ce823	0.3180	0.1906	0.9062	0.7812	19609.5969	19686.0984	0	0
fresh-c0-16-conventional	16	conventional	359	ce825	1.4011	0.9879	1.9688	1.5625	18922.6213	19155.8657	0	0
fresh-c0-16-conventional	16	conventional	359	ce826	1.0818	0.8038	1.7188	1.4375	21229.8395	21122.4903	0	0
