# garden MERGED J=32 from parts 0..15, 16..31: garden fresh-base-24-conventional-d110 seed 24 conventional season 470 n=60 J=16 worlds=0..15 run=/tmp/rbt107-hrep/base-24 work_cost=0.03 (105 s, workers 4) | garden fresh-base-24-conventional-d110 seed 24 conventional season 470 n=60 J=16 worlds=16..31 run=/tmp/rbt107-hrep/base-24 work_cost=0.03 (105 s, workers 4)
fresh-base-24-conventional-d110	24	conventional	470	ce820	1.3631	0.9478	2.0000	1.5938	21230.0912	21531.9235	0	0
fresh-base-24-conventional-d110	24	conventional	470	ce824	1.1487	1.0151	1.8750	1.7500	24208.1413	24494.2571	0	0
fresh-base-24-conventional-d110	24	conventional	470	ce825	0.7807	0.1974	1.5312	0.9062	25019.0749	23629.0086	0	0
fresh-base-24-conventional-d110	24	conventional	470	ce827	2.4944	1.2116	3.0938	1.8125	19977.8833	20030.4681	0	0
fresh-base-24-conventional-d110	24	conventional	470	ce829	1.0450	0.3527	1.7812	1.0938	24540.5989	24699.6089	0	0
fresh-base-24-conventional-d110	24	conventional	470	ce830	1.7658	0.6735	2.5625	1.4688	26556.2924	26506.3289	0	0
fresh-base-24-conventional-d110	24	conventional	470	ce831	3.0992	1.1856	3.6875	1.7812	19609.3521	19856.1637	0	0
fresh-base-24-conventional-d110	24	conventional	470	ce832	1.7891	1.1096	2.3125	1.6250	17445.5622	17180.7500	0	0
fresh-base-24-conventional-d110	24	conventional	470	ce833	1.6422	0.8739	2.1562	1.3750	17135.1246	16702.1969	0	0
fresh-base-24-conventional-d110	24	conventional	470	ce834	1.9701	1.0660	2.7188	1.8125	24953.9100	24881.3702	0	0
fresh-base-24-conventional-d110	24	conventional	470	ce835	3.7437	1.6938	4.4375	2.3438	23126.2585	21666.1259	0	1
fresh-base-24-conventional-d110	24	conventional	470	ce837	0.7121	0.7055	1.2188	1.2188	16890.6694	17109.1578	0	0
fresh-base-24-conventional-d110	24	conventional	470	ce838	1.4902	0.8987	2.0312	1.4375	18035.4812	17960.5804	0	0
fresh-base-24-conventional-d110	24	conventional	470	ce839	2.1155	1.2353	2.7812	1.8750	22190.8770	21323.3193	0	1
fresh-base-24-conventional-d110	24	conventional	470	ce840	1.8621	0.7804	2.4688	1.3750	20222.1668	19818.3062	0	0
fresh-base-24-conventional-d110	24	conventional	470	ce842	0.7932	0.8601	1.4688	1.5312	22518.6171	22370.3502	0	0
fresh-base-24-conventional-d110	24	conventional	470	ce844	2.5876	0.6432	3.1562	1.2812	18955.2715	21266.0245	0	0
fresh-base-24-conventional-d110	24	conventional	470	ce846	2.2521	1.3947	2.8750	2.0312	20763.8711	21217.1196	0	0
fresh-base-24-conventional-d110	24	conventional	470	ce850	0.9748	1.0032	1.6250	1.6562	21672.2983	21765.8138	0	0
fresh-base-24-conventional-d110	24	conventional	470	ce851	1.7233	0.9010	2.5000	1.6562	25889.8587	25173.8124	0	0
fresh-base-24-conventional-d110	24	conventional	470	ce852	0.5614	0.4909	1.1875	1.1250	20870.9379	21138.1182	0	0
fresh-base-24-conventional-d110	24	conventional	470	ce853	1.2939	0.7141	2.0000	1.4062	23536.1534	23071.0488	0	0
fresh-base-24-conventional-d110	24	conventional	470	ce854	1.1358	0.9467	1.7812	1.5625	21514.3770	20524.6044	0	0
fresh-base-24-conventional-d110	24	conventional	470	ce855	1.2300	0.5729	2.0312	1.3750	26710.2945	26734.9754	0	0
fresh-base-24-conventional-d110	24	conventional	470	ce856	0.7313	0.2409	1.3125	0.8125	19370.8967	19050.7739	0	0
fresh-base-24-conventional-d110	24	conventional	470	ce857	3.1843	0.8563	3.7812	1.4375	19896.5149	19373.9072	0	1
fresh-base-24-conventional-d110	24	conventional	470	ce858	1.4675	0.8469	2.2188	1.5938	25041.0275	24892.9070	0	0
fresh-base-24-conventional-d110	24	conventional	470	ce860	1.6194	0.8048	2.0000	1.1875	12685.7326	12754.8853	0	0
fresh-base-24-conventional-d110	24	conventional	470	ce861	1.3018	1.2409	1.8438	1.7812	18064.4823	18009.8590	0	0
fresh-base-24-conventional-d110	24	conventional	470	ce862	1.2776	0.7518	2.0000	1.4688	24078.9168	23898.4571	0	0
fresh-base-24-conventional-d110	24	conventional	470	ce863	1.0068	0.6031	1.7188	1.3125	23731.1469	23646.6846	0	0
fresh-base-24-conventional-d110	24	conventional	470	ce864	1.2016	0.8187	1.7188	1.3125	17237.2072	16459.2630	0	0
fresh-base-24-conventional-d110	24	conventional	470	ce866	0.8473	0.7239	1.1250	1.0000	9257.6962	9200.5220	0	0
fresh-base-24-conventional-d110	24	conventional	470	ce869	1.7876	1.0051	2.5000	1.6875	23746.0422	22743.6079	0	1
fresh-base-24-conventional-d110	24	conventional	470	ce873	1.8991	1.2076	2.5625	1.8750	22113.8283	22247.4681	0	0
fresh-base-24-conventional-d110	24	conventional	470	ce874	2.1566	1.0316	2.8125	1.6875	21863.2809	21860.5503	0	0
fresh-base-24-conventional-d110	24	conventional	470	ce876	0.7052	0.3612	1.1562	0.8125	15035.1668	15043.1835	0	0
fresh-base-24-conventional-d110	24	conventional	470	ce877	2.4192	0.4829	3.2188	1.2500	26649.4633	25569.0636	0	0
fresh-base-24-conventional-d110	24	conventional	470	ce881	1.1267	0.2898	1.4062	0.5938	9316.6118	10131.7051	0	0
fresh-base-24-conventional-d110	24	conventional	470	ce884	1.3129	0.7256	1.9062	1.3125	19779.9830	19561.6811	0	0
fresh-base-24-conventional-d110	24	conventional	470	ce885	1.8279	0.9765	2.4375	1.5938	20319.0769	20576.2977	0	0
fresh-base-24-conventional-d110	24	conventional	470	ce886	1.7460	1.1337	2.4688	1.8438	24090.0005	23668.3607	0	0
fresh-base-24-conventional-d110	24	conventional	470	ce887	2.9459	1.4189	3.6562	2.1250	23676.5541	23535.4025	0	0
fresh-base-24-conventional-d110	24	conventional	470	ce889	1.7436	1.3687	2.0625	1.6875	10630.0973	10623.8718	0	0
fresh-base-24-conventional-d110	24	conventional	470	ce891	1.4291	0.7672	1.8438	1.1875	13823.6774	14010.4918	0	0
fresh-base-24-conventional-d110	24	conventional	470	ce893	2.3267	1.1726	2.8750	1.7188	18274.7791	18203.4564	0	0
fresh-base-24-conventional-d110	24	conventional	470	ce894	0.6478	0.5834	1.0625	1.0000	13823.4301	13887.0683	0	0
fresh-base-24-conventional-d110	24	conventional	470	ce896	1.1624	1.0395	1.8438	1.7188	22709.2617	22642.5269	0	0
fresh-base-24-conventional-d110	24	conventional	470	ce898	0.2928	0.2619	0.8125	0.7812	17325.0791	17311.2799	0	0
fresh-base-24-conventional-d110	24	conventional	470	ce899	0.8145	0.7196	1.3438	1.2500	17641.4917	17681.5433	0	0
fresh-base-24-conventional-d110	24	conventional	470	ce900	0.1590	0.0326	0.5000	0.3750	11367.3971	11412.5144	0	0
fresh-base-24-conventional-d110	24	conventional	470	ce901	0.7807	0.7676	1.4688	1.4375	22935.4823	22330.8697	0	0
fresh-base-24-conventional-d110	24	conventional	470	ce902	2.5956	1.1666	3.2812	1.8438	22855.0248	22569.1043	0	0
fresh-base-24-conventional-d110	24	conventional	470	ce903	1.3133	1.0593	2.0312	1.7812	23929.1542	24066.1225	0	0
fresh-base-24-conventional-d110	24	conventional	470	ce904	2.1260	1.4109	2.8125	2.0938	22884.8566	22760.1756	0	0
fresh-base-24-conventional-d110	24	conventional	470	ce907	0.4495	0.2021	1.1562	0.9062	23557.5710	23471.1466	0	0
fresh-base-24-conventional-d110	24	conventional	470	ce909	1.8148	1.3439	2.3438	1.8750	17628.8402	17702.7087	0	0
fresh-base-24-conventional-d110	24	conventional	470	ce910	1.0363	0.5293	1.8125	1.3125	25873.8199	26107.2918	0	0
fresh-base-24-conventional-d110	24	conventional	470	ce911	0.1389	-0.0491	0.6875	0.5000	18286.3300	18305.7260	0	0
fresh-base-24-conventional-d110	24	conventional	470	ce912	1.2138	0.9539	2.0000	1.7500	26209.6371	26535.4999	0	0
