# garden MERGED J=32 from parts 0..15, 16..31: garden fresh-shift-29-conventional-d600 seed 29 conventional season 960 n=60 J=16 worlds=0..15 run=/tmp/rbt107-h1/shift-29 work_cost=0.03 (123 s, workers 4) | garden fresh-shift-29-conventional-d600 seed 29 conventional season 960 n=60 J=16 worlds=16..31 run=/tmp/rbt107-h1/shift-29 work_cost=0.03 (126 s, workers 4)
fresh-shift-29-conventional-d600	29	conventional	960	ce1523	1.6251	0.8811	2.0938	1.3438	15621.5538	15421.1385	0	0
fresh-shift-29-conventional-d600	29	conventional	960	ce1524	1.9186	1.1896	2.3438	1.6250	14173.2082	14510.6364	0	0
fresh-shift-29-conventional-d600	29	conventional	960	ce1525	2.5145	1.4908	2.7500	1.7500	7849.4684	8641.4148	0	0
fresh-shift-29-conventional-d600	29	conventional	960	ce1526	0.9536	0.4249	1.7500	1.2188	26547.0742	26461.8565	0	0
fresh-shift-29-conventional-d600	29	conventional	960	ce1527	3.1274	0.9209	3.5938	1.3750	15544.7020	15135.5847	0	0
fresh-shift-29-conventional-d600	29	conventional	960	ce1529	1.2724	0.7300	1.3750	0.8438	3423.0520	3790.6105	0	0
fresh-shift-29-conventional-d600	29	conventional	960	ce1530	1.0616	0.4366	1.7500	1.1250	22944.9149	22945.7789	0	0
fresh-shift-29-conventional-d600	29	conventional	960	ce1531	0.4166	0.3536	0.9062	0.8438	16323.2074	16338.3979	0	0
fresh-shift-29-conventional-d600	29	conventional	960	ce1532	1.7563	0.8733	2.3125	1.4375	18542.5312	18806.6450	0	0
fresh-shift-29-conventional-d600	29	conventional	960	ce1533	0.4789	0.3152	1.2812	1.0938	26745.5889	25952.5461	0	1
fresh-shift-29-conventional-d600	29	conventional	960	ce1534	0.9143	0.5960	1.0000	0.6875	2858.4525	3050.0132	0	0
fresh-shift-29-conventional-d600	29	conventional	960	ce1535	1.3825	0.7894	1.5000	0.9062	3915.7152	3895.6475	0	0
fresh-shift-29-conventional-d600	29	conventional	960	ce1538	0.8893	0.5297	1.0938	0.7500	6815.4230	7343.5695	0	0
fresh-shift-29-conventional-d600	29	conventional	960	ce1539	2.4318	0.9266	2.6562	1.1562	7482.6614	7655.0110	0	0
fresh-shift-29-conventional-d600	29	conventional	960	ce1540	1.9411	0.7810	2.5938	1.4688	21756.8593	22926.6424	0	0
fresh-shift-29-conventional-d600	29	conventional	960	ce1541	2.5995	1.2116	3.1250	1.7500	17517.6613	17946.9101	0	0
fresh-shift-29-conventional-d600	29	conventional	960	ce1543	1.3607	0.8028	1.7812	1.2188	14018.5627	13865.1389	0	0
fresh-shift-29-conventional-d600	29	conventional	960	ce1545	1.2877	0.7781	1.3438	0.8438	1865.4666	2189.6719	0	0
fresh-shift-29-conventional-d600	29	conventional	960	ce1546	2.6386	1.5737	3.1250	2.0625	16213.0734	16292.5843	0	0
fresh-shift-29-conventional-d600	29	conventional	960	ce1547	2.6569	1.1637	3.1250	1.6250	15603.5933	15378.1267	0	0
fresh-shift-29-conventional-d600	29	conventional	960	ce1548	1.6732	0.9264	2.1250	1.3750	15061.8762	14951.9790	0	0
fresh-shift-29-conventional-d600	29	conventional	960	ce1550	0.8991	0.5253	1.0625	0.6875	5446.4691	5406.4025	0	0
fresh-shift-29-conventional-d600	29	conventional	960	ce1552	1.1200	0.2938	1.5625	0.7188	14748.5580	14166.6267	0	0
fresh-shift-29-conventional-d600	29	conventional	960	ce1553	0.6204	0.2779	1.0938	0.7500	15776.5106	15736.5737	0	0
fresh-shift-29-conventional-d600	29	conventional	960	ce1554	0.6595	0.3141	1.3438	1.0000	22805.7588	22863.9244	0	0
fresh-shift-29-conventional-d600	29	conventional	960	ce1555	1.9183	0.9196	2.3438	1.3438	14182.9719	14138.4135	0	0
fresh-shift-29-conventional-d600	29	conventional	960	ce1556	1.2459	0.7376	1.3750	0.9062	4303.8427	5620.8187	0	0
fresh-shift-29-conventional-d600	29	conventional	960	ce1557	0.6518	0.2553	1.0625	0.6562	13690.3528	13363.3908	0	1
fresh-shift-29-conventional-d600	29	conventional	960	ce1558	1.2984	0.8174	1.4375	0.9688	4639.5768	5045.8126	0	0
fresh-shift-29-conventional-d600	29	conventional	960	ce1560	1.0952	0.2993	1.6562	0.8438	18702.0663	18150.2372	0	0
fresh-shift-29-conventional-d600	29	conventional	960	ce1562	2.2837	0.8942	2.7500	1.3438	15543.4821	14983.9633	0	1
fresh-shift-29-conventional-d600	29	conventional	960	ce1563	0.9781	0.7026	1.0938	0.8125	3854.7952	3664.1965	0	0
fresh-shift-29-conventional-d600	29	conventional	960	ce1564	1.0105	0.4027	1.6250	1.0000	20482.6291	19909.6141	0	1
fresh-shift-29-conventional-d600	29	conventional	960	ce1565	1.0083	0.7849	1.1250	0.9062	3888.7795	4045.8026	0	0
fresh-shift-29-conventional-d600	29	conventional	960	ce1566	1.3919	0.7729	1.8438	1.2188	15062.0236	14864.0079	0	0
fresh-shift-29-conventional-d600	29	conventional	960	ce1567	0.8370	0.1488	1.5312	0.8438	23142.9632	23163.4291	0	0
fresh-shift-29-conventional-d600	29	conventional	960	ce1568	1.0495	0.5436	1.2188	0.7500	5641.3111	6880.3169	0	0
fresh-shift-29-conventional-d600	29	conventional	960	ce1569	2.0697	1.2366	2.6250	1.7812	18511.9733	18155.0422	0	0
fresh-shift-29-conventional-d600	29	conventional	960	ce1571	2.4364	1.0453	3.0000	1.6250	18785.3535	19323.9790	0	0
fresh-shift-29-conventional-d600	29	conventional	960	ce1572	0.8766	0.3915	1.3125	0.8125	14530.5994	14033.6655	0	0
fresh-shift-29-conventional-d600	29	conventional	960	ce1573	1.0957	1.0905	1.3438	1.3438	8268.1093	8441.2887	0	0
fresh-shift-29-conventional-d600	29	conventional	960	ce1574	1.2161	0.6814	1.4688	0.9375	8420.5337	8536.6776	0	0
fresh-shift-29-conventional-d600	29	conventional	960	ce1575	2.2713	0.8080	2.8438	1.4062	19082.8910	19940.8968	0	0
fresh-shift-29-conventional-d600	29	conventional	960	ce1576	3.5398	1.2308	4.0312	1.7188	16382.1656	16264.2994	0	0
fresh-shift-29-conventional-d600	29	conventional	960	ce1578	1.7737	1.2183	2.2188	1.6562	14834.8232	14600.7817	0	0
fresh-shift-29-conventional-d600	29	conventional	960	ce1579	0.7803	0.4319	1.1562	0.7812	12530.8139	11644.2182	0	0
fresh-shift-29-conventional-d600	29	conventional	960	ce1582	1.8867	0.9504	2.3125	1.3750	14190.6233	14154.9486	0	0
fresh-shift-29-conventional-d600	29	conventional	960	ce1583	1.8760	0.7644	2.3438	1.2500	15590.6529	16188.0082	0	0
fresh-shift-29-conventional-d600	29	conventional	960	ce1584	0.8033	0.6180	1.3750	1.1875	19057.8481	18982.6235	0	0
fresh-shift-29-conventional-d600	29	conventional	960	ce1585	0.7616	0.7272	1.0000	0.9688	7946.4747	8051.8260	0	0
fresh-shift-29-conventional-d600	29	conventional	960	ce1586	1.6680	0.9510	2.0938	1.3750	14191.8941	14133.5289	0	0
fresh-shift-29-conventional-d600	29	conventional	960	ce1587	2.0457	0.9195	2.5000	1.3750	15141.2160	15180.0910	0	0
fresh-shift-29-conventional-d600	29	conventional	960	ce1589	1.5338	1.0364	2.0000	1.5000	15540.5186	15450.7900	0	0
fresh-shift-29-conventional-d600	29	conventional	960	ce1590	1.5005	1.3452	2.0000	1.8438	16649.7852	16618.0671	0	0
fresh-shift-29-conventional-d600	29	conventional	960	ce1591	1.1223	1.0287	1.1562	1.0625	1130.6339	1128.6570	0	0
fresh-shift-29-conventional-d600	29	conventional	960	ce1592	1.9291	0.9033	2.2188	1.1875	9653.2316	9471.8374	0	0
fresh-shift-29-conventional-d600	29	conventional	960	ce1593	0.6321	0.4748	1.3125	1.1562	22679.1298	22712.8885	0	0
fresh-shift-29-conventional-d600	29	conventional	960	ce1594	1.3132	0.5754	1.4375	0.7188	4145.4864	4778.2379	0	0
fresh-shift-29-conventional-d600	29	conventional	960	ce1595	-0.7274	-0.7583	0.0625	0.0312	26328.7574	26318.7637	0	0
fresh-shift-29-conventional-d600	29	conventional	960	ce1596	0.6506	0.4962	0.9688	0.8125	10604.7707	10541.4519	0	0
