# garden MERGED J=32 from parts 0..15, 16..31: garden fresh-cull20-26-conventional-d600 seed 26 conventional season 960 n=60 J=16 worlds=0..15 run=/tmp/rbt107-h1/cull20-26 work_cost=0.03 (103 s, workers 4) | garden fresh-cull20-26-conventional-d600 seed 26 conventional season 960 n=60 J=16 worlds=16..31 run=/tmp/rbt107-h1/cull20-26 work_cost=0.03 (105 s, workers 4)
fresh-cull20-26-conventional-d600	26	conventional	960	ce1784	1.6512	1.2288	2.0625	1.6250	13709.8238	13205.9971	0	1
fresh-cull20-26-conventional-d600	26	conventional	960	ce1786	1.8724	1.1582	2.6250	1.9062	25086.6559	24936.7528	0	0
fresh-cull20-26-conventional-d600	26	conventional	960	ce1788	0.8486	0.6342	1.6562	1.4375	26923.1280	26775.9440	0	0
fresh-cull20-26-conventional-d600	26	conventional	960	ce1791	1.9637	0.7775	2.6250	1.4062	22042.8152	20958.3960	0	0
fresh-cull20-26-conventional-d600	26	conventional	960	ce1792	2.2805	0.8871	3.0625	1.6562	26066.4435	25636.2980	0	0
fresh-cull20-26-conventional-d600	26	conventional	960	ce1794	1.8578	0.8648	2.6562	1.6250	26616.9742	25338.5684	0	1
fresh-cull20-26-conventional-d600	26	conventional	960	ce1797	1.7687	0.7327	2.5312	1.4688	25420.1667	24536.4329	0	0
fresh-cull20-26-conventional-d600	26	conventional	960	ce1798	2.6037	1.0335	3.0625	1.5000	15295.0167	15548.4675	0	0
fresh-cull20-26-conventional-d600	26	conventional	960	ce1801	1.3259	0.7339	2.0312	1.4375	23512.4638	23451.4857	0	0
fresh-cull20-26-conventional-d600	26	conventional	960	ce1802	1.8249	1.0326	2.5938	1.7812	25625.9563	24955.2868	0	0
fresh-cull20-26-conventional-d600	26	conventional	960	ce1804	2.9383	0.9876	3.5312	1.5938	19762.0606	20206.3657	0	0
fresh-cull20-26-conventional-d600	26	conventional	960	ce1805	1.3851	0.4236	1.8125	0.8438	14246.0266	14005.5948	0	0
fresh-cull20-26-conventional-d600	26	conventional	960	ce1808	1.8580	1.1675	2.5312	1.8438	22442.8587	22539.5703	0	0
fresh-cull20-26-conventional-d600	26	conventional	960	ce1810	2.2889	0.9795	2.9375	1.6562	21617.5177	22556.0367	0	0
fresh-cull20-26-conventional-d600	26	conventional	960	ce1811	1.2667	0.5280	1.9688	1.2188	23401.5965	23027.1488	0	0
fresh-cull20-26-conventional-d600	26	conventional	960	ce1812	2.1158	0.6209	2.9062	1.3750	26348.1119	25138.0594	0	0
fresh-cull20-26-conventional-d600	26	conventional	960	ce1814	1.1418	0.6409	1.7500	1.2500	20275.2369	20304.0969	0	0
fresh-cull20-26-conventional-d600	26	conventional	960	ce1815	1.6103	1.1763	2.1875	1.7500	19237.9904	19124.5788	0	0
fresh-cull20-26-conventional-d600	26	conventional	960	ce1816	2.5937	1.2752	3.2500	1.9062	21876.5028	21032.8955	0	0
fresh-cull20-26-conventional-d600	26	conventional	960	ce1818	1.9432	1.1650	2.6875	1.9062	24810.7993	24708.8979	0	0
fresh-cull20-26-conventional-d600	26	conventional	960	ce1819	1.1377	0.9199	1.7500	1.5312	20409.4775	20379.4495	0	0
fresh-cull20-26-conventional-d600	26	conventional	960	ce1820	2.4242	0.9274	3.0000	1.5000	19195.3965	19086.5175	0	0
fresh-cull20-26-conventional-d600	26	conventional	960	ce1821	0.6984	0.5646	1.3438	1.2188	21514.1509	21801.9087	0	0
fresh-cull20-26-conventional-d600	26	conventional	960	ce1822	2.3151	0.6741	2.8750	1.2500	18663.6711	19195.9663	0	0
fresh-cull20-26-conventional-d600	26	conventional	960	ce1823	2.5987	0.9348	3.0938	1.4062	16502.9471	15714.6168	0	1
fresh-cull20-26-conventional-d600	26	conventional	960	ce1824	2.5362	0.9547	3.2188	1.6250	22748.8218	22343.3161	0	0
fresh-cull20-26-conventional-d600	26	conventional	960	ce1825	2.8163	1.1393	3.3438	1.6875	17583.8521	18276.0008	0	0
fresh-cull20-26-conventional-d600	26	conventional	960	ce1826	0.6002	0.5390	1.2812	1.2188	22700.2561	22658.2487	0	0
fresh-cull20-26-conventional-d600	26	conventional	960	ce1828	1.1838	0.6034	1.6250	1.0625	14706.5647	15303.7441	0	0
fresh-cull20-26-conventional-d600	26	conventional	960	ce1829	2.1158	1.5232	2.7188	2.1562	20097.9521	21100.6565	0	0
fresh-cull20-26-conventional-d600	26	conventional	960	ce1830	1.3144	0.8365	1.9688	1.5000	21811.1610	22114.9976	0	0
fresh-cull20-26-conventional-d600	26	conventional	960	ce1831	2.3137	1.4741	2.9375	2.0938	20793.6760	20656.2356	0	0
fresh-cull20-26-conventional-d600	26	conventional	960	ce1833	2.0457	1.3213	2.6875	1.9375	21392.4883	20542.9360	0	0
fresh-cull20-26-conventional-d600	26	conventional	960	ce1835	0.5131	0.2270	1.1875	0.9062	22480.1386	22642.0203	0	0
fresh-cull20-26-conventional-d600	26	conventional	960	ce1837	3.1723	1.4802	3.7812	2.0625	20298.1114	19411.7749	0	0
fresh-cull20-26-conventional-d600	26	conventional	960	ce1838	2.6634	1.7331	3.3438	2.4062	22679.0247	22439.4483	0	0
fresh-cull20-26-conventional-d600	26	conventional	960	ce1839	2.1363	1.3618	2.8125	2.0312	22538.9413	22318.2161	0	0
fresh-cull20-26-conventional-d600	26	conventional	960	ce1840	2.4454	0.8836	3.0938	1.5000	21610.7392	20547.9881	0	0
fresh-cull20-26-conventional-d600	26	conventional	960	ce1845	2.3458	0.5092	2.9688	1.1250	20764.3075	20527.2117	0	0
fresh-cull20-26-conventional-d600	26	conventional	960	ce1846	2.4600	1.1245	3.0625	1.6875	20084.7807	18764.0432	0	0
fresh-cull20-26-conventional-d600	26	conventional	960	ce1847	2.2354	1.5596	2.9375	2.2500	23403.6033	23013.8361	0	0
fresh-cull20-26-conventional-d600	26	conventional	960	ce1848	1.4359	0.7182	2.0312	1.3125	19846.8314	19809.8436	0	0
fresh-cull20-26-conventional-d600	26	conventional	960	ce1849	1.7191	1.1578	2.4688	1.8750	24986.8164	23906.0710	0	1
fresh-cull20-26-conventional-d600	26	conventional	960	ce1850	1.6325	1.1230	2.1250	1.6250	16415.3983	16734.5419	0	0
fresh-cull20-26-conventional-d600	26	conventional	960	ce1854	2.1003	1.2975	2.7188	1.9062	20614.6524	20291.4472	0	0
fresh-cull20-26-conventional-d600	26	conventional	960	ce1855	2.6111	0.9575	3.0625	1.4062	15048.1987	14960.0809	0	0
fresh-cull20-26-conventional-d600	26	conventional	960	ce1856	2.4476	0.9649	3.2188	1.7188	25706.2309	25129.0068	0	0
fresh-cull20-26-conventional-d600	26	conventional	960	ce1857	2.6033	1.0250	3.3750	1.7812	25724.9248	25207.7727	0	0
fresh-cull20-26-conventional-d600	26	conventional	960	ce1858	0.7120	1.0113	1.1562	1.4688	14806.4699	15249.1478	0	0
fresh-cull20-26-conventional-d600	26	conventional	960	ce1860	1.8579	1.0749	2.2500	1.4688	13071.6277	13130.9364	0	0
fresh-cull20-26-conventional-d600	26	conventional	960	ce1861	1.6953	1.1022	2.5000	1.9062	26822.1473	26799.9456	0	0
fresh-cull20-26-conventional-d600	26	conventional	960	ce1862	2.5760	1.1458	3.0938	1.6562	17257.5339	17016.4973	0	0
fresh-cull20-26-conventional-d600	26	conventional	960	ce1864	1.4552	1.2947	2.1250	1.9688	22329.3032	22468.1779	0	0
fresh-cull20-26-conventional-d600	26	conventional	960	ce1865	2.2429	1.1187	2.9688	1.8438	24193.5321	24167.0243	0	0
fresh-cull20-26-conventional-d600	26	conventional	960	ce1866	2.0510	0.8225	2.6562	1.4062	20175.9935	19458.9466	0	1
fresh-cull20-26-conventional-d600	26	conventional	960	ce1867	0.6977	0.4459	1.2812	1.0312	19452.5370	19511.1692	0	0
fresh-cull20-26-conventional-d600	26	conventional	960	ce1868	1.5052	1.1513	2.1250	1.7500	20660.5491	19955.5357	0	1
fresh-cull20-26-conventional-d600	26	conventional	960	ce1869	3.0734	1.2162	3.6562	1.8125	19429.7969	19878.9222	0	0
fresh-cull20-26-conventional-d600	26	conventional	960	ce1870	2.0631	0.6441	2.7188	1.2812	21853.6693	21237.6620	0	0
fresh-cull20-26-conventional-d600	26	conventional	960	ce1871	1.5781	1.1406	2.2188	1.7812	21354.3449	21355.0698	0	0
