# garden MERGED J=32 from parts 0..15, 16..31: garden fresh-cull20-14-holistic-d110 seed 14 holistic season 470 n=60 J=16 worlds=0..15 run=/tmp/rbt107-hrep/cull20-14 work_cost=0.03 (155 s, workers 4) | garden fresh-cull20-14-holistic-d110 seed 14 holistic season 470 n=60 J=16 worlds=16..31 run=/tmp/rbt107-hrep/cull20-14 work_cost=0.03 (153 s, workers 4)
fresh-cull20-14-holistic-d110	14	holistic	470	he712	1.9751	1.8779	2.0625	1.9688	2913.6344	3030.6959	0	0
fresh-cull20-14-holistic-d110	14	holistic	470	he713	0.8384	0.7467	1.0938	1.0000	8510.5029	8443.0417	0	0
fresh-cull20-14-holistic-d110	14	holistic	470	he714	0.7729	0.5258	0.9062	0.6562	4447.8963	4349.1816	0	0
fresh-cull20-14-holistic-d110	14	holistic	470	he715	1.7362	1.4528	1.9688	1.6875	7751.4986	7823.2449	0	0
fresh-cull20-14-holistic-d110	14	holistic	470	he716	0.2935	0.1061	0.3438	0.1562	1672.8697	1674.3253	0	0
fresh-cull20-14-holistic-d110	14	holistic	470	he719	1.9858	1.9239	2.1562	2.0938	5682.2491	5664.6231	0	0
fresh-cull20-14-holistic-d110	14	holistic	470	he720	1.8026	1.0869	2.1875	1.4688	12829.0655	12726.4283	0	0
fresh-cull20-14-holistic-d110	14	holistic	470	he722	1.5886	1.1525	1.7812	1.3438	6419.5037	6371.9387	0	0
fresh-cull20-14-holistic-d110	14	holistic	470	he723	1.5318	1.1349	2.1250	1.7188	19772.1447	19462.5174	0	0
fresh-cull20-14-holistic-d110	14	holistic	470	he724	1.1848	1.4604	1.5625	1.8438	12590.0232	12777.9270	0	0
fresh-cull20-14-holistic-d110	14	holistic	470	he725	1.9880	1.3947	2.0938	1.5000	3524.0048	3509.0158	0	0
fresh-cull20-14-holistic-d110	14	holistic	470	he726	0.9880	0.9588	1.1250	1.0938	4564.7365	4497.3247	0	0
fresh-cull20-14-holistic-d110	14	holistic	470	he728	0.6136	0.7396	0.8438	0.9688	7671.6400	7637.0500	0	0
fresh-cull20-14-holistic-d110	14	holistic	470	he729	1.4831	1.1054	1.7188	1.3438	7855.2816	7945.5389	0	0
fresh-cull20-14-holistic-d110	14	holistic	470	he730	0.9828	0.8813	1.0625	0.9688	2657.5356	2914.6692	0	0
fresh-cull20-14-holistic-d110	14	holistic	470	he731	0.7751	0.7466	0.9062	0.8750	4372.5266	4281.9295	0	0
fresh-cull20-14-holistic-d110	14	holistic	470	he732	2.1583	2.0650	2.2812	2.1875	4098.7910	4084.1255	0	0
fresh-cull20-14-holistic-d110	14	holistic	470	he733	0.6520	0.5574	0.7812	0.6875	4310.3417	4338.5376	0	0
fresh-cull20-14-holistic-d110	14	holistic	470	he736	1.8415	1.3121	2.0000	1.4688	5285.3590	5219.8960	0	0
fresh-cull20-14-holistic-d110	14	holistic	470	he738	2.0798	1.6424	2.1875	1.7500	3587.4367	3586.0888	0	0
fresh-cull20-14-holistic-d110	14	holistic	470	he739	2.4854	1.8331	2.7812	2.1250	9861.6966	9730.6395	0	0
fresh-cull20-14-holistic-d110	14	holistic	470	he740	1.1482	0.8684	1.2500	0.9688	3393.7527	3343.0164	0	0
fresh-cull20-14-holistic-d110	14	holistic	470	he741	1.8664	1.4855	2.2188	1.8438	11745.9722	11940.5575	0	0
fresh-cull20-14-holistic-d110	14	holistic	470	he742	0.6757	0.9204	1.0625	1.3125	12892.9106	13069.8304	0	0
fresh-cull20-14-holistic-d110	14	holistic	470	he743	1.0814	0.6126	1.3438	0.8750	8747.8204	8747.2468	0	0
fresh-cull20-14-holistic-d110	14	holistic	470	he744	0.9235	0.8034	1.2188	1.0938	9841.9599	9680.5252	0	1
fresh-cull20-14-holistic-d110	14	holistic	470	he745	1.1964	0.9716	1.7500	1.5312	18454.3814	18653.5227	0	0
fresh-cull20-14-holistic-d110	14	holistic	470	he747	1.9029	1.5905	2.0625	1.7500	5319.3613	5316.6179	0	0
fresh-cull20-14-holistic-d110	14	holistic	470	he748	1.8254	1.2930	1.9375	1.4062	3736.8907	3776.7651	0	0
fresh-cull20-14-holistic-d110	14	holistic	470	he749	0.9199	1.1736	1.0000	1.2500	2671.1350	2547.3436	0	0
fresh-cull20-14-holistic-d110	14	holistic	470	he750	1.9397	1.4120	2.1562	1.6250	7218.7661	7099.8997	0	0
fresh-cull20-14-holistic-d110	14	holistic	470	he751	1.1560	0.7184	1.4375	1.0000	9383.3432	9388.1115	0	0
fresh-cull20-14-holistic-d110	14	holistic	470	he752	1.1696	1.3576	1.2812	1.4688	3722.3310	3706.6440	0	0
fresh-cull20-14-holistic-d110	14	holistic	470	he757	0.7444	0.9264	0.9688	1.1562	7479.7620	7659.8872	0	0
fresh-cull20-14-holistic-d110	14	holistic	470	he758	1.5271	1.5901	1.6562	1.7188	4305.4966	4288.0174	0	0
fresh-cull20-14-holistic-d110	14	holistic	470	he759	1.3321	1.6501	1.4375	1.7500	3512.1903	3329.5997	0	0
fresh-cull20-14-holistic-d110	14	holistic	470	he760	2.1376	1.2977	2.2500	1.4062	3749.5760	3618.2392	0	0
fresh-cull20-14-holistic-d110	14	holistic	470	he762	1.4136	1.4224	1.5000	1.5000	2882.4678	2586.9851	0	0
fresh-cull20-14-holistic-d110	14	holistic	470	he763	1.8342	1.4293	2.0625	1.6562	7607.8976	7565.5230	0	0
fresh-cull20-14-holistic-d110	14	holistic	470	he764	0.7127	0.7135	0.9688	0.9688	8535.3714	8508.6988	0	0
fresh-cull20-14-holistic-d110	14	holistic	470	he765	0.5778	0.5470	0.5938	0.5625	530.1786	516.8967	0	0
fresh-cull20-14-holistic-d110	14	holistic	470	he767	0.8803	0.6315	1.0938	0.8438	7115.2465	7074.7958	0	0
fresh-cull20-14-holistic-d110	14	holistic	470	he768	1.4760	1.0702	1.7188	1.3125	8092.5655	8076.5930	0	0
fresh-cull20-14-holistic-d110	14	holistic	470	he769	1.5311	1.0585	1.9375	1.4688	13547.3907	13673.1294	0	0
fresh-cull20-14-holistic-d110	14	holistic	470	he771	1.2413	1.0264	1.5312	1.3125	9663.8116	9535.9138	0	0
fresh-cull20-14-holistic-d110	14	holistic	470	he772	0.8920	0.8306	1.0312	0.9688	4642.8041	4602.8916	0	0
fresh-cull20-14-holistic-d110	14	holistic	470	he773	0.8821	1.1560	1.5000	1.7812	20593.8688	20842.5409	0	0
fresh-cull20-14-holistic-d110	14	holistic	470	he774	1.3877	1.2030	1.9375	1.7500	18326.3570	18234.1226	0	0
fresh-cull20-14-holistic-d110	14	holistic	470	he775	1.5019	1.1911	1.9375	1.6250	14522.8911	14463.3105	0	0
fresh-cull20-14-holistic-d110	14	holistic	470	he777	1.5861	1.4002	1.6875	1.5000	3379.6636	3327.2184	0	0
fresh-cull20-14-holistic-d110	14	holistic	470	he778	0.8428	0.9367	0.9062	1.0000	2116.0374	2110.5501	0	0
fresh-cull20-14-holistic-d110	14	holistic	470	he780	1.3529	1.4162	1.5938	1.6562	8027.8389	8001.7023	0	0
fresh-cull20-14-holistic-d110	14	holistic	470	he781	1.3675	1.2976	1.5938	1.5312	7541.8997	7788.5897	0	0
fresh-cull20-14-holistic-d110	14	holistic	470	he783	1.5453	1.1104	1.7812	1.3438	7865.6984	7775.8056	0	0
fresh-cull20-14-holistic-d110	14	holistic	470	he785	1.2496	1.5684	1.8750	2.1875	20845.1765	20635.2702	0	0
fresh-cull20-14-holistic-d110	14	holistic	470	he786	0.4751	0.4741	0.5625	0.5625	2913.5863	2944.6388	0	0
fresh-cull20-14-holistic-d110	14	holistic	470	he787	1.3371	1.2721	1.6562	1.5938	10639.1095	10722.9576	0	0
fresh-cull20-14-holistic-d110	14	holistic	470	he788	0.0000	0.0000	0.0000	0.0000	0.0000	0.0000	0	0
fresh-cull20-14-holistic-d110	14	holistic	470	he789	1.8826	1.4751	2.0312	1.6250	4956.0255	4995.0512	0	0
fresh-cull20-14-holistic-d110	14	holistic	470	he790	1.3411	1.1525	1.4375	1.2500	3215.3112	3248.0014	0	0
