# garden MERGED J=32 from parts 0..15, 16..31: garden fresh-shift-30-conventional-d400 seed 30 conventional season 760 n=60 J=16 worlds=0..15 run=/tmp/rbt107-h1/shift-30 work_cost=0.03 (102 s, workers 4) | garden fresh-shift-30-conventional-d400 seed 30 conventional season 760 n=60 J=16 worlds=16..31 run=/tmp/rbt107-h1/shift-30 work_cost=0.03 (102 s, workers 4)
fresh-shift-30-conventional-d400	30	conventional	760	ce1313	0.6659	-0.0057	1.2812	0.5938	20514.2162	19984.0488	0	0
fresh-shift-30-conventional-d400	30	conventional	760	ce1319	1.6720	0.4553	2.3750	1.1562	23434.3810	23365.0940	0	0
fresh-shift-30-conventional-d400	30	conventional	760	ce1320	2.0725	1.0339	2.6562	1.6250	19457.6845	19704.7882	0	0
fresh-shift-30-conventional-d400	30	conventional	760	ce1322	0.7907	0.7072	1.4375	1.3438	21562.4923	21218.1836	0	0
fresh-shift-30-conventional-d400	30	conventional	760	ce1323	1.2776	0.5062	1.9688	1.1875	23037.3039	22707.2730	0	0
fresh-shift-30-conventional-d400	30	conventional	760	ce1324	1.2035	0.3579	1.7188	0.8438	17172.6849	16193.8864	0	0
fresh-shift-30-conventional-d400	30	conventional	760	ce1325	3.6000	1.0022	4.2812	1.6562	22708.1134	21802.1423	0	0
fresh-shift-30-conventional-d400	30	conventional	760	ce1327	0.8841	0.4315	1.6875	1.2188	26780.4933	26244.3550	0	0
fresh-shift-30-conventional-d400	30	conventional	760	ce1328	1.1191	0.0347	1.7500	0.6562	21031.8724	20721.3767	0	0
fresh-shift-30-conventional-d400	30	conventional	760	ce1331	2.3917	1.0383	2.9688	1.6250	19235.4884	19555.1517	0	0
fresh-shift-30-conventional-d400	30	conventional	760	ce1332	2.2539	0.7820	2.8125	1.3438	18618.5927	18725.5882	0	0
fresh-shift-30-conventional-d400	30	conventional	760	ce1337	1.3240	0.7250	1.9375	1.3438	20450.1444	20625.0722	0	0
fresh-shift-30-conventional-d400	30	conventional	760	ce1338	1.8546	0.8770	2.5000	1.5312	21513.7205	21809.0440	0	0
fresh-shift-30-conventional-d400	30	conventional	760	ce1340	1.6318	0.8168	2.2188	1.4062	19564.4856	19648.4323	0	0
fresh-shift-30-conventional-d400	30	conventional	760	ce1341	1.1778	0.5613	1.7500	1.1250	19072.9423	18791.4374	0	0
fresh-shift-30-conventional-d400	30	conventional	760	ce1342	2.4455	0.8850	3.1562	1.5938	23692.2968	23625.0298	0	0
fresh-shift-30-conventional-d400	30	conventional	760	ce1344	0.8134	0.3791	1.4375	1.0000	20801.7072	20694.6208	0	0
fresh-shift-30-conventional-d400	30	conventional	760	ce1345	2.2116	1.1113	2.7500	1.6250	17947.1818	17121.3345	0	1
fresh-shift-30-conventional-d400	30	conventional	760	ce1346	1.3256	0.8299	1.9375	1.4375	20394.4956	20251.5217	0	0
fresh-shift-30-conventional-d400	30	conventional	760	ce1347	1.4166	1.1437	2.0312	1.7500	20487.6780	20210.6346	0	0
fresh-shift-30-conventional-d400	30	conventional	760	ce1348	1.3624	1.0287	2.1562	1.8125	26458.8709	26126.3113	0	0
fresh-shift-30-conventional-d400	30	conventional	760	ce1349	2.0925	1.3010	2.7500	1.9375	21918.8413	21218.7773	0	0
fresh-shift-30-conventional-d400	30	conventional	760	ce1350	2.5880	1.1112	3.0625	1.5625	15815.0462	15044.6861	0	0
fresh-shift-30-conventional-d400	30	conventional	760	ce1352	2.3834	0.6064	3.2188	1.4062	27845.9829	26660.1177	0	1
fresh-shift-30-conventional-d400	30	conventional	760	ce1353	2.2553	0.8929	2.8438	1.4688	19615.7901	19194.1483	0	0
fresh-shift-30-conventional-d400	30	conventional	760	ce1356	1.8540	0.7934	2.5000	1.4375	21533.0200	21469.3160	0	0
fresh-shift-30-conventional-d400	30	conventional	760	ce1359	1.1503	0.4014	1.7188	0.9688	18949.5252	18912.3236	0	0
fresh-shift-30-conventional-d400	30	conventional	760	ce1360	1.4101	1.5238	1.9062	2.0000	16539.4283	15874.7523	0	0
fresh-shift-30-conventional-d400	30	conventional	760	ce1361	2.7407	0.8283	3.3125	1.4062	19062.9932	19262.3312	0	0
fresh-shift-30-conventional-d400	30	conventional	760	ce1362	3.0437	1.2400	3.6250	1.8438	19378.7933	20126.1794	0	0
fresh-shift-30-conventional-d400	30	conventional	760	ce1363	2.2816	1.3221	3.0312	2.0625	24986.6415	24680.6256	0	0
fresh-shift-30-conventional-d400	30	conventional	760	ce1365	3.8282	1.1373	4.5625	1.8750	24475.1594	24591.9666	0	0
fresh-shift-30-conventional-d400	30	conventional	760	ce1366	1.7065	0.4978	2.3125	1.0938	20201.8096	19867.1040	0	0
fresh-shift-30-conventional-d400	30	conventional	760	ce1367	1.1027	0.6026	1.6875	1.1875	19491.2830	19498.1384	0	0
fresh-shift-30-conventional-d400	30	conventional	760	ce1368	1.5705	0.7480	2.2188	1.3438	21605.7439	19858.7479	0	0
fresh-shift-30-conventional-d400	30	conventional	760	ce1369	2.3827	0.7853	3.1250	1.5625	24743.3688	25905.1188	0	0
fresh-shift-30-conventional-d400	30	conventional	760	ce1371	2.3626	1.3624	3.0000	2.0000	21246.0530	21251.9940	0	0
fresh-shift-30-conventional-d400	30	conventional	760	ce1372	3.1423	0.8785	3.8438	1.5625	23381.8973	22798.5806	0	0
fresh-shift-30-conventional-d400	30	conventional	760	ce1373	2.8774	1.5224	3.5625	2.1875	22836.9296	22170.6253	0	0
fresh-shift-30-conventional-d400	30	conventional	760	ce1375	1.5166	0.9059	2.2188	1.5938	23405.6996	22927.0192	0	0
fresh-shift-30-conventional-d400	30	conventional	760	ce1376	1.5196	0.9369	2.3750	1.7812	28512.2703	28142.9479	0	0
fresh-shift-30-conventional-d400	30	conventional	760	ce1378	1.2062	0.4612	1.8438	1.0938	21250.9912	21086.3502	0	0
fresh-shift-30-conventional-d400	30	conventional	760	ce1381	2.4215	1.3247	3.1250	2.0312	23450.0134	23552.8052	0	0
fresh-shift-30-conventional-d400	30	conventional	760	ce1382	1.6729	0.5374	2.2812	1.0625	20277.6413	17502.2391	0	0
fresh-shift-30-conventional-d400	30	conventional	760	ce1383	1.4022	0.9241	2.0312	1.5312	20969.3076	20238.5829	0	1
fresh-shift-30-conventional-d400	30	conventional	760	ce1384	1.9051	0.6044	2.5625	1.2500	21914.7455	21519.7329	0	1
fresh-shift-30-conventional-d400	30	conventional	760	ce1385	3.0236	1.4095	3.8125	2.1875	26298.0104	25934.1250	0	0
fresh-shift-30-conventional-d400	30	conventional	760	ce1387	2.0645	1.2996	2.7812	2.0000	23889.8049	23346.2602	0	0
fresh-shift-30-conventional-d400	30	conventional	760	ce1388	1.1134	0.4673	1.6562	1.0000	18096.3011	17754.7102	0	0
fresh-shift-30-conventional-d400	30	conventional	760	ce1389	0.8365	0.4621	1.6562	1.2812	27325.1596	27303.9705	0	0
fresh-shift-30-conventional-d400	30	conventional	760	ce1391	1.6055	0.7947	2.2188	1.4062	20442.7167	20384.2492	0	0
fresh-shift-30-conventional-d400	30	conventional	760	ce1392	1.2944	0.7032	2.0000	1.4062	23519.3766	23436.1403	0	0
fresh-shift-30-conventional-d400	30	conventional	760	ce1394	1.2220	1.0085	1.8438	1.6250	20727.2962	20549.4624	0	0
fresh-shift-30-conventional-d400	30	conventional	760	ce1395	1.9247	0.9037	2.5625	1.5312	21260.4159	20920.8175	0	0
fresh-shift-30-conventional-d400	30	conventional	760	ce1396	2.2965	1.0978	3.0312	1.8125	24489.3728	23823.2668	0	0
fresh-shift-30-conventional-d400	30	conventional	760	ce1397	1.1983	0.8304	1.7188	1.3438	17348.2841	17109.7325	0	0
fresh-shift-30-conventional-d400	30	conventional	760	ce1398	0.5069	0.1113	1.3125	0.9062	26854.5096	26498.8117	0	0
fresh-shift-30-conventional-d400	30	conventional	760	ce1399	2.4909	1.3018	3.1875	1.9688	23221.3916	22229.9480	0	1
fresh-shift-30-conventional-d400	30	conventional	760	ce1400	1.5988	0.7037	2.3438	1.5000	24832.7031	26541.6892	0	0
fresh-shift-30-conventional-d400	30	conventional	760	ce1401	3.0943	1.4560	3.8750	2.2188	26022.6298	25425.0953	0	0
