# garden MERGED J=32 from parts 0..15, 16..31: garden fresh-shift-19-holistic-d400 seed 19 holistic season 760 n=60 J=16 worlds=0..15 run=/tmp/rbt107-h1/shift-19 work_cost=0.03 (87 s, workers 4) | garden fresh-shift-19-holistic-d400 seed 19 holistic season 760 n=60 J=16 worlds=16..31 run=/tmp/rbt107-h1/shift-19 work_cost=0.03 (88 s, workers 4)
fresh-shift-19-holistic-d400	19	holistic	760	he1166	1.8480	1.2546	2.1250	1.5312	9233.8619	9221.4676	0	0
fresh-shift-19-holistic-d400	19	holistic	760	he1167	0.9515	0.8868	0.9688	0.9062	575.5226	648.8276	0	0
fresh-shift-19-holistic-d400	19	holistic	760	he1168	1.6935	1.5343	2.0000	1.8438	10215.1285	10314.6329	0	0
fresh-shift-19-holistic-d400	19	holistic	760	he1169	1.4650	1.0608	1.5938	1.1875	4290.8218	4223.3564	0	0
fresh-shift-19-holistic-d400	19	holistic	760	he1171	0.6356	0.2920	1.0000	0.6562	12147.7810	12138.8306	0	0
fresh-shift-19-holistic-d400	19	holistic	760	he1172	1.3937	0.8957	1.5625	1.0625	5627.2571	5559.8718	0	0
fresh-shift-19-holistic-d400	19	holistic	760	he1174	2.6196	3.0045	2.9062	3.2812	9556.4369	9225.1920	0	0
fresh-shift-19-holistic-d400	19	holistic	760	he1175	1.1383	1.2039	1.3438	1.4062	6849.0029	6747.0529	0	0
fresh-shift-19-holistic-d400	19	holistic	760	he1178	0.7913	0.7283	1.0000	0.9375	6954.5685	6975.1090	0	0
fresh-shift-19-holistic-d400	19	holistic	760	he1180	1.3056	1.4314	1.4375	1.5625	4395.2013	4370.3355	0	0
fresh-shift-19-holistic-d400	19	holistic	760	he1181	2.5880	2.0682	2.8750	2.3438	9564.8789	9186.0308	0	0
fresh-shift-19-holistic-d400	19	holistic	760	he1182	1.2231	1.0989	1.2812	1.1562	1936.6437	1914.1183	0	0
fresh-shift-19-holistic-d400	19	holistic	760	he1183	2.1233	1.7100	2.3438	1.9375	7348.0580	7582.8502	0	0
fresh-shift-19-holistic-d400	19	holistic	760	he1185	1.4869	1.4247	1.6875	1.6250	6689.0532	6677.0516	0	0
fresh-shift-19-holistic-d400	19	holistic	760	he1186	1.8211	1.1071	2.0625	1.3438	8048.0608	7888.6950	0	0
fresh-shift-19-holistic-d400	19	holistic	760	he1187	1.7016	1.1454	1.8750	1.3125	5782.2272	5571.4137	0	0
fresh-shift-19-holistic-d400	19	holistic	760	he1189	1.2536	1.2525	1.4062	1.4062	5088.6024	5123.2885	0	0
fresh-shift-19-holistic-d400	19	holistic	760	he1195	1.2168	0.9058	1.4062	1.0938	6311.9113	6264.8196	0	0
fresh-shift-19-holistic-d400	19	holistic	760	he1197	0.9037	0.7160	1.2812	1.0938	12586.6280	12593.3026	0	0
fresh-shift-19-holistic-d400	19	holistic	760	he1198	1.1726	1.0155	1.4688	1.3125	9872.2133	9898.6098	0	0
fresh-shift-19-holistic-d400	19	holistic	760	he1200	1.1261	0.8448	1.4688	1.1875	11420.5854	11421.8399	0	0
fresh-shift-19-holistic-d400	19	holistic	760	he1201	1.0999	1.2259	1.3750	1.5000	9168.7336	9136.6570	0	0
fresh-shift-19-holistic-d400	19	holistic	760	he1202	1.0093	0.9474	1.1875	1.1250	5938.8689	5922.6323	0	0
fresh-shift-19-holistic-d400	19	holistic	760	he1203	0.9290	0.8669	1.0938	1.0312	5491.0190	5475.9918	0	0
fresh-shift-19-holistic-d400	19	holistic	760	he1204	1.3743	1.1865	1.4688	1.2812	3147.2394	3159.3206	0	0
fresh-shift-19-holistic-d400	19	holistic	760	he1205	0.7302	0.6059	0.7812	0.6562	1700.1451	1677.9588	0	0
fresh-shift-19-holistic-d400	19	holistic	760	he1211	1.0367	0.8097	1.1250	0.9062	2943.2757	3217.4675	0	0
fresh-shift-19-holistic-d400	19	holistic	760	he1212	2.1352	2.0769	2.3438	2.2812	6953.3706	6813.1572	0	0
fresh-shift-19-holistic-d400	19	holistic	760	he1213	1.6404	1.5779	1.8438	1.7812	6775.6577	6776.3012	0	0
fresh-shift-19-holistic-d400	19	holistic	760	he1214	0.4486	0.3866	0.9062	0.8438	15254.0462	15240.1779	0	0
fresh-shift-19-holistic-d400	19	holistic	760	he1215	0.8925	0.7676	1.2500	1.1250	11916.1325	11913.6087	0	0
fresh-shift-19-holistic-d400	19	holistic	760	he1219	1.1543	0.9331	1.3438	1.1250	6315.1962	6396.0053	0	0
fresh-shift-19-holistic-d400	19	holistic	760	he1220	0.2462	0.2773	0.5000	0.5312	8460.3973	8463.7259	0	0
fresh-shift-19-holistic-d400	19	holistic	760	he1221	0.9533	1.0170	1.0938	1.1562	4680.0730	4643.2414	0	0
fresh-shift-19-holistic-d400	19	holistic	760	he1222	0.5061	0.5124	0.5625	0.5625	1878.6136	1669.5293	0	0
fresh-shift-19-holistic-d400	19	holistic	760	he1223	1.0659	1.0027	1.3438	1.2812	9263.1933	9286.1370	0	0
fresh-shift-19-holistic-d400	19	holistic	760	he1225	0.2168	0.0631	0.2812	0.1250	2148.2140	2062.6333	0	0
fresh-shift-19-holistic-d400	19	holistic	760	he1226	2.8826	2.3247	3.0000	2.4375	3914.8447	3758.6164	0	0
fresh-shift-19-holistic-d400	19	holistic	760	he1227	0.9673	0.9632	1.1250	1.1250	5255.6815	5390.9499	0	0
fresh-shift-19-holistic-d400	19	holistic	760	he1228	0.9008	0.4641	1.3750	0.9375	15806.1499	15779.6564	0	0
fresh-shift-19-holistic-d400	19	holistic	760	he1229	0.7834	0.6271	0.8125	0.6562	970.6612	969.4522	0	0
fresh-shift-19-holistic-d400	19	holistic	760	he1230	1.6890	1.3148	2.0000	1.6250	10364.8115	10341.5685	0	0
fresh-shift-19-holistic-d400	19	holistic	760	he1231	0.9083	0.9062	1.0938	1.0938	6182.2004	6248.7964	0	0
fresh-shift-19-holistic-d400	19	holistic	760	he1232	1.2931	0.9497	1.7812	1.4375	16273.3229	16262.1941	0	0
fresh-shift-19-holistic-d400	19	holistic	760	he1233	0.6288	0.8452	0.8125	1.0312	6125.0015	6202.1313	0	0
fresh-shift-19-holistic-d400	19	holistic	760	he1234	0.6289	0.4414	0.6562	0.4688	913.6442	914.7337	0	0
fresh-shift-19-holistic-d400	19	holistic	760	he1235	1.3964	1.1058	1.4688	1.1875	2408.9554	2723.1752	0	0
fresh-shift-19-holistic-d400	19	holistic	760	he1236	0.6777	0.5848	0.9375	0.8438	8661.3281	8631.2823	0	0
fresh-shift-19-holistic-d400	19	holistic	760	he1238	0.8662	0.7102	1.0312	0.8750	5502.0715	5491.4429	0	0
fresh-shift-19-holistic-d400	19	holistic	760	he1239	0.9600	1.0164	1.0938	1.1562	4459.8247	4663.1743	0	0
fresh-shift-19-holistic-d400	19	holistic	760	he1241	1.4872	1.2380	1.8438	1.5938	11884.1843	11858.5603	0	0
fresh-shift-19-holistic-d400	19	holistic	760	he1242	1.1241	1.5940	1.3438	1.8125	7321.7931	7283.8004	0	0
fresh-shift-19-holistic-d400	19	holistic	760	he1243	1.1097	1.2973	1.1875	1.3750	2595.2407	2592.1976	0	0
fresh-shift-19-holistic-d400	19	holistic	760	he1244	0.0000	0.0312	0.0000	0.0312	0.0490	0.0471	0	0
fresh-shift-19-holistic-d400	19	holistic	760	he1245	1.1577	1.1277	1.4688	1.4375	10368.7180	10327.2406	0	0
fresh-shift-19-holistic-d400	19	holistic	760	he1246	0.1391	0.1663	0.1562	0.1875	572.4398	706.1866	0	0
fresh-shift-19-holistic-d400	19	holistic	760	he1247	0.0287	0.0604	0.0312	0.0625	85.1881	67.1731	0	0
fresh-shift-19-holistic-d400	19	holistic	760	he1248	1.0599	0.9974	1.1875	1.1250	4254.6871	4250.6784	0	0
fresh-shift-19-holistic-d400	19	holistic	760	he1249	0.5938	0.5940	1.0000	1.0000	13539.2416	13530.4241	0	0
fresh-shift-19-holistic-d400	19	holistic	760	he1250	0.5911	0.6224	0.6250	0.6562	1128.2052	1126.8137	0	0
