# garden MERGED J=32 from parts 0..15, 16..31: garden fresh-base-21-conventional-d600 seed 21 conventional season 960 n=60 J=16 worlds=0..15 run=/tmp/rbt107-h1/base-21 work_cost=0.03 (97 s, workers 4) | garden fresh-base-21-conventional-d600 seed 21 conventional season 960 n=60 J=16 worlds=16..31 run=/tmp/rbt107-h1/base-21 work_cost=0.03 (98 s, workers 4)
fresh-base-21-conventional-d600	21	conventional	960	ce1743	2.1225	1.2653	2.6562	1.7812	17789.5728	17197.4339	0	0
fresh-base-21-conventional-d600	21	conventional	960	ce1744	0.9478	0.3928	1.0312	0.5000	2782.6211	3573.8845	0	0
fresh-base-21-conventional-d600	21	conventional	960	ce1749	1.6862	0.9201	2.0938	1.3125	13584.3780	13081.9064	0	0
fresh-base-21-conventional-d600	21	conventional	960	ce1751	1.8095	1.1372	2.3438	1.6562	17809.5693	17302.6848	0	0
fresh-base-21-conventional-d600	21	conventional	960	ce1753	2.5488	1.4832	3.2188	2.1562	22329.5001	22433.0466	0	0
fresh-base-21-conventional-d600	21	conventional	960	ce1755	2.3774	0.9741	3.0000	1.5938	20752.7178	20653.4521	0	0
fresh-base-21-conventional-d600	21	conventional	960	ce1756	1.2635	0.5617	1.6875	1.0312	14131.9567	15651.5802	0	0
fresh-base-21-conventional-d600	21	conventional	960	ce1757	1.0518	1.0714	1.5938	1.6250	18064.3968	18456.0360	0	0
fresh-base-21-conventional-d600	21	conventional	960	ce1759	2.3676	0.7983	3.0312	1.4688	22122.2864	22348.2982	0	0
fresh-base-21-conventional-d600	21	conventional	960	ce1760	2.5644	1.1740	3.0312	1.6875	15560.1888	17116.0699	0	0
fresh-base-21-conventional-d600	21	conventional	960	ce1761	1.8024	1.0851	2.2812	1.5625	15959.5703	15912.5730	0	0
fresh-base-21-conventional-d600	21	conventional	960	ce1763	2.3615	0.9899	3.0000	1.6250	21284.9369	21167.4290	0	0
fresh-base-21-conventional-d600	21	conventional	960	ce1764	2.2925	0.6472	2.9375	1.3125	21498.9362	22177.8469	0	0
fresh-base-21-conventional-d600	21	conventional	960	ce1765	2.5182	0.9030	3.3125	1.7500	26476.1504	28231.9103	0	0
fresh-base-21-conventional-d600	21	conventional	960	ce1767	0.2985	0.0511	0.7812	0.5312	16092.1270	16004.5350	0	0
fresh-base-21-conventional-d600	21	conventional	960	ce1770	1.5070	0.8759	2.0312	1.4062	17476.3567	17678.0471	0	0
fresh-base-21-conventional-d600	21	conventional	960	ce1773	1.8236	0.5806	2.4062	1.1875	19419.9702	20228.1379	0	0
fresh-base-21-conventional-d600	21	conventional	960	ce1777	1.9273	1.0320	2.5312	1.6250	20130.3587	19766.6934	0	0
fresh-base-21-conventional-d600	21	conventional	960	ce1779	1.7347	1.0790	2.3438	1.6875	20304.0152	20284.2380	0	0
fresh-base-21-conventional-d600	21	conventional	960	ce1781	3.3934	1.7071	3.9062	2.1875	17095.2034	16013.5595	0	0
fresh-base-21-conventional-d600	21	conventional	960	ce1782	2.3497	0.7651	3.0625	1.5312	23761.0719	25537.1403	0	0
fresh-base-21-conventional-d600	21	conventional	960	ce1789	1.2635	0.5707	1.8125	1.1250	18298.3553	18477.1962	0	0
fresh-base-21-conventional-d600	21	conventional	960	ce1791	2.1559	1.2084	2.5938	1.6250	14594.4471	13885.3681	0	0
fresh-base-21-conventional-d600	21	conventional	960	ce1792	1.8381	0.1565	2.4688	0.9375	21021.3012	26031.3105	0	0
fresh-base-21-conventional-d600	21	conventional	960	ce1793	3.0785	1.1489	3.8438	1.9062	25509.1676	25242.6723	0	0
fresh-base-21-conventional-d600	21	conventional	960	ce1796	2.0471	0.6246	2.6875	1.3750	21345.4891	25013.9100	0	0
fresh-base-21-conventional-d600	21	conventional	960	ce1803	1.1376	0.5816	1.8438	1.2812	23540.2037	23322.3968	0	0
fresh-base-21-conventional-d600	21	conventional	960	ce1804	2.6151	1.4500	3.2812	2.0625	22204.7019	20416.4468	0	1
fresh-base-21-conventional-d600	21	conventional	960	ce1805	2.4956	1.2508	3.1250	1.8438	20979.1830	19765.3840	0	0
fresh-base-21-conventional-d600	21	conventional	960	ce1809	1.3172	0.9925	1.8750	1.5312	18593.8636	17957.5945	0	0
fresh-base-21-conventional-d600	21	conventional	960	ce1810	1.8624	1.0159	2.0938	1.2500	7710.9104	7800.3860	0	0
fresh-base-21-conventional-d600	21	conventional	960	ce1811	0.9802	0.4176	1.7188	1.1562	24620.6455	24622.1032	0	0
fresh-base-21-conventional-d600	21	conventional	960	ce1812	2.6174	0.7042	3.3750	1.4375	25252.8947	24442.7710	0	1
fresh-base-21-conventional-d600	21	conventional	960	ce1813	1.7681	0.7715	2.2188	1.2188	15021.5865	14907.5223	0	0
fresh-base-21-conventional-d600	21	conventional	960	ce1815	2.2797	0.8965	2.8438	1.4688	18803.7481	19075.3215	0	0
fresh-base-21-conventional-d600	21	conventional	960	ce1816	1.8502	0.9079	2.5938	1.6562	24783.6483	24946.0598	0	0
fresh-base-21-conventional-d600	21	conventional	960	ce1817	2.8548	1.4101	3.4375	2.0000	19423.4025	19662.2525	0	0
fresh-base-21-conventional-d600	21	conventional	960	ce1818	0.3611	0.4559	0.8750	0.9688	17129.8674	17092.9071	0	0
fresh-base-21-conventional-d600	21	conventional	960	ce1819	2.6066	1.4456	3.1875	2.0625	19364.2756	20563.6193	0	0
fresh-base-21-conventional-d600	21	conventional	960	ce1821	2.3300	0.9562	2.9062	1.5312	19206.0785	19165.8423	0	0
fresh-base-21-conventional-d600	21	conventional	960	ce1823	0.9772	1.1626	1.7188	1.9062	24717.6229	24788.8415	0	0
fresh-base-21-conventional-d600	21	conventional	960	ce1824	0.9404	0.6996	1.3438	1.0938	13445.0101	13136.2995	0	0
fresh-base-21-conventional-d600	21	conventional	960	ce1825	1.9108	0.9106	2.3750	1.3750	15471.2223	15479.8029	0	0
fresh-base-21-conventional-d600	21	conventional	960	ce1826	3.2639	1.2925	3.8438	1.8750	19326.9610	19414.6708	0	0
fresh-base-21-conventional-d600	21	conventional	960	ce1827	2.2438	1.1404	2.7812	1.7188	17916.1954	19278.4473	0	0
fresh-base-21-conventional-d600	21	conventional	960	ce1828	1.8279	0.9910	2.4375	1.5938	20319.7277	20091.7599	0	0
fresh-base-21-conventional-d600	21	conventional	960	ce1829	2.8002	1.1201	3.4375	1.7500	21242.6182	20995.4606	0	0
fresh-base-21-conventional-d600	21	conventional	960	ce1831	2.1847	0.6560	2.8750	1.4062	23010.6589	25010.6084	0	0
fresh-base-21-conventional-d600	21	conventional	960	ce1834	2.7136	0.4411	3.5000	1.2188	26214.0775	25919.3125	0	0
fresh-base-21-conventional-d600	21	conventional	960	ce1835	2.1269	1.4626	2.7500	2.0938	20772.4513	21039.6090	0	0
fresh-base-21-conventional-d600	21	conventional	960	ce1836	4.3760	0.7551	5.1250	1.5625	24965.5263	26910.7288	0	0
fresh-base-21-conventional-d600	21	conventional	960	ce1837	3.6609	0.7533	4.3750	1.5000	23803.3620	24890.6566	0	0
fresh-base-21-conventional-d600	21	conventional	960	ce1839	1.9668	0.8040	2.5625	1.5312	19856.9673	24239.2922	0	0
fresh-base-21-conventional-d600	21	conventional	960	ce1840	2.8099	0.9999	3.4688	1.6562	21959.6895	21878.8187	0	0
fresh-base-21-conventional-d600	21	conventional	960	ce1841	0.6736	0.8964	1.0625	1.2812	12961.7428	12825.9509	0	0
fresh-base-21-conventional-d600	21	conventional	960	ce1842	1.5381	0.3559	2.0625	0.8750	17477.6969	17303.9452	0	0
fresh-base-21-conventional-d600	21	conventional	960	ce1844	3.1044	1.3474	3.7188	1.9688	20476.9235	20711.7133	0	0
fresh-base-21-conventional-d600	21	conventional	960	ce1845	1.5814	0.6115	2.0625	1.0938	16035.8561	16075.5743	0	0
fresh-base-21-conventional-d600	21	conventional	960	ce1846	2.4678	1.4133	3.1562	2.1250	22948.3147	23720.6974	0	0
fresh-base-21-conventional-d600	21	conventional	960	ce1847	2.5767	1.1791	3.3438	1.9375	25568.3705	25280.2868	0	0
