# garden MERGED J=32 from parts 0..15, 16..31: garden fresh-shift-22-conventional-d600 seed 22 conventional season 960 n=60 J=16 worlds=0..15 run=/tmp/rbt107-h1/shift-22 work_cost=0.03 (123 s, workers 4) | garden fresh-shift-22-conventional-d600 seed 22 conventional season 960 n=60 J=16 worlds=16..31 run=/tmp/rbt107-h1/shift-22 work_cost=0.03 (123 s, workers 4)
fresh-shift-22-conventional-d600	22	conventional	960	ce1543	0.6917	0.2586	1.3438	0.9062	21735.9186	21586.7507	0	0
fresh-shift-22-conventional-d600	22	conventional	960	ce1545	2.8653	0.9400	3.3125	1.3750	14908.3771	14498.7815	0	0
fresh-shift-22-conventional-d600	22	conventional	960	ce1546	0.9300	0.3049	1.2812	0.6875	11707.1110	12754.9751	0	0
fresh-shift-22-conventional-d600	22	conventional	960	ce1547	1.6721	0.3001	2.4688	1.0938	26554.2232	26456.4054	0	0
fresh-shift-22-conventional-d600	22	conventional	960	ce1548	1.0251	0.5743	1.6875	1.2188	22080.7271	21481.0321	0	0
fresh-shift-22-conventional-d600	22	conventional	960	ce1549	0.8836	0.5725	1.5625	1.2500	22631.3200	22583.4032	0	0
fresh-shift-22-conventional-d600	22	conventional	960	ce1550	1.5152	0.4898	2.0000	0.9688	16161.1076	15964.4410	0	0
fresh-shift-22-conventional-d600	22	conventional	960	ce1551	1.4771	0.4591	2.2188	1.1875	24721.7597	24282.6220	0	0
fresh-shift-22-conventional-d600	22	conventional	960	ce1552	0.5644	0.3735	1.3750	1.1875	27020.1187	27134.0260	0	0
fresh-shift-22-conventional-d600	22	conventional	960	ce1553	0.7892	0.2933	1.5000	1.0000	23694.0013	23557.2640	0	0
fresh-shift-22-conventional-d600	22	conventional	960	ce1556	1.0623	0.5938	1.5000	1.0312	14587.5994	14580.4567	0	0
fresh-shift-22-conventional-d600	22	conventional	960	ce1557	1.2477	0.9810	1.9688	1.6562	24034.9658	22506.8361	0	0
fresh-shift-22-conventional-d600	22	conventional	960	ce1558	0.7353	0.7242	1.2812	1.2812	18196.6102	18569.0720	0	0
fresh-shift-22-conventional-d600	22	conventional	960	ce1560	1.8598	1.3657	2.3438	1.8750	16133.3282	16976.4278	0	0
fresh-shift-22-conventional-d600	22	conventional	960	ce1561	0.5708	0.1991	1.2500	0.8750	22640.7845	22531.6029	0	0
fresh-shift-22-conventional-d600	22	conventional	960	ce1562	0.6142	0.5935	1.2500	1.2188	21193.7032	20841.3305	0	1
fresh-shift-22-conventional-d600	22	conventional	960	ce1563	0.6652	0.7786	1.1562	1.2500	16369.1649	15713.3566	0	1
fresh-shift-22-conventional-d600	22	conventional	960	ce1565	1.7959	1.1171	2.4375	1.7500	21385.3940	21098.6840	0	0
fresh-shift-22-conventional-d600	22	conventional	960	ce1566	1.6076	0.8880	2.4062	1.6875	26623.2893	26652.1971	0	0
fresh-shift-22-conventional-d600	22	conventional	960	ce1567	0.6957	0.7608	1.0938	1.1562	13267.6064	13183.9549	0	0
fresh-shift-22-conventional-d600	22	conventional	960	ce1568	1.6193	0.6335	2.2500	1.2500	21021.4853	20551.6913	0	0
fresh-shift-22-conventional-d600	22	conventional	960	ce1569	0.6954	0.3677	1.2188	0.8750	17446.6042	16910.0774	0	1
fresh-shift-22-conventional-d600	22	conventional	960	ce1570	2.6004	0.9918	3.1250	1.5312	17485.9714	17983.3527	0	0
fresh-shift-22-conventional-d600	22	conventional	960	ce1574	2.8125	0.9977	3.3125	1.5000	16664.6650	16740.7073	0	0
fresh-shift-22-conventional-d600	22	conventional	960	ce1575	2.0061	0.7492	2.5312	1.2500	17505.3783	16692.5658	0	0
fresh-shift-22-conventional-d600	22	conventional	960	ce1578	1.4208	1.1681	2.1562	1.8750	24512.9457	23563.5562	0	0
fresh-shift-22-conventional-d600	22	conventional	960	ce1579	1.2292	0.6195	1.9688	1.3438	24652.6148	24141.4421	0	0
fresh-shift-22-conventional-d600	22	conventional	960	ce1582	1.9535	0.7686	2.7500	1.5625	26549.2519	26464.9515	0	0
fresh-shift-22-conventional-d600	22	conventional	960	ce1583	1.1798	0.9905	1.4062	1.2188	7546.8016	7609.2032	0	0
fresh-shift-22-conventional-d600	22	conventional	960	ce1584	1.8896	1.2845	2.4688	1.8750	19305.9126	19683.3394	0	0
fresh-shift-22-conventional-d600	22	conventional	960	ce1585	1.0560	0.6994	1.8438	1.4688	26256.7612	25644.1582	0	0
fresh-shift-22-conventional-d600	22	conventional	960	ce1588	0.7701	0.6756	1.1562	1.0625	12871.9532	12895.4146	0	0
fresh-shift-22-conventional-d600	22	conventional	960	ce1590	0.9609	1.0074	1.6562	1.6875	23176.2465	22668.4764	0	0
fresh-shift-22-conventional-d600	22	conventional	960	ce1591	1.1389	0.2304	1.7500	0.8438	20368.2343	20444.6642	0	0
fresh-shift-22-conventional-d600	22	conventional	960	ce1592	0.4809	0.5860	1.1250	1.1875	21469.7902	20051.1445	0	0
fresh-shift-22-conventional-d600	22	conventional	960	ce1594	0.9037	0.7793	1.4062	1.2812	16752.7805	16730.0760	0	0
fresh-shift-22-conventional-d600	22	conventional	960	ce1595	0.8880	0.5819	1.4062	1.1250	17276.0003	18100.9566	0	0
fresh-shift-22-conventional-d600	22	conventional	960	ce1597	1.0724	0.3171	1.6562	0.9375	19462.3939	20679.9226	0	0
fresh-shift-22-conventional-d600	22	conventional	960	ce1598	1.4405	0.8555	2.0625	1.4688	20734.1635	20441.2807	0	0
fresh-shift-22-conventional-d600	22	conventional	960	ce1599	0.5163	0.2623	0.9688	0.7188	15080.1513	15212.7424	0	0
fresh-shift-22-conventional-d600	22	conventional	960	ce1600	0.6024	0.4810	1.2188	1.0938	20547.7686	20423.5939	0	0
fresh-shift-22-conventional-d600	22	conventional	960	ce1601	1.9943	0.8764	2.5938	1.4688	19980.8511	19744.5313	0	0
fresh-shift-22-conventional-d600	22	conventional	960	ce1602	1.1858	0.6363	1.8438	1.2812	21934.6073	21497.1217	0	0
fresh-shift-22-conventional-d600	22	conventional	960	ce1603	1.0688	0.4975	1.6562	1.1250	19579.0701	20914.6657	0	0
fresh-shift-22-conventional-d600	22	conventional	960	ce1605	1.6641	0.3191	2.3125	0.9688	21614.9541	21655.8369	0	0
fresh-shift-22-conventional-d600	22	conventional	960	ce1607	0.9997	0.7532	1.6250	1.3750	20845.7857	20728.0552	0	0
fresh-shift-22-conventional-d600	22	conventional	960	ce1608	1.5958	0.8216	2.0625	1.2812	15557.9539	15321.2467	0	0
fresh-shift-22-conventional-d600	22	conventional	960	ce1609	0.7226	0.2611	1.4062	0.8750	22790.8351	20464.4031	0	1
fresh-shift-22-conventional-d600	22	conventional	960	ce1610	0.6684	0.4551	1.1562	0.9375	16261.3315	16077.9803	0	0
fresh-shift-22-conventional-d600	22	conventional	960	ce1611	1.3481	1.2846	2.1250	2.0625	25896.4482	25929.2912	0	0
fresh-shift-22-conventional-d600	22	conventional	960	ce1613	1.3889	0.9513	1.8750	1.4375	16204.1552	16205.3296	0	0
fresh-shift-22-conventional-d600	22	conventional	960	ce1614	0.7783	0.4155	1.4375	1.0625	21973.3485	21564.3305	0	0
fresh-shift-22-conventional-d600	22	conventional	960	ce1615	0.8772	0.7055	1.4375	1.2812	18674.9373	19191.5860	0	0
fresh-shift-22-conventional-d600	22	conventional	960	ce1616	0.9732	0.5844	1.5000	1.0938	17559.4503	16979.1803	0	1
fresh-shift-22-conventional-d600	22	conventional	960	ce1617	1.6275	0.7018	2.1562	1.2500	17625.2144	18272.4382	0	0
fresh-shift-22-conventional-d600	22	conventional	960	ce1619	1.3700	0.5858	2.0625	1.2812	23085.3048	23182.0364	0	0
fresh-shift-22-conventional-d600	22	conventional	960	ce1620	0.9779	0.9374	1.5625	1.5312	19485.5550	19796.0328	0	0
fresh-shift-22-conventional-d600	22	conventional	960	ce1621	0.9127	0.4345	1.5000	1.0000	19575.5173	18852.2957	0	1
fresh-shift-22-conventional-d600	22	conventional	960	ce1622	0.5205	0.1092	0.9375	0.5312	13899.7191	14068.9375	0	0
fresh-shift-22-conventional-d600	22	conventional	960	ce1623	1.1564	0.6833	1.7500	1.2812	19786.3184	19932.3458	0	0
