# garden MERGED J=32 from parts 0..15, 16..31: garden fresh-shift-16-conventional-d110 seed 16 conventional season 470 n=60 J=16 worlds=0..15 run=/tmp/rbt107-hrep/shift-16 work_cost=0.03 (97 s, workers 4) | garden fresh-shift-16-conventional-d110 seed 16 conventional season 470 n=60 J=16 worlds=16..31 run=/tmp/rbt107-hrep/shift-16 work_cost=0.03 (96 s, workers 4)
fresh-shift-16-conventional-d110	16	conventional	470	ce898	1.4915	0.6105	2.2812	1.3438	26324.1499	24439.2498	0	1
fresh-shift-16-conventional-d110	16	conventional	470	ce899	2.1009	1.1451	2.7812	1.8125	22677.5084	22246.8765	0	0
fresh-shift-16-conventional-d110	16	conventional	470	ce901	2.2389	1.6231	3.0000	2.3750	25369.1118	25066.0786	0	0
fresh-shift-16-conventional-d110	16	conventional	470	ce902	2.2129	1.0274	2.6562	1.4688	14778.6055	14709.4861	0	0
fresh-shift-16-conventional-d110	16	conventional	470	ce904	1.6660	1.0780	2.1875	1.5938	17384.1736	17188.9466	0	0
fresh-shift-16-conventional-d110	16	conventional	470	ce905	1.1334	0.7329	1.9375	1.5000	26803.2325	25571.2432	0	0
fresh-shift-16-conventional-d110	16	conventional	470	ce906	1.7492	0.4898	2.3125	1.0938	18774.9598	20134.0940	0	0
fresh-shift-16-conventional-d110	16	conventional	470	ce907	1.6319	1.1024	2.4062	1.8750	25811.7911	25752.8724	0	0
fresh-shift-16-conventional-d110	16	conventional	470	ce908	1.4738	0.6434	2.0312	1.1562	18582.3158	17093.7638	0	0
fresh-shift-16-conventional-d110	16	conventional	470	ce909	1.9550	1.0328	2.6562	1.6875	23376.1861	21824.6747	0	0
fresh-shift-16-conventional-d110	16	conventional	470	ce910	1.1696	0.7144	1.7188	1.2500	18306.9532	17852.1057	0	0
fresh-shift-16-conventional-d110	16	conventional	470	ce911	1.5392	0.6446	2.1875	1.2812	21610.9153	21219.9637	0	0
fresh-shift-16-conventional-d110	16	conventional	470	ce912	1.6907	1.2688	2.4062	1.9688	23850.2355	23331.2464	0	0
fresh-shift-16-conventional-d110	16	conventional	470	ce913	1.4782	1.3458	2.2188	2.0625	24686.0523	23891.2586	0	0
fresh-shift-16-conventional-d110	16	conventional	470	ce915	2.0568	1.1880	2.7812	1.9062	24150.5525	23943.6672	0	0
fresh-shift-16-conventional-d110	16	conventional	470	ce916	2.3387	1.0895	3.0000	1.7500	22044.3967	22019.0608	0	0
fresh-shift-16-conventional-d110	16	conventional	470	ce917	1.6122	0.8952	2.3438	1.6250	24382.1471	24326.3213	0	0
fresh-shift-16-conventional-d110	16	conventional	470	ce918	1.1874	0.8175	1.9688	1.5938	26046.0111	25875.2666	0	0
fresh-shift-16-conventional-d110	16	conventional	470	ce919	3.1918	1.5672	3.8750	2.2500	22771.8121	22761.4405	0	0
fresh-shift-16-conventional-d110	16	conventional	470	ce920	1.2475	0.9555	1.8125	1.5000	18833.4161	18151.0585	0	0
fresh-shift-16-conventional-d110	16	conventional	470	ce921	2.3418	0.8401	3.0312	1.5000	22982.6204	21994.8265	0	0
fresh-shift-16-conventional-d110	16	conventional	470	ce923	0.7963	0.3910	1.2500	0.8438	15121.8556	15092.6614	0	0
fresh-shift-16-conventional-d110	16	conventional	470	ce925	0.5397	0.4465	1.2812	1.1562	24716.1367	23658.3378	0	1
fresh-shift-16-conventional-d110	16	conventional	470	ce927	1.5518	1.0846	2.1562	1.6875	20148.5614	20097.6509	0	0
fresh-shift-16-conventional-d110	16	conventional	470	ce928	0.7020	0.6674	1.2812	1.2500	19308.5378	19420.0702	0	0
fresh-shift-16-conventional-d110	16	conventional	470	ce929	1.8801	1.4163	2.6562	2.1875	25870.6639	25705.8244	0	0
fresh-shift-16-conventional-d110	16	conventional	470	ce930	1.3923	1.3078	2.0000	1.9688	20253.8037	22029.9351	0	0
fresh-shift-16-conventional-d110	16	conventional	470	ce932	2.0907	1.0556	2.8125	1.7812	24060.0328	24186.7170	0	0
fresh-shift-16-conventional-d110	16	conventional	470	ce933	0.5587	0.1497	1.0000	0.5938	14710.8288	14801.4140	0	0
fresh-shift-16-conventional-d110	16	conventional	470	ce937	1.7890	1.0947	2.3438	1.6562	18491.0858	18720.2183	0	0
fresh-shift-16-conventional-d110	16	conventional	470	ce939	0.9572	0.6520	1.5000	1.1875	18094.6231	17850.9442	0	0
fresh-shift-16-conventional-d110	16	conventional	470	ce940	2.1410	0.8854	2.8750	1.5938	24466.4175	23612.7387	0	0
fresh-shift-16-conventional-d110	16	conventional	470	ce941	1.8457	1.0337	2.5938	1.7812	24934.6061	24916.3560	0	0
fresh-shift-16-conventional-d110	16	conventional	470	ce942	3.1272	1.1961	3.8125	1.8438	22843.6354	21588.5603	0	0
fresh-shift-16-conventional-d110	16	conventional	470	ce943	2.0548	1.6807	2.8438	2.4375	26298.6278	25223.4868	0	0
fresh-shift-16-conventional-d110	16	conventional	470	ce944	2.3083	1.6166	3.0625	2.3750	25141.8120	25282.8718	0	0
fresh-shift-16-conventional-d110	16	conventional	470	ce945	1.1161	0.6559	1.7500	1.2812	21128.8713	20846.4996	0	0
fresh-shift-16-conventional-d110	16	conventional	470	ce946	3.2165	1.2304	3.8438	1.8438	20909.1387	20442.4915	0	0
fresh-shift-16-conventional-d110	16	conventional	470	ce947	1.8758	1.2934	2.6562	2.0625	26015.0243	25634.9644	0	0
fresh-shift-16-conventional-d110	16	conventional	470	ce948	1.7125	0.6949	2.1875	1.1562	15834.8470	15378.7281	0	0
fresh-shift-16-conventional-d110	16	conventional	470	ce949	1.5860	0.5760	2.4062	1.3750	27340.1267	26632.2977	0	0
fresh-shift-16-conventional-d110	16	conventional	470	ce952	1.1514	1.4772	1.7812	2.1250	20998.0921	21593.3950	0	0
fresh-shift-16-conventional-d110	16	conventional	470	ce954	2.3253	1.5999	3.0625	2.3125	24574.0828	23751.9512	0	0
fresh-shift-16-conventional-d110	16	conventional	470	ce955	2.0842	1.0604	2.6875	1.6562	20108.0546	19862.0425	0	0
fresh-shift-16-conventional-d110	16	conventional	470	ce956	2.5856	1.1883	3.1875	1.7812	20065.2402	19763.8687	0	0
fresh-shift-16-conventional-d110	16	conventional	470	ce957	1.4004	1.0312	2.0312	1.6562	21028.8912	20834.5019	0	0
fresh-shift-16-conventional-d110	16	conventional	470	ce958	1.8039	1.0375	2.3750	1.6250	19038.1989	19584.5169	0	0
fresh-shift-16-conventional-d110	16	conventional	470	ce959	0.7065	0.1381	1.2812	0.7188	19159.3755	19357.5713	0	0
fresh-shift-16-conventional-d110	16	conventional	470	ce960	1.3356	0.8076	2.1250	1.5938	26313.1488	26205.2336	0	0
fresh-shift-16-conventional-d110	16	conventional	470	ce961	1.4464	1.0355	2.0938	1.6875	21578.7009	21732.8676	0	0
fresh-shift-16-conventional-d110	16	conventional	470	ce963	2.2114	1.0160	2.8438	1.6562	21077.7216	21339.7023	0	0
fresh-shift-16-conventional-d110	16	conventional	470	ce965	1.9540	1.3323	2.6875	2.0625	24447.5296	24338.4298	0	0
fresh-shift-16-conventional-d110	16	conventional	470	ce966	2.3996	1.0057	3.0312	1.5938	21053.3944	19600.7888	0	1
fresh-shift-16-conventional-d110	16	conventional	470	ce967	2.3805	1.5360	2.5938	1.7812	7109.0657	8175.5857	0	0
fresh-shift-16-conventional-d110	16	conventional	470	ce968	1.8186	0.6795	2.5312	1.3750	23755.9336	23181.6554	0	0
fresh-shift-16-conventional-d110	16	conventional	470	ce969	2.3203	1.3138	3.0000	2.0000	22657.0118	22871.6730	0	0
fresh-shift-16-conventional-d110	16	conventional	470	ce970	2.0322	1.1172	2.7812	1.8750	24966.8696	25257.0366	0	0
fresh-shift-16-conventional-d110	16	conventional	470	ce972	0.7848	0.7493	1.3125	1.2812	17592.7624	17732.3686	0	0
fresh-shift-16-conventional-d110	16	conventional	470	ce973	0.7164	0.5867	1.4688	1.3438	25079.3694	25232.2243	0	0
fresh-shift-16-conventional-d110	16	conventional	470	ce974	1.7713	0.9554	2.5312	1.6875	25330.2170	24402.8403	0	0
