# garden MERGED J=32 from parts 0..15, 16..31: garden fresh-cull20-22-conventional-d600 seed 22 conventional season 960 n=60 J=16 worlds=0..15 run=/tmp/rbt107-h1/cull20-22 work_cost=0.03 (121 s, workers 4) | garden fresh-cull20-22-conventional-d600 seed 22 conventional season 960 n=60 J=16 worlds=16..31 run=/tmp/rbt107-h1/cull20-22 work_cost=0.03 (121 s, workers 4)
fresh-cull20-22-conventional-d600	22	conventional	960	ce1681	0.9639	0.3932	1.6250	1.0625	22035.4168	22308.1726	0	0
fresh-cull20-22-conventional-d600	22	conventional	960	ce1682	2.7439	0.7478	3.2188	1.2188	15829.4420	15697.5488	0	0
fresh-cull20-22-conventional-d600	22	conventional	960	ce1684	1.8645	0.9864	2.1250	1.2500	8684.2084	8787.9063	0	0
fresh-cull20-22-conventional-d600	22	conventional	960	ce1687	2.3080	1.0634	2.7500	1.5000	14731.3881	14555.0985	0	0
fresh-cull20-22-conventional-d600	22	conventional	960	ce1688	1.1737	0.3173	1.9062	1.0312	24417.2229	23796.3444	0	1
fresh-cull20-22-conventional-d600	22	conventional	960	ce1692	2.3917	0.8149	3.0312	1.4688	21318.5072	21796.3893	0	0
fresh-cull20-22-conventional-d600	22	conventional	960	ce1693	2.3757	1.1099	2.8438	1.5625	15601.4402	15088.0190	0	1
fresh-cull20-22-conventional-d600	22	conventional	960	ce1694	1.2244	0.9138	1.7500	1.4375	17522.9972	17459.2781	0	0
fresh-cull20-22-conventional-d600	22	conventional	960	ce1696	0.8273	0.3090	1.5312	1.0000	23464.3502	23033.2418	0	0
fresh-cull20-22-conventional-d600	22	conventional	960	ce1698	1.4485	0.5041	2.1250	1.1875	22550.3633	22778.3809	0	0
fresh-cull20-22-conventional-d600	22	conventional	960	ce1700	2.0595	0.7235	2.6875	1.3438	20933.2836	20677.0333	0	0
fresh-cull20-22-conventional-d600	22	conventional	960	ce1701	2.0129	0.8854	2.6875	1.5625	22488.4728	22568.2064	0	0
fresh-cull20-22-conventional-d600	22	conventional	960	ce1702	1.0266	0.6175	1.2500	0.8438	7446.6640	7542.5669	0	0
fresh-cull20-22-conventional-d600	22	conventional	960	ce1704	0.7996	0.6146	1.2188	1.0312	13971.7537	13888.5569	0	1
fresh-cull20-22-conventional-d600	22	conventional	960	ce1707	1.5235	0.8895	2.1562	1.4688	21091.1892	19307.5871	0	0
fresh-cull20-22-conventional-d600	22	conventional	960	ce1709	1.1047	0.7006	1.4062	1.0000	10051.6055	9979.5828	0	0
fresh-cull20-22-conventional-d600	22	conventional	960	ce1711	0.5736	0.2930	1.0625	0.7812	16294.4299	16274.5069	0	0
fresh-cull20-22-conventional-d600	22	conventional	960	ce1712	1.4430	1.2671	2.1250	1.9688	22732.4814	23387.7897	0	0
fresh-cull20-22-conventional-d600	22	conventional	960	ce1715	1.0242	0.6828	1.7500	1.4062	24195.5314	24113.6548	0	0
fresh-cull20-22-conventional-d600	22	conventional	960	ce1716	1.8502	1.1919	2.0938	1.4375	8116.7982	8185.4883	0	0
fresh-cull20-22-conventional-d600	22	conventional	960	ce1720	2.6047	1.2309	3.0625	1.6875	15259.9697	15220.9114	0	0
fresh-cull20-22-conventional-d600	22	conventional	960	ce1721	0.8490	0.2577	1.1875	0.5938	11283.1257	11202.4139	0	0
fresh-cull20-22-conventional-d600	22	conventional	960	ce1725	1.8836	0.8282	2.2188	1.1875	11169.2220	11976.4395	0	0
fresh-cull20-22-conventional-d600	22	conventional	960	ce1730	0.3307	0.2682	0.7188	0.6562	12936.1865	12933.8678	0	0
fresh-cull20-22-conventional-d600	22	conventional	960	ce1732	1.3309	0.8595	1.6250	1.1562	9802.5691	9892.6236	0	0
fresh-cull20-22-conventional-d600	22	conventional	960	ce1733	1.2234	0.5988	1.8438	1.2188	20677.1643	20664.9662	0	0
fresh-cull20-22-conventional-d600	22	conventional	960	ce1735	0.9281	0.6233	1.6250	1.3125	23232.8679	22970.7741	0	0
fresh-cull20-22-conventional-d600	22	conventional	960	ce1736	1.0089	0.4127	1.4375	0.8438	14286.5042	14368.0673	0	0
fresh-cull20-22-conventional-d600	22	conventional	960	ce1737	2.4159	1.3394	2.9375	1.8750	17386.2297	17851.3060	0	0
fresh-cull20-22-conventional-d600	22	conventional	960	ce1738	1.5719	0.3278	2.2188	0.9688	21560.8541	21363.9859	0	0
fresh-cull20-22-conventional-d600	22	conventional	960	ce1742	2.0229	0.9924	2.2812	1.2500	8614.4123	8587.4886	0	0
fresh-cull20-22-conventional-d600	22	conventional	960	ce1743	2.2610	1.1682	2.7500	1.6875	16301.3308	17310.8644	0	0
fresh-cull20-22-conventional-d600	22	conventional	960	ce1744	1.5149	0.9896	1.9375	1.4062	14086.6879	13889.9107	0	0
fresh-cull20-22-conventional-d600	22	conventional	960	ce1745	2.2862	0.7834	2.6562	1.1562	12336.6502	12426.4598	0	0
fresh-cull20-22-conventional-d600	22	conventional	960	ce1747	1.1380	0.6992	1.8750	1.4375	24566.8979	24608.5071	0	0
fresh-cull20-22-conventional-d600	22	conventional	960	ce1748	0.5300	0.7918	1.2188	1.5000	22960.3191	23607.3724	0	0
fresh-cull20-22-conventional-d600	22	conventional	960	ce1750	3.0482	1.1001	3.5000	1.5625	15058.3692	15412.3031	0	0
fresh-cull20-22-conventional-d600	22	conventional	960	ce1752	1.7422	1.2754	2.2500	1.7812	16926.9589	16860.4260	0	0
fresh-cull20-22-conventional-d600	22	conventional	960	ce1753	0.6696	0.5478	1.2188	1.0938	18306.9082	18197.4184	0	0
fresh-cull20-22-conventional-d600	22	conventional	960	ce1754	1.0917	0.8357	1.4688	1.2188	12566.5680	12770.0537	0	0
fresh-cull20-22-conventional-d600	22	conventional	960	ce1755	0.7306	0.5515	1.0938	0.9062	12106.0619	11824.1244	0	0
fresh-cull20-22-conventional-d600	22	conventional	960	ce1758	1.5365	0.8996	2.2188	1.5938	22741.4968	23139.3275	0	0
fresh-cull20-22-conventional-d600	22	conventional	960	ce1759	1.0669	0.2326	1.7188	0.8750	21729.9310	21412.9100	0	1
fresh-cull20-22-conventional-d600	22	conventional	960	ce1761	0.7054	0.2532	1.2500	0.7500	18154.1433	16559.0765	0	0
fresh-cull20-22-conventional-d600	22	conventional	960	ce1762	2.7974	0.9171	3.2812	1.4062	16127.5431	16303.5975	0	0
fresh-cull20-22-conventional-d600	22	conventional	960	ce1764	1.6755	1.0230	2.4375	1.7812	25399.8975	25274.7149	0	0
fresh-cull20-22-conventional-d600	22	conventional	960	ce1767	0.3156	0.1593	0.6562	0.5000	11354.3389	11356.8705	0	0
fresh-cull20-22-conventional-d600	22	conventional	960	ce1769	0.4035	0.3748	0.9062	0.8750	16760.8579	16673.0468	0	0
fresh-cull20-22-conventional-d600	22	conventional	960	ce1770	1.4866	0.7337	1.8750	1.1250	12948.0603	13045.2712	0	0
fresh-cull20-22-conventional-d600	22	conventional	960	ce1771	1.0385	0.4804	1.6875	1.1250	21635.5327	21485.1782	0	0
fresh-cull20-22-conventional-d600	22	conventional	960	ce1773	2.0529	0.6814	2.2812	0.9062	7612.0398	7494.6164	0	0
fresh-cull20-22-conventional-d600	22	conventional	960	ce1774	1.4727	0.5948	2.0625	1.2188	19660.1285	20799.6229	0	0
fresh-cull20-22-conventional-d600	22	conventional	960	ce1775	1.9673	1.0875	2.3750	1.5000	13590.9488	13752.7002	0	0
fresh-cull20-22-conventional-d600	22	conventional	960	ce1776	1.8707	0.7459	2.3750	1.2500	16810.2977	16804.1841	0	0
fresh-cull20-22-conventional-d600	22	conventional	960	ce1777	0.1399	-0.0856	0.5625	0.3438	14087.4451	14311.8564	0	0
fresh-cull20-22-conventional-d600	22	conventional	960	ce1778	0.4017	0.0566	0.9688	0.6250	18900.2369	18948.1373	0	0
fresh-cull20-22-conventional-d600	22	conventional	960	ce1779	1.5724	0.8285	2.2812	1.5312	23627.5855	23425.2569	0	0
fresh-cull20-22-conventional-d600	22	conventional	960	ce1780	0.3689	0.1809	0.6562	0.4688	9579.9986	9595.7072	0	0
fresh-cull20-22-conventional-d600	22	conventional	960	ce1781	0.0793	-0.0121	0.6562	0.5625	19231.4960	19153.5553	0	0
fresh-cull20-22-conventional-d600	22	conventional	960	ce1782	1.1443	0.3302	1.4688	0.7188	10813.9638	12951.1442	0	0
