# garden MERGED J=32 from parts 0..15, 16..31: garden fresh-cull20-17-holistic-d600 seed 17 holistic season 960 n=60 J=16 worlds=0..15 run=/tmp/rbt107-h1/cull20-17 work_cost=0.03 (80 s, workers 4) | garden fresh-cull20-17-holistic-d600 seed 17 holistic season 960 n=60 J=16 worlds=16..31 run=/tmp/rbt107-h1/cull20-17 work_cost=0.03 (80 s, workers 4)
fresh-cull20-17-holistic-d600	17	holistic	960	he1451	1.9977	1.4352	2.1562	1.5938	5282.4597	5284.1614	0	0
fresh-cull20-17-holistic-d600	17	holistic	960	he1454	1.3909	0.9527	1.5938	1.1562	6760.8570	6782.5568	0	0
fresh-cull20-17-holistic-d600	17	holistic	960	he1455	1.1341	0.8454	1.2812	1.0000	4902.9139	5154.4382	0	0
fresh-cull20-17-holistic-d600	17	holistic	960	he1456	0.6082	0.7708	0.9375	1.0938	10974.1884	10764.5173	0	0
fresh-cull20-17-holistic-d600	17	holistic	960	he1458	0.8462	0.8160	1.0000	0.9688	5127.0528	5093.0968	0	0
fresh-cull20-17-holistic-d600	17	holistic	960	he1459	0.9490	0.6123	1.0000	0.6562	1698.0277	1463.2805	0	0
fresh-cull20-17-holistic-d600	17	holistic	960	he1460	1.7930	1.6738	1.9062	1.7812	3776.1204	3581.2244	0	0
fresh-cull20-17-holistic-d600	17	holistic	960	he1461	1.9989	2.0023	2.1250	2.1250	4204.2557	4091.0913	0	0
fresh-cull20-17-holistic-d600	17	holistic	960	he1462	0.7505	0.7516	0.9062	0.9062	5192.1472	5155.8921	0	0
fresh-cull20-17-holistic-d600	17	holistic	960	he1463	1.4529	1.0806	1.5625	1.1875	3653.1783	3562.6321	0	0
fresh-cull20-17-holistic-d600	17	holistic	960	he1464	1.4180	1.5418	1.5938	1.7188	5857.6586	5898.5646	0	0
fresh-cull20-17-holistic-d600	17	holistic	960	he1465	1.4695	1.2521	1.5938	1.3750	4139.9531	4097.7885	0	0
fresh-cull20-17-holistic-d600	17	holistic	960	he1466	1.0871	0.9667	1.1875	1.0625	3345.3971	3191.3416	0	0
fresh-cull20-17-holistic-d600	17	holistic	960	he1467	1.3906	1.2038	1.5938	1.4062	6773.1454	6750.2105	0	0
fresh-cull20-17-holistic-d600	17	holistic	960	he1469	1.2877	1.4507	1.4688	1.6250	6033.2306	5807.2384	0	0
fresh-cull20-17-holistic-d600	17	holistic	960	he1472	0.5783	0.8284	0.8438	1.0938	8846.4808	8845.4254	0	0
fresh-cull20-17-holistic-d600	17	holistic	960	he1473	1.6894	1.3479	2.1250	1.7812	14519.7649	14443.0128	0	0
fresh-cull20-17-holistic-d600	17	holistic	960	he1474	0.6713	0.5756	0.7500	0.6562	2623.3084	2685.1647	0	0
fresh-cull20-17-holistic-d600	17	holistic	960	he1476	1.9480	1.5181	2.0625	1.6250	3814.1996	3560.7667	0	0
fresh-cull20-17-holistic-d600	17	holistic	960	he1477	2.2165	1.8785	2.3438	2.0000	4242.7941	4047.9653	0	0
fresh-cull20-17-holistic-d600	17	holistic	960	he1478	1.3632	1.3061	1.4688	1.4062	3517.6489	3337.7781	0	0
fresh-cull20-17-holistic-d600	17	holistic	960	he1479	2.2826	2.0708	2.5000	2.2812	7248.4813	7016.3118	0	0
fresh-cull20-17-holistic-d600	17	holistic	960	he1480	0.6144	0.8145	0.8125	1.0000	6604.1709	6183.2818	0	0
fresh-cull20-17-holistic-d600	17	holistic	960	he1481	0.7931	0.7690	0.8438	0.8125	1688.7422	1453.0257	0	0
fresh-cull20-17-holistic-d600	17	holistic	960	he1482	0.7631	0.5728	1.0000	0.7812	7895.4299	6946.5621	0	0
fresh-cull20-17-holistic-d600	17	holistic	960	he1483	1.6595	1.2540	1.7812	1.3750	4057.7296	4031.5197	0	0
fresh-cull20-17-holistic-d600	17	holistic	960	he1484	1.4494	0.9562	1.5312	1.0312	2727.8899	2502.2264	0	0
fresh-cull20-17-holistic-d600	17	holistic	960	he1485	1.7456	1.6843	1.9375	1.8750	6394.6592	6359.6470	0	0
fresh-cull20-17-holistic-d600	17	holistic	960	he1486	1.2253	1.3513	1.3438	1.4688	3949.1423	3913.7896	0	0
fresh-cull20-17-holistic-d600	17	holistic	960	he1487	0.0920	0.1542	0.0938	0.1562	60.9347	65.8700	0	0
fresh-cull20-17-holistic-d600	17	holistic	960	he1488	1.2583	0.7928	1.3438	0.8750	2848.2481	2740.1051	0	0
fresh-cull20-17-holistic-d600	17	holistic	960	he1489	1.9767	1.2283	2.1875	1.4375	7026.4155	6971.0621	0	0
fresh-cull20-17-holistic-d600	17	holistic	960	he1490	1.9157	1.7941	2.0625	1.9375	4894.8108	4778.2077	0	0
fresh-cull20-17-holistic-d600	17	holistic	960	he1491	1.0533	0.5643	1.0938	0.5938	1348.7549	984.3182	0	0
fresh-cull20-17-holistic-d600	17	holistic	960	he1492	3.4061	2.5986	3.5938	2.7812	6256.0333	6089.5585	0	0
fresh-cull20-17-holistic-d600	17	holistic	960	he1493	1.4484	1.1099	1.5312	1.1875	2764.3890	2588.6308	0	0
fresh-cull20-17-holistic-d600	17	holistic	960	he1494	1.7213	1.5371	1.8125	1.6250	3040.6559	2929.9787	0	0
fresh-cull20-17-holistic-d600	17	holistic	960	he1496	1.4232	0.8919	1.6250	1.0938	6726.7658	6730.2937	0	0
fresh-cull20-17-holistic-d600	17	holistic	960	he1497	1.6378	1.0742	1.7500	1.1875	3741.1199	3776.9239	0	0
fresh-cull20-17-holistic-d600	17	holistic	960	he1498	0.7063	0.7241	0.9375	0.9375	7706.6128	7114.1421	0	0
fresh-cull20-17-holistic-d600	17	holistic	960	he1499	0.9829	1.2586	1.1562	1.4375	5780.2867	5965.6968	0	0
fresh-cull20-17-holistic-d600	17	holistic	960	he1500	2.1246	1.5936	2.3438	1.8125	7304.3897	7298.0738	0	0
fresh-cull20-17-holistic-d600	17	holistic	960	he1501	2.6844	2.1288	2.8750	2.3125	6353.1084	6122.7373	0	0
fresh-cull20-17-holistic-d600	17	holistic	960	he1502	1.4590	0.7087	1.6875	0.9375	7616.7949	7625.9108	0	0
fresh-cull20-17-holistic-d600	17	holistic	960	he1503	1.3444	1.4716	1.4688	1.5938	4142.3884	4071.4666	0	0
fresh-cull20-17-holistic-d600	17	holistic	960	he1504	0.8626	0.5858	1.0625	0.7812	6661.6007	6515.4176	0	0
fresh-cull20-17-holistic-d600	17	holistic	960	he1505	0.9587	0.8982	1.1562	1.0938	6584.4200	6519.7963	0	0
fresh-cull20-17-holistic-d600	17	holistic	960	he1506	1.3769	1.2511	1.5312	1.4062	5142.8117	5170.8582	0	0
fresh-cull20-17-holistic-d600	17	holistic	960	he1507	0.6693	0.6440	0.7188	0.6875	1648.7428	1452.5534	0	0
fresh-cull20-17-holistic-d600	17	holistic	960	he1508	1.2654	1.0509	1.4688	1.2500	6776.4702	6637.0559	0	0
fresh-cull20-17-holistic-d600	17	holistic	960	he1509	2.3656	2.0576	2.5312	2.2188	5522.9446	5372.5588	0	0
fresh-cull20-17-holistic-d600	17	holistic	960	he1510	1.9343	1.8097	2.1250	2.0000	6357.6257	6344.4792	0	0
fresh-cull20-17-holistic-d600	17	holistic	960	he1511	1.4812	1.0040	1.5312	1.0312	1666.7748	910.0282	0	1
fresh-cull20-17-holistic-d600	17	holistic	960	he1512	1.7919	1.3309	1.9062	1.4375	3811.1353	3552.5246	0	0
fresh-cull20-17-holistic-d600	17	holistic	960	he1513	0.1875	0.0000	0.1875	0.0000	0.0000	0.0000	0	0
fresh-cull20-17-holistic-d600	17	holistic	960	he1514	1.4059	1.4352	1.5312	1.5625	4178.4699	4244.2900	0	0
fresh-cull20-17-holistic-d600	17	holistic	960	he1515	1.7081	1.3433	1.9062	1.5312	6605.4621	6264.9353	0	0
fresh-cull20-17-holistic-d600	17	holistic	960	he1516	1.0571	0.7141	1.2812	0.9375	7471.6778	7444.9595	0	0
fresh-cull20-17-holistic-d600	17	holistic	960	he1517	-0.0008	-0.0008	0.0000	0.0000	27.8386	26.8434	0	0
fresh-cull20-17-holistic-d600	17	holistic	960	he1518	0.8395	0.6287	1.0312	0.8125	6392.2103	6126.8068	0	0
