# garden MERGED J=32 from parts 0..15, 16..31: garden fresh-base-23-conventional-d800 seed 23 conventional season 1160 n=60 J=16 worlds=0..15 run=/tmp/rbt107-h1/base-23 work_cost=0.03 (105 s, workers 4) | garden fresh-base-23-conventional-d800 seed 23 conventional season 1160 n=60 J=16 worlds=16..31 run=/tmp/rbt107-h1/base-23 work_cost=0.03 (106 s, workers 4)
fresh-base-23-conventional-d800	23	conventional	1160	ce2070	1.6642	0.9794	2.4375	1.7500	25777.8295	25684.4584	0	0
fresh-base-23-conventional-d800	23	conventional	1160	ce2071	0.8341	0.4451	1.5312	1.1562	23238.8584	23706.2503	0	0
fresh-base-23-conventional-d800	23	conventional	1160	ce2072	2.0495	1.0799	2.8125	1.8125	25434.1717	24420.6690	0	1
fresh-base-23-conventional-d800	23	conventional	1160	ce2073	2.2355	0.8330	2.9375	1.5312	23403.0946	23275.3202	0	0
fresh-base-23-conventional-d800	23	conventional	1160	ce2074	1.0647	0.8947	1.7188	1.5625	21801.1948	22260.6836	0	0
fresh-base-23-conventional-d800	23	conventional	1160	ce2075	2.4160	1.2603	3.1562	2.0000	24675.7450	24657.5683	0	0
fresh-base-23-conventional-d800	23	conventional	1160	ce2079	2.5191	0.8252	3.0312	1.3438	17069.1033	17286.2006	0	0
fresh-base-23-conventional-d800	23	conventional	1160	ce2080	1.4684	1.0920	2.2500	1.8750	26053.5904	26099.1687	0	0
fresh-base-23-conventional-d800	23	conventional	1160	ce2083	1.1660	0.3022	1.8125	0.9375	21549.0989	21176.5887	0	0
fresh-base-23-conventional-d800	23	conventional	1160	ce2084	1.5117	0.6387	2.3438	1.4688	27732.0307	27668.5425	0	0
fresh-base-23-conventional-d800	23	conventional	1160	ce2085	1.6409	0.7722	2.3750	1.5000	24470.5379	24260.5407	0	0
fresh-base-23-conventional-d800	23	conventional	1160	ce2087	1.7450	1.2777	2.4688	2.0000	24122.7536	24077.7679	0	0
fresh-base-23-conventional-d800	23	conventional	1160	ce2088	1.7913	1.5034	2.4688	2.1875	22582.7520	22803.1244	0	0
fresh-base-23-conventional-d800	23	conventional	1160	ce2089	2.7311	1.6074	3.5000	2.3750	25629.6369	25588.8189	0	0
fresh-base-23-conventional-d800	23	conventional	1160	ce2090	1.0514	0.5943	1.7188	1.2812	22246.6371	22897.7225	0	0
fresh-base-23-conventional-d800	23	conventional	1160	ce2092	1.3468	0.7340	1.9375	1.3125	19687.7539	19280.6516	0	0
fresh-base-23-conventional-d800	23	conventional	1160	ce2094	1.9453	1.3003	2.7188	2.0625	25781.3979	25404.9347	0	0
fresh-base-23-conventional-d800	23	conventional	1160	ce2095	1.8645	1.3567	2.5625	2.0625	23267.8762	23525.1140	0	0
fresh-base-23-conventional-d800	23	conventional	1160	ce2096	2.7127	1.3065	3.4062	2.0000	23116.4935	23115.7284	0	0
fresh-base-23-conventional-d800	23	conventional	1160	ce2097	1.9690	1.1002	2.6250	1.7500	21863.7005	21658.4307	0	0
fresh-base-23-conventional-d800	23	conventional	1160	ce2100	0.9679	0.9351	1.6250	1.5938	21901.6870	21953.5817	0	0
fresh-base-23-conventional-d800	23	conventional	1160	ce2102	2.2220	1.5603	2.9375	2.2812	23848.5457	24031.6149	0	0
fresh-base-23-conventional-d800	23	conventional	1160	ce2104	2.5955	0.9334	3.3125	1.6562	23901.1228	24095.9458	0	0
fresh-base-23-conventional-d800	23	conventional	1160	ce2105	2.2354	0.9821	3.0000	1.7500	25486.7113	25598.3959	0	0
fresh-base-23-conventional-d800	23	conventional	1160	ce2112	2.7268	1.0732	3.5000	1.8438	25775.6313	25685.2592	0	0
fresh-base-23-conventional-d800	23	conventional	1160	ce2113	2.7473	1.7248	3.5000	2.4688	25088.8609	24795.6184	0	0
fresh-base-23-conventional-d800	23	conventional	1160	ce2114	2.4299	0.7714	3.1875	1.5312	25253.0540	25326.6528	0	0
fresh-base-23-conventional-d800	23	conventional	1160	ce2116	1.3697	0.7698	2.0625	1.4688	23094.1822	23298.0677	0	0
fresh-base-23-conventional-d800	23	conventional	1160	ce2117	4.0520	1.3742	4.8125	2.1250	25349.8514	25026.9576	0	0
fresh-base-23-conventional-d800	23	conventional	1160	ce2120	1.8648	0.9174	2.5312	1.5938	22214.5562	22545.3244	0	0
fresh-base-23-conventional-d800	23	conventional	1160	ce2121	2.1142	1.5802	2.8438	2.3125	24318.6159	24409.6108	0	0
fresh-base-23-conventional-d800	23	conventional	1160	ce2125	2.9957	1.2439	3.7500	2.0000	25143.7360	25204.4002	0	0
fresh-base-23-conventional-d800	23	conventional	1160	ce2127	2.2611	1.0783	3.0312	1.8438	25672.1469	25514.7712	0	0
fresh-base-23-conventional-d800	23	conventional	1160	ce2129	2.6878	1.1007	3.4375	1.8438	24992.3843	24765.5370	0	0
fresh-base-23-conventional-d800	23	conventional	1160	ce2130	2.1280	0.9989	2.7188	1.5938	19691.8812	19831.2174	0	0
fresh-base-23-conventional-d800	23	conventional	1160	ce2132	1.9973	0.1343	2.8125	0.9375	27170.8090	26774.4536	0	0
fresh-base-23-conventional-d800	23	conventional	1160	ce2136	1.2229	0.6916	1.9062	1.3750	22776.9579	22778.8944	0	0
fresh-base-23-conventional-d800	23	conventional	1160	ce2137	2.7318	0.8965	3.4688	1.6250	24564.0421	24280.9027	0	0
fresh-base-23-conventional-d800	23	conventional	1160	ce2138	1.5618	0.9053	2.2812	1.6250	23981.6003	23988.4878	0	0
fresh-base-23-conventional-d800	23	conventional	1160	ce2139	0.7016	0.5798	1.4688	1.3438	25573.0435	25462.7140	0	0
fresh-base-23-conventional-d800	23	conventional	1160	ce2140	1.9337	1.3122	2.7188	2.0938	26170.2313	26054.1199	0	0
fresh-base-23-conventional-d800	23	conventional	1160	ce2142	2.1505	1.3687	2.9375	2.1562	26236.1123	26253.2149	0	0
fresh-base-23-conventional-d800	23	conventional	1160	ce2143	2.2494	1.3550	3.0312	2.1250	26060.6385	25664.8788	0	0
fresh-base-23-conventional-d800	23	conventional	1160	ce2144	3.4016	1.5552	4.1250	2.2812	24112.9866	24201.8729	0	0
fresh-base-23-conventional-d800	23	conventional	1160	ce2145	1.2142	0.9988	1.9062	1.6875	23070.5186	22956.6655	0	0
fresh-base-23-conventional-d800	23	conventional	1160	ce2146	0.6689	0.9811	1.3750	1.6875	23539.7474	23546.4238	0	0
fresh-base-23-conventional-d800	23	conventional	1160	ce2149	2.7145	1.5010	3.5000	2.2812	26183.3520	26008.9209	0	0
fresh-base-23-conventional-d800	23	conventional	1160	ce2150	1.6402	0.8256	2.3750	1.5625	24491.5899	24564.0472	0	0
fresh-base-23-conventional-d800	23	conventional	1160	ce2153	2.5067	1.2299	3.2188	1.9375	23736.0566	23587.5170	0	1
fresh-base-23-conventional-d800	23	conventional	1160	ce2156	1.8625	1.4263	2.5938	2.1562	24376.7908	24334.2333	0	0
fresh-base-23-conventional-d800	23	conventional	1160	ce2157	1.1732	0.5476	1.8125	1.1875	21308.2855	21329.1640	0	0
fresh-base-23-conventional-d800	23	conventional	1160	ce2158	1.9443	1.0637	2.6875	1.8125	24772.9983	24960.2140	0	0
fresh-base-23-conventional-d800	23	conventional	1160	ce2159	2.3081	1.1510	3.0625	1.9062	25146.6511	25171.9993	0	0
fresh-base-23-conventional-d800	23	conventional	1160	ce2161	2.0989	1.2561	2.7812	1.9375	22743.8139	22715.2385	0	0
fresh-base-23-conventional-d800	23	conventional	1160	ce2162	2.1189	1.0293	2.8438	1.7500	24161.5984	24024.0712	0	0
fresh-base-23-conventional-d800	23	conventional	1160	ce2163	2.7363	0.9315	3.5000	1.6875	25454.8582	25202.7026	0	0
fresh-base-23-conventional-d800	23	conventional	1160	ce2164	1.2975	0.4738	2.0000	1.1875	23415.2786	23792.0351	0	0
fresh-base-23-conventional-d800	23	conventional	1160	ce2166	3.0618	1.0989	3.6875	1.7188	20856.6517	20661.4549	0	0
fresh-base-23-conventional-d800	23	conventional	1160	ce2168	0.9345	0.5558	1.7188	1.3438	26138.9829	26264.8518	0	0
fresh-base-23-conventional-d800	23	conventional	1160	ce2169	0.5722	0.4777	1.3438	1.2500	25719.1110	25744.8354	0	0
