# garden MERGED J=32 from parts 0..15, 16..31: garden fresh-shift-22-conventional-d800 seed 22 conventional season 1160 n=60 J=16 worlds=0..15 run=/tmp/rbt107-h1/shift-22 work_cost=0.03 (125 s, workers 4) | garden fresh-shift-22-conventional-d800 seed 22 conventional season 1160 n=60 J=16 worlds=16..31 run=/tmp/rbt107-h1/shift-22 work_cost=0.03 (126 s, workers 4)
fresh-shift-22-conventional-d800	22	conventional	1160	ce1819	1.4659	0.6968	2.0625	1.2812	19884.6635	19480.2772	0	0
fresh-shift-22-conventional-d800	22	conventional	1160	ce1820	1.4108	1.1597	1.8438	1.5938	14432.0531	14470.6781	0	0
fresh-shift-22-conventional-d800	22	conventional	1160	ce1823	1.5189	1.3061	2.1250	1.8750	20203.5586	18960.4987	0	0
fresh-shift-22-conventional-d800	22	conventional	1160	ce1824	1.7420	0.5297	2.4375	1.2188	23185.6992	22968.8631	0	0
fresh-shift-22-conventional-d800	22	conventional	1160	ce1826	1.3721	0.9384	1.9062	1.4688	17805.5543	17679.4440	0	0
fresh-shift-22-conventional-d800	22	conventional	1160	ce1827	0.9288	0.5906	1.1875	0.8438	8620.7357	8439.1896	0	0
fresh-shift-22-conventional-d800	22	conventional	1160	ce1828	0.4457	0.3423	0.9062	0.8125	15351.2265	15674.3419	0	0
fresh-shift-22-conventional-d800	22	conventional	1160	ce1829	1.1553	0.7425	1.5625	1.1562	13573.8736	13791.6380	0	0
fresh-shift-22-conventional-d800	22	conventional	1160	ce1831	1.3499	0.6957	1.9375	1.2812	19584.4898	19516.6185	0	0
fresh-shift-22-conventional-d800	22	conventional	1160	ce1832	0.4959	0.3473	1.0938	0.8750	19928.7476	17586.9378	0	0
fresh-shift-22-conventional-d800	22	conventional	1160	ce1833	0.5247	0.5859	0.7188	0.7812	6468.3476	6511.4068	0	0
fresh-shift-22-conventional-d800	22	conventional	1160	ce1834	1.4646	1.2494	1.9688	1.7500	16806.7259	16686.1482	0	0
fresh-shift-22-conventional-d800	22	conventional	1160	ce1835	1.5108	1.1055	2.2500	1.8438	24640.5297	24609.8150	0	0
fresh-shift-22-conventional-d800	22	conventional	1160	ce1836	1.6482	0.6769	2.4688	1.5000	27350.2144	27436.3822	0	0
fresh-shift-22-conventional-d800	22	conventional	1160	ce1837	1.1138	0.6966	1.6875	1.2812	19123.0439	19489.4385	0	0
fresh-shift-22-conventional-d800	22	conventional	1160	ce1838	1.8478	1.0626	2.5625	1.7500	23824.9819	22912.8364	0	0
fresh-shift-22-conventional-d800	22	conventional	1160	ce1839	0.8909	0.2247	1.3438	0.7188	15097.3827	16467.4179	0	0
fresh-shift-22-conventional-d800	22	conventional	1160	ce1840	2.3093	0.9085	2.8750	1.4688	18857.1539	18674.5174	0	0
fresh-shift-22-conventional-d800	22	conventional	1160	ce1841	0.8874	0.5907	1.5938	1.2812	23544.4086	23018.7095	0	1
fresh-shift-22-conventional-d800	22	conventional	1160	ce1844	1.7365	0.8871	2.4375	1.5625	23368.7236	22512.6699	0	0
fresh-shift-22-conventional-d800	22	conventional	1160	ce1845	0.7834	0.4384	0.9375	0.5938	5136.4178	5179.2389	0	0
fresh-shift-22-conventional-d800	22	conventional	1160	ce1846	2.4782	0.9239	3.0938	1.5312	20518.4319	20244.6977	0	0
fresh-shift-22-conventional-d800	22	conventional	1160	ce1849	1.2741	0.2102	2.0938	1.0312	27319.7064	27366.6796	0	0
fresh-shift-22-conventional-d800	22	conventional	1160	ce1851	1.1479	0.6141	1.7812	1.2500	21113.4062	21194.7325	0	0
fresh-shift-22-conventional-d800	22	conventional	1160	ce1852	1.5581	0.4624	2.3750	1.2812	27229.6374	27294.3492	0	0
fresh-shift-22-conventional-d800	22	conventional	1160	ce1854	0.8533	0.5869	1.4062	1.1562	18432.9088	18978.7140	0	0
fresh-shift-22-conventional-d800	22	conventional	1160	ce1855	0.5517	0.0455	0.9688	0.4688	13900.0052	14106.9913	0	0
fresh-shift-22-conventional-d800	22	conventional	1160	ce1856	1.8955	1.0331	2.6562	1.7812	25358.0039	24940.0161	0	0
fresh-shift-22-conventional-d800	22	conventional	1160	ce1859	0.5716	0.4219	1.1562	1.0000	19487.6151	19270.7991	0	0
fresh-shift-22-conventional-d800	22	conventional	1160	ce1861	0.5459	0.2182	0.8438	0.5938	9928.4009	12517.4389	0	0
fresh-shift-22-conventional-d800	22	conventional	1160	ce1864	0.8037	0.7036	1.5625	1.4688	25292.4039	25503.7515	0	0
fresh-shift-22-conventional-d800	22	conventional	1160	ce1865	0.5830	0.4621	1.1250	1.0000	18065.4299	17930.1819	0	0
fresh-shift-22-conventional-d800	22	conventional	1160	ce1867	0.8577	0.0222	1.4688	0.6562	20369.5042	21135.1139	0	0
fresh-shift-22-conventional-d800	22	conventional	1160	ce1868	0.6564	0.1149	1.4375	0.9062	26033.8465	26379.6425	0	0
fresh-shift-22-conventional-d800	22	conventional	1160	ce1870	0.7429	0.2543	1.3438	0.8438	20030.8370	19648.8357	0	0
fresh-shift-22-conventional-d800	22	conventional	1160	ce1871	1.3661	0.5837	1.7188	1.0625	11753.3547	15959.9431	0	0
fresh-shift-22-conventional-d800	22	conventional	1160	ce1872	1.5954	0.8118	2.4062	1.6250	27028.6617	27107.9781	0	0
fresh-shift-22-conventional-d800	22	conventional	1160	ce1874	2.2507	1.5667	2.9688	2.2812	23936.1902	23818.0679	0	0
fresh-shift-22-conventional-d800	22	conventional	1160	ce1877	1.4884	0.5264	2.0625	1.0938	19139.2880	18909.9945	0	0
fresh-shift-22-conventional-d800	22	conventional	1160	ce1878	2.3967	1.5400	2.6875	1.8438	9690.7105	10125.8726	0	0
fresh-shift-22-conventional-d800	22	conventional	1160	ce1882	0.4214	0.3255	0.6875	0.5938	8871.0757	8944.0893	0	0
fresh-shift-22-conventional-d800	22	conventional	1160	ce1884	0.6305	0.4635	1.2500	1.0938	20651.3179	21009.5736	0	0
fresh-shift-22-conventional-d800	22	conventional	1160	ce1886	0.8403	0.9909	1.5625	1.6875	24072.2071	23219.5741	0	1
fresh-shift-22-conventional-d800	22	conventional	1160	ce1887	1.4254	0.5788	2.1562	1.3125	24361.5944	24456.1167	0	0
fresh-shift-22-conventional-d800	22	conventional	1160	ce1888	1.5583	0.4221	2.3750	1.2500	27222.9289	27597.0271	0	0
fresh-shift-22-conventional-d800	22	conventional	1160	ce1894	0.9245	0.7260	1.5000	1.2812	19184.1768	18508.7954	0	0
fresh-shift-22-conventional-d800	22	conventional	1160	ce1896	1.1819	0.3870	2.0000	1.2188	27271.3895	27725.1606	0	0
fresh-shift-22-conventional-d800	22	conventional	1160	ce1898	1.0760	0.7943	1.5000	1.2188	14131.7097	14149.9696	0	0
fresh-shift-22-conventional-d800	22	conventional	1160	ce1900	1.2171	0.5012	1.9688	1.2500	25055.1001	24958.5238	0	0
fresh-shift-22-conventional-d800	22	conventional	1160	ce1903	2.2789	0.8632	2.8125	1.3750	17787.3498	17061.3908	0	1
fresh-shift-22-conventional-d800	22	conventional	1160	ce1904	0.7047	0.3278	1.2500	0.8750	18176.6178	18238.7913	0	0
fresh-shift-22-conventional-d800	22	conventional	1160	ce1905	0.1703	0.0338	0.8125	0.6562	21408.6579	20746.7423	0	1
fresh-shift-22-conventional-d800	22	conventional	1160	ce1906	0.8648	0.1749	1.3438	0.7500	15967.6588	19171.6884	0	0
fresh-shift-22-conventional-d800	22	conventional	1160	ce1907	1.3428	0.6246	1.9062	1.2188	18784.1768	19803.3380	0	0
fresh-shift-22-conventional-d800	22	conventional	1160	ce1908	1.9043	1.2532	2.3438	1.6562	14648.0994	13434.5879	0	0
fresh-shift-22-conventional-d800	22	conventional	1160	ce1909	0.8506	0.4474	1.0312	0.6562	6020.3727	6962.6712	0	0
fresh-shift-22-conventional-d800	22	conventional	1160	ce1910	1.1178	0.4002	1.9375	1.2188	27324.2519	27285.4492	0	0
fresh-shift-22-conventional-d800	22	conventional	1160	ce1912	0.7694	0.4436	1.0000	0.6875	7687.1259	8130.8199	0	0
fresh-shift-22-conventional-d800	22	conventional	1160	ce1913	0.0324	-0.0719	0.6875	0.6250	21837.1309	23228.5948	0	0
fresh-shift-22-conventional-d800	22	conventional	1160	ce1914	0.8633	0.3109	1.4375	0.8750	19140.1271	18802.5533	0	0
