# garden MERGED J=32 from parts 0..15, 16..31: garden fresh-shift-23-conventional-d400 seed 23 conventional season 760 n=60 J=16 worlds=0..15 run=/tmp/rbt107-h1/shift-23 work_cost=0.03 (105 s, workers 4) | garden fresh-shift-23-conventional-d400 seed 23 conventional season 760 n=60 J=16 worlds=16..31 run=/tmp/rbt107-h1/shift-23 work_cost=0.03 (108 s, workers 4)
fresh-shift-23-conventional-d400	23	conventional	760	ce1320	1.0315	0.4346	1.6875	1.0625	21868.2199	20927.2527	0	0
fresh-shift-23-conventional-d400	23	conventional	760	ce1321	1.8095	0.7248	2.2500	1.1562	14683.0336	14381.4758	0	0
fresh-shift-23-conventional-d400	23	conventional	760	ce1323	2.0105	1.0025	2.6562	1.6250	21525.7537	20751.4077	0	1
fresh-shift-23-conventional-d400	23	conventional	760	ce1324	2.1260	0.8464	2.5000	1.2188	12466.6583	12412.1100	0	0
fresh-shift-23-conventional-d400	23	conventional	760	ce1325	0.7438	0.7415	1.3438	1.3438	19999.5873	20075.1776	0	0
fresh-shift-23-conventional-d400	23	conventional	760	ce1326	2.4672	1.6955	3.1562	2.3750	22968.6234	22651.0673	0	0
fresh-shift-23-conventional-d400	23	conventional	760	ce1327	1.2507	0.7180	2.0625	1.5312	27060.1842	27109.5551	0	0
fresh-shift-23-conventional-d400	23	conventional	760	ce1330	1.1403	1.0543	1.7500	1.6562	20322.9656	20063.2335	0	0
fresh-shift-23-conventional-d400	23	conventional	760	ce1331	2.1240	0.7532	2.6562	1.2812	17742.7498	17600.2933	0	0
fresh-shift-23-conventional-d400	23	conventional	760	ce1332	0.2825	-0.1029	1.1875	0.7500	30165.9523	28430.2369	0	0
fresh-shift-23-conventional-d400	23	conventional	760	ce1334	0.9175	0.5300	1.1875	0.8438	8997.8338	10458.1662	0	0
fresh-shift-23-conventional-d400	23	conventional	760	ce1335	0.8851	0.6675	1.5625	1.3438	22581.0014	22539.8908	0	0
fresh-shift-23-conventional-d400	23	conventional	760	ce1336	0.7520	0.4075	1.0625	0.7188	10350.7284	10375.9708	0	0
fresh-shift-23-conventional-d400	23	conventional	760	ce1339	1.8277	1.1794	2.0938	1.4375	8869.2084	8601.5975	0	0
fresh-shift-23-conventional-d400	23	conventional	760	ce1343	2.1477	1.2164	2.8125	1.8750	22159.0412	21955.0259	0	0
fresh-shift-23-conventional-d400	23	conventional	760	ce1345	0.2833	0.0625	0.6562	0.4375	12432.9752	12498.1361	0	0
fresh-shift-23-conventional-d400	23	conventional	760	ce1346	1.7890	1.2127	2.4062	1.8438	20577.2887	21036.4028	0	0
fresh-shift-23-conventional-d400	23	conventional	760	ce1347	1.8643	1.0727	2.5625	1.7500	23272.2087	22575.8371	0	0
fresh-shift-23-conventional-d400	23	conventional	760	ce1348	1.2752	0.5977	1.9062	1.1250	21034.5549	17579.4902	0	1
fresh-shift-23-conventional-d400	23	conventional	760	ce1349	0.5279	0.2473	0.9062	0.6250	12612.5113	12588.1056	0	0
fresh-shift-23-conventional-d400	23	conventional	760	ce1350	1.6684	1.4914	2.3750	2.1875	23553.6825	23202.1250	0	0
fresh-shift-23-conventional-d400	23	conventional	760	ce1351	1.0075	0.0357	1.7812	0.8438	25790.5750	26934.7411	0	0
fresh-shift-23-conventional-d400	23	conventional	760	ce1353	2.3130	1.0027	2.8438	1.5312	17692.2921	17619.7641	0	0
fresh-shift-23-conventional-d400	23	conventional	760	ce1355	2.4805	0.6096	2.9062	1.0312	14192.2424	14056.1701	0	0
fresh-shift-23-conventional-d400	23	conventional	760	ce1357	0.7804	0.4161	1.4375	1.0625	21901.7990	21546.0523	0	0
fresh-shift-23-conventional-d400	23	conventional	760	ce1358	3.2572	0.8547	3.7812	1.3750	17466.5665	17341.4590	0	0
fresh-shift-23-conventional-d400	23	conventional	760	ce1359	1.7210	1.0017	2.2500	1.5312	17632.2061	17650.7658	0	0
fresh-shift-23-conventional-d400	23	conventional	760	ce1360	2.2337	1.1726	2.7500	1.6875	17210.8812	17164.1052	0	0
fresh-shift-23-conventional-d400	23	conventional	760	ce1361	1.9710	0.9443	2.4688	1.4375	16590.6166	16440.5549	0	0
fresh-shift-23-conventional-d400	23	conventional	760	ce1362	0.9314	0.6485	1.5312	1.2500	19991.8570	20047.2009	0	0
fresh-shift-23-conventional-d400	23	conventional	760	ce1363	0.9354	0.4611	1.2500	0.7812	10485.3880	10671.5336	0	0
fresh-shift-23-conventional-d400	23	conventional	760	ce1364	2.1637	0.6186	2.6875	1.1562	17462.7065	17921.0649	0	0
fresh-shift-23-conventional-d400	23	conventional	760	ce1366	1.0682	0.1841	1.5312	0.6562	15433.5462	15737.8879	0	0
fresh-shift-23-conventional-d400	23	conventional	760	ce1367	0.8825	0.8036	1.4062	1.3125	17456.9412	16960.2105	0	0
fresh-shift-23-conventional-d400	23	conventional	760	ce1368	0.7343	0.3334	1.3750	0.9688	21357.8944	21177.9119	0	0
fresh-shift-23-conventional-d400	23	conventional	760	ce1369	2.2775	0.7524	2.9062	1.3750	20958.5878	20752.8216	0	0
fresh-shift-23-conventional-d400	23	conventional	760	ce1370	3.1150	1.7738	3.7188	2.3750	20125.3525	20038.7958	0	0
fresh-shift-23-conventional-d400	23	conventional	760	ce1371	0.1724	-0.2974	1.0000	0.5312	27584.6768	27623.2825	0	0
fresh-shift-23-conventional-d400	23	conventional	760	ce1373	1.9980	0.8646	2.6250	1.5000	20899.9402	21179.1329	0	0
fresh-shift-23-conventional-d400	23	conventional	760	ce1374	0.6545	0.6883	1.1562	1.1875	16723.4178	16640.5418	0	0
fresh-shift-23-conventional-d400	23	conventional	760	ce1375	3.1787	1.2336	3.6875	1.7500	16962.8786	17213.7692	0	0
fresh-shift-23-conventional-d400	23	conventional	760	ce1376	2.0430	1.1704	2.5625	1.6875	17318.0632	17238.7268	0	0
fresh-shift-23-conventional-d400	23	conventional	760	ce1377	1.3760	0.8565	1.5625	1.0312	6215.8597	5827.0041	0	0
fresh-shift-23-conventional-d400	23	conventional	760	ce1378	1.8020	1.3100	2.4688	1.8750	22223.6649	18833.6073	0	0
fresh-shift-23-conventional-d400	23	conventional	760	ce1379	2.5516	1.0272	3.0000	1.4688	14946.3864	14719.8022	0	0
fresh-shift-23-conventional-d400	23	conventional	760	ce1380	2.4098	0.7259	2.8750	1.1875	15505.7015	15385.3136	0	0
fresh-shift-23-conventional-d400	23	conventional	760	ce1381	1.4682	1.0425	2.1250	1.6875	21893.0399	21498.2753	0	0
fresh-shift-23-conventional-d400	23	conventional	760	ce1382	0.2743	0.1800	0.4375	0.3438	5438.2046	5457.8175	0	0
fresh-shift-23-conventional-d400	23	conventional	760	ce1384	2.1517	0.6793	2.6562	1.1875	16819.0177	16940.2057	0	0
fresh-shift-23-conventional-d400	23	conventional	760	ce1385	0.2887	0.2599	0.3750	0.3438	2876.2532	2798.0782	0	0
fresh-shift-23-conventional-d400	23	conventional	760	ce1386	0.5127	0.1230	1.0938	0.7188	19369.9910	19856.1646	0	0
fresh-shift-23-conventional-d400	23	conventional	760	ce1389	2.1894	0.9430	2.6875	1.4375	16604.6509	16485.3506	0	0
fresh-shift-23-conventional-d400	23	conventional	760	ce1390	1.3408	1.1812	2.0625	1.9062	24056.5929	24167.0346	0	0
fresh-shift-23-conventional-d400	23	conventional	760	ce1392	1.8365	0.6835	2.2812	1.1250	14826.2842	14718.5703	0	0
fresh-shift-23-conventional-d400	23	conventional	760	ce1393	1.6145	0.4867	2.0938	0.9688	15972.2971	16068.3107	0	0
fresh-shift-23-conventional-d400	23	conventional	760	ce1394	1.4185	0.6721	1.9688	1.2188	18341.7149	18223.3574	0	0
fresh-shift-23-conventional-d400	23	conventional	760	ce1396	2.0972	1.0652	2.9062	1.8750	26966.7790	26993.0966	0	0
fresh-shift-23-conventional-d400	23	conventional	760	ce1397	2.3724	0.6276	2.8438	1.0938	15711.6330	15539.9578	0	0
fresh-shift-23-conventional-d400	23	conventional	760	ce1399	1.3237	0.4615	2.0312	1.1875	23583.9410	24200.1104	0	0
fresh-shift-23-conventional-d400	23	conventional	760	ce1400	2.6578	1.0301	3.1875	1.5625	17658.3049	17744.1033	0	0
