# garden MERGED J=32 from parts 0..15, 16..31: garden fresh-cull20-17-conventional-d400 seed 17 conventional season 760 n=60 J=16 worlds=0..15 run=/tmp/rbt107-h1/cull20-17 work_cost=0.03 (106 s, workers 4) | garden fresh-cull20-17-conventional-d400 seed 17 conventional season 760 n=60 J=16 worlds=16..31 run=/tmp/rbt107-h1/cull20-17 work_cost=0.03 (106 s, workers 4)
fresh-cull20-17-conventional-d400	17	conventional	760	ce1497	1.3462	0.6871	1.9062	1.2500	18666.4785	18760.9149	0	0
fresh-cull20-17-conventional-d400	17	conventional	760	ce1498	2.9280	1.2486	3.4062	1.7188	15940.7962	15672.3000	0	0
fresh-cull20-17-conventional-d400	17	conventional	760	ce1500	1.8111	0.7990	2.4688	1.4375	21921.9261	21283.9783	0	0
fresh-cull20-17-conventional-d400	17	conventional	760	ce1502	2.3711	1.2824	2.8750	1.7812	16797.5530	16626.8648	0	0
fresh-cull20-17-conventional-d400	17	conventional	760	ce1503	2.0884	0.8211	2.7500	1.4688	22052.3918	21588.7294	0	0
fresh-cull20-17-conventional-d400	17	conventional	760	ce1504	1.2208	0.5920	1.9688	1.3438	24932.9181	25057.8692	0	0
fresh-cull20-17-conventional-d400	17	conventional	760	ce1505	1.8455	0.6343	2.5000	1.2812	21816.5191	21564.1670	0	0
fresh-cull20-17-conventional-d400	17	conventional	760	ce1507	1.8470	1.0122	2.4375	1.6250	19683.0729	20426.2413	0	0
fresh-cull20-17-conventional-d400	17	conventional	760	ce1514	1.8931	0.6716	2.6562	1.4375	25438.9207	25528.0702	0	0
fresh-cull20-17-conventional-d400	17	conventional	760	ce1517	0.7161	0.4658	1.2188	0.9688	16755.5575	16762.2847	0	0
fresh-cull20-17-conventional-d400	17	conventional	760	ce1518	1.9542	0.9170	2.6875	1.6250	24443.7133	23602.8011	0	1
fresh-cull20-17-conventional-d400	17	conventional	760	ce1519	1.7512	0.8647	2.4375	1.5625	22876.6230	23260.1994	0	0
fresh-cull20-17-conventional-d400	17	conventional	760	ce1522	2.5474	0.7008	3.2500	1.4062	23417.6038	23513.2229	0	0
fresh-cull20-17-conventional-d400	17	conventional	760	ce1525	1.7275	1.0099	2.4375	1.7188	23666.5331	23626.7850	0	0
fresh-cull20-17-conventional-d400	17	conventional	760	ce1527	1.2610	0.9175	1.9062	1.5625	21508.6238	21498.5667	0	0
fresh-cull20-17-conventional-d400	17	conventional	760	ce1530	1.9484	1.2292	2.6562	1.9375	23596.7710	23609.2104	0	0
fresh-cull20-17-conventional-d400	17	conventional	760	ce1533	1.6631	1.0042	2.4375	1.7812	25815.8535	25900.2690	0	0
fresh-cull20-17-conventional-d400	17	conventional	760	ce1534	1.8702	1.6793	2.5625	2.3750	23074.4162	23192.1714	0	0
fresh-cull20-17-conventional-d400	17	conventional	760	ce1536	1.2533	0.7223	1.3125	0.7812	1971.9131	1964.3963	0	0
fresh-cull20-17-conventional-d400	17	conventional	760	ce1537	0.6968	0.6322	0.8750	0.8125	5938.2612	6008.5395	0	0
fresh-cull20-17-conventional-d400	17	conventional	760	ce1540	0.7727	0.6780	1.2500	1.1562	15913.0092	15940.8010	0	0
fresh-cull20-17-conventional-d400	17	conventional	760	ce1541	1.0660	0.7859	1.1250	0.8438	1967.8205	1927.7572	0	0
fresh-cull20-17-conventional-d400	17	conventional	760	ce1542	0.7369	0.7361	1.1562	1.1562	13978.0004	14004.6544	0	0
fresh-cull20-17-conventional-d400	17	conventional	760	ce1544	1.6795	0.5598	2.3750	1.2500	23180.9917	23005.5358	0	1
fresh-cull20-17-conventional-d400	17	conventional	760	ce1546	1.6803	1.0621	2.4062	1.7812	24200.1509	23971.2397	0	0
fresh-cull20-17-conventional-d400	17	conventional	760	ce1547	1.6713	0.6122	2.4688	1.4062	26583.3573	26466.4024	0	0
fresh-cull20-17-conventional-d400	17	conventional	760	ce1550	1.2560	0.7472	2.0312	1.5000	25842.6956	25092.5223	0	1
fresh-cull20-17-conventional-d400	17	conventional	760	ce1551	0.6544	0.5309	1.3750	1.2188	24018.0929	22930.9632	0	0
fresh-cull20-17-conventional-d400	17	conventional	760	ce1552	1.4989	0.9234	2.0938	1.5000	19829.2910	19218.0260	0	1
fresh-cull20-17-conventional-d400	17	conventional	760	ce1555	1.6856	0.8728	2.1562	1.3438	15689.1076	15695.9565	0	0
fresh-cull20-17-conventional-d400	17	conventional	760	ce1557	2.2079	0.9264	2.6875	1.4062	15985.4842	15997.3569	0	0
fresh-cull20-17-conventional-d400	17	conventional	760	ce1558	0.8561	0.1629	1.5625	0.9375	23544.3880	25818.9044	0	0
fresh-cull20-17-conventional-d400	17	conventional	760	ce1560	2.7962	0.7613	3.3750	1.3438	19292.5167	19414.4745	0	0
fresh-cull20-17-conventional-d400	17	conventional	760	ce1561	1.4265	0.3800	2.1250	1.0625	23280.9865	22751.1692	0	1
fresh-cull20-17-conventional-d400	17	conventional	760	ce1563	1.3368	0.8497	1.9375	1.4375	20024.3535	19593.8766	0	0
fresh-cull20-17-conventional-d400	17	conventional	760	ce1564	1.6549	0.5162	2.1250	0.9688	15669.4630	15084.9245	0	1
fresh-cull20-17-conventional-d400	17	conventional	760	ce1565	1.4978	0.7754	2.2812	1.5625	26114.5388	26235.1747	0	0
fresh-cull20-17-conventional-d400	17	conventional	760	ce1568	1.7119	1.6231	2.2500	2.1875	17938.3433	18812.0721	0	0
fresh-cull20-17-conventional-d400	17	conventional	760	ce1570	2.6885	0.8021	3.3438	1.4688	21842.9535	22219.8031	0	0
fresh-cull20-17-conventional-d400	17	conventional	760	ce1571	1.1102	0.7980	1.6562	1.3438	18201.7993	18192.4474	0	0
fresh-cull20-17-conventional-d400	17	conventional	760	ce1572	1.4526	0.4189	2.1250	1.0938	22412.7280	22496.7105	0	0
fresh-cull20-17-conventional-d400	17	conventional	760	ce1575	2.2772	1.3956	2.9688	2.0938	23050.0804	23269.7133	0	0
fresh-cull20-17-conventional-d400	17	conventional	760	ce1578	1.4827	0.7822	2.0312	1.3125	18285.2468	17676.9312	0	1
fresh-cull20-17-conventional-d400	17	conventional	760	ce1579	1.4307	0.8338	1.9375	1.3438	16893.4123	16997.2687	0	0
fresh-cull20-17-conventional-d400	17	conventional	760	ce1580	2.7512	1.3020	3.4375	2.0000	22875.3196	23267.5088	0	0
fresh-cull20-17-conventional-d400	17	conventional	760	ce1581	1.1946	0.3402	1.7500	0.9062	18513.8574	18867.7872	0	0
fresh-cull20-17-conventional-d400	17	conventional	760	ce1582	0.9293	0.1663	1.5312	0.7812	20064.2883	20497.9076	0	0
fresh-cull20-17-conventional-d400	17	conventional	760	ce1583	1.9450	0.7472	2.4688	1.2500	17456.2881	16758.3953	0	0
fresh-cull20-17-conventional-d400	17	conventional	760	ce1585	3.1662	1.3824	3.7188	1.9375	18419.2309	18501.2859	0	0
fresh-cull20-17-conventional-d400	17	conventional	760	ce1589	1.7284	1.5596	2.3438	2.1875	20511.9152	20929.3416	0	0
fresh-cull20-17-conventional-d400	17	conventional	760	ce1590	2.4347	1.5549	3.1250	2.2500	23011.2320	23170.9238	0	0
fresh-cull20-17-conventional-d400	17	conventional	760	ce1593	0.7130	0.8700	1.2188	1.3750	16857.6453	16832.0907	0	0
fresh-cull20-17-conventional-d400	17	conventional	760	ce1594	0.3821	0.4367	0.9062	0.9688	17470.0562	17733.1433	0	0
fresh-cull20-17-conventional-d400	17	conventional	760	ce1595	1.4992	0.8095	2.0938	1.4062	19819.1698	19893.1882	0	0
fresh-cull20-17-conventional-d400	17	conventional	760	ce1596	1.2716	1.0547	2.0000	1.7812	24279.0155	24219.2845	0	0
fresh-cull20-17-conventional-d400	17	conventional	760	ce1597	1.4667	0.6555	2.2188	1.4062	25068.1466	25024.9719	0	0
fresh-cull20-17-conventional-d400	17	conventional	760	ce1600	1.7260	0.5071	2.4375	1.2188	23715.1253	23721.4771	0	0
fresh-cull20-17-conventional-d400	17	conventional	760	ce1601	2.4794	0.9511	2.9375	1.4062	15268.3865	15170.4143	0	0
fresh-cull20-17-conventional-d400	17	conventional	760	ce1602	-0.4211	-0.6993	0.3438	0.0625	25492.7653	25393.1689	0	0
fresh-cull20-17-conventional-d400	17	conventional	760	ce1603	1.4354	0.7169	2.1562	1.4375	24025.9932	24018.1107	0	0
