# garden MERGED J=32 from parts 0..15, 16..31: garden fresh-c0-20-conventional seed 20 conventional season 359 n=60 J=16 worlds=0..15 run=/tmp/rbt107-h1/base-20 work_cost=0.03 (108 s, workers 4) | garden fresh-c0-20-conventional seed 20 conventional season 359 n=60 J=16 worlds=16..31 run=/tmp/rbt107-h1/base-20 work_cost=0.03 (109 s, workers 4)
fresh-c0-20-conventional	20	conventional	359	ce739	2.6252	0.6987	3.2188	1.2188	19783.3299	17334.2022	0	0
fresh-c0-20-conventional	20	conventional	359	ce740	1.3734	1.1871	1.8750	1.7188	16722.2965	17721.2900	0	0
fresh-c0-20-conventional	20	conventional	359	ce743	2.1274	1.0036	2.8438	1.7188	23879.4332	23838.3389	0	0
fresh-c0-20-conventional	20	conventional	359	ce744	1.9516	0.5888	2.6875	1.2812	24530.7118	23082.8749	0	1
fresh-c0-20-conventional	20	conventional	359	ce749	3.7237	1.2159	4.2500	1.7500	17541.5684	17804.9154	0	0
fresh-c0-20-conventional	20	conventional	359	ce750	1.4526	0.6844	2.1250	1.3438	22416.1364	21978.5874	0	0
fresh-c0-20-conventional	20	conventional	359	ce751	1.4207	0.3640	2.2500	1.1875	27641.2895	27450.6445	0	0
fresh-c0-20-conventional	20	conventional	359	ce755	0.9137	0.5688	1.6250	1.2812	23709.7683	23746.5114	0	0
fresh-c0-20-conventional	20	conventional	359	ce756	1.8148	0.6245	2.1250	0.9688	10339.9705	11473.3640	0	0
fresh-c0-20-conventional	20	conventional	359	ce758	0.7211	0.3106	1.2812	0.8750	18668.7968	18813.0917	0	0
fresh-c0-20-conventional	20	conventional	359	ce760	2.9496	1.4758	3.5312	2.0625	19388.8653	19555.4498	0	0
fresh-c0-20-conventional	20	conventional	359	ce761	2.6479	1.4773	3.2500	2.0938	20071.6704	20548.2548	0	1
fresh-c0-20-conventional	20	conventional	359	ce763	2.2607	1.3205	2.9688	2.0312	23602.7631	23691.2747	0	0
fresh-c0-20-conventional	20	conventional	359	ce764	2.0933	1.4572	2.7500	2.0938	21890.2559	21217.9173	0	1
fresh-c0-20-conventional	20	conventional	359	ce765	1.3115	0.9671	1.9688	1.6250	21908.5065	21929.3336	0	0
fresh-c0-20-conventional	20	conventional	359	ce768	1.3152	1.1231	1.5625	1.3750	8243.9185	8396.7259	0	0
fresh-c0-20-conventional	20	conventional	359	ce770	2.3260	1.3952	3.0312	2.0938	23508.1333	23286.0243	0	0
fresh-c0-20-conventional	20	conventional	359	ce771	1.9794	1.0128	2.5938	1.6875	20478.3648	22489.1397	0	0
fresh-c0-20-conventional	20	conventional	359	ce774	3.0534	1.2855	3.6875	1.8438	21139.2726	18606.8394	0	0
fresh-c0-20-conventional	20	conventional	359	ce775	2.4731	1.0901	2.8125	1.4375	11314.0583	11580.6086	0	1
fresh-c0-20-conventional	20	conventional	359	ce777	2.1958	1.3848	2.6250	1.8125	14306.4451	14257.8894	0	0
fresh-c0-20-conventional	20	conventional	359	ce779	0.3459	0.4400	0.5625	0.6562	7217.6390	7209.3110	0	0
fresh-c0-20-conventional	20	conventional	359	ce782	3.2084	1.0089	3.7812	1.5938	19094.2337	19496.2488	0	0
fresh-c0-20-conventional	20	conventional	359	ce784	2.1662	0.4628	2.9688	1.2500	26753.9095	26238.5566	0	0
fresh-c0-20-conventional	20	conventional	359	ce786	0.4277	0.1452	1.0312	0.7500	20117.4798	20160.7222	0	0
fresh-c0-20-conventional	20	conventional	359	ce787	1.2592	1.0449	1.8438	1.6250	19484.9060	19339.2481	0	0
fresh-c0-20-conventional	20	conventional	359	ce789	2.7694	1.3041	3.4062	1.9688	21230.5782	22155.0823	0	0
fresh-c0-20-conventional	20	conventional	359	ce790	1.8451	1.3468	2.6875	2.1875	28081.1773	28024.8815	0	0
fresh-c0-20-conventional	20	conventional	359	ce791	2.9946	0.8282	3.5938	1.4062	19971.3132	19265.4022	0	0
fresh-c0-20-conventional	20	conventional	359	ce794	2.1315	0.9977	2.8438	1.7188	23741.8939	24034.1996	0	0
fresh-c0-20-conventional	20	conventional	359	ce795	1.8603	1.0165	2.5312	1.6875	22365.1252	22365.8083	0	0
fresh-c0-20-conventional	20	conventional	359	ce796	2.0758	1.4837	2.6562	2.0625	19347.6400	19292.4732	0	0
fresh-c0-20-conventional	20	conventional	359	ce798	1.6360	0.9114	2.3125	1.5938	22550.8954	22747.3767	0	0
fresh-c0-20-conventional	20	conventional	359	ce799	2.8795	1.1860	3.5000	1.7812	20682.6416	19842.2264	0	0
fresh-c0-20-conventional	20	conventional	359	ce800	2.8704	0.7751	3.5000	1.4062	20988.6680	21038.7510	0	0
fresh-c0-20-conventional	20	conventional	359	ce804	1.2726	0.9429	1.4688	1.1562	6539.5020	7112.2751	0	0
fresh-c0-20-conventional	20	conventional	359	ce806	1.7216	1.2770	2.4375	1.9688	23864.5872	23058.5792	0	1
fresh-c0-20-conventional	20	conventional	359	ce810	2.3479	1.5109	2.9375	2.1250	19651.1038	20468.5801	0	0
fresh-c0-20-conventional	20	conventional	359	ce811	-0.1216	0.0049	0.3750	0.5000	16555.7634	16504.1614	0	0
fresh-c0-20-conventional	20	conventional	359	ce816	2.6161	1.7865	3.0312	2.1875	13838.9807	13367.4258	0	0
fresh-c0-20-conventional	20	conventional	359	ce817	1.7508	1.1010	2.3750	1.7188	20808.9817	20590.4454	0	0
fresh-c0-20-conventional	20	conventional	359	ce818	0.8254	0.8184	1.4062	1.4062	19361.3724	19593.8795	0	0
fresh-c0-20-conventional	20	conventional	359	ce819	2.3645	1.5501	3.0000	2.1875	21185.2802	21244.7833	0	0
fresh-c0-20-conventional	20	conventional	359	ce820	1.6850	0.9658	2.3750	1.6562	22999.9877	23014.3555	0	0
fresh-c0-20-conventional	20	conventional	359	ce821	1.4533	0.6390	2.1562	1.3438	23432.8763	23491.8840	0	0
fresh-c0-20-conventional	20	conventional	359	ce823	3.3403	1.7854	4.0625	2.5000	24074.4088	23817.8881	0	0
fresh-c0-20-conventional	20	conventional	359	ce825	1.2823	0.7805	1.8750	1.3750	19755.7663	19816.2145	0	0
fresh-c0-20-conventional	20	conventional	359	ce829	0.8620	0.6452	1.4688	1.2500	20223.5437	20158.0641	0	0
fresh-c0-20-conventional	20	conventional	359	ce830	2.2489	1.3809	3.0312	2.1562	26079.5572	25845.8914	0	0
fresh-c0-20-conventional	20	conventional	359	ce831	1.3636	1.3988	1.9688	2.0312	20171.2902	21081.8487	0	0
fresh-c0-20-conventional	20	conventional	359	ce834	2.3622	1.2596	3.0625	1.9375	23340.5187	22596.0186	0	0
fresh-c0-20-conventional	20	conventional	359	ce838	2.4844	1.0111	3.0938	1.6250	20313.7283	20460.4698	0	0
fresh-c0-20-conventional	20	conventional	359	ce839	0.7540	0.5991	1.4375	1.2812	22784.0594	22737.3006	0	0
fresh-c0-20-conventional	20	conventional	359	ce840	1.0993	1.1570	1.4688	1.5625	12316.6280	13515.3697	0	0
fresh-c0-20-conventional	20	conventional	359	ce842	0.8106	0.5718	1.5000	1.1250	22979.6894	18437.7509	0	0
fresh-c0-20-conventional	20	conventional	359	ce843	2.0886	0.7470	2.7812	1.4688	23088.3194	24059.6657	0	0
fresh-c0-20-conventional	20	conventional	359	ce844	1.7639	1.1245	2.4375	1.7812	22452.1175	21890.3209	0	0
fresh-c0-20-conventional	20	conventional	359	ce845	1.5644	1.1632	2.2500	1.8438	22853.3226	22684.7501	0	0
fresh-c0-20-conventional	20	conventional	359	ce846	1.9341	0.8401	2.5938	1.5000	21988.9735	21996.9551	0	0
fresh-c0-20-conventional	20	conventional	359	ce847	1.5997	1.2358	2.3125	1.9375	23758.7418	23391.0570	0	0
