# garden MERGED J=32 from parts 0..15, 16..31: garden fresh-shift-19-conventional-d800 seed 19 conventional season 1160 n=60 J=16 worlds=0..15 run=/tmp/rbt107-h1/shift-19 work_cost=0.03 (110 s, workers 4) | garden fresh-shift-19-conventional-d800 seed 19 conventional season 1160 n=60 J=16 worlds=16..31 run=/tmp/rbt107-h1/shift-19 work_cost=0.03 (112 s, workers 4)
fresh-shift-19-conventional-d800	19	conventional	1160	ce1785	2.7517	0.4819	3.4062	1.1250	21818.8806	21438.0494	0	0
fresh-shift-19-conventional-d800	19	conventional	1160	ce1787	1.2520	0.6522	1.9375	1.3438	22847.6801	23053.5557	0	0
fresh-shift-19-conventional-d800	19	conventional	1160	ce1788	2.0480	0.4783	2.7500	1.1875	23400.9023	23639.0055	0	0
fresh-shift-19-conventional-d800	19	conventional	1160	ce1789	2.3740	0.4148	3.0000	1.0625	20867.2660	21588.0677	0	0
fresh-shift-19-conventional-d800	19	conventional	1160	ce1790	1.8944	0.6186	2.5312	1.2500	21226.8363	21048.1643	0	0
fresh-shift-19-conventional-d800	19	conventional	1160	ce1791	1.0732	0.6671	1.7500	1.3438	22561.3554	22552.8327	0	0
fresh-shift-19-conventional-d800	19	conventional	1160	ce1792	1.8972	0.9000	2.4062	1.4062	16969.3173	16875.4270	0	0
fresh-shift-19-conventional-d800	19	conventional	1160	ce1793	3.1280	0.9106	3.7500	1.5312	20734.3017	20689.1834	0	0
fresh-shift-19-conventional-d800	19	conventional	1160	ce1795	2.7181	0.7403	3.4375	1.4375	23980.2532	23240.0437	0	0
fresh-shift-19-conventional-d800	19	conventional	1160	ce1796	2.7678	1.6734	3.3438	2.2500	19198.5712	19218.1812	0	0
fresh-shift-19-conventional-d800	19	conventional	1160	ce1797	1.8676	1.0846	2.4688	1.6875	20037.6221	20093.9927	0	0
fresh-shift-19-conventional-d800	19	conventional	1160	ce1798	2.3616	1.3458	2.6250	1.6250	8781.5160	9309.3026	0	0
fresh-shift-19-conventional-d800	19	conventional	1160	ce1799	2.9328	0.9333	3.5938	1.5938	22031.8968	22017.6010	0	0
fresh-shift-19-conventional-d800	19	conventional	1160	ce1800	1.8598	1.1976	2.5312	1.8438	22382.6339	21540.0180	0	1
fresh-shift-19-conventional-d800	19	conventional	1160	ce1801	1.7875	0.6345	2.5000	1.3438	23748.4457	23640.8644	0	0
fresh-shift-19-conventional-d800	19	conventional	1160	ce1802	2.6545	1.3746	3.1562	1.8750	16725.4340	16681.5640	0	0
fresh-shift-19-conventional-d800	19	conventional	1160	ce1803	1.0783	0.4019	1.5312	0.8438	15098.8157	14728.6984	0	0
fresh-shift-19-conventional-d800	19	conventional	1160	ce1804	1.4765	0.6925	2.2500	1.4688	25782.6465	25877.0112	0	0
fresh-shift-19-conventional-d800	19	conventional	1160	ce1807	2.7725	0.8082	3.4375	1.4688	22164.5400	22016.5095	0	0
fresh-shift-19-conventional-d800	19	conventional	1160	ce1808	2.9360	0.8663	3.5312	1.4688	19841.1393	20081.8100	0	0
fresh-shift-19-conventional-d800	19	conventional	1160	ce1809	3.1379	1.4159	3.8438	2.1250	23527.7910	23635.3223	0	0
fresh-shift-19-conventional-d800	19	conventional	1160	ce1810	1.2108	1.2252	1.7188	1.7500	16930.6038	17492.2635	0	0
fresh-shift-19-conventional-d800	19	conventional	1160	ce1811	3.0218	0.5769	3.6875	1.2812	22190.4895	23480.2187	0	0
fresh-shift-19-conventional-d800	19	conventional	1160	ce1812	3.5282	0.9380	4.1562	1.5625	20934.0411	20818.9437	0	0
fresh-shift-19-conventional-d800	19	conventional	1160	ce1813	3.2851	1.2128	4.0000	1.9375	23830.9649	24157.2094	0	0
fresh-shift-19-conventional-d800	19	conventional	1160	ce1814	2.7148	1.0319	3.5000	1.8125	26172.7619	26019.4288	0	0
fresh-shift-19-conventional-d800	19	conventional	1160	ce1815	0.8136	0.3435	1.4688	1.0000	21835.6671	21883.2535	0	0
fresh-shift-19-conventional-d800	19	conventional	1160	ce1816	1.7674	0.9553	2.3750	1.5625	20252.5999	20241.2843	0	0
fresh-shift-19-conventional-d800	19	conventional	1160	ce1817	0.1413	0.2663	0.4688	0.5938	10918.1862	10913.4739	0	0
fresh-shift-19-conventional-d800	19	conventional	1160	ce1818	2.0896	1.2812	2.6250	1.8125	17847.5843	17707.8550	0	0
fresh-shift-19-conventional-d800	19	conventional	1160	ce1819	1.1585	0.4127	1.3750	0.7812	7216.2686	12285.2829	0	0
fresh-shift-19-conventional-d800	19	conventional	1160	ce1820	1.4860	0.5399	2.2188	1.2812	24425.7125	24711.8068	0	0
fresh-shift-19-conventional-d800	19	conventional	1160	ce1821	1.4712	0.9912	2.1562	1.6875	22835.2717	23208.5448	0	0
fresh-shift-19-conventional-d800	19	conventional	1160	ce1822	1.3873	0.2239	1.9688	0.8125	19380.8851	19618.5648	0	0
fresh-shift-19-conventional-d800	19	conventional	1160	ce1823	2.3940	1.1800	3.1250	1.9062	24367.0920	24209.2470	0	0
fresh-shift-19-conventional-d800	19	conventional	1160	ce1824	2.6603	1.1612	3.4062	1.9062	24864.9944	24835.6232	0	0
fresh-shift-19-conventional-d800	19	conventional	1160	ce1825	1.9150	1.0133	2.5625	1.6562	21583.9965	21430.9195	0	0
fresh-shift-19-conventional-d800	19	conventional	1160	ce1826	1.1912	0.4767	1.4062	0.7188	7166.0074	8069.1482	0	1
fresh-shift-19-conventional-d800	19	conventional	1160	ce1827	2.2369	0.8861	2.9375	1.5938	23354.9860	23586.3564	0	0
fresh-shift-19-conventional-d800	19	conventional	1160	ce1828	3.3213	1.1527	4.0312	1.8438	23665.5953	23034.6029	0	1
fresh-shift-19-conventional-d800	19	conventional	1160	ce1829	1.1075	0.7988	1.8438	1.5312	24540.8864	24416.8637	0	0
fresh-shift-19-conventional-d800	19	conventional	1160	ce1830	2.1006	0.8118	2.7188	1.4375	20605.5524	20856.2677	0	0
fresh-shift-19-conventional-d800	19	conventional	1160	ce1831	2.4719	1.2508	3.2500	2.0312	25936.7942	26015.1977	0	0
fresh-shift-19-conventional-d800	19	conventional	1160	ce1832	1.8972	1.1467	2.7188	1.9688	27384.7536	27402.6200	0	0
fresh-shift-19-conventional-d800	19	conventional	1160	ce1833	2.6776	0.9287	3.2812	1.5312	20123.5965	20085.2641	0	0
fresh-shift-19-conventional-d800	19	conventional	1160	ce1834	2.0064	1.2281	2.5938	1.8125	19578.1856	19478.2961	0	0
fresh-shift-19-conventional-d800	19	conventional	1160	ce1835	0.9059	0.5818	1.5938	1.2812	22929.3039	23314.8796	0	0
fresh-shift-19-conventional-d800	19	conventional	1160	ce1836	1.5865	0.8045	2.3125	1.5312	24198.4729	24225.5635	0	0
fresh-shift-19-conventional-d800	19	conventional	1160	ce1837	2.7563	1.2548	3.4062	1.9062	21666.0310	21715.5226	0	0
fresh-shift-19-conventional-d800	19	conventional	1160	ce1838	1.1699	0.9179	1.9688	1.7188	26629.5631	26695.4948	0	0
fresh-shift-19-conventional-d800	19	conventional	1160	ce1843	2.0072	1.0739	2.6875	1.7500	22675.8799	22535.9273	0	0
fresh-shift-19-conventional-d800	19	conventional	1160	ce1844	1.1981	0.9384	1.8750	1.5938	22564.0720	21844.0927	0	1
fresh-shift-19-conventional-d800	19	conventional	1160	ce1845	3.0020	1.1838	3.6562	1.8125	21808.6918	20955.5154	0	1
fresh-shift-19-conventional-d800	19	conventional	1160	ce1846	2.1079	1.2414	2.7812	1.9062	22447.1517	22161.7389	0	0
fresh-shift-19-conventional-d800	19	conventional	1160	ce1847	1.1048	0.5684	1.5625	1.0312	15258.9143	15429.7990	0	0
fresh-shift-19-conventional-d800	19	conventional	1160	ce1848	-0.4536	-0.5235	0.0938	0.0312	18247.0324	18490.6099	0	0
fresh-shift-19-conventional-d800	19	conventional	1160	ce1849	-0.7777	-0.8091	0.1250	0.0938	30089.5903	30094.2739	0	0
fresh-shift-19-conventional-d800	19	conventional	1160	ce1850	2.5821	1.0579	3.2188	1.6875	21221.3304	20984.5228	0	0
fresh-shift-19-conventional-d800	19	conventional	1160	ce1851	0.5936	0.3882	0.6875	0.4688	3129.8962	2683.4191	0	0
fresh-shift-19-conventional-d800	19	conventional	1160	ce1852	1.1686	0.6925	1.9375	1.4062	25627.5390	23793.1529	0	2
