# garden MERGED J=32 from parts 0..15, 16..31: garden fresh-cull20-23-holistic-d800 seed 23 holistic season 1160 n=60 J=16 worlds=0..15 run=/tmp/rbt107-h1/cull20-23 work_cost=0.03 (63 s, workers 4) | garden fresh-cull20-23-holistic-d800 seed 23 holistic season 1160 n=60 J=16 worlds=16..31 run=/tmp/rbt107-h1/cull20-23 work_cost=0.03 (64 s, workers 4)
fresh-cull20-23-holistic-d800	23	holistic	1160	he1700	1.6282	1.6612	1.6875	1.7188	1974.5037	1915.9938	0	0
fresh-cull20-23-holistic-d800	23	holistic	1160	he1701	1.8298	1.3899	2.1250	1.6875	9838.2514	9919.2908	0	0
fresh-cull20-23-holistic-d800	23	holistic	1160	he1702	1.4759	1.1947	1.6250	1.3438	4970.3526	4968.1195	0	0
fresh-cull20-23-holistic-d800	23	holistic	1160	he1705	1.5096	1.1351	1.5625	1.1875	1763.8965	1747.3212	0	0
fresh-cull20-23-holistic-d800	23	holistic	1160	he1706	0.6134	0.3635	0.6250	0.3750	388.1753	381.5983	0	0
fresh-cull20-23-holistic-d800	23	holistic	1160	he1708	0.3005	0.3936	0.4062	0.5000	3524.1294	3547.5375	0	0
fresh-cull20-23-holistic-d800	23	holistic	1160	he1709	0.3726	0.3420	0.5312	0.5000	5288.3668	5264.8466	0	0
fresh-cull20-23-holistic-d800	23	holistic	1160	he1710	1.2120	0.9607	1.3750	1.1250	5433.2626	5475.2459	0	0
fresh-cull20-23-holistic-d800	23	holistic	1160	he1711	0.9040	1.0582	1.2812	1.4375	12576.4451	12643.1313	0	0
fresh-cull20-23-holistic-d800	23	holistic	1160	he1712	2.1023	2.2279	2.1875	2.3125	2838.0610	2821.1895	0	0
fresh-cull20-23-holistic-d800	23	holistic	1160	he1714	1.3298	1.2988	1.4688	1.4375	4631.0823	4623.7507	0	0
fresh-cull20-23-holistic-d800	23	holistic	1160	he1715	1.2718	1.4285	1.4375	1.5938	5523.0541	5509.4954	0	0
fresh-cull20-23-holistic-d800	23	holistic	1160	he1716	1.6971	1.8853	1.7500	1.9375	1763.1775	1738.1707	0	0
fresh-cull20-23-holistic-d800	23	holistic	1160	he1717	1.2845	1.3175	1.4062	1.4375	4055.8084	4001.1374	0	0
fresh-cull20-23-holistic-d800	23	holistic	1160	he1718	1.2686	1.2984	1.4375	1.4688	5630.0920	5679.7879	0	0
fresh-cull20-23-holistic-d800	23	holistic	1160	he1719	1.6273	1.0966	1.6875	1.1562	2007.5474	1985.7186	0	0
fresh-cull20-23-holistic-d800	23	holistic	1160	he1720	1.7387	1.4273	1.7812	1.4688	1419.8050	1379.0856	0	0
fresh-cull20-23-holistic-d800	23	holistic	1160	he1721	1.6625	1.2871	1.7500	1.3750	2916.2073	2930.8841	0	0
fresh-cull20-23-holistic-d800	23	holistic	1160	he1722	1.3064	1.0577	1.3750	1.1250	2287.9583	2240.9137	0	0
fresh-cull20-23-holistic-d800	23	holistic	1160	he1723	0.4789	0.5731	0.5000	0.5938	703.1377	689.1854	0	0
fresh-cull20-23-holistic-d800	23	holistic	1160	he1724	1.6946	1.4437	1.8750	1.6250	6014.4662	6043.7462	0	0
fresh-cull20-23-holistic-d800	23	holistic	1160	he1726	1.7187	1.3144	1.8125	1.4062	3128.5940	3063.0873	0	0
fresh-cull20-23-holistic-d800	23	holistic	1160	he1727	0.9495	0.9181	1.0625	1.0312	3769.1107	3771.7656	0	0
fresh-cull20-23-holistic-d800	23	holistic	1160	he1729	1.0816	0.7701	1.1875	0.8750	3531.6654	3497.3648	0	0
fresh-cull20-23-holistic-d800	23	holistic	1160	he1730	1.1745	1.0835	1.3438	1.2500	5639.1074	5552.8831	0	0
fresh-cull20-23-holistic-d800	23	holistic	1160	he1731	1.7214	1.6282	1.8125	1.7188	3037.0149	3018.5434	0	0
fresh-cull20-23-holistic-d800	23	holistic	1160	he1733	1.0194	0.8951	1.1250	1.0000	3517.7128	3496.1937	0	0
fresh-cull20-23-holistic-d800	23	holistic	1160	he1734	1.1949	0.7589	1.2188	0.7812	794.1938	745.4964	0	0
fresh-cull20-23-holistic-d800	23	holistic	1160	he1735	0.7112	0.5241	1.0312	0.8438	10667.4669	10656.4847	0	0
fresh-cull20-23-holistic-d800	23	holistic	1160	he1736	1.5534	1.1478	1.6562	1.2500	3427.6518	3407.5409	0	0
fresh-cull20-23-holistic-d800	23	holistic	1160	he1739	1.1622	0.8182	1.1875	0.8438	842.5622	850.9398	0	0
fresh-cull20-23-holistic-d800	23	holistic	1160	he1740	1.1100	1.2658	1.3125	1.4688	6748.3278	6767.6832	0	0
fresh-cull20-23-holistic-d800	23	holistic	1160	he1741	1.4982	1.4989	1.5938	1.5938	3184.8329	3163.7032	0	0
fresh-cull20-23-holistic-d800	23	holistic	1160	he1743	0.2477	0.1852	0.2500	0.1875	77.7883	77.0384	0	0
fresh-cull20-23-holistic-d800	23	holistic	1160	he1745	0.9365	0.8127	1.1562	1.0312	7324.9361	7285.7214	0	0
fresh-cull20-23-holistic-d800	23	holistic	1160	he1746	1.3144	1.0312	1.5312	1.2500	7226.2085	7294.7028	0	0
fresh-cull20-23-holistic-d800	23	holistic	1160	he1747	1.1504	1.5882	1.3125	1.7500	5401.8698	5394.8538	0	0
fresh-cull20-23-holistic-d800	23	holistic	1160	he1749	1.0796	0.8612	1.0938	0.8750	472.6852	458.8432	0	0
fresh-cull20-23-holistic-d800	23	holistic	1160	he1751	1.2294	0.9762	1.5312	1.2812	10060.0759	10169.1748	0	0
fresh-cull20-23-holistic-d800	23	holistic	1160	he1752	1.5956	1.3155	1.6250	1.3438	979.4035	943.7873	0	0
fresh-cull20-23-holistic-d800	23	holistic	1160	he1754	0.9966	0.6529	1.1562	0.8125	5323.8102	5321.9691	0	0
fresh-cull20-23-holistic-d800	23	holistic	1160	he1756	1.6609	1.4110	1.7188	1.4688	1926.4537	1923.5305	0	0
fresh-cull20-23-holistic-d800	23	holistic	1160	he1757	0.4198	0.6701	0.5625	0.8125	4757.3702	4748.6272	0	0
fresh-cull20-23-holistic-d800	23	holistic	1160	he1758	2.1303	1.5081	2.1875	1.5625	1907.0565	1813.3632	0	0
fresh-cull20-23-holistic-d800	23	holistic	1160	he1759	1.5658	1.6922	1.6250	1.7500	1974.6797	1926.6717	0	0
fresh-cull20-23-holistic-d800	23	holistic	1160	he1760	0.4285	0.2419	0.4375	0.2500	299.2503	271.0449	0	0
fresh-cull20-23-holistic-d800	23	holistic	1160	he1761	0.9775	0.8214	1.0000	0.8438	747.2809	744.9015	0	0
fresh-cull20-23-holistic-d800	23	holistic	1160	he1762	1.1674	1.5408	1.4688	1.8438	10047.5868	10098.3396	0	0
fresh-cull20-23-holistic-d800	23	holistic	1160	he1763	1.5850	1.2727	1.6875	1.3750	3415.4575	3408.6556	0	0
fresh-cull20-23-holistic-d800	23	holistic	1160	he1764	1.1744	1.3634	1.2500	1.4375	2518.9175	2469.6926	0	0
fresh-cull20-23-holistic-d800	23	holistic	1160	he1765	1.2431	1.3398	1.4062	1.5000	5436.2234	5340.5721	0	0
fresh-cull20-23-holistic-d800	23	holistic	1160	he1767	0.4996	0.4371	0.5000	0.4375	12.0864	11.2423	0	0
fresh-cull20-23-holistic-d800	23	holistic	1160	he1768	0.0312	0.0000	0.0312	0.0000	0.0000	0.0000	0	0
fresh-cull20-23-holistic-d800	23	holistic	1160	he1769	2.1610	1.1934	2.1875	1.2188	885.5226	843.6965	0	0
fresh-cull20-23-holistic-d800	23	holistic	1160	he1770	0.1562	0.0000	0.1562	0.0000	1.0658	1.0659	0	0
fresh-cull20-23-holistic-d800	23	holistic	1160	he1771	0.0625	0.0312	0.0625	0.0312	0.8521	0.8475	0	0
fresh-cull20-23-holistic-d800	23	holistic	1160	he1772	0.7322	0.5761	0.7500	0.5938	594.5499	586.6761	0	0
fresh-cull20-23-holistic-d800	23	holistic	1160	he1773	0.8209	0.8522	0.8438	0.8750	761.4054	762.0213	0	0
fresh-cull20-23-holistic-d800	23	holistic	1160	he1774	1.5298	1.2505	1.5938	1.3125	2130.7060	2066.5694	0	0
fresh-cull20-23-holistic-d800	23	holistic	1160	he1775	1.2704	1.3937	1.4062	1.5312	4529.5898	4585.5161	0	0
