# garden MERGED J=32 from parts 0..15, 16..31: garden fresh-base-12-conventional-d800 seed 12 conventional season 1160 n=60 J=16 worlds=0..15 run=/tmp/rbt107-h1/base-12 work_cost=0.03 (103 s, workers 4) | garden fresh-base-12-conventional-d800 seed 12 conventional season 1160 n=60 J=16 worlds=16..31 run=/tmp/rbt107-h1/base-12 work_cost=0.03 (104 s, workers 4)
fresh-base-12-conventional-d800	12	conventional	1160	ce1988	1.2980	0.8567	2.0000	1.5625	23400.4722	23529.2491	0	0
fresh-base-12-conventional-d800	12	conventional	1160	ce1989	1.6848	1.1116	2.4375	1.8438	25089.0396	24404.2362	0	1
fresh-base-12-conventional-d800	12	conventional	1160	ce1991	2.4753	0.8153	3.0625	1.3750	19573.7069	18655.2617	0	0
fresh-base-12-conventional-d800	12	conventional	1160	ce1995	2.7077	1.0149	3.3125	1.5938	20160.5370	19297.1595	0	0
fresh-base-12-conventional-d800	12	conventional	1160	ce1997	1.4529	1.0764	2.1250	1.7188	22400.9150	21413.8677	0	0
fresh-base-12-conventional-d800	12	conventional	1160	ce1998	1.4390	0.7824	1.9688	1.3125	17660.0238	17671.6741	0	0
fresh-base-12-conventional-d800	12	conventional	1160	ce2001	2.2484	0.6244	2.7500	1.1250	16721.6666	16685.0412	0	0
fresh-base-12-conventional-d800	12	conventional	1160	ce2002	1.3493	0.6026	2.0625	1.3125	23774.6724	23663.5844	0	0
fresh-base-12-conventional-d800	12	conventional	1160	ce2003	1.0026	0.5852	1.5312	1.1875	17623.4205	20075.4016	0	1
fresh-base-12-conventional-d800	12	conventional	1160	ce2004	0.6709	0.2349	1.1250	0.6875	15134.5098	15087.7445	0	0
fresh-base-12-conventional-d800	12	conventional	1160	ce2007	1.6165	1.0491	2.1875	1.6250	19033.7626	19198.8616	0	0
fresh-base-12-conventional-d800	12	conventional	1160	ce2008	1.6608	0.7831	2.4375	1.5625	25888.1893	25982.3721	0	0
fresh-base-12-conventional-d800	12	conventional	1160	ce2010	0.9865	0.2383	1.5312	0.7812	18160.2570	18099.6447	0	0
fresh-base-12-conventional-d800	12	conventional	1160	ce2011	1.8535	0.8856	2.5625	1.5938	23634.3906	23605.4735	0	0
fresh-base-12-conventional-d800	12	conventional	1160	ce2016	2.5284	0.7500	3.0312	1.2188	16762.6658	15625.7725	0	0
fresh-base-12-conventional-d800	12	conventional	1160	ce2017	0.9567	0.4124	1.4375	0.9062	16025.1555	16460.9256	0	0
fresh-base-12-conventional-d800	12	conventional	1160	ce2018	1.3209	1.0278	2.0625	1.7188	24722.0230	23030.8850	0	0
fresh-base-12-conventional-d800	12	conventional	1160	ce2021	1.6374	0.9893	2.3125	1.6562	22501.6233	22230.8328	0	0
fresh-base-12-conventional-d800	12	conventional	1160	ce2022	2.4258	1.7005	3.0938	2.3438	22264.7949	21443.8389	0	0
fresh-base-12-conventional-d800	12	conventional	1160	ce2023	2.0141	1.1679	2.6875	1.8438	22447.9532	22528.0936	0	0
fresh-base-12-conventional-d800	12	conventional	1160	ce2024	1.6317	1.5681	2.2500	2.1875	20611.8338	20643.8447	0	0
fresh-base-12-conventional-d800	12	conventional	1160	ce2025	0.7807	0.5873	1.2500	1.0625	15645.7946	15842.8086	0	0
fresh-base-12-conventional-d800	12	conventional	1160	ce2026	1.9287	1.3981	2.5312	2.0000	20086.4527	20065.9523	0	0
fresh-base-12-conventional-d800	12	conventional	1160	ce2028	1.0600	0.8458	1.7812	1.5625	24041.0602	23888.8616	0	0
fresh-base-12-conventional-d800	12	conventional	1160	ce2031	1.4587	0.6483	2.1250	1.3125	22212.9226	22138.5181	0	0
fresh-base-12-conventional-d800	12	conventional	1160	ce2034	1.2203	0.7843	1.8125	1.3750	19740.7589	19690.8366	0	0
fresh-base-12-conventional-d800	12	conventional	1160	ce2035	1.8056	0.8043	2.5938	1.5938	26272.1768	26314.2643	0	0
fresh-base-12-conventional-d800	12	conventional	1160	ce2036	1.9686	0.8167	2.6250	1.4688	21882.3870	21735.2592	0	0
fresh-base-12-conventional-d800	12	conventional	1160	ce2037	1.9445	0.9729	2.6562	1.6875	23725.6256	23820.3289	0	0
fresh-base-12-conventional-d800	12	conventional	1160	ce2039	1.4890	0.8112	1.8750	1.2188	12867.1966	13584.6093	0	0
fresh-base-12-conventional-d800	12	conventional	1160	ce2040	2.1558	0.9016	2.7812	1.5312	20846.9123	20985.6773	0	0
fresh-base-12-conventional-d800	12	conventional	1160	ce2041	1.2953	0.4157	1.9375	1.0625	21406.8364	21559.8767	0	0
fresh-base-12-conventional-d800	12	conventional	1160	ce2042	2.1507	1.1924	2.8125	1.8438	22058.6279	21712.0629	0	0
fresh-base-12-conventional-d800	12	conventional	1160	ce2043	2.1305	1.2005	2.7188	1.7812	19606.7313	19360.9685	0	0
fresh-base-12-conventional-d800	12	conventional	1160	ce2044	1.6709	0.8581	2.3438	1.5000	22427.8962	21396.2732	0	1
fresh-base-12-conventional-d800	12	conventional	1160	ce2045	1.9630	1.2236	2.6875	1.9375	24150.0703	23796.8528	0	0
fresh-base-12-conventional-d800	12	conventional	1160	ce2046	2.3956	1.1739	3.1562	1.9062	25353.5727	24412.3282	0	0
fresh-base-12-conventional-d800	12	conventional	1160	ce2047	1.5918	0.9241	2.1562	1.5000	18815.2094	19198.7066	0	0
fresh-base-12-conventional-d800	12	conventional	1160	ce2048	1.7253	1.3061	2.3438	1.9062	20614.4688	20005.0194	0	0
fresh-base-12-conventional-d800	12	conventional	1160	ce2049	1.4304	0.7139	2.2500	1.5312	27320.2456	27245.5726	0	0
fresh-base-12-conventional-d800	12	conventional	1160	ce2053	1.9606	0.9593	2.6875	1.6875	24230.8105	24273.9191	0	0
fresh-base-12-conventional-d800	12	conventional	1160	ce2054	1.4777	1.2423	2.2500	2.0000	25744.7613	25257.3351	0	0
fresh-base-12-conventional-d800	12	conventional	1160	ce2055	1.5707	0.9473	2.0625	1.4375	16393.1584	16338.4321	0	0
fresh-base-12-conventional-d800	12	conventional	1160	ce2056	0.6261	0.5378	1.0000	0.9062	12463.2611	12280.4326	0	0
fresh-base-12-conventional-d800	12	conventional	1160	ce2057	2.1251	1.4750	2.8438	2.1875	23955.2597	23751.2540	0	0
fresh-base-12-conventional-d800	12	conventional	1160	ce2058	1.6065	1.1949	2.2188	1.7812	20408.6279	19542.6168	0	0
fresh-base-12-conventional-d800	12	conventional	1160	ce2060	1.0931	1.2818	1.8438	2.0312	25022.8077	24979.9620	0	0
fresh-base-12-conventional-d800	12	conventional	1160	ce2061	1.1567	0.8483	1.9375	1.6250	26025.9788	25889.7891	0	0
fresh-base-12-conventional-d800	12	conventional	1160	ce2062	2.0848	1.2780	2.6875	1.8750	20090.1866	19900.5221	0	0
fresh-base-12-conventional-d800	12	conventional	1160	ce2063	2.2058	1.0351	2.7812	1.5938	19180.0585	18622.5134	0	0
fresh-base-12-conventional-d800	12	conventional	1160	ce2064	1.2422	0.6493	2.0312	1.4375	26301.2124	26274.7209	0	0
fresh-base-12-conventional-d800	12	conventional	1160	ce2065	1.5248	0.9931	2.0938	1.5625	18966.9916	18979.6542	0	0
fresh-base-12-conventional-d800	12	conventional	1160	ce2067	1.7843	1.5036	2.6250	2.3438	28023.6639	28005.3849	0	0
fresh-base-12-conventional-d800	12	conventional	1160	ce2068	0.3253	0.5756	0.9688	1.2188	21447.4752	21436.2455	0	0
fresh-base-12-conventional-d800	12	conventional	1160	ce2069	2.5358	0.6777	3.1250	1.2500	19641.3633	19075.6021	0	0
fresh-base-12-conventional-d800	12	conventional	1160	ce2071	1.4492	0.5182	1.9688	1.0938	17315.1037	19186.1220	0	0
fresh-base-12-conventional-d800	12	conventional	1160	ce2072	1.1692	0.9320	1.9062	1.6250	24566.6689	23099.9904	0	0
fresh-base-12-conventional-d800	12	conventional	1160	ce2073	2.3853	1.1296	3.0625	1.8125	22573.4688	22764.5896	0	0
fresh-base-12-conventional-d800	12	conventional	1160	ce2074	1.5381	0.5680	2.1875	1.1875	21647.9140	20650.9267	0	0
fresh-base-12-conventional-d800	12	conventional	1160	ce2075	1.8161	0.5675	2.4375	1.1875	20711.5707	20668.0814	0	0
