# garden MERGED J=32 from parts 0..15, 16..31: garden fresh-cull20-26-holistic-d800 seed 26 holistic season 1160 n=60 J=16 worlds=0..15 run=/tmp/rbt107-h1/cull20-26 work_cost=0.03 (103 s, workers 4) | garden fresh-cull20-26-holistic-d800 seed 26 holistic season 1160 n=60 J=16 worlds=16..31 run=/tmp/rbt107-h1/cull20-26 work_cost=0.03 (102 s, workers 4)
fresh-cull20-26-holistic-d800	26	holistic	1160	he1682	0.6148	0.4897	0.6562	0.5312	1383.2260	1385.9162	0	0
fresh-cull20-26-holistic-d800	26	holistic	1160	he1683	0.4809	0.4183	0.5938	0.5312	3761.5581	3763.6891	0	0
fresh-cull20-26-holistic-d800	26	holistic	1160	he1685	0.8329	0.8942	0.8438	0.9062	364.2809	403.4846	0	0
fresh-cull20-26-holistic-d800	26	holistic	1160	he1686	1.7833	1.4098	1.8125	1.4375	972.8426	923.8746	0	0
fresh-cull20-26-holistic-d800	26	holistic	1160	he1688	0.4953	0.5887	0.5000	0.5938	155.1164	165.6869	0	0
fresh-cull20-26-holistic-d800	26	holistic	1160	he1689	1.3027	1.3920	1.5938	1.6875	9702.1709	9849.6139	0	0
fresh-cull20-26-holistic-d800	26	holistic	1160	he1690	1.5692	1.1969	1.9062	1.5312	11235.3103	11144.6997	0	0
fresh-cull20-26-holistic-d800	26	holistic	1160	he1691	3.0295	1.9339	3.2500	2.1250	7349.0034	6370.1364	0	0
fresh-cull20-26-holistic-d800	26	holistic	1160	he1692	1.4499	1.3502	1.7188	1.6250	8959.6505	9157.6011	0	0
fresh-cull20-26-holistic-d800	26	holistic	1160	he1694	1.7174	1.7182	2.1250	2.1250	13586.0036	13562.7317	0	0
fresh-cull20-26-holistic-d800	26	holistic	1160	he1696	1.5378	1.0598	1.9062	1.4062	12279.0288	11549.0296	0	0
fresh-cull20-26-holistic-d800	26	holistic	1160	he1697	1.0740	0.8550	1.0938	0.8750	658.0229	667.7865	0	0
fresh-cull20-26-holistic-d800	26	holistic	1160	he1698	2.9724	2.4340	3.3750	2.8438	13420.9328	13659.8063	0	0
fresh-cull20-26-holistic-d800	26	holistic	1160	he1699	1.6858	1.7506	1.8750	1.9375	6307.4294	6228.7765	0	0
fresh-cull20-26-holistic-d800	26	holistic	1160	he1700	1.4369	1.5908	1.6875	1.8438	8352.6125	8431.9292	0	0
fresh-cull20-26-holistic-d800	26	holistic	1160	he1701	2.3232	2.4226	2.7812	2.8750	15268.1210	15080.9567	0	0
fresh-cull20-26-holistic-d800	26	holistic	1160	he1703	1.6456	1.8138	1.9375	2.0938	9728.0419	9330.5089	0	0
fresh-cull20-26-holistic-d800	26	holistic	1160	he1705	2.6961	3.2267	3.1250	3.6562	14296.5343	14319.9945	0	0
fresh-cull20-26-holistic-d800	26	holistic	1160	he1706	2.3319	1.5089	2.5000	1.6562	5603.6413	4912.1521	0	0
fresh-cull20-26-holistic-d800	26	holistic	1160	he1707	1.8463	1.5978	1.8750	1.6250	955.5951	907.9787	0	0
fresh-cull20-26-holistic-d800	26	holistic	1160	he1709	2.1479	2.0933	2.4062	2.3438	8613.9551	8347.3561	0	0
fresh-cull20-26-holistic-d800	26	holistic	1160	he1710	1.5655	1.0670	1.5938	1.0938	939.3101	890.3166	0	0
fresh-cull20-26-holistic-d800	26	holistic	1160	he1711	0.8972	0.9955	1.3438	1.4375	14882.5296	14733.0962	0	0
fresh-cull20-26-holistic-d800	26	holistic	1160	he1712	2.3465	2.3675	2.5625	2.5625	7198.8972	6500.0685	0	0
fresh-cull20-26-holistic-d800	26	holistic	1160	he1713	1.4342	1.5523	1.8125	1.9375	12609.8419	12839.6715	0	0
fresh-cull20-26-holistic-d800	26	holistic	1160	he1715	1.3802	1.2606	1.4688	1.3438	2949.2829	2773.7578	0	0
fresh-cull20-26-holistic-d800	26	holistic	1160	he1716	2.2431	2.2435	2.5000	2.5000	8561.6262	8548.0571	0	0
fresh-cull20-26-holistic-d800	26	holistic	1160	he1719	2.3787	1.5979	2.7188	1.9375	11335.1567	11321.2570	0	0
fresh-cull20-26-holistic-d800	26	holistic	1160	he1720	2.7705	2.5560	2.9688	2.7500	6609.6396	6468.6617	0	0
fresh-cull20-26-holistic-d800	26	holistic	1160	he1721	3.2969	2.0144	3.5625	2.2500	8855.1993	7853.3094	0	0
fresh-cull20-26-holistic-d800	26	holistic	1160	he1722	0.6920	0.8216	0.8125	0.9375	4018.8594	3865.1321	0	0
fresh-cull20-26-holistic-d800	26	holistic	1160	he1723	1.7543	1.1595	2.0938	1.5000	11313.9927	11351.4539	0	0
fresh-cull20-26-holistic-d800	26	holistic	1160	he1724	1.8477	1.2545	1.8750	1.2812	910.3875	893.3912	0	0
fresh-cull20-26-holistic-d800	26	holistic	1160	he1725	3.6117	2.6446	3.9688	3.0000	11902.6673	11845.0078	0	0
fresh-cull20-26-holistic-d800	26	holistic	1160	he1726	1.1600	1.5353	1.6562	2.0312	16542.5279	16531.8831	0	0
fresh-cull20-26-holistic-d800	26	holistic	1160	he1727	0.9913	1.1810	1.2812	1.4688	9665.6846	9594.7666	0	0
fresh-cull20-26-holistic-d800	26	holistic	1160	he1729	2.4062	1.7174	2.7500	2.0625	11459.2493	11501.9245	0	0
fresh-cull20-26-holistic-d800	26	holistic	1160	he1730	2.1822	1.8050	2.4062	2.0312	7467.3675	7540.3797	0	0
fresh-cull20-26-holistic-d800	26	holistic	1160	he1731	1.0217	0.7732	1.3125	1.0625	9691.0894	9642.3248	0	0
fresh-cull20-26-holistic-d800	26	holistic	1160	he1732	1.8160	1.2902	1.9062	1.3750	3008.3202	2826.3724	0	0
fresh-cull20-26-holistic-d800	26	holistic	1160	he1733	0.7645	0.6125	1.1562	1.0000	13058.0520	12915.6858	0	0
fresh-cull20-26-holistic-d800	26	holistic	1160	he1735	1.3798	1.2583	1.5312	1.4062	5050.9124	4932.7192	0	0
fresh-cull20-26-holistic-d800	26	holistic	1160	he1738	1.8006	1.3333	2.0625	1.5938	8729.7905	8680.7859	0	0
fresh-cull20-26-holistic-d800	26	holistic	1160	he1739	2.3072	2.0924	2.7188	2.5000	13718.4063	13589.5904	0	0
fresh-cull20-26-holistic-d800	26	holistic	1160	he1742	2.6417	1.8620	2.8750	2.0938	7778.5722	7724.7432	0	0
fresh-cull20-26-holistic-d800	26	holistic	1160	he1743	2.2765	1.7160	2.4688	1.9062	6407.5202	6342.2258	0	0
fresh-cull20-26-holistic-d800	26	holistic	1160	he1744	1.2555	0.9743	1.2812	1.0000	858.6327	856.2373	0	0
fresh-cull20-26-holistic-d800	26	holistic	1160	he1745	1.3982	0.9617	1.5312	1.0938	4433.7272	4399.2344	0	0
fresh-cull20-26-holistic-d800	26	holistic	1160	he1746	2.0866	2.0427	2.5312	2.5000	14819.8995	15245.5086	0	0
fresh-cull20-26-holistic-d800	26	holistic	1160	he1747	1.3042	1.3325	1.5938	1.6250	9650.9413	9748.6105	0	0
fresh-cull20-26-holistic-d800	26	holistic	1160	he1748	1.5963	1.6598	1.6250	1.6875	954.3228	923.2459	0	0
fresh-cull20-26-holistic-d800	26	holistic	1160	he1749	2.3127	1.9745	2.6250	2.2812	10411.7300	10227.3728	0	0
fresh-cull20-26-holistic-d800	26	holistic	1160	he1750	0.6502	0.7429	1.0312	1.1250	12704.1385	12737.0873	0	0
fresh-cull20-26-holistic-d800	26	holistic	1160	he1751	0.1163	0.1814	0.2188	0.2812	3414.9091	3328.2082	0	0
fresh-cull20-26-holistic-d800	26	holistic	1160	he1752	1.6907	1.4420	1.7188	1.4688	935.5811	892.1139	0	0
fresh-cull20-26-holistic-d800	26	holistic	1160	he1753	2.0880	1.7183	2.3438	1.9688	8524.0392	8347.7139	0	0
fresh-cull20-26-holistic-d800	26	holistic	1160	he1755	3.1099	2.7645	3.3750	3.0312	8836.6312	8891.1619	0	0
fresh-cull20-26-holistic-d800	26	holistic	1160	he1756	1.3487	1.1932	1.3750	1.2188	878.9590	850.4688	0	0
fresh-cull20-26-holistic-d800	26	holistic	1160	he1757	1.2555	1.4787	1.5938	1.8125	11273.8315	11128.3233	0	0
fresh-cull20-26-holistic-d800	26	holistic	1160	he1758	0.4795	0.3245	0.5000	0.3438	683.9618	640.9298	0	0
