# garden MERGED J=32 from parts 0..15, 16..31: garden fresh-shift-22-holistic-d400 seed 22 holistic season 760 n=60 J=16 worlds=0..15 run=/tmp/rbt107-h1/shift-22 work_cost=0.03 (86 s, workers 4) | garden fresh-shift-22-holistic-d400 seed 22 holistic season 760 n=60 J=16 worlds=16..31 run=/tmp/rbt107-h1/shift-22 work_cost=0.03 (88 s, workers 4)
fresh-shift-22-holistic-d400	22	holistic	760	he1206	0.8893	0.4206	0.9062	0.4375	563.8059	565.8734	0	0
fresh-shift-22-holistic-d400	22	holistic	760	he1208	2.1547	1.4981	2.3125	1.6562	5260.2885	5269.3103	0	0
fresh-shift-22-holistic-d400	22	holistic	760	he1209	2.1292	2.2244	2.3438	2.4375	7150.2728	7105.6101	0	0
fresh-shift-22-holistic-d400	22	holistic	760	he1212	0.8443	0.5948	1.0625	0.8125	7272.4262	7254.0202	0	0
fresh-shift-22-holistic-d400	22	holistic	760	he1213	1.6517	1.3412	1.7188	1.4062	2235.7384	2170.2963	0	0
fresh-shift-22-holistic-d400	22	holistic	760	he1215	1.3010	0.8938	1.3750	0.9688	2468.4720	2496.3531	0	0
fresh-shift-22-holistic-d400	22	holistic	760	he1217	0.5602	0.4365	0.6250	0.5000	2162.2640	2116.5650	0	0
fresh-shift-22-holistic-d400	22	holistic	760	he1219	1.1186	0.7150	1.3750	0.9688	8545.9987	8456.1436	0	0
fresh-shift-22-holistic-d400	22	holistic	760	he1220	0.3689	0.3463	0.4688	0.4375	3328.7573	3042.0041	0	0
fresh-shift-22-holistic-d400	22	holistic	760	he1222	2.1174	1.7114	2.3125	1.9062	6504.1637	6495.4173	0	0
fresh-shift-22-holistic-d400	22	holistic	760	he1223	1.2843	1.2856	1.5000	1.5000	7191.2406	7146.9500	0	0
fresh-shift-22-holistic-d400	22	holistic	760	he1227	0.8168	0.6284	1.1875	1.0000	12355.8913	12387.0958	0	0
fresh-shift-22-holistic-d400	22	holistic	760	he1229	0.7849	0.5374	1.1250	0.8750	11336.4749	11251.0092	0	0
fresh-shift-22-holistic-d400	22	holistic	760	he1231	1.2186	0.9080	1.3125	1.0000	3132.1693	3068.0441	0	0
fresh-shift-22-holistic-d400	22	holistic	760	he1232	1.8616	1.4928	2.1250	1.7500	8782.3445	8575.3250	0	0
fresh-shift-22-holistic-d400	22	holistic	760	he1233	0.5412	0.6634	0.6250	0.7500	2793.3617	2886.6499	0	0
fresh-shift-22-holistic-d400	22	holistic	760	he1234	1.8667	0.9925	2.0938	1.2188	7567.9510	7543.6516	0	0
fresh-shift-22-holistic-d400	22	holistic	760	he1237	1.4388	1.1869	1.5938	1.3438	5163.1161	5227.1657	0	0
fresh-shift-22-holistic-d400	22	holistic	760	he1241	0.2985	0.2047	0.3438	0.2500	1506.2448	1508.2498	0	0
fresh-shift-22-holistic-d400	22	holistic	760	he1244	0.7081	0.5210	1.0625	0.8750	11815.6676	11801.8854	0	0
fresh-shift-22-holistic-d400	22	holistic	760	he1245	0.5472	0.5175	0.5625	0.5312	510.9928	456.7055	0	0
fresh-shift-22-holistic-d400	22	holistic	760	he1246	1.8790	1.5366	2.0625	1.7188	6116.7757	6070.3713	0	0
fresh-shift-22-holistic-d400	22	holistic	760	he1248	0.7648	0.6740	1.1562	1.0625	13050.4994	12950.3770	0	0
fresh-shift-22-holistic-d400	22	holistic	760	he1249	1.0959	1.0691	1.1562	1.1250	2009.4201	1863.1696	0	0
fresh-shift-22-holistic-d400	22	holistic	760	he1250	1.4371	1.0336	1.6875	1.2812	8347.0398	8253.5324	0	0
fresh-shift-22-holistic-d400	22	holistic	760	he1251	1.7197	1.3796	1.7812	1.4375	2049.1318	1931.5784	0	0
fresh-shift-22-holistic-d400	22	holistic	760	he1252	0.1984	0.2298	0.2188	0.2500	678.6500	673.2827	0	0
fresh-shift-22-holistic-d400	22	holistic	760	he1253	1.9931	1.9019	2.0938	2.0000	3352.5010	3269.0890	0	0
fresh-shift-22-holistic-d400	22	holistic	760	he1254	1.8791	1.9116	2.0625	2.0938	6113.3039	6071.4048	0	0
fresh-shift-22-holistic-d400	22	holistic	760	he1255	1.6560	1.3115	1.8750	1.5312	7301.1815	7324.2727	0	0
fresh-shift-22-holistic-d400	22	holistic	760	he1256	0.1870	0.2827	0.4688	0.5625	9389.9296	9327.5145	0	0
fresh-shift-22-holistic-d400	22	holistic	760	he1257	1.1338	1.0072	1.3438	1.2188	7000.1646	7050.3642	0	0
fresh-shift-22-holistic-d400	22	holistic	760	he1260	1.0072	0.9133	1.2500	1.1562	8092.6418	8099.9453	0	0
fresh-shift-22-holistic-d400	22	holistic	760	he1261	1.1730	1.6181	1.2500	1.6875	2565.0171	2313.1490	0	0
fresh-shift-22-holistic-d400	22	holistic	760	he1262	0.7894	0.8518	0.8750	0.9375	2854.0714	2857.0435	0	0
fresh-shift-22-holistic-d400	22	holistic	760	he1265	2.0236	1.7433	2.1875	1.9062	5465.4271	5432.0708	0	0
fresh-shift-22-holistic-d400	22	holistic	760	he1266	1.0822	0.7704	1.1250	0.8125	1425.4066	1404.3496	0	0
fresh-shift-22-holistic-d400	22	holistic	760	he1269	2.0553	1.3428	2.2500	1.5312	6491.5909	6284.3845	0	0
fresh-shift-22-holistic-d400	22	holistic	760	he1271	1.3407	1.3085	1.5312	1.5000	6352.5001	6382.5625	0	0
fresh-shift-22-holistic-d400	22	holistic	760	he1274	1.7403	1.5861	1.8750	1.7188	4491.4123	4421.3317	0	0
fresh-shift-22-holistic-d400	22	holistic	760	he1275	1.2741	1.2210	1.3750	1.3125	3363.2651	3050.7935	0	0
fresh-shift-22-holistic-d400	22	holistic	760	he1276	1.1975	0.7289	1.5938	1.1250	13208.0294	13203.2529	0	0
fresh-shift-22-holistic-d400	22	holistic	760	he1278	0.8190	0.8489	1.0625	1.0938	8115.8198	8160.0751	0	0
fresh-shift-22-holistic-d400	22	holistic	760	he1280	0.3959	0.2110	0.5625	0.3750	5553.6416	5467.5762	0	0
fresh-shift-22-holistic-d400	22	holistic	760	he1281	0.9441	1.1946	1.1875	1.4375	8114.1202	8097.2693	0	0
fresh-shift-22-holistic-d400	22	holistic	760	he1283	0.6489	0.5885	0.6875	0.6250	1285.1446	1217.7050	0	0
fresh-shift-22-holistic-d400	22	holistic	760	he1284	1.1625	1.2193	1.5000	1.5625	11248.2514	11438.8632	0	0
fresh-shift-22-holistic-d400	22	holistic	760	he1287	0.4804	0.2606	0.8125	0.5938	11069.2630	11102.7974	0	0
fresh-shift-22-holistic-d400	22	holistic	760	he1289	1.4900	1.2193	1.5625	1.2812	2417.7908	2063.8413	0	0
fresh-shift-22-holistic-d400	22	holistic	760	he1291	0.2989	0.2986	0.3125	0.3125	452.8704	461.4777	0	0
fresh-shift-22-holistic-d400	22	holistic	760	he1292	1.5765	1.0501	1.6562	1.1250	2657.5469	2497.2621	0	0
fresh-shift-22-holistic-d400	22	holistic	760	he1293	0.7992	0.6110	1.0000	0.8125	6694.2131	6715.2517	0	0
fresh-shift-22-holistic-d400	22	holistic	760	he1295	0.4576	0.4571	0.5000	0.5000	1413.6286	1429.9417	0	0
fresh-shift-22-holistic-d400	22	holistic	760	he1296	1.0259	0.9043	1.1250	1.0000	3301.1172	3189.9488	0	0
fresh-shift-22-holistic-d400	22	holistic	760	he1298	0.1531	0.1527	0.1562	0.1562	105.9021	117.0636	0	0
fresh-shift-22-holistic-d400	22	holistic	760	he1299	-0.0001	0.0311	0.0000	0.0312	1.8283	1.9828	0	0
fresh-shift-22-holistic-d400	22	holistic	760	he1300	0.9479	0.8864	1.0000	0.9375	1738.1506	1702.5763	0	0
fresh-shift-22-holistic-d400	22	holistic	760	he1301	0.5031	0.3152	0.7500	0.5625	8228.3679	8245.3196	0	0
fresh-shift-22-holistic-d400	22	holistic	760	he1302	0.9689	1.3448	1.2188	1.5938	8328.2772	8298.0553	0	0
fresh-shift-22-holistic-d400	22	holistic	760	he1303	0.3458	0.2833	0.3750	0.3125	976.3125	972.6242	0	0
