# garden MERGED J=32 from parts 0..15, 16..31: garden fresh-base-13-holistic-d400 seed 13 holistic season 760 n=60 J=16 worlds=0..15 run=/tmp/rbt107-h1/base-13 work_cost=0.03 (302 s, workers 4) | garden fresh-base-13-holistic-d400 seed 13 holistic season 760 n=60 J=16 worlds=16..31 run=/tmp/rbt107-h1/base-13 work_cost=0.03 (304 s, workers 4)
fresh-base-13-holistic-d400	13	holistic	760	he1054	1.4175	1.0746	1.5625	1.2188	4831.5000	4805.8947	0	0
fresh-base-13-holistic-d400	13	holistic	760	he1055	2.8301	1.8486	2.9375	1.9688	3579.8517	4008.0506	0	1
fresh-base-13-holistic-d400	13	holistic	760	he1056	2.3495	2.0255	2.5312	2.2500	6061.0976	7481.8224	3	0
fresh-base-13-holistic-d400	13	holistic	760	he1058	1.2071	0.7655	1.2812	0.8438	2470.9908	2608.3108	0	0
fresh-base-13-holistic-d400	13	holistic	760	he1059	1.9534	1.2970	2.0000	1.3438	1553.5541	1558.7613	0	0
fresh-base-13-holistic-d400	13	holistic	760	he1062	0.7469	0.8328	0.7812	0.8750	1146.4945	1405.3497	0	0
fresh-base-13-holistic-d400	13	holistic	760	he1063	0.5883	0.5257	0.5938	0.5312	180.8100	185.9914	0	0
fresh-base-13-holistic-d400	13	holistic	760	he1064	1.5127	1.5377	1.5625	1.5938	1659.8420	1866.8632	0	0
fresh-base-13-holistic-d400	13	holistic	760	he1065	1.3934	2.1128	1.4375	2.1562	1470.1608	1450.1912	0	0
fresh-base-13-holistic-d400	13	holistic	760	he1066	1.3695	1.5461	1.5000	1.6875	4348.8137	4711.5788	0	0
fresh-base-13-holistic-d400	13	holistic	760	he1067	1.1227	0.9041	1.1250	0.9062	74.2963	70.6376	0	0
fresh-base-13-holistic-d400	13	holistic	760	he1070	0.8464	1.0970	0.8750	1.1250	954.3975	934.7867	0	0
fresh-base-13-holistic-d400	13	holistic	760	he1072	1.0471	1.2976	1.0625	1.3125	514.2998	496.3306	0	0
fresh-base-13-holistic-d400	13	holistic	760	he1074	1.1875	1.0671	1.3750	1.2500	6249.5867	6095.8132	0	0
fresh-base-13-holistic-d400	13	holistic	760	he1075	1.7011	1.8938	1.7812	1.9688	2670.4231	2497.7893	0	0
fresh-base-13-holistic-d400	13	holistic	760	he1077	0.7080	0.7393	0.7188	0.7500	356.1959	356.9422	0	0
fresh-base-13-holistic-d400	13	holistic	760	he1078	1.2809	1.5545	1.3125	1.5938	1054.1304	1308.6456	0	0
fresh-base-13-holistic-d400	13	holistic	760	he1081	1.1885	1.5291	1.2500	1.5938	2048.3423	2156.8791	0	0
fresh-base-13-holistic-d400	13	holistic	760	he1084	1.3706	1.0592	1.4062	1.0938	1186.4974	1152.9621	0	0
fresh-base-13-holistic-d400	13	holistic	760	he1085	1.9124	1.8541	2.1250	2.0625	7085.8957	6947.0135	0	0
fresh-base-13-holistic-d400	13	holistic	760	he1086	1.5222	1.0840	1.5312	1.0938	302.1825	325.2720	0	0
fresh-base-13-holistic-d400	13	holistic	760	he1087	0.9503	0.7677	1.0000	0.8125	1656.7307	1493.4729	0	0
fresh-base-13-holistic-d400	13	holistic	760	he1089	0.9863	1.3344	1.4062	1.7500	13999.0635	13853.1616	0	0
fresh-base-13-holistic-d400	13	holistic	760	he1090	2.7363	2.3300	2.8125	2.4062	2539.6046	2541.4448	0	0
fresh-base-13-holistic-d400	13	holistic	760	he1091	1.1915	1.0461	1.2500	1.0938	1948.4853	1590.1748	0	0
fresh-base-13-holistic-d400	13	holistic	760	he1092	0.6741	1.0172	0.6875	1.0312	447.7106	465.4868	0	0
fresh-base-13-holistic-d400	13	holistic	760	he1094	1.3273	0.9532	1.3750	1.0000	1592.2573	1557.8286	0	0
fresh-base-13-holistic-d400	13	holistic	760	he1095	1.2891	1.2582	1.3750	1.3438	2864.5904	2851.6514	0	0
fresh-base-13-holistic-d400	13	holistic	760	he1096	0.8971	0.9596	0.9062	0.9688	304.6433	307.1014	0	0
fresh-base-13-holistic-d400	13	holistic	760	he1097	2.1256	1.5945	2.1875	1.6562	2066.3510	2058.7010	0	0
fresh-base-13-holistic-d400	13	holistic	760	he1098	1.3073	1.3445	1.4375	1.4688	4340.4530	4142.3597	0	0
fresh-base-13-holistic-d400	13	holistic	760	he1099	3.3071	2.3476	3.3750	2.4062	2263.7151	1956.4526	6	7
fresh-base-13-holistic-d400	13	holistic	760	he1101	0.8581	0.6706	0.8750	0.6875	561.2143	561.2217	0	0
fresh-base-13-holistic-d400	13	holistic	760	he1102	1.0611	0.8735	1.0625	0.8750	48.3117	49.7770	0	0
fresh-base-13-holistic-d400	13	holistic	760	he1103	2.0323	1.9514	2.3125	2.2188	9341.5903	8911.8586	0	0
fresh-base-13-holistic-d400	13	holistic	760	he1105	1.2696	1.2091	1.3125	1.2500	1431.5237	1361.0901	1	1
fresh-base-13-holistic-d400	13	holistic	760	he1106	1.3920	1.2371	1.4375	1.2812	1516.8890	1470.6057	0	0
fresh-base-13-holistic-d400	13	holistic	760	he1107	1.8035	1.7732	1.9375	1.9062	4466.4432	4435.3601	0	0
fresh-base-13-holistic-d400	13	holistic	760	he1108	1.4047	1.5272	1.4375	1.5625	1090.7148	1178.3897	0	0
fresh-base-13-holistic-d400	13	holistic	760	he1110	1.6428	1.1770	1.8125	1.3438	5656.0247	5556.1646	0	0
fresh-base-13-holistic-d400	13	holistic	760	he1111	1.1210	1.0080	1.2500	1.1562	4297.0803	4943.1330	16	14
fresh-base-13-holistic-d400	13	holistic	760	he1112	2.7665	2.4231	2.8125	2.4688	1532.0865	1521.7374	0	0
fresh-base-13-holistic-d400	13	holistic	760	he1113	0.6174	0.7426	0.6250	0.7500	255.4481	247.2506	0	0
fresh-base-13-holistic-d400	13	holistic	760	he1115	0.3061	0.2742	0.3125	0.2812	213.4947	232.3129	0	0
fresh-base-13-holistic-d400	13	holistic	760	he1116	1.5828	1.0203	1.5938	1.0312	367.3550	364.9783	0	0
fresh-base-13-holistic-d400	13	holistic	760	he1117	2.2449	2.3803	2.4375	2.5938	6420.5152	7115.2771	7	3
fresh-base-13-holistic-d400	13	holistic	760	he1120	0.7163	0.2850	0.7500	0.3125	1123.7167	918.1581	0	0
fresh-base-13-holistic-d400	13	holistic	760	he1122	2.3156	2.2594	2.4062	2.3438	3019.1581	2811.9611	0	0
fresh-base-13-holistic-d400	13	holistic	760	he1123	0.8599	0.6099	0.8750	0.6250	501.5639	500.4294	0	0
fresh-base-13-holistic-d400	13	holistic	760	he1124	1.5564	1.3700	1.6562	1.4688	3330.7859	3292.4792	0	0
fresh-base-13-holistic-d400	13	holistic	760	he1125	1.4306	1.3077	1.5625	1.4375	4395.5186	4325.0168	0	0
fresh-base-13-holistic-d400	13	holistic	760	he1127	0.7059	1.0275	0.7500	1.0625	1468.6763	1165.5316	16	19
fresh-base-13-holistic-d400	13	holistic	760	he1128	0.5281	1.1585	0.7188	1.3438	6353.7126	6173.7491	0	0
fresh-base-13-holistic-d400	13	holistic	760	he1130	1.8488	1.6612	1.9375	1.7500	2956.7320	2958.0366	0	0
fresh-base-13-holistic-d400	13	holistic	760	he1131	0.5703	0.6449	0.6875	0.7500	3909.6025	3503.9657	0	0
fresh-base-13-holistic-d400	13	holistic	760	he1132	0.7258	0.8398	0.7812	0.9062	1849.7850	2214.5935	1	1
fresh-base-13-holistic-d400	13	holistic	760	he1133	1.9373	1.5369	2.1562	1.7500	7298.7287	7102.8731	0	0
fresh-base-13-holistic-d400	13	holistic	760	he1134	2.4994	2.1545	2.6250	2.3125	4187.3957	5265.1974	7	6
fresh-base-13-holistic-d400	13	holistic	760	he1135	1.1118	1.1719	1.2188	1.2812	3565.0356	3646.5687	0	0
fresh-base-13-holistic-d400	13	holistic	760	he1136	0.9983	0.9666	1.0312	1.0000	1099.2933	1112.8286	0	0
