# garden MERGED J=32 from parts 0..15, 16..31: garden fresh-base-12-holistic-d400 seed 12 holistic season 760 n=60 J=16 worlds=0..15 run=/tmp/rbt107-h1/base-12 work_cost=0.03 (77 s, workers 4) | garden fresh-base-12-holistic-d400 seed 12 holistic season 760 n=60 J=16 worlds=16..31 run=/tmp/rbt107-h1/base-12 work_cost=0.03 (76 s, workers 4)
fresh-base-12-holistic-d400	12	holistic	760	he1186	1.4960	1.0892	1.8125	1.4062	10547.6860	10571.2807	0	0
fresh-base-12-holistic-d400	12	holistic	760	he1190	1.5660	1.5038	1.7188	1.6562	5092.3752	5081.8993	0	0
fresh-base-12-holistic-d400	12	holistic	760	he1192	1.9152	1.4809	2.0938	1.6562	5951.2864	5846.3466	0	0
fresh-base-12-holistic-d400	12	holistic	760	he1193	1.6360	2.1084	1.8125	2.2812	5882.1220	5761.0178	0	0
fresh-base-12-holistic-d400	12	holistic	760	he1194	1.5497	0.9870	1.6875	1.1250	4594.2572	4599.3260	0	0
fresh-base-12-holistic-d400	12	holistic	760	he1197	0.7386	0.6436	0.9688	0.8750	7672.9534	7711.7734	0	0
fresh-base-12-holistic-d400	12	holistic	760	he1198	0.9522	0.9843	1.1250	1.1562	5760.6073	5732.3632	0	0
fresh-base-12-holistic-d400	12	holistic	760	he1199	1.9468	1.3572	2.1875	1.5938	8022.6488	7885.6874	0	0
fresh-base-12-holistic-d400	12	holistic	760	he1203	0.2274	0.1979	0.2500	0.2188	751.0641	694.9855	0	0
fresh-base-12-holistic-d400	12	holistic	760	he1205	1.2500	1.1593	1.4688	1.3750	7290.7797	7187.6462	0	0
fresh-base-12-holistic-d400	12	holistic	760	he1208	1.3994	0.8382	1.8125	1.2500	13769.6601	13725.5192	0	0
fresh-base-12-holistic-d400	12	holistic	760	he1209	1.8443	2.0323	2.0625	2.2500	7271.6566	7256.8712	0	0
fresh-base-12-holistic-d400	12	holistic	760	he1212	1.2344	0.9523	1.4688	1.1875	7812.9868	7839.8933	0	0
fresh-base-12-holistic-d400	12	holistic	760	he1213	1.1174	1.1405	1.5000	1.5312	12755.2265	13026.5386	0	0
fresh-base-12-holistic-d400	12	holistic	760	he1214	0.2367	0.0823	0.2500	0.0938	441.9891	381.6859	0	0
fresh-base-12-holistic-d400	12	holistic	760	he1215	1.0884	0.9648	1.1875	1.0625	3302.8939	3256.9690	0	0
fresh-base-12-holistic-d400	12	holistic	760	he1216	1.0612	0.9982	1.4688	1.4062	13584.8307	13600.8590	0	0
fresh-base-12-holistic-d400	12	holistic	760	he1217	1.3409	2.1827	1.5000	2.3438	5301.0426	5367.7811	0	0
fresh-base-12-holistic-d400	12	holistic	760	he1218	1.7401	1.7392	1.8750	1.8750	4496.0956	4526.1013	0	0
fresh-base-12-holistic-d400	12	holistic	760	he1219	1.3303	1.7367	1.4062	1.8125	2529.3217	2525.3531	0	0
fresh-base-12-holistic-d400	12	holistic	760	he1220	1.3521	1.2873	1.5000	1.4375	4929.8288	5003.9661	0	0
fresh-base-12-holistic-d400	12	holistic	760	he1221	1.7449	0.9969	1.9688	1.2188	7462.3960	7394.9171	0	0
fresh-base-12-holistic-d400	12	holistic	760	he1222	0.3987	0.2731	0.4375	0.3125	1294.2540	1313.5264	0	0
fresh-base-12-holistic-d400	12	holistic	760	he1224	1.0848	1.2087	1.1875	1.3125	3423.6062	3457.2607	0	0
fresh-base-12-holistic-d400	12	holistic	760	he1225	0.7973	0.8853	0.9375	1.0312	4674.8280	4864.0775	0	0
fresh-base-12-holistic-d400	12	holistic	760	he1230	2.7195	1.7843	2.9375	2.0000	7265.9645	7190.9743	0	0
fresh-base-12-holistic-d400	12	holistic	760	he1231	1.3575	0.7632	1.5625	0.9688	6831.0939	6852.4834	0	0
fresh-base-12-holistic-d400	12	holistic	760	he1232	2.0030	1.7542	2.2812	2.0312	9276.6181	9234.8492	0	0
fresh-base-12-holistic-d400	12	holistic	760	he1234	2.0564	1.2787	2.2812	1.5000	7497.3425	7376.4354	0	0
fresh-base-12-holistic-d400	12	holistic	760	he1235	1.6885	1.5284	1.9375	1.7812	8300.4739	8427.8018	0	0
fresh-base-12-holistic-d400	12	holistic	760	he1237	0.9264	0.4572	1.2500	0.7812	10786.8002	10801.9354	0	0
fresh-base-12-holistic-d400	12	holistic	760	he1238	1.5858	1.1195	1.9062	1.4375	10680.9512	10602.3504	0	0
fresh-base-12-holistic-d400	12	holistic	760	he1239	0.4244	0.4541	1.0625	1.0938	21272.2574	21321.7421	0	0
fresh-base-12-holistic-d400	12	holistic	760	he1240	0.4457	0.3522	0.4688	0.3750	766.4233	761.0251	0	0
fresh-base-12-holistic-d400	12	holistic	760	he1241	1.7313	1.6086	1.9062	1.7812	5833.0698	5755.6408	0	0
fresh-base-12-holistic-d400	12	holistic	760	he1242	0.9841	0.5780	1.0625	0.6562	2614.1698	2608.3622	0	0
fresh-base-12-holistic-d400	12	holistic	760	he1243	1.3901	1.2666	1.5312	1.4062	4705.5786	4657.6811	0	0
fresh-base-12-holistic-d400	12	holistic	760	he1244	1.3971	1.5247	1.5625	1.6875	5511.7092	5426.0257	0	0
fresh-base-12-holistic-d400	12	holistic	760	he1245	2.3154	1.7536	2.4062	1.8438	3027.7607	3004.9078	0	0
fresh-base-12-holistic-d400	12	holistic	760	he1248	1.8378	1.0580	2.0938	1.3125	8529.9999	8483.2925	0	0
fresh-base-12-holistic-d400	12	holistic	760	he1250	0.9153	1.1970	0.9688	1.2500	1780.0096	1765.0874	0	0
fresh-base-12-holistic-d400	12	holistic	760	he1251	1.4589	1.5522	1.5625	1.6562	3451.5881	3465.7051	0	0
fresh-base-12-holistic-d400	12	holistic	760	he1252	0.8378	0.9637	1.0938	1.2188	8531.7454	8498.9575	0	0
fresh-base-12-holistic-d400	12	holistic	760	he1253	0.8456	0.6945	1.1562	1.0000	10356.5914	10184.6993	0	0
fresh-base-12-holistic-d400	12	holistic	760	he1256	1.0340	1.0655	1.5000	1.5312	15534.2879	15526.3421	0	0
fresh-base-12-holistic-d400	12	holistic	760	he1257	2.0831	2.3682	2.3750	2.6562	9731.3017	9599.7422	0	0
fresh-base-12-holistic-d400	12	holistic	760	he1258	0.2203	0.3778	0.2500	0.4062	988.4484	950.0842	0	0
fresh-base-12-holistic-d400	12	holistic	760	he1259	1.4121	1.5405	1.6250	1.7500	7097.6262	6983.8106	0	0
fresh-base-12-holistic-d400	12	holistic	760	he1260	1.1744	0.6439	1.4688	0.9375	9810.8386	9787.7435	0	0
fresh-base-12-holistic-d400	12	holistic	760	he1261	2.0247	1.8701	2.2188	2.0625	6469.2132	6414.0272	0	0
fresh-base-12-holistic-d400	12	holistic	760	he1262	1.5448	1.7338	1.8750	2.0625	11008.2732	10957.8757	0	0
fresh-base-12-holistic-d400	12	holistic	760	he1263	1.9685	1.4053	2.2188	1.6562	8341.5500	8365.8187	0	0
fresh-base-12-holistic-d400	12	holistic	760	he1264	1.5040	0.9104	1.8750	1.2812	12366.4348	12362.2255	0	0
fresh-base-12-holistic-d400	12	holistic	760	he1266	1.5796	1.3023	1.7812	1.5000	6720.5263	6590.1544	0	0
fresh-base-12-holistic-d400	12	holistic	760	he1267	0.0000	0.0000	0.0000	0.0000	0.0000	0.0000	0	0
fresh-base-12-holistic-d400	12	holistic	760	he1268	1.8051	1.3708	2.0625	1.6250	8580.5840	8473.3688	0	0
fresh-base-12-holistic-d400	12	holistic	760	he1269	0.0625	0.0312	0.0625	0.0312	0.0000	0.0000	0	0
fresh-base-12-holistic-d400	12	holistic	760	he1270	0.7423	0.6147	1.0000	0.8750	8588.9368	8677.1938	0	0
fresh-base-12-holistic-d400	12	holistic	760	he1271	2.1005	1.4777	2.5000	1.8750	13317.4249	13244.0207	0	0
fresh-base-12-holistic-d400	12	holistic	760	he1272	1.3173	1.0993	1.5000	1.2812	6089.7213	6067.4415	0	0
