# garden MERGED J=32 from parts 0..15, 16..31: garden fresh-shift-23-holistic-d600 seed 23 holistic season 960 n=60 J=16 worlds=0..15 run=/tmp/rbt107-h1/shift-23 work_cost=0.03 (63 s, workers 4) | garden fresh-shift-23-holistic-d600 seed 23 holistic season 960 n=60 J=16 worlds=16..31 run=/tmp/rbt107-h1/shift-23 work_cost=0.03 (62 s, workers 4)
fresh-shift-23-holistic-d600	23	holistic	960	he1400	1.3096	1.3414	1.3438	1.3750	1139.1597	1121.4659	0	0
fresh-shift-23-holistic-d600	23	holistic	960	he1401	1.2522	1.0966	1.4062	1.2500	5137.5891	5112.4879	0	0
fresh-shift-23-holistic-d600	23	holistic	960	he1402	1.4194	1.0444	1.4688	1.0938	1643.9565	1645.6681	0	0
fresh-shift-23-holistic-d600	23	holistic	960	he1403	1.4438	1.3850	1.5000	1.4375	1874.1425	1750.4391	0	0
fresh-shift-23-holistic-d600	23	holistic	960	he1404	1.2029	0.6405	1.3750	0.8125	5734.9556	5732.6445	0	0
fresh-shift-23-holistic-d600	23	holistic	960	he1406	0.9516	1.1724	1.1250	1.3438	5778.2108	5712.4038	0	0
fresh-shift-23-holistic-d600	23	holistic	960	he1408	1.5353	1.2231	1.7500	1.4375	7157.3682	7145.5464	0	0
fresh-shift-23-holistic-d600	23	holistic	960	he1409	1.9833	1.3895	2.1562	1.5625	5764.5750	5769.0626	0	0
fresh-shift-23-holistic-d600	23	holistic	960	he1410	1.2692	1.1734	1.4375	1.3438	5610.1321	5679.3718	0	0
fresh-shift-23-holistic-d600	23	holistic	960	he1413	1.0605	1.0634	1.0938	1.0938	1107.4404	1011.8174	0	0
fresh-shift-23-holistic-d600	23	holistic	960	he1414	1.6632	1.4136	1.7188	1.4688	1850.5959	1838.9136	0	0
fresh-shift-23-holistic-d600	23	holistic	960	he1415	2.4235	1.9263	2.5000	2.0000	2549.1402	2458.4733	0	0
fresh-shift-23-holistic-d600	23	holistic	960	he1416	0.1862	0.2175	0.1875	0.2188	42.2029	42.4304	0	0
fresh-shift-23-holistic-d600	23	holistic	960	he1417	1.3050	1.4024	1.4062	1.5000	3374.0167	3253.6320	0	0
fresh-shift-23-holistic-d600	23	holistic	960	he1418	1.1541	1.0592	1.1875	1.0938	1113.5258	1153.0015	0	0
fresh-shift-23-holistic-d600	23	holistic	960	he1419	1.1216	0.9353	1.1562	0.9688	1155.4279	1117.6435	0	0
fresh-shift-23-holistic-d600	23	holistic	960	he1420	0.8837	0.6406	0.9375	0.6875	1793.7236	1561.5482	0	0
fresh-shift-23-holistic-d600	23	holistic	960	he1421	1.2297	0.9184	1.2500	0.9375	676.9538	635.5705	0	0
fresh-shift-23-holistic-d600	23	holistic	960	he1423	1.3599	1.4217	1.5312	1.5938	5713.7944	5736.2576	0	0
fresh-shift-23-holistic-d600	23	holistic	960	he1424	1.4508	1.1385	1.5000	1.1875	1637.4646	1632.0518	0	0
fresh-shift-23-holistic-d600	23	holistic	960	he1425	1.6159	1.4288	1.6875	1.5000	2385.0354	2371.9262	0	0
fresh-shift-23-holistic-d600	23	holistic	960	he1427	1.3940	1.2361	1.5312	1.3750	4574.2774	4628.1721	0	0
fresh-shift-23-holistic-d600	23	holistic	960	he1428	1.6246	1.6879	1.7188	1.7812	3135.7788	3111.9420	0	0
fresh-shift-23-holistic-d600	23	holistic	960	he1430	1.5232	1.4626	1.6250	1.5625	3392.9363	3330.1953	0	0
fresh-shift-23-holistic-d600	23	holistic	960	he1431	1.4311	1.3059	1.5312	1.4062	3338.3050	3345.6458	0	0
fresh-shift-23-holistic-d600	23	holistic	960	he1433	0.9679	0.6561	1.0000	0.6875	1071.4385	1047.4174	0	0
fresh-shift-23-holistic-d600	23	holistic	960	he1435	1.4895	1.1784	1.6562	1.3438	5557.8675	5510.0703	0	0
fresh-shift-23-holistic-d600	23	holistic	960	he1436	1.1717	0.8908	1.3438	1.0625	5732.9433	5723.7988	0	0
fresh-shift-23-holistic-d600	23	holistic	960	he1437	1.3883	1.0141	1.4375	1.0625	1637.7051	1611.4061	0	0
fresh-shift-23-holistic-d600	23	holistic	960	he1439	0.6279	0.9398	0.8750	1.1875	8238.2539	8257.8576	0	0
fresh-shift-23-holistic-d600	23	holistic	960	he1440	1.0583	0.9352	1.0938	0.9688	1181.5639	1116.8361	0	0
fresh-shift-23-holistic-d600	23	holistic	960	he1441	0.6314	0.6328	0.7500	0.7500	3952.7769	3907.2047	0	0
fresh-shift-23-holistic-d600	23	holistic	960	he1442	0.5131	0.5446	0.5312	0.5625	605.7523	596.1055	0	0
fresh-shift-23-holistic-d600	23	holistic	960	he1443	0.8287	0.6104	1.0000	0.7812	5708.7055	5694.9277	0	0
fresh-shift-23-holistic-d600	23	holistic	960	he1444	1.6259	1.0960	1.6562	1.1250	1010.5909	963.6341	0	0
fresh-shift-23-holistic-d600	23	holistic	960	he1445	1.2207	1.0352	1.3438	1.1562	4101.9456	4034.3953	0	0
fresh-shift-23-holistic-d600	23	holistic	960	he1446	1.1150	1.1773	1.2812	1.3438	5541.3549	5547.7826	0	0
fresh-shift-23-holistic-d600	23	holistic	960	he1447	1.2602	0.9508	1.4375	1.1250	5910.3993	5806.2668	0	0
fresh-shift-23-holistic-d600	23	holistic	960	he1448	1.7098	1.1478	1.7812	1.2188	2380.6253	2365.1892	0	0
fresh-shift-23-holistic-d600	23	holistic	960	he1450	1.1298	0.8185	1.2188	0.9062	2967.9463	2925.7137	0	0
fresh-shift-23-holistic-d600	23	holistic	960	he1451	1.5723	1.0749	1.7188	1.2188	4882.3849	4798.2238	0	0
fresh-shift-23-holistic-d600	23	holistic	960	he1452	1.2910	0.9158	1.4062	1.0312	3842.5430	3848.9425	0	0
fresh-shift-23-holistic-d600	23	holistic	960	he1454	1.1469	1.1477	1.2500	1.2500	3434.0731	3412.6458	0	0
fresh-shift-23-holistic-d600	23	holistic	960	he1456	1.0492	0.7389	1.1250	0.8125	2525.6093	2452.4001	0	0
fresh-shift-23-holistic-d600	23	holistic	960	he1457	1.6444	1.3305	1.8125	1.5000	5602.9143	5649.6398	0	0
fresh-shift-23-holistic-d600	23	holistic	960	he1458	0.6862	0.4712	0.8125	0.5938	4210.8913	4084.7779	0	0
fresh-shift-23-holistic-d600	23	holistic	960	he1459	1.4590	1.0234	1.5000	1.0625	1365.4283	1301.2029	0	0
fresh-shift-23-holistic-d600	23	holistic	960	he1460	1.2786	1.4675	1.3125	1.5000	1128.8423	1083.5977	0	0
fresh-shift-23-holistic-d600	23	holistic	960	he1461	0.9633	0.8092	1.0000	0.8438	1224.5015	1151.2475	0	0
fresh-shift-23-holistic-d600	23	holistic	960	he1463	1.0356	1.1613	1.4062	1.5312	12353.0860	12330.5160	0	0
fresh-shift-23-holistic-d600	23	holistic	960	he1465	1.8958	1.3647	1.9688	1.4375	2433.0312	2427.7355	0	0
fresh-shift-23-holistic-d600	23	holistic	960	he1467	2.4867	2.4877	2.5625	2.5625	2525.6857	2496.2362	0	0
fresh-shift-23-holistic-d600	23	holistic	960	he1468	1.3228	1.1990	1.5000	1.3750	5905.6650	5867.2771	0	0
fresh-shift-23-holistic-d600	23	holistic	960	he1469	1.9453	1.2273	2.0000	1.2812	1822.0975	1796.3801	0	0
fresh-shift-23-holistic-d600	23	holistic	960	he1470	1.0906	1.4350	1.1562	1.5000	2189.6446	2167.1497	0	0
fresh-shift-23-holistic-d600	23	holistic	960	he1471	1.3752	0.9708	1.5625	1.1562	6244.6605	6180.4898	0	0
fresh-shift-23-holistic-d600	23	holistic	960	he1472	1.1342	1.2612	1.3125	1.4375	5943.8670	5873.8512	0	0
fresh-shift-23-holistic-d600	23	holistic	960	he1473	1.5145	1.2975	1.6875	1.4688	5766.8146	5708.2427	0	0
fresh-shift-23-holistic-d600	23	holistic	960	he1474	0.9365	1.0925	0.9688	1.1250	1074.0747	1082.1617	0	0
fresh-shift-23-holistic-d600	23	holistic	960	he1475	0.6702	0.7025	0.8438	0.8750	5786.6894	5749.8136	0	0
