# garden MERGED J=32 from parts 0..15, 16..31: garden fresh-shift-21-conventional-d600 seed 21 conventional season 960 n=60 J=16 worlds=0..15 run=/tmp/rbt107-h1/shift-21 work_cost=0.03 (100 s, workers 4) | garden fresh-shift-21-conventional-d600 seed 21 conventional season 960 n=60 J=16 worlds=16..31 run=/tmp/rbt107-h1/shift-21 work_cost=0.03 (99 s, workers 4)
fresh-shift-21-conventional-d600	21	conventional	960	ce1609	0.9141	0.5634	1.4062	1.0625	16406.0317	16637.3815	0	0
fresh-shift-21-conventional-d600	21	conventional	960	ce1610	1.1297	0.5563	1.6250	1.0625	16510.2723	16874.7571	0	0
fresh-shift-21-conventional-d600	21	conventional	960	ce1611	0.7684	0.4015	1.4062	1.0312	21261.0641	20990.9896	0	0
fresh-shift-21-conventional-d600	21	conventional	960	ce1612	1.1067	0.6630	1.8125	1.3750	23524.1928	23730.6809	0	0
fresh-shift-21-conventional-d600	21	conventional	960	ce1613	0.6442	0.6442	0.9688	0.9688	10820.0314	10818.7540	0	0
fresh-shift-21-conventional-d600	21	conventional	960	ce1614	0.8280	0.1937	1.2188	0.6250	13024.6573	14376.9628	0	0
fresh-shift-21-conventional-d600	21	conventional	960	ce1616	1.2458	0.2584	1.9062	0.9062	22014.0714	21592.7016	0	1
fresh-shift-21-conventional-d600	21	conventional	960	ce1617	1.0748	0.5231	1.4062	0.8750	11047.6014	11731.1707	0	0
fresh-shift-21-conventional-d600	21	conventional	960	ce1619	1.5124	0.7573	2.1562	1.4062	21459.7015	21628.7282	0	0
fresh-shift-21-conventional-d600	21	conventional	960	ce1620	1.1309	0.3978	1.5000	0.8125	12304.3055	13824.1489	0	0
fresh-shift-21-conventional-d600	21	conventional	960	ce1621	1.3843	0.8597	2.0312	1.5000	21562.0878	21343.3632	0	0
fresh-shift-21-conventional-d600	21	conventional	960	ce1623	1.3270	0.8359	1.6562	1.1875	10973.8609	11719.9036	0	0
fresh-shift-21-conventional-d600	21	conventional	960	ce1624	0.9112	0.7513	1.4375	1.2812	17541.8713	17665.3796	0	0
fresh-shift-21-conventional-d600	21	conventional	960	ce1625	1.3068	0.7953	1.9375	1.4375	21021.5029	21407.6015	0	0
fresh-shift-21-conventional-d600	21	conventional	960	ce1626	1.8880	0.8241	2.3750	1.3125	16230.7415	16280.2640	0	0
fresh-shift-21-conventional-d600	21	conventional	960	ce1627	1.9455	1.0947	2.7188	1.9062	25774.8950	27053.3113	0	0
fresh-shift-21-conventional-d600	21	conventional	960	ce1628	2.5770	1.0554	3.0625	1.5000	16183.7264	14820.7346	0	1
fresh-shift-21-conventional-d600	21	conventional	960	ce1630	1.4095	0.5801	1.9375	1.1562	17601.5863	19204.8643	0	0
fresh-shift-21-conventional-d600	21	conventional	960	ce1631	2.3735	1.3848	2.9062	1.9062	17756.8349	17382.2355	0	0
fresh-shift-21-conventional-d600	21	conventional	960	ce1632	1.3477	1.0655	1.8125	1.5312	15495.8685	15525.3168	0	0
fresh-shift-21-conventional-d600	21	conventional	960	ce1633	2.1284	0.8848	2.5312	1.2812	13429.7124	13217.9947	0	0
fresh-shift-21-conventional-d600	21	conventional	960	ce1634	1.9226	1.7973	2.4688	2.3438	18203.9135	18215.7102	0	0
fresh-shift-21-conventional-d600	21	conventional	960	ce1635	1.1951	0.7307	1.7188	1.3125	17453.4600	19394.0056	0	0
fresh-shift-21-conventional-d600	21	conventional	960	ce1636	0.4821	0.0870	1.0625	0.6562	19344.7031	18975.4418	0	1
fresh-shift-21-conventional-d600	21	conventional	960	ce1637	2.3629	0.8320	2.8750	1.3438	17070.4274	17059.1239	0	0
fresh-shift-21-conventional-d600	21	conventional	960	ce1638	2.6160	1.1957	3.0938	1.6562	15925.1475	15352.6398	0	0
fresh-shift-21-conventional-d600	21	conventional	960	ce1639	0.9376	0.5966	1.3125	1.0000	12496.7966	13447.3152	0	0
fresh-shift-21-conventional-d600	21	conventional	960	ce1640	1.7961	1.3947	2.4375	2.0312	21378.6384	21219.3220	0	0
fresh-shift-21-conventional-d600	21	conventional	960	ce1641	2.2633	0.2992	2.8750	0.9375	20391.8650	21275.8959	0	0
fresh-shift-21-conventional-d600	21	conventional	960	ce1642	0.6449	0.4469	1.3750	1.2188	24336.7822	25729.0192	0	0
fresh-shift-21-conventional-d600	21	conventional	960	ce1643	1.8049	0.8251	2.3750	1.4062	19003.3872	19373.2548	0	0
fresh-shift-21-conventional-d600	21	conventional	960	ce1644	1.1621	0.2235	1.7188	0.7812	18554.8067	18592.5582	0	0
fresh-shift-21-conventional-d600	21	conventional	960	ce1645	0.3755	0.2879	0.6875	0.6250	10400.1642	11237.4055	0	0
fresh-shift-21-conventional-d600	21	conventional	960	ce1646	1.7077	0.7444	2.1875	1.2188	15992.6037	15811.3584	0	0
fresh-shift-21-conventional-d600	21	conventional	960	ce1647	0.5763	0.5078	0.8750	0.8125	9957.1790	10157.9883	0	0
fresh-shift-21-conventional-d600	21	conventional	960	ce1648	0.3200	0.0302	1.0000	0.7500	22664.5969	23992.3003	0	0
fresh-shift-21-conventional-d600	21	conventional	960	ce1650	0.7579	0.1455	1.2812	0.6562	17444.5640	17026.1270	0	1
fresh-shift-21-conventional-d600	21	conventional	960	ce1651	0.5573	0.7480	1.1250	1.3125	18924.7109	18816.6462	0	0
fresh-shift-21-conventional-d600	21	conventional	960	ce1654	2.3806	0.5382	2.8438	0.9688	15437.6980	14350.2716	0	0
fresh-shift-21-conventional-d600	21	conventional	960	ce1655	1.0724	0.6976	1.3438	0.9688	9044.2139	9040.0113	0	0
fresh-shift-21-conventional-d600	21	conventional	960	ce1656	1.0395	0.4462	1.7188	1.1250	22640.6539	22627.7398	0	0
fresh-shift-21-conventional-d600	21	conventional	960	ce1658	2.9731	1.4387	3.5312	2.0000	18603.1962	18710.5201	0	0
fresh-shift-21-conventional-d600	21	conventional	960	ce1660	1.8871	1.3272	2.0312	1.4688	4805.5104	4720.2719	0	1
fresh-shift-21-conventional-d600	21	conventional	960	ce1661	2.2714	0.9496	2.6250	1.2812	11787.7633	11054.8036	0	0
fresh-shift-21-conventional-d600	21	conventional	960	ce1662	0.4605	0.2256	1.1875	0.9375	24234.0819	23730.2615	0	0
fresh-shift-21-conventional-d600	21	conventional	960	ce1665	0.4646	0.1129	0.8750	0.5312	13680.9965	13945.9069	0	0
fresh-shift-21-conventional-d600	21	conventional	960	ce1666	2.1056	0.2317	2.4688	0.6250	12104.8625	13111.3721	0	0
fresh-shift-21-conventional-d600	21	conventional	960	ce1667	1.0000	0.7669	1.4688	1.2188	15624.8299	15061.8580	0	1
fresh-shift-21-conventional-d600	21	conventional	960	ce1668	1.7740	0.9784	2.2500	1.4688	15868.3086	16345.6286	0	0
fresh-shift-21-conventional-d600	21	conventional	960	ce1669	0.3684	0.1452	1.2500	1.0000	29384.6420	28492.1099	0	0
fresh-shift-21-conventional-d600	21	conventional	960	ce1672	1.5793	0.6143	1.9062	0.9062	10899.2639	9730.0212	0	0
fresh-shift-21-conventional-d600	21	conventional	960	ce1673	0.6297	0.2581	1.2500	0.8438	20679.3759	19523.3778	0	0
fresh-shift-21-conventional-d600	21	conventional	960	ce1675	2.0420	0.5424	2.4375	0.9688	13183.8878	14209.4786	0	0
fresh-shift-21-conventional-d600	21	conventional	960	ce1676	0.8470	1.0033	1.3750	1.5312	17598.5631	17597.7792	0	0
fresh-shift-21-conventional-d600	21	conventional	960	ce1677	0.4479	0.0821	1.0312	0.6875	19444.0518	20177.2810	0	0
fresh-shift-21-conventional-d600	21	conventional	960	ce1679	0.2926	0.0121	0.6250	0.3438	11079.5105	11057.6320	0	0
fresh-shift-21-conventional-d600	21	conventional	960	ce1680	1.6873	0.8114	2.1562	1.2812	15630.6522	15662.3376	0	0
fresh-shift-21-conventional-d600	21	conventional	960	ce1681	1.8186	1.4126	2.1250	1.7188	10211.4392	10203.0677	0	0
fresh-shift-21-conventional-d600	21	conventional	960	ce1682	1.0789	0.1871	1.8438	0.9688	25496.6693	26054.5818	0	0
fresh-shift-21-conventional-d600	21	conventional	960	ce1683	1.3898	0.9488	2.0312	1.5938	21381.5480	21496.2044	0	0
