# garden MERGED J=32 from parts 0..15, 16..31: garden fresh-base-23-conventional-d400 seed 23 conventional season 760 n=60 J=16 worlds=0..15 run=/tmp/rbt107-h1/base-23 work_cost=0.03 (106 s, workers 4) | garden fresh-base-23-conventional-d400 seed 23 conventional season 760 n=60 J=16 worlds=16..31 run=/tmp/rbt107-h1/base-23 work_cost=0.03 (108 s, workers 4)
fresh-base-23-conventional-d400	23	conventional	760	ce1479	0.7022	0.4849	1.3438	1.1250	21385.0410	21334.9348	0	0
fresh-base-23-conventional-d400	23	conventional	760	ce1480	2.9764	0.9819	3.6875	1.6875	23702.5357	23521.1218	0	0
fresh-base-23-conventional-d400	23	conventional	760	ce1481	0.9916	0.9230	1.6250	1.5625	21114.7277	21315.1712	0	0
fresh-base-23-conventional-d400	23	conventional	760	ce1482	1.6718	0.6298	2.3125	1.2812	21357.6912	21717.5094	0	0
fresh-base-23-conventional-d400	23	conventional	760	ce1483	1.7478	1.4259	2.4688	2.1562	24029.9447	24342.7893	0	0
fresh-base-23-conventional-d400	23	conventional	760	ce1484	2.0351	0.8955	2.6562	1.5312	20706.0914	21192.6331	0	0
fresh-base-23-conventional-d400	23	conventional	760	ce1486	1.7307	1.1193	2.3438	1.7500	20435.4906	21024.6867	0	0
fresh-base-23-conventional-d400	23	conventional	760	ce1487	0.9893	0.8870	1.7188	1.5938	24315.2831	23557.9756	0	1
fresh-base-23-conventional-d400	23	conventional	760	ce1489	1.9830	0.6946	2.6875	1.4062	23484.2317	23720.7535	0	0
fresh-base-23-conventional-d400	23	conventional	760	ce1490	3.2557	1.1374	3.8438	1.7188	19603.5642	19380.8471	0	0
fresh-base-23-conventional-d400	23	conventional	760	ce1491	0.7566	0.8599	1.2500	1.3438	16446.4408	16129.7668	0	0
fresh-base-23-conventional-d400	23	conventional	760	ce1492	1.2046	1.0865	1.8750	1.7500	22345.5382	22117.4509	0	0
fresh-base-23-conventional-d400	23	conventional	760	ce1493	2.9846	1.0408	3.6562	1.7188	22389.5556	22599.5304	0	0
fresh-base-23-conventional-d400	23	conventional	760	ce1494	0.4614	-0.0943	1.1875	0.6250	24201.9822	23977.5787	0	0
fresh-base-23-conventional-d400	23	conventional	760	ce1495	2.5080	1.2954	3.1562	1.9375	21608.4345	21403.8520	0	0
fresh-base-23-conventional-d400	23	conventional	760	ce1497	1.6237	0.6213	2.2188	1.2188	19837.0768	19913.0890	0	0
fresh-base-23-conventional-d400	23	conventional	760	ce1498	0.8502	0.5691	1.5000	1.2188	21660.0241	21655.3953	0	0
fresh-base-23-conventional-d400	23	conventional	760	ce1499	2.3815	0.7916	2.9688	1.3750	19574.1001	19445.2350	0	0
fresh-base-23-conventional-d400	23	conventional	760	ce1500	0.8762	0.7229	1.4375	1.2812	18710.0622	18610.6029	0	0
fresh-base-23-conventional-d400	23	conventional	760	ce1502	2.1305	1.2793	2.7188	1.8750	19606.6420	19855.4608	0	0
fresh-base-23-conventional-d400	23	conventional	760	ce1503	1.1120	0.9185	1.7500	1.5625	21266.4735	21465.8808	0	0
fresh-base-23-conventional-d400	23	conventional	760	ce1504	1.5490	1.1133	2.0938	1.6562	18160.4803	18100.4078	0	0
fresh-base-23-conventional-d400	23	conventional	760	ce1506	3.3341	0.7555	4.0312	1.4375	23237.3441	22731.4314	0	0
fresh-base-23-conventional-d400	23	conventional	760	ce1507	1.1142	0.7997	1.7188	1.4062	20151.3692	20216.6361	0	0
fresh-base-23-conventional-d400	23	conventional	760	ce1511	1.1840	0.6151	1.9688	1.4375	26158.8733	27412.4070	0	0
fresh-base-23-conventional-d400	23	conventional	760	ce1512	2.3152	1.0646	3.0312	1.7812	23867.1046	23888.3195	0	0
fresh-base-23-conventional-d400	23	conventional	760	ce1514	1.3083	0.4309	1.9375	1.0625	20974.8605	21050.3477	0	0
fresh-base-23-conventional-d400	23	conventional	760	ce1515	1.3756	1.4096	2.1250	2.1562	24980.8927	24888.6877	0	0
fresh-base-23-conventional-d400	23	conventional	760	ce1517	0.7802	0.5257	1.3750	1.1250	19825.3469	19976.6170	0	0
fresh-base-23-conventional-d400	23	conventional	760	ce1519	1.5733	0.9743	2.0000	1.4062	14223.8644	14399.8957	0	0
fresh-base-23-conventional-d400	23	conventional	760	ce1520	2.4021	1.2107	3.1250	1.9375	24098.6810	24226.1894	0	0
fresh-base-23-conventional-d400	23	conventional	760	ce1521	0.6444	0.5156	1.3125	1.1875	22268.8106	22395.6070	0	0
fresh-base-23-conventional-d400	23	conventional	760	ce1522	1.5981	0.6361	2.2188	1.2812	20690.4037	21506.4699	0	0
fresh-base-23-conventional-d400	23	conventional	760	ce1524	3.0732	0.8877	3.8125	1.6250	24641.9915	24577.8428	0	0
fresh-base-23-conventional-d400	23	conventional	760	ce1526	2.3389	0.7030	2.9375	1.3125	19951.9698	20316.2375	0	0
fresh-base-23-conventional-d400	23	conventional	760	ce1530	1.3487	0.8975	2.1875	1.7188	27958.6995	27376.8689	0	0
fresh-base-23-conventional-d400	23	conventional	760	ce1531	2.0359	1.2066	2.6562	1.8438	20676.1544	21237.7453	0	0
fresh-base-23-conventional-d400	23	conventional	760	ce1532	2.0872	0.9051	2.6875	1.5000	20010.9294	19831.4593	0	0
fresh-base-23-conventional-d400	23	conventional	760	ce1533	1.3576	0.6711	2.0000	1.3125	21414.4147	21382.1873	0	0
fresh-base-23-conventional-d400	23	conventional	760	ce1535	1.1659	0.5036	1.7812	1.1250	20512.6162	20712.1134	0	0
fresh-base-23-conventional-d400	23	conventional	760	ce1536	2.1711	1.5973	2.8125	2.2500	21377.0137	21759.1753	0	0
fresh-base-23-conventional-d400	23	conventional	760	ce1537	0.6428	0.4572	1.2500	1.0625	20238.3368	20177.3384	0	0
fresh-base-23-conventional-d400	23	conventional	760	ce1539	0.7523	0.4332	1.3750	1.0625	20756.4303	20977.2623	0	0
fresh-base-23-conventional-d400	23	conventional	760	ce1540	0.9565	0.7409	1.7188	1.5000	25408.6475	25304.0598	0	0
fresh-base-23-conventional-d400	23	conventional	760	ce1541	1.8170	1.1379	2.4688	1.7812	21727.6388	21446.3749	0	0
fresh-base-23-conventional-d400	23	conventional	760	ce1542	2.0937	1.2964	2.6875	1.8750	19792.4001	19286.2387	0	0
fresh-base-23-conventional-d400	23	conventional	760	ce1543	2.0329	1.2343	2.7812	1.9688	24943.7835	24481.5958	0	0
fresh-base-23-conventional-d400	23	conventional	760	ce1544	2.0732	0.3799	2.6250	0.9375	18395.6900	18585.5390	0	0
fresh-base-23-conventional-d400	23	conventional	760	ce1545	1.9025	0.6371	2.6875	1.4062	26167.2467	25638.7458	0	0
fresh-base-23-conventional-d400	23	conventional	760	ce1546	2.5370	1.5393	3.2188	2.2188	22726.1894	22648.8349	0	0
fresh-base-23-conventional-d400	23	conventional	760	ce1547	0.7061	0.3945	1.3125	1.0000	20215.8990	20182.9452	0	0
fresh-base-23-conventional-d400	23	conventional	760	ce1549	0.4667	-0.0666	1.2500	0.7500	26109.0181	27221.5626	0	0
fresh-base-23-conventional-d400	23	conventional	760	ce1550	1.3886	0.7931	2.0000	1.4062	20379.5357	20440.3378	0	0
fresh-base-23-conventional-d400	23	conventional	760	ce1551	2.2705	1.3061	3.0312	2.0625	25358.0497	25213.2286	0	0
fresh-base-23-conventional-d400	23	conventional	760	ce1552	0.8368	0.5460	1.5312	1.2500	23146.7470	23464.6672	0	0
fresh-base-23-conventional-d400	23	conventional	760	ce1555	1.1207	0.6081	1.8125	1.3125	23059.7092	23478.9629	0	0
fresh-base-23-conventional-d400	23	conventional	760	ce1556	1.6230	0.6835	2.1875	1.2500	18816.9992	18883.9529	0	0
fresh-base-23-conventional-d400	23	conventional	760	ce1557	2.4256	0.9481	3.0625	1.5938	21230.7715	21522.0372	0	0
fresh-base-23-conventional-d400	23	conventional	760	ce1558	0.8690	0.6396	1.4375	1.2188	18951.4214	19304.5871	0	0
fresh-base-23-conventional-d400	23	conventional	760	ce1559	0.7994	0.6433	1.4688	1.3125	22311.8818	22305.9689	0	0
