# garden MERGED J=32 from parts 0..15, 16..31: garden fresh-base-13-holistic-d600 seed 13 holistic season 960 n=60 J=16 worlds=0..15 run=/tmp/rbt107-h1/base-13 work_cost=0.03 (348 s, workers 4) | garden fresh-base-13-holistic-d600 seed 13 holistic season 960 n=60 J=16 worlds=16..31 run=/tmp/rbt107-h1/base-13 work_cost=0.03 (347 s, workers 4)
fresh-base-13-holistic-d600	13	holistic	960	he1301	1.8864	2.1679	1.9375	2.2188	1701.8810	1693.6435	0	0
fresh-base-13-holistic-d600	13	holistic	960	he1302	1.6810	2.0455	1.9062	2.3125	7507.8720	8899.6005	1	0
fresh-base-13-holistic-d600	13	holistic	960	he1303	2.2336	2.2973	2.2812	2.3438	1589.0565	1549.1448	0	0
fresh-base-13-holistic-d600	13	holistic	960	he1304	1.3312	0.8342	1.3750	0.8750	1458.0284	1358.8959	0	0
fresh-base-13-holistic-d600	13	holistic	960	he1305	1.4394	1.3419	1.4688	1.3750	976.1893	1101.2215	0	0
fresh-base-13-holistic-d600	13	holistic	960	he1306	1.9967	2.1780	2.1250	2.3125	4277.2721	4482.4793	0	0
fresh-base-13-holistic-d600	13	holistic	960	he1307	1.1859	1.1868	1.2500	1.2500	2138.0566	2107.5204	0	0
fresh-base-13-holistic-d600	13	holistic	960	he1308	1.5269	1.0955	1.6875	1.2500	5355.9983	5150.7779	0	0
fresh-base-13-holistic-d600	13	holistic	960	he1309	1.6370	1.9486	1.7812	2.0938	4808.8381	4836.6190	9	9
fresh-base-13-holistic-d600	13	holistic	960	he1310	1.3221	1.9187	1.4062	2.0000	2805.7589	2709.1412	0	0
fresh-base-13-holistic-d600	13	holistic	960	he1312	0.7995	0.5796	0.8125	0.5938	432.2342	472.0563	15	15
fresh-base-13-holistic-d600	13	holistic	960	he1313	1.5611	2.1075	2.1250	2.6875	18798.1924	19334.5214	0	0
fresh-base-13-holistic-d600	13	holistic	960	he1314	1.1211	1.1240	1.2812	1.2812	5339.3591	5240.6488	0	0
fresh-base-13-holistic-d600	13	holistic	960	he1315	0.6558	0.7471	0.6875	0.7812	1055.7993	1138.2184	0	0
fresh-base-13-holistic-d600	13	holistic	960	he1316	1.4971	1.4352	1.5312	1.4688	1137.4310	1116.9266	0	0
fresh-base-13-holistic-d600	13	holistic	960	he1317	2.0685	1.2583	2.0938	1.2812	841.0686	765.6254	0	0
fresh-base-13-holistic-d600	13	holistic	960	he1318	1.6269	1.1598	1.8125	1.3438	6186.6546	6132.2807	0	0
fresh-base-13-holistic-d600	13	holistic	960	he1319	1.4849	0.9225	1.9062	1.3438	14045.9791	14041.3760	0	0
fresh-base-13-holistic-d600	13	holistic	960	he1320	1.4387	1.2533	1.6562	1.4688	7249.1324	7181.9798	0	0
fresh-base-13-holistic-d600	13	holistic	960	he1321	0.4220	0.3908	0.4375	0.4062	517.6441	517.3102	0	0
fresh-base-13-holistic-d600	13	holistic	960	he1322	2.0479	2.3288	2.0625	2.3438	486.1524	497.6757	0	0
fresh-base-13-holistic-d600	13	holistic	960	he1323	1.2651	1.0785	1.2812	1.0938	540.1933	509.1550	0	0
fresh-base-13-holistic-d600	13	holistic	960	he1326	1.2151	1.2748	1.2500	1.3125	1160.7606	1256.6593	0	0
fresh-base-13-holistic-d600	13	holistic	960	he1327	1.7186	1.4508	1.9062	1.6250	6256.4361	5803.6934	4	2
fresh-base-13-holistic-d600	13	holistic	960	he1328	1.9426	1.2587	1.9688	1.2812	871.3852	752.8644	6	6
fresh-base-13-holistic-d600	13	holistic	960	he1330	4.6774	4.5526	4.7188	4.5938	1377.7278	1372.5207	0	0
fresh-base-13-holistic-d600	13	holistic	960	he1331	2.2180	1.5991	2.3125	1.6875	3147.8189	2944.5018	2	3
fresh-base-13-holistic-d600	13	holistic	960	he1332	1.5200	1.2999	1.5625	1.3438	1419.0672	1463.3477	0	0
fresh-base-13-holistic-d600	13	holistic	960	he1334	1.4978	1.0967	1.5625	1.1562	2155.2215	1984.2445	0	0
fresh-base-13-holistic-d600	13	holistic	960	he1335	0.9856	0.9242	1.0000	0.9375	480.6320	442.5975	0	0
fresh-base-13-holistic-d600	13	holistic	960	he1336	1.8061	1.6130	1.9688	1.7812	5420.5883	5610.1921	0	0
fresh-base-13-holistic-d600	13	holistic	960	he1337	0.4083	0.2634	0.5000	0.3438	3059.4999	2678.4106	0	0
fresh-base-13-holistic-d600	13	holistic	960	he1338	1.2117	1.1334	1.2500	1.1875	1274.3427	1802.0457	0	0
fresh-base-13-holistic-d600	13	holistic	960	he1339	2.7788	3.4236	3.4688	4.1250	22998.8270	23378.8126	1	2
fresh-base-13-holistic-d600	13	holistic	960	he1340	1.5431	1.4796	1.5625	1.5000	645.6118	681.5418	0	0
fresh-base-13-holistic-d600	13	holistic	960	he1341	0.4625	0.4625	0.4688	0.4688	209.4949	209.6301	0	0
fresh-base-13-holistic-d600	13	holistic	960	he1342	2.5395	1.7580	2.8438	2.0312	10140.8696	9107.0158	0	0
fresh-base-13-holistic-d600	13	holistic	960	he1343	0.9792	0.9169	1.0000	0.9375	695.4184	685.6738	0	0
fresh-base-13-holistic-d600	13	holistic	960	he1344	1.1448	1.1469	1.1562	1.1562	383.5238	309.1990	0	0
fresh-base-13-holistic-d600	13	holistic	960	he1345	1.6740	2.0140	1.7812	2.1250	3572.3227	3700.0475	0	0
fresh-base-13-holistic-d600	13	holistic	960	he1347	1.1271	0.8794	1.1562	0.9062	971.8217	896.7101	0	0
fresh-base-13-holistic-d600	13	holistic	960	he1348	0.9999	1.2876	1.0625	1.3438	2086.0823	1870.8968	0	1
fresh-base-13-holistic-d600	13	holistic	960	he1349	1.1132	1.0811	1.1250	1.0938	395.2559	421.8532	0	0
fresh-base-13-holistic-d600	13	holistic	960	he1350	1.8498	1.7562	1.8750	1.7812	842.8467	834.0614	0	0
fresh-base-13-holistic-d600	13	holistic	960	he1351	1.2389	1.0837	1.2500	1.0938	371.7068	334.2381	0	0
fresh-base-13-holistic-d600	13	holistic	960	he1353	2.8949	2.6452	2.9688	2.7188	2461.1636	2451.7892	0	0
fresh-base-13-holistic-d600	13	holistic	960	he1354	3.5211	1.7546	3.7500	1.9688	7630.7464	7141.3530	0	1
fresh-base-13-holistic-d600	13	holistic	960	he1355	1.1752	1.2713	1.2188	1.3125	1451.4439	1373.7270	0	0
fresh-base-13-holistic-d600	13	holistic	960	he1356	0.1540	0.2163	0.1562	0.2188	73.9174	79.1236	0	0
fresh-base-13-holistic-d600	13	holistic	960	he1357	2.3644	2.2062	2.4062	2.2500	1395.4572	1458.8160	0	0
fresh-base-13-holistic-d600	13	holistic	960	he1358	1.0108	1.2604	1.2812	1.5312	9014.7324	9028.5579	0	0
fresh-base-13-holistic-d600	13	holistic	960	he1359	0.3684	0.3314	0.3750	0.3438	219.3128	411.3084	0	0
fresh-base-13-holistic-d600	13	holistic	960	he1360	0.8519	0.6323	0.9688	0.7500	3893.8035	3923.0439	0	0
fresh-base-13-holistic-d600	13	holistic	960	he1361	1.1175	1.1232	1.1875	1.1875	2333.6926	2143.7645	0	0
fresh-base-13-holistic-d600	13	holistic	960	he1362	2.3223	2.0820	2.4688	2.2188	4881.3873	4557.6490	0	1
fresh-base-13-holistic-d600	13	holistic	960	he1363	1.8346	1.1757	1.9688	1.3125	4471.2311	4561.3971	0	0
fresh-base-13-holistic-d600	13	holistic	960	he1364	3.5824	3.4380	3.7812	3.6250	6628.0076	6231.5869	1	2
fresh-base-13-holistic-d600	13	holistic	960	he1365	0.4223	0.2644	0.4375	0.2812	507.3823	562.2274	0	0
fresh-base-13-holistic-d600	13	holistic	960	he1366	0.0271	0.0268	0.0312	0.0312	138.3614	147.9465	0	0
fresh-base-13-holistic-d600	13	holistic	960	he1367	0.8619	0.6757	0.8750	0.6875	434.0433	394.1942	20	20
