# garden MERGED J=32 from parts 0..15, 16..31: garden fresh-c0-24-conventional seed 24 conventional season 359 n=60 J=16 worlds=0..15 run=/tmp/rbt107-h1/base-24 work_cost=0.03 (105 s, workers 4) | garden fresh-c0-24-conventional seed 24 conventional season 359 n=60 J=16 worlds=16..31 run=/tmp/rbt107-h1/base-24 work_cost=0.03 (105 s, workers 4)
fresh-c0-24-conventional	24	conventional	359	ce630	1.0371	0.7269	1.6875	1.3750	21680.5004	21604.1286	0	0
fresh-c0-24-conventional	24	conventional	359	ce631	2.1242	0.8888	2.8750	1.6250	25025.1955	24538.2203	0	0
fresh-c0-24-conventional	24	conventional	359	ce632	2.5755	1.3184	3.1875	1.9688	20399.1088	21679.9168	0	0
fresh-c0-24-conventional	24	conventional	359	ce636	0.8670	0.7252	1.4062	1.2500	17973.8830	17491.8881	0	0
fresh-c0-24-conventional	24	conventional	359	ce637	0.4567	0.3033	1.0938	0.9375	21233.2408	21140.2496	0	0
fresh-c0-24-conventional	24	conventional	359	ce639	1.0734	0.5499	1.8438	1.3125	25678.5534	25419.9082	0	0
fresh-c0-24-conventional	24	conventional	359	ce640	1.4083	0.6855	2.1250	1.4062	23888.1651	24023.5523	0	0
fresh-c0-24-conventional	24	conventional	359	ce641	0.9615	1.1280	1.6250	1.7812	22118.0614	21775.7962	0	0
fresh-c0-24-conventional	24	conventional	359	ce644	1.4634	0.6835	2.1562	1.3750	23094.1545	23048.5755	0	0
fresh-c0-24-conventional	24	conventional	359	ce645	0.6964	0.5436	1.2812	1.1250	19495.7542	19378.2823	0	0
fresh-c0-24-conventional	24	conventional	359	ce647	1.5561	0.9322	2.0625	1.4375	16879.8348	16843.4898	0	0
fresh-c0-24-conventional	24	conventional	359	ce648	1.5331	0.6886	2.1875	1.3438	21813.6392	21838.3078	0	0
fresh-c0-24-conventional	24	conventional	359	ce650	2.2973	0.9660	2.9688	1.6250	22381.8780	21966.5963	0	0
fresh-c0-24-conventional	24	conventional	359	ce653	2.2708	1.2715	3.0625	2.0625	26390.7039	26366.9307	0	0
fresh-c0-24-conventional	24	conventional	359	ce655	0.9346	0.6574	1.5625	1.2812	20927.4394	20793.2729	0	0
fresh-c0-24-conventional	24	conventional	359	ce658	2.2084	1.0818	2.7812	1.6562	19093.5373	19147.7208	0	0
fresh-c0-24-conventional	24	conventional	359	ce659	1.2100	0.5934	1.9688	1.3438	25291.6260	25013.0502	0	0
fresh-c0-24-conventional	24	conventional	359	ce660	0.7403	0.7413	1.4375	1.4375	23240.1719	23206.8095	0	0
fresh-c0-24-conventional	24	conventional	359	ce665	2.1749	1.0292	2.6875	1.5625	17084.8264	17775.7536	0	0
fresh-c0-24-conventional	24	conventional	359	ce667	2.2220	0.4063	2.7500	0.9375	17599.9453	17705.2995	0	0
fresh-c0-24-conventional	24	conventional	359	ce670	1.5444	0.9764	2.2500	1.6875	23517.9927	23703.7838	0	0
fresh-c0-24-conventional	24	conventional	359	ce671	0.5073	0.5206	1.0312	1.0312	17464.2325	17023.5919	0	0
fresh-c0-24-conventional	24	conventional	359	ce674	1.6793	0.9161	2.4375	1.6562	25275.3556	24673.9934	0	0
fresh-c0-24-conventional	24	conventional	359	ce679	0.2244	0.1990	0.8438	0.8125	20643.9214	20449.8632	0	0
fresh-c0-24-conventional	24	conventional	359	ce680	0.5233	0.6869	1.1562	1.3125	21096.6904	20854.6848	0	0
fresh-c0-24-conventional	24	conventional	359	ce681	1.1782	0.6566	1.6562	1.1250	15937.2167	15611.5606	0	0
fresh-c0-24-conventional	24	conventional	359	ce682	1.3031	0.7246	1.5625	1.0000	8649.1529	9180.7408	0	0
fresh-c0-24-conventional	24	conventional	359	ce683	1.2827	0.6472	2.0312	1.3750	24950.8891	24260.6253	0	1
fresh-c0-24-conventional	24	conventional	359	ce684	2.3320	1.4002	3.0312	2.0938	23308.0937	23117.1888	0	0
fresh-c0-24-conventional	24	conventional	359	ce685	2.8145	1.3442	3.4688	2.0000	21806.6735	21860.2182	0	0
fresh-c0-24-conventional	24	conventional	359	ce687	1.3875	1.1460	2.0938	1.8438	23544.5799	23257.5498	0	0
fresh-c0-24-conventional	24	conventional	359	ce690	2.0972	0.9274	2.9375	1.7500	28012.2547	27421.1914	0	0
fresh-c0-24-conventional	24	conventional	359	ce691	0.6416	0.4966	1.2812	1.1562	21321.1781	21988.6122	0	0
fresh-c0-24-conventional	24	conventional	359	ce693	1.3218	0.7585	2.0312	1.4375	23649.6574	22632.6839	0	0
fresh-c0-24-conventional	24	conventional	359	ce694	0.7528	0.3200	1.3438	0.9062	19699.3798	19544.7507	0	0
fresh-c0-24-conventional	24	conventional	359	ce695	1.4498	0.7974	2.2188	1.5625	25632.9851	25502.9988	0	0
fresh-c0-24-conventional	24	conventional	359	ce697	1.6877	0.9709	2.2500	1.5312	18745.2294	18678.4296	0	0
fresh-c0-24-conventional	24	conventional	359	ce698	1.1321	0.6640	1.5625	1.0938	14346.6989	14323.9376	0	0
fresh-c0-24-conventional	24	conventional	359	ce699	2.5935	1.5858	3.3750	2.3438	26051.0534	25263.6767	0	0
fresh-c0-24-conventional	24	conventional	359	ce704	1.2149	1.1210	1.7188	1.6250	16794.4143	16801.7629	0	0
fresh-c0-24-conventional	24	conventional	359	ce705	1.2051	1.4035	1.9062	2.0938	23372.0765	23007.0825	0	0
fresh-c0-24-conventional	24	conventional	359	ce706	1.3235	0.9223	1.7188	1.3125	13176.2616	13005.6906	0	0
fresh-c0-24-conventional	24	conventional	359	ce707	1.9424	1.0985	2.6875	1.8438	24837.4423	24840.1699	0	0
fresh-c0-24-conventional	24	conventional	359	ce708	1.9550	0.8411	2.5625	1.4375	20248.1027	19879.9948	0	0
fresh-c0-24-conventional	24	conventional	359	ce709	2.0497	1.5432	2.5000	2.0000	15008.4366	15228.9397	0	0
fresh-c0-24-conventional	24	conventional	359	ce712	2.1144	0.9488	2.6250	1.4688	17018.3174	17332.4029	0	0
fresh-c0-24-conventional	24	conventional	359	ce714	1.0966	0.5384	1.8125	1.2500	23863.9624	23720.1317	0	0
fresh-c0-24-conventional	24	conventional	359	ce715	0.1693	0.1363	0.7188	0.6875	18316.5137	18371.5264	0	0
fresh-c0-24-conventional	24	conventional	359	ce716	0.9025	0.4446	1.5312	1.0625	20955.2839	20598.4792	0	0
fresh-c0-24-conventional	24	conventional	359	ce717	0.8649	0.6128	1.4688	1.1562	20129.8849	18115.5176	0	0
fresh-c0-24-conventional	24	conventional	359	ce718	1.9650	0.8769	2.4375	1.3750	15747.8155	16603.7617	0	0
fresh-c0-24-conventional	24	conventional	359	ce720	2.0206	0.9830	2.6250	1.5625	20148.8745	19315.2791	0	1
fresh-c0-24-conventional	24	conventional	359	ce721	1.3287	1.4117	1.8438	1.9375	17170.3994	17525.9886	0	0
fresh-c0-24-conventional	24	conventional	359	ce723	0.5295	0.6218	1.1875	1.2812	21931.3596	21981.6349	0	0
fresh-c0-24-conventional	24	conventional	359	ce724	2.2117	1.7080	2.8750	2.3750	22111.2652	22234.8607	0	0
fresh-c0-24-conventional	24	conventional	359	ce725	0.3329	0.0210	0.8438	0.5312	17027.4144	17007.5149	0	0
fresh-c0-24-conventional	24	conventional	359	ce726	2.3893	1.0051	2.9688	1.5625	19315.8803	18579.8170	0	1
fresh-c0-24-conventional	24	conventional	359	ce727	1.3090	0.8980	1.8125	1.4062	16782.9587	16941.3291	0	0
fresh-c0-24-conventional	24	conventional	359	ce728	0.7532	0.3992	1.3750	1.0312	20727.3363	21068.0088	0	0
fresh-c0-24-conventional	24	conventional	359	ce729	2.0110	1.3865	2.7188	2.0625	23594.6859	22533.6383	0	0
