# RBT-134 E2 no-selection baseline, P5 {'pair_event_rate': 0.005}, seed 801, founders w = 32, K = 1: 30 planted founders x 20 lineages = 600; RBT-104 adversary persistence.py's lineage(), unchanged, depths 0-40
# depth	lineages	same	same_frac	same_hi95	pay32	pay32_frac	pay32_hi95	pay64	pay64_frac	pay64_hi95	owns_median	whole_median
0	600	600	1.0000	1.0000	600	1.0000	1.0000	240	0.4000	0.4333	24.1153	11.9490
1	600	546	0.9100	0.9274	440	0.7333	0.7619	194	0.3233	0.3555	21.4335	8.0538
2	600	499	0.8317	0.8553	297	0.4950	0.5285	133	0.2217	0.2508	11.9736	2.5987
3	600	450	0.7500	0.7779	224	0.3733	0.4063	106	0.1767	0.2037	0.0093	0.3357
4	600	421	0.7017	0.7314	154	0.2567	0.2870	67	0.1117	0.1346	0.0000	0.0176
5	600	378	0.6300	0.6618	113	0.1883	0.2160	54	0.0900	0.1111	0.0000	0.0003
6	600	331	0.5517	0.5848	84	0.1400	0.1649	33	0.0550	0.0724	0.0000	0.0001
7	600	304	0.5067	0.5401	62	0.1033	0.1256	24	0.0400	0.0554	0.0000	0.0000
8	600	277	0.4617	0.4952	39	0.0650	0.0836	15	0.0250	0.0378	0.0000	0.0000
9	600	256	0.4267	0.4601	28	0.0467	0.0630	10	0.0167	0.0277	0.0000	0.0000
10	600	226	0.3767	0.4097	19	0.0317	0.0457	7	0.0117	0.0214	0.0000	0.0000
11	600	202	0.3367	0.3691	12	0.0200	0.0318	4	0.0067	0.0148	0.0000	0.0000
12	600	180	0.3000	0.3316	13	0.0217	0.0338	5	0.0083	0.0170	0.0000	0.0000
13	600	171	0.2850	0.3162	12	0.0200	0.0318	3	0.0050	0.0124	0.0000	0.0000
14	600	150	0.2500	0.2802	14	0.0233	0.0358	5	0.0083	0.0170	0.0000	0.0000
15	600	143	0.2383	0.2681	15	0.0250	0.0378	4	0.0067	0.0148	0.0000	0.0000
16	600	132	0.2200	0.2490	10	0.0167	0.0277	3	0.0050	0.0124	0.0000	0.0000
17	600	125	0.2083	0.2369	11	0.0183	0.0297	1	0.0017	0.0074	0.0000	0.0000
18	600	123	0.2050	0.2334	8	0.0133	0.0235	3	0.0050	0.0124	0.0000	0.0000
19	600	113	0.1883	0.2160	7	0.0117	0.0214	1	0.0017	0.0074	0.0000	0.0000
20	600	101	0.1683	0.1949	8	0.0133	0.0235	3	0.0050	0.0124	0.0000	0.0000
21	600	105	0.1750	0.2020	8	0.0133	0.0235	5	0.0083	0.0170	0.0000	0.0000
22	600	98	0.1633	0.1897	6	0.0100	0.0192	4	0.0067	0.0148	0.0000	0.0000
23	600	98	0.1633	0.1897	5	0.0083	0.0170	3	0.0050	0.0124	0.0000	0.0000
24	600	94	0.1567	0.1826	2	0.0033	0.0100	2	0.0033	0.0100	0.0000	0.0000
25	600	82	0.1367	0.1614	3	0.0050	0.0124	3	0.0050	0.0124	0.0000	0.0000
26	600	77	0.1283	0.1525	4	0.0067	0.0148	3	0.0050	0.0124	0.0000	0.0000
27	600	72	0.1200	0.1435	4	0.0067	0.0148	3	0.0050	0.0124	0.0000	0.0000
28	600	72	0.1200	0.1435	5	0.0083	0.0170	2	0.0033	0.0100	0.0000	0.0001
29	600	69	0.1150	0.1382	3	0.0050	0.0124	1	0.0017	0.0074	0.0000	0.0000
30	600	60	0.1000	0.1220	3	0.0050	0.0124	1	0.0017	0.0074	0.0000	0.0001
31	600	53	0.0883	0.1093	6	0.0100	0.0192	2	0.0033	0.0100	0.0000	0.0002
32	600	52	0.0867	0.1075	5	0.0083	0.0170	1	0.0017	0.0074	0.0000	0.0003
33	600	48	0.0800	0.1002	3	0.0050	0.0124	1	0.0017	0.0074	0.0000	0.0004
34	600	56	0.0933	0.1147	3	0.0050	0.0124	2	0.0033	0.0100	0.0000	0.0008
35	600	46	0.0767	0.0965	2	0.0033	0.0100	1	0.0017	0.0074	0.0000	0.0005
36	600	41	0.0683	0.0873	1	0.0017	0.0074	0	0.0000	0.0045	0.0000	0.0008
37	600	41	0.0683	0.0873	2	0.0033	0.0100	1	0.0017	0.0074	0.0000	0.0004
38	600	43	0.0717	0.0910	4	0.0067	0.0148	2	0.0033	0.0100	0.0000	0.0007
39	600	38	0.0633	0.0817	1	0.0017	0.0074	0	0.0000	0.0045	0.0000	0.0011
40	600	31	0.0517	0.0686	1	0.0017	0.0074	0	0.0000	0.0045	0.0000	0.0011
