# RBT-134 E2 no-selection baseline, P2 {'link_sigma': 4.0}, seed 1, founders w = 32, K = 1: 30 planted founders x 20 lineages = 600; RBT-104 adversary persistence.py's lineage(), unchanged, depths 0-40
# depth	lineages	same	same_frac	same_hi95	pay32	pay32_frac	pay32_hi95	pay64	pay64_frac	pay64_hi95	owns_median	whole_median
0	600	600	1.0000	1.0000	600	1.0000	1.0000	380	0.6333	0.6650	26.0689	14.3830
1	600	460	0.7667	0.7938	342	0.5700	0.6029	228	0.3800	0.4131	20.2829	1.8691
2	600	349	0.5817	0.6144	203	0.3383	0.3708	149	0.2483	0.2784	0.0000	0.0700
3	600	290	0.4833	0.5169	149	0.2483	0.2784	115	0.1917	0.2195	0.0000	0.0057
4	600	239	0.3983	0.4316	92	0.1533	0.1791	76	0.1267	0.1507	0.0000	0.0014
5	600	198	0.3300	0.3623	70	0.1167	0.1400	53	0.0883	0.1093	0.0000	0.0001
6	600	169	0.2817	0.3128	42	0.0700	0.0891	25	0.0417	0.0573	0.0000	0.0000
7	600	138	0.2300	0.2594	32	0.0533	0.0705	27	0.0450	0.0611	0.0000	0.0000
8	600	124	0.2067	0.2351	30	0.0500	0.0668	23	0.0383	0.0534	0.0000	0.0000
9	600	117	0.1950	0.2230	22	0.0367	0.0515	17	0.0283	0.0418	0.0000	0.0000
10	600	105	0.1750	0.2020	21	0.0350	0.0496	18	0.0300	0.0437	0.0000	0.0000
11	600	97	0.1617	0.1879	13	0.0217	0.0338	12	0.0200	0.0318	0.0000	0.0000
12	600	84	0.1400	0.1649	13	0.0217	0.0338	13	0.0217	0.0338	0.0000	0.0000
13	600	79	0.1317	0.1560	13	0.0217	0.0338	12	0.0200	0.0318	0.0000	0.0000
14	600	71	0.1183	0.1418	10	0.0167	0.0277	8	0.0133	0.0235	0.0000	0.0000
15	600	69	0.1150	0.1382	6	0.0100	0.0192	5	0.0083	0.0170	0.0000	0.0000
16	600	69	0.1150	0.1382	8	0.0133	0.0235	7	0.0117	0.0214	0.0000	0.0000
17	600	60	0.1000	0.1220	7	0.0117	0.0214	6	0.0100	0.0192	0.0000	0.0000
18	600	60	0.1000	0.1220	8	0.0133	0.0235	6	0.0100	0.0192	0.0000	0.0000
19	600	51	0.0850	0.1056	7	0.0117	0.0214	6	0.0100	0.0192	0.0000	0.0000
20	600	52	0.0867	0.1075	6	0.0100	0.0192	5	0.0083	0.0170	0.0000	0.0000
21	600	49	0.0817	0.1020	7	0.0117	0.0214	6	0.0100	0.0192	0.0000	0.0000
22	600	44	0.0733	0.0928	7	0.0117	0.0214	7	0.0117	0.0214	0.0000	0.0000
23	600	49	0.0817	0.1020	3	0.0050	0.0124	3	0.0050	0.0124	0.0000	0.0000
24	600	46	0.0767	0.0965	2	0.0033	0.0100	2	0.0033	0.0100	0.0000	0.0000
25	600	49	0.0817	0.1020	5	0.0083	0.0170	5	0.0083	0.0170	0.0000	0.0000
26	600	46	0.0767	0.0965	5	0.0083	0.0170	5	0.0083	0.0170	0.0000	0.0000
27	600	37	0.0617	0.0799	5	0.0083	0.0170	4	0.0067	0.0148	0.0000	0.0000
28	600	36	0.0600	0.0780	5	0.0083	0.0170	4	0.0067	0.0148	0.0000	0.0000
29	600	29	0.0483	0.0649	5	0.0083	0.0170	5	0.0083	0.0170	0.0000	0.0000
30	600	21	0.0350	0.0496	5	0.0083	0.0170	5	0.0083	0.0170	0.0000	0.0000
31	600	18	0.0300	0.0437	4	0.0067	0.0148	3	0.0050	0.0124	0.0000	0.0000
32	600	17	0.0283	0.0418	3	0.0050	0.0124	3	0.0050	0.0124	0.0000	0.0000
33	600	20	0.0333	0.0476	3	0.0050	0.0124	3	0.0050	0.0124	0.0000	0.0000
34	600	18	0.0300	0.0437	4	0.0067	0.0148	3	0.0050	0.0124	0.0000	0.0000
35	600	20	0.0333	0.0476	4	0.0067	0.0148	4	0.0067	0.0148	0.0000	0.0000
36	600	19	0.0317	0.0457	2	0.0033	0.0100	2	0.0033	0.0100	0.0000	0.0000
37	600	18	0.0300	0.0437	1	0.0017	0.0074	1	0.0017	0.0074	0.0000	0.0000
38	600	21	0.0350	0.0496	3	0.0050	0.0124	2	0.0033	0.0100	0.0000	0.0000
39	600	22	0.0367	0.0515	3	0.0050	0.0124	2	0.0033	0.0100	0.0000	0.0000
40	600	16	0.0267	0.0398	1	0.0017	0.0074	1	0.0017	0.0074	0.0000	0.0000
