# RBT-134 E2 no-selection baseline, P1 {'link_sigma': 1.6}, seed 3, founders w = 32, K = 1: 30 planted founders x 20 lineages = 600; RBT-104 adversary persistence.py's lineage(), unchanged, depths 0-40
# depth	lineages	same	same_frac	same_hi95	pay32	pay32_frac	pay32_hi95	pay64	pay64_frac	pay64_hi95	owns_median	whole_median
0	600	600	1.0000	1.0000	600	1.0000	1.0000	380	0.6333	0.6650	25.5961	9.3115
1	600	483	0.8050	0.8302	387	0.6450	0.6764	241	0.4017	0.4350	22.2352	3.5886
2	600	381	0.6350	0.6667	255	0.4250	0.4585	171	0.2850	0.3162	0.0024	0.7408
3	600	323	0.5383	0.5716	171	0.2850	0.3162	121	0.2017	0.2299	0.0000	0.0625
4	600	272	0.4533	0.4869	124	0.2067	0.2351	85	0.1417	0.1667	0.0000	0.0055
5	600	238	0.3967	0.4299	80	0.1333	0.1578	60	0.1000	0.1220	0.0000	0.0001
6	600	203	0.3383	0.3708	46	0.0767	0.0965	27	0.0450	0.0611	0.0000	0.0000
7	600	180	0.3000	0.3316	38	0.0633	0.0817	24	0.0400	0.0554	0.0000	0.0000
8	600	151	0.2517	0.2819	30	0.0500	0.0668	21	0.0350	0.0496	0.0000	0.0000
9	600	141	0.2350	0.2646	23	0.0383	0.0534	14	0.0233	0.0358	0.0000	0.0000
10	600	118	0.1967	0.2247	21	0.0350	0.0496	13	0.0217	0.0338	0.0000	0.0000
11	600	110	0.1833	0.2107	16	0.0267	0.0398	12	0.0200	0.0318	0.0000	0.0000
12	600	94	0.1567	0.1826	9	0.0150	0.0256	6	0.0100	0.0192	0.0000	0.0000
13	600	82	0.1367	0.1614	5	0.0083	0.0170	4	0.0067	0.0148	0.0000	0.0000
14	600	66	0.1100	0.1328	7	0.0117	0.0214	4	0.0067	0.0148	0.0000	0.0000
15	600	70	0.1167	0.1400	7	0.0117	0.0214	5	0.0083	0.0170	0.0000	0.0000
16	600	61	0.1017	0.1238	7	0.0117	0.0214	7	0.0117	0.0214	0.0000	0.0000
17	600	58	0.0967	0.1184	7	0.0117	0.0214	6	0.0100	0.0192	0.0000	0.0000
18	600	52	0.0867	0.1075	8	0.0133	0.0235	6	0.0100	0.0192	0.0000	0.0000
19	600	43	0.0717	0.0910	7	0.0117	0.0214	4	0.0067	0.0148	0.0000	0.0000
20	600	45	0.0750	0.0947	5	0.0083	0.0170	3	0.0050	0.0124	0.0000	0.0000
21	600	44	0.0733	0.0928	7	0.0117	0.0214	4	0.0067	0.0148	0.0000	0.0000
22	600	43	0.0717	0.0910	5	0.0083	0.0170	4	0.0067	0.0148	0.0000	0.0000
23	600	44	0.0733	0.0928	3	0.0050	0.0124	2	0.0033	0.0100	0.0000	0.0000
24	600	41	0.0683	0.0873	2	0.0033	0.0100	1	0.0017	0.0074	0.0000	0.0000
25	600	38	0.0633	0.0817	2	0.0033	0.0100	1	0.0017	0.0074	0.0000	0.0000
26	600	43	0.0717	0.0910	1	0.0017	0.0074	0	0.0000	0.0045	0.0000	0.0000
27	600	42	0.0700	0.0891	0	0.0000	0.0045	0	0.0000	0.0045	0.0000	0.0000
28	600	34	0.0567	0.0743	1	0.0017	0.0074	1	0.0017	0.0074	0.0000	0.0000
29	600	31	0.0517	0.0686	2	0.0033	0.0100	1	0.0017	0.0074	0.0000	0.0000
30	600	24	0.0400	0.0554	2	0.0033	0.0100	1	0.0017	0.0074	0.0000	0.0000
31	600	24	0.0400	0.0554	4	0.0067	0.0148	4	0.0067	0.0148	0.0000	0.0000
32	600	22	0.0367	0.0515	3	0.0050	0.0124	3	0.0050	0.0124	0.0000	0.0000
33	600	22	0.0367	0.0515	3	0.0050	0.0124	2	0.0033	0.0100	0.0000	0.0000
34	600	17	0.0283	0.0418	2	0.0033	0.0100	2	0.0033	0.0100	0.0000	0.0000
35	600	24	0.0400	0.0554	2	0.0033	0.0100	2	0.0033	0.0100	0.0000	0.0000
36	600	19	0.0317	0.0457	3	0.0050	0.0124	2	0.0033	0.0100	0.0000	0.0000
37	600	18	0.0300	0.0437	4	0.0067	0.0148	2	0.0033	0.0100	0.0000	0.0000
38	600	16	0.0267	0.0398	3	0.0050	0.0124	3	0.0050	0.0124	0.0000	0.0000
39	600	15	0.0250	0.0378	1	0.0017	0.0074	1	0.0017	0.0074	0.0000	0.0000
40	600	20	0.0333	0.0476	1	0.0017	0.0074	1	0.0017	0.0074	0.0000	0.0000
