# RBT-134 E2 no-selection baseline, P2 {'link_sigma': 4.0}, seed 3, founders w = 32, K = 1: 30 planted founders x 20 lineages = 600; RBT-104 adversary persistence.py's lineage(), unchanged, depths 0-40
# depth	lineages	same	same_frac	same_hi95	pay32	pay32_frac	pay32_hi95	pay64	pay64_frac	pay64_hi95	owns_median	whole_median
0	600	600	1.0000	1.0000	600	1.0000	1.0000	380	0.6333	0.6650	25.5961	9.3115
1	600	446	0.7433	0.7715	356	0.5933	0.6258	234	0.3900	0.4232	20.8842	1.9266
2	600	347	0.5783	0.6111	231	0.3850	0.4181	162	0.2700	0.3008	0.0000	0.0762
3	600	274	0.4567	0.4902	152	0.2533	0.2836	114	0.1900	0.2177	0.0000	0.0043
4	600	226	0.3767	0.4097	101	0.1683	0.1949	78	0.1300	0.1543	0.0000	0.0005
5	600	186	0.3100	0.3419	69	0.1150	0.1382	59	0.0983	0.1202	0.0000	0.0001
6	600	157	0.2617	0.2922	40	0.0667	0.0854	31	0.0517	0.0686	0.0000	0.0000
7	600	135	0.2250	0.2542	34	0.0567	0.0743	27	0.0450	0.0611	0.0000	0.0000
8	600	117	0.1950	0.2230	28	0.0467	0.0630	21	0.0350	0.0496	0.0000	0.0000
9	600	112	0.1867	0.2142	22	0.0367	0.0515	15	0.0250	0.0378	0.0000	0.0000
10	600	95	0.1583	0.1844	21	0.0350	0.0496	15	0.0250	0.0378	0.0000	0.0000
11	600	87	0.1450	0.1702	16	0.0267	0.0398	13	0.0217	0.0338	0.0000	0.0000
12	600	77	0.1283	0.1525	12	0.0200	0.0318	7	0.0117	0.0214	0.0000	0.0000
13	600	71	0.1183	0.1418	8	0.0133	0.0235	6	0.0100	0.0192	0.0000	0.0000
14	600	58	0.0967	0.1184	10	0.0167	0.0277	7	0.0117	0.0214	0.0000	0.0000
15	600	58	0.0967	0.1184	9	0.0150	0.0256	7	0.0117	0.0214	0.0000	0.0000
16	600	49	0.0817	0.1020	10	0.0167	0.0277	8	0.0133	0.0235	0.0000	0.0000
17	600	54	0.0900	0.1111	9	0.0150	0.0256	7	0.0117	0.0214	0.0000	0.0000
18	600	48	0.0800	0.1002	11	0.0183	0.0297	10	0.0167	0.0277	0.0000	0.0000
19	600	41	0.0683	0.0873	9	0.0150	0.0256	8	0.0133	0.0235	0.0000	0.0000
20	600	41	0.0683	0.0873	7	0.0117	0.0214	6	0.0100	0.0192	0.0000	0.0000
21	600	40	0.0667	0.0854	10	0.0167	0.0277	9	0.0150	0.0256	0.0000	0.0000
22	600	41	0.0683	0.0873	7	0.0117	0.0214	7	0.0117	0.0214	0.0000	0.0000
23	600	46	0.0767	0.0965	5	0.0083	0.0170	5	0.0083	0.0170	0.0000	0.0000
24	600	45	0.0750	0.0947	4	0.0067	0.0148	4	0.0067	0.0148	0.0000	0.0000
25	600	41	0.0683	0.0873	3	0.0050	0.0124	2	0.0033	0.0100	0.0000	0.0000
26	600	45	0.0750	0.0947	2	0.0033	0.0100	2	0.0033	0.0100	0.0000	0.0000
27	600	43	0.0717	0.0910	3	0.0050	0.0124	1	0.0017	0.0074	0.0000	0.0000
28	600	35	0.0583	0.0761	2	0.0033	0.0100	1	0.0017	0.0074	0.0000	0.0000
29	600	35	0.0583	0.0761	3	0.0050	0.0124	1	0.0017	0.0074	0.0000	0.0000
30	600	28	0.0467	0.0630	3	0.0050	0.0124	2	0.0033	0.0100	0.0000	0.0000
31	600	27	0.0450	0.0611	5	0.0083	0.0170	5	0.0083	0.0170	0.0000	0.0000
32	600	29	0.0483	0.0649	4	0.0067	0.0148	4	0.0067	0.0148	0.0000	0.0000
33	600	25	0.0417	0.0573	3	0.0050	0.0124	2	0.0033	0.0100	0.0000	0.0000
34	600	21	0.0350	0.0496	2	0.0033	0.0100	2	0.0033	0.0100	0.0000	0.0000
35	600	25	0.0417	0.0573	3	0.0050	0.0124	2	0.0033	0.0100	0.0000	0.0000
36	600	19	0.0317	0.0457	2	0.0033	0.0100	2	0.0033	0.0100	0.0000	0.0000
37	600	19	0.0317	0.0457	3	0.0050	0.0124	3	0.0050	0.0124	0.0000	0.0000
38	600	16	0.0267	0.0398	3	0.0050	0.0124	3	0.0050	0.0124	0.0000	0.0000
39	600	13	0.0217	0.0338	1	0.0017	0.0074	1	0.0017	0.0074	0.0000	0.0000
40	600	16	0.0267	0.0398	2	0.0033	0.0100	1	0.0017	0.0074	0.0000	0.0000
