season	population	sizes	names_in_groups_below_modal
0	holistic	4,4,4,4,4,4,4,4,4,4,4,4,4,4,4	
0	conventional	4,4,4,4,4,4,4,4,4,4,4,4,4,4,4	
1	holistic	4,4,4,4,4,4,4,4,4,4,4,4,4,4,4	
1	conventional	4,4,4,4,4,4,4,4,4,4,4,4,4,4,4	
2	holistic	4,4,4,4,4,4,4,4,4,4,4,4,4,4,4	
2	conventional	4,4,4,4,4,4,4,4,4,4,4,4,4,4,4	
3	holistic	4,4,4,4,4,4,4,4,4,4,4,4,4,4,4	
3	conventional	4,4,4,4,4,4,4,4,4,4,4,4,4,4,4	
4	holistic	4,4,4,4,4,4,4,4,4,4,4,4,4,4,4	
4	conventional	4,4,4,4,4,4,4,4,4,4,4,4,4,4,4	
5	holistic	4,4,4,4,4,4,4,4,4,4,4,4,4,4,2	h0-41,h0-48
5	conventional	4,4,4,4,4,4,4,4,4,4,4,4,4,4,4	
6	holistic	4,4,4,4,4,4,4,4,4,4,4,4,4,4,2	he61,h0-51
6	conventional	4,4,4,4,4,4,4,4,4,4,4,4,4,4,4	
7	holistic	4,4,4,4,4,4,4,4,4,4,4,4,4,3	he61,h0-5,h0-14
7	conventional	4,4,4,4,4,4,4,4,4,4,4,4,4,4,4	
8	holistic	4,4,4,4,4,4,4,4,4,4,4,4,4	
8	conventional	4,4,4,4,4,4,4,4,4,4,4,4,4,4,4	
9	holistic	4,4,4,4,4,4,4,4,4,4,4,4,3	h0-12,h0-37,h0-10
9	conventional	4,4,4,4,4,4,4,4,4,4,4,4,4,4,4	
10	holistic	4,4,4,4,4,4,4,4,4,4,4,2	h0-46,h0-30
10	conventional	4,4,4,4,4,4,4,4,4,4,4,4,4,4,4	
11	holistic	4,4,4,4,4,4,4,4,4,4,3	h0-6,h0-58,h0-12
11	conventional	4,4,4,4,4,4,4,4,4,4,4,4,4,4,4	
12	holistic	4,4,1	h0-9
12	conventional	4,4,4,4,4,4,4,4,4,4,4,4,4,4,4	
13	holistic	4,4,1	h0-9
13	conventional	4,4,4,4,4,4,4,4,4,4,4,4,4,4,4	
14	holistic	4,2	
14	conventional	4,4,4,4,4,4,4,4,4,4,4,4,4,4,4	
15	holistic	4,2	
15	conventional	4,4,4,4,4,4,4,4,4,4,4,4,4,4,4	
16	holistic	2	
16	conventional	4,4,4,4,4,4,4,4,4,4,4,4,4,4,4	
17	holistic	2	
17	conventional	4,4,4,4,4,4,4,4,4,4,4,4,4,4,4	
18	holistic	2	
18	conventional	4,4,4,4,4,4,4,4,4,4,4,4,4,4,4	
19	holistic	1	
19	conventional	4,4,4,4,4,4,4,4,4,4,4,4,4,4,4	
20	holistic	1	
20	conventional	4,4,4,4,4,4,4,4,4,4,4,4,4,4,4	
21	holistic	1	
21	conventional	4,4,4,4,4,4,4,4,4,4,4,4,4,4,4	
22	holistic	1	
22	conventional	4,4,4,4,4,4,4,4,4,4,4,4,4,4,4	
23	holistic	1	
23	conventional	4,4,4,4,4,4,4,4,4,4,4,4,4,4,4	
24	holistic	1	
24	conventional	4,4,4,4,4,4,4,4,4,4,4,4,4,4,4	
25	holistic	1	
25	conventional	4,4,4,4,4,4,4,4,4,4,4,4,4,4,4	
26	holistic	1	
26	conventional	4,4,4,4,4,4,4,4,4,4,4,4,4,4,4	
27	holistic	1	
27	conventional	4,4,4,4,4,4,4,4,4,4,4,4,4,4,4	
28	conventional	4,4,4,4,4,4,4,4,4,4,4,4,4,4,4	
29	conventional	4,4,4,4,4,4,4,4,4,4,4,4,4,4,4	
30	conventional	4,4,4,4,4,4,4,4,4,4,4,4,4,4,4	
31	conventional	4,4,4,4,4,4,4,4,4,4,4,4,4,4,4	
32	conventional	4,4,4,4,4,4,4,4,4,4,4,4,4,4,4	
33	conventional	4,4,4,4,4,4,4,4,4,4,4,4,4,4,4	
34	conventional	4,4,4,4,4,4,4,4,4,4,4,4,4,4,4	
35	conventional	4,4,4,4,4,4,4,4,4,4,4,4,4,4,4	
36	conventional	4,4,4,4,4,4,4,4,4,4,4,4,4,4,4	
37	conventional	4,4,4,4,4,4,4,4,4,4,4,4,4,4,4	
38	conventional	4,4,4,4,4,4,4,4,4,4,4,4,4,4,4	
39	conventional	4,4,4,4,4,4,4,4,4,4,4,4,4,4,4	
40	conventional	4,4,4,4,4,4,4,4,4,4,4,4,4,4,4	
41	conventional	4,4,4,4,4,4,4,4,4,4,4,4,4,4,4	
42	conventional	4,4,4,4,4,4,4,4,4,4,4,4,4,4,4	
43	conventional	4,4,4,4,4,4,4,4,4,4,4,4,4,4,4	
44	conventional	4,4,4,4,4,4,4,4,4,4,4,4,4,4,4	
45	conventional	4,4,4,4,4,4,4,4,4,4,4,4,4,4,4	
46	conventional	4,4,4,4,4,4,4,4,4,4,4,4,4,4,4	
47	conventional	4,4,4,4,4,4,4,4,4,4,4,4,4,4,4	
48	conventional	4,4,4,4,4,4,4,4,4,4,4,4,4,4,4	
49	conventional	4,4,4,4,4,4,4,4,4,4,4,4,4,4,4	
50	conventional	4,4,4,4,4,4,4,4,4,4,4,4,4,4,4	
51	conventional	4,4,4,4,4,4,4,4,4,4,4,4,4,4,4	
52	conventional	4,4,4,4,4,4,4,4,4,4,4,4,4,4,4	
53	conventional	4,4,4,4,4,4,4,4,4,4,4,4,4,4,4	
54	conventional	4,4,4,4,4,4,4,4,4,4,4,4,4,4,4	
55	conventional	4,4,4,4,4,4,4,4,4,4,4,4,4,4,4	
56	conventional	4,4,4,4,4,4,4,4,4,4,4,4,4,4,4	
57	conventional	4,4,4,4,4,4,4,4,4,4,4,4,4,4,4	
58	conventional	4,4,4,4,4,4,4,4,4,4,4,4,4,4,4	
59	conventional	4,4,4,4,4,4,4,4,4,4,4,4,4,4,4	
60	conventional	4,4,4,4,4,4,4,4,4,4,4,4,4,4,4	
61	conventional	4,4,4,4,4,4,4,4,4,4,4,4,4,4,4	
62	conventional	4,4,4,4,4,4,4,4,4,4,4,4,4,4,4	
63	conventional	4,4,4,4,4,4,4,4,4,4,4,4,4,4,4	
64	conventional	4,4,4,4,4,4,4,4,4,4,4,4,4,4,4	
65	conventional	4,4,4,4,4,4,4,4,4,4,4,4,4,4,4	
66	conventional	4,4,4,4,4,4,4,4,4,4,4,4,4,4,4	
67	conventional	4,4,4,4,4,4,4,4,4,4,4,4,4,4,4	
68	conventional	4,4,4,4,4,4,4,4,4,4,4,4,4,4,4	
69	conventional	4,4,4,4,4,4,4,4,4,4,4,4,4,4,4	
70	conventional	4,4,4,4,4,4,4,4,4,4,4,4,4,4,4	
71	conventional	4,4,4,4,4,4,4,4,4,4,4,4,4,4,4	
72	conventional	4,4,4,4,4,4,4,4,4,4,4,4,4,4,4	
73	conventional	4,4,4,4,4,4,4,4,4,4,4,4,4,4,4	
74	conventional	4,4,4,4,4,4,4,4,4,4,4,4,4,4,4	
75	conventional	4,4,4,4,4,4,4,4,4,4,4,4,4,4,4	
76	conventional	4,4,4,4,4,4,4,4,4,4,4,4,4,4,4	
77	conventional	4,4,4,4,4,4,4,4,4,4,4,4,4,4,4	
78	conventional	4,4,4,4,4,4,4,4,4,4,4,4,4,4,4	
79	conventional	4,4,4,4,4,4,4,4,4,4,4,4,4,4,4	
80	conventional	4,4,4,4,4,4,4,4,4,4,4,4,4,4,4	
81	conventional	4,4,4,4,4,4,4,4,4,4,4,4,4,4,4	
82	conventional	4,4,4,4,4,4,4,4,4,4,4,4,4,4,4	
83	conventional	4,4,4,4,4,4,4,4,4,4,4,4,4,4,4	
84	conventional	4,4,4,4,4,4,4,4,4,4,4,4,4,4,4	
85	conventional	4,4,4,4,4,4,4,4,4,4,4,4,4,4,4	
86	conventional	4,4,4,4,4,4,4,4,4,4,4,4,4,4,4	
87	conventional	4,4,4,4,4,4,4,4,4,4,4,4,4,4,4	
88	conventional	4,4,4,4,4,4,4,4,4,4,4,4,4,4,4	
89	conventional	4,4,4,4,4,4,4,4,4,4,4,4,4,4,4	
90	conventional	4,4,4,4,4,4,4,4,4,4,4,4,4,4,4	
91	conventional	4,4,4,4,4,4,4,4,4,4,4,4,4,4,4	
92	conventional	4,4,4,4,4,4,4,4,4,4,4,4,4,4,4	
93	conventional	4,4,4,4,4,4,4,4,4,4,4,4,4,4,4	
94	conventional	4,4,4,4,4,4,4,4,4,4,4,4,4,4,4	
95	conventional	4,4,4,4,4,4,4,4,4,4,4,4,4,4,4	
96	conventional	4,4,4,4,4,4,4,4,4,4,4,4,4,4,4	
97	conventional	4,4,4,4,4,4,4,4,4,4,4,4,4,4,4	
98	conventional	4,4,4,4,4,4,4,4,4,4,4,4,4,4,4	
99	conventional	4,4,4,4,4,4,4,4,4,4,4,4,4,4,4	
100	conventional	4,4,4,4,4,4,4,4,4,4,4,4,4,4,4	
101	conventional	4,4,4,4,4,4,4,4,4,4,4,4,4,4,4	
102	conventional	4,4,4,4,4,4,4,4,4,4,4,4,4,4,4	
103	conventional	4,4,4,4,4,4,4,4,4,4,4,4,4,4,4	
104	conventional	4,4,4,4,4,4,4,4,4,4,4,4,4,4,4	
105	conventional	4,4,4,4,4,4,4,4,4,4,4,4,4,4,4	
106	conventional	4,4,4,4,4,4,4,4,4,4,4,4,4,4,4	
107	conventional	4,4,4,4,4,4,4,4,4,4,4,4,4,4,4	
108	conventional	4,4,4,4,4,4,4,4,4,4,4,4,4,4,4	
109	conventional	4,4,4,4,4,4,4,4,4,4,4,4,4,4,4	
110	conventional	4,4,4,4,4,4,4,4,4,4,4,4,4,4,4	
111	conventional	4,4,4,4,4,4,4,4,4,4,4,4,4,4,4	
112	conventional	4,4,4,4,4,4,4,4,4,4,4,4,4,4,4	
113	conventional	4,4,4,4,4,4,4,4,4,4,4,4,4,4,4	
114	conventional	4,4,4,4,4,4,4,4,4,4,4,4,4,4,4	
115	conventional	4,4,4,4,4,4,4,4,4,4,4,4,4,4,4	
116	conventional	4,4,4,4,4,4,4,4,4,4,4,4,4,4,4	
117	conventional	4,4,4,4,4,4,4,4,4,4,4,4,4,4,4	
118	conventional	4,4,4,4,4,4,4,4,4,4,4,4,4,4,4	
119	conventional	4,4,4,4,4,4,4,4,4,4,4,4,4,4,4	
120	conventional	4,4,4,4,4,4,4,4,4,4,4,4,4,4,4	
121	conventional	4,4,4,4,4,4,4,4,4,4,4,4,4,4,4	
122	conventional	4,4,4,4,4,4,4,4,4,4,4,4,4,4,4	
123	conventional	4,4,4,4,4,4,4,4,4,4,4,4,4,4,4	
124	conventional	4,4,4,4,4,4,4,4,4,4,4,4,4,4,4	
125	conventional	4,4,4,4,4,4,4,4,4,4,4,4,4,4,4	
126	conventional	4,4,4,4,4,4,4,4,4,4,4,4,4,4,4	
127	conventional	4,4,4,4,4,4,4,4,4,4,4,4,4,4,4	
128	conventional	4,4,4,4,4,4,4,4,4,4,4,4,4,4,4	
129	conventional	4,4,4,4,4,4,4,4,4,4,4,4,4,4,4	
130	conventional	4,4,4,4,4,4,4,4,4,4,4,4,4,4,4	
131	conventional	4,4,4,4,4,4,4,4,4,4,4,4,4,4,4	
132	conventional	4,4,4,4,4,4,4,4,4,4,4,4,4,4,4	
133	conventional	4,4,4,4,4,4,4,4,4,4,4,4,4,4,4	
134	conventional	4,4,4,4,4,4,4,4,4,4,4,4,4,4,4	
135	conventional	4,4,4,4,4,4,4,4,4,4,4,4,4,4,4	
136	conventional	4,4,4,4,4,4,4,4,4,4,4,4,4,4,4	
137	conventional	4,4,4,4,4,4,4,4,4,4,4,4,4,4,4	
138	conventional	4,4,4,4,4,4,4,4,4,4,4,4,4,4,4	
139	conventional	4,4,4,4,4,4,4,4,4,4,4,4,4,4,4	
140	conventional	4,4,4,4,4,4,4,4,4,4,4,4,4,4,4	
141	conventional	4,4,4,4,4,4,4,4,4,4,4,4,4,4,4	
142	conventional	4,4,4,4,4,4,4,4,4,4,4,4,4,4,4	
143	conventional	4,4,4,4,4,4,4,4,4,4,4,4,4,4,4	
144	conventional	4,4,4,4,4,4,4,4,4,4,4,4,4,4,4	
145	conventional	4,4,4,4,4,4,4,4,4,4,4,4,4,4,4	
146	conventional	4,4,4,4,4,4,4,4,4,4,4,4,4,4,4	
147	conventional	4,4,4,4,4,4,4,4,4,4,4,4,4,4,4	
148	conventional	4,4,4,4,4,4,4,4,4,4,4,4,4,4,4	
149	conventional	4,4,4,4,4,4,4,4,4,4,4,4,4,4,4	
150	conventional	4,4,4,4,4,4,4,4,4,4,4,4,4,4,4	
151	conventional	4,4,4,4,4,4,4,4,4,4,4,4,4,4,4	
152	conventional	4,4,4,4,4,4,4,4,4,4,4,4,4,4,4	
153	conventional	4,4,4,4,4,4,4,4,4,4,4,4,4,4,4	
154	conventional	4,4,4,4,4,4,4,4,4,4,4,4,4,4,4	
155	conventional	4,4,4,4,4,4,4,4,4,4,4,4,4,4,4	
156	conventional	4,4,4,4,4,4,4,4,4,4,4,4,4,4,4	
157	conventional	4,4,4,4,4,4,4,4,4,4,4,4,4,4,4	
158	conventional	4,4,4,4,4,4,4,4,4,4,4,4,4,4,4	
159	conventional	4,4,4,4,4,4,4,4,4,4,4,4,4,4,4	
160	conventional	4,4,4,4,4,4,4,4,4,4,4,4,4,4,4	
161	conventional	4,4,4,4,4,4,4,4,4,4,4,4,4,4,4	
162	conventional	4,4,4,4,4,4,4,4,4,4,4,4,4,4,4	
163	conventional	4,4,4,4,4,4,4,4,4,4,4,4,4,4,4	
164	conventional	4,4,4,4,4,4,4,4,4,4,4,4,4,4,4	
165	conventional	4,4,4,4,4,4,4,4,4,4,4,4,4,4,4	
166	conventional	4,4,4,4,4,4,4,4,4,4,4,4,4,4,4	
167	conventional	4,4,4,4,4,4,4,4,4,4,4,4,4,4,4	
168	conventional	4,4,4,4,4,4,4,4,4,4,4,4,4,4,4	
169	conventional	4,4,4,4,4,4,4,4,4,4,4,4,4,4,4	
170	conventional	4,4,4,4,4,4,4,4,4,4,4,4,4,4,4	
171	conventional	4,4,4,4,4,4,4,4,4,4,4,4,4,4,4	
172	conventional	4,4,4,4,4,4,4,4,4,4,4,4,4,4,4	
173	conventional	4,4,4,4,4,4,4,4,4,4,4,4,4,4,4	
174	conventional	4,4,4,4,4,4,4,4,4,4,4,4,4,4,4	
175	conventional	4,4,4,4,4,4,4,4,4,4,4,4,4,4,4	
176	conventional	4,4,4,4,4,4,4,4,4,4,4,4,4,4,4	
177	conventional	4,4,4,4,4,4,4,4,4,4,4,4,4,4,4	
178	conventional	4,4,4,4,4,4,4,4,4,4,4,4,4,4,4	
179	conventional	4,4,4,4,4,4,4,4,4,4,4,4,4,4,4	
180	conventional	4,4,4,4,4,4,4,4,4,4,4,4,4,4,4	
181	conventional	4,4,4,4,4,4,4,4,4,4,4,4,4,4,4	
182	conventional	4,4,4,4,4,4,4,4,4,4,4,4,4,4,4	
183	conventional	4,4,4,4,4,4,4,4,4,4,4,4,4,4,4	
184	conventional	4,4,4,4,4,4,4,4,4,4,4,4,4,4,4	
185	conventional	4,4,4,4,4,4,4,4,4,4,4,4,4,4,4	
186	conventional	4,4,4,4,4,4,4,4,4,4,4,4,4,4,4	
187	conventional	4,4,4,4,4,4,4,4,4,4,4,4,4,4,4	
188	conventional	4,4,4,4,4,4,4,4,4,4,4,4,4,4,4	
189	conventional	4,4,4,4,4,4,4,4,4,4,4,4,4,4,4	
190	conventional	4,4,4,4,4,4,4,4,4,4,4,4,4,4,4	
191	conventional	4,4,4,4,4,4,4,4,4,4,4,4,4,4,4	
192	conventional	4,4,4,4,4,4,4,4,4,4,4,4,4,4,4	
193	conventional	4,4,4,4,4,4,4,4,4,4,4,4,4,4,4	
194	conventional	4,4,4,4,4,4,4,4,4,4,4,4,4,4,4	
195	conventional	4,4,4,4,4,4,4,4,4,4,4,4,4,4,4	
196	conventional	4,4,4,4,4,4,4,4,4,4,4,4,4,4,4	
197	conventional	4,4,4,4,4,4,4,4,4,4,4,4,4,4,4	
198	conventional	4,4,4,4,4,4,4,4,4,4,4,4,4,4,4	
199	conventional	4,4,4,4,4,4,4,4,4,4,4,4,4,4,4	
200	conventional	4,4,4,4,4,4,4,4,4,4,4,4,4,4,4	
201	conventional	4,4,4,4,4,4,4,4,4,4,4,4,4,4,4	
202	conventional	4,4,4,4,4,4,4,4,4,4,4,4,4,4,4	
203	conventional	4,4,4,4,4,4,4,4,4,4,4,4,4,4,4	
204	conventional	4,4,4,4,4,4,4,4,4,4,4,4,4,4,4	
205	conventional	4,4,4,4,4,4,4,4,4,4,4,4,4,4,4	
206	conventional	4,4,4,4,4,4,4,4,4,4,4,4,4,4,4	
207	conventional	4,4,4,4,4,4,4,4,4,4,4,4,4,4,4	
208	conventional	4,4,4,4,4,4,4,4,4,4,4,4,4,4,4	
209	conventional	4,4,4,4,4,4,4,4,4,4,4,4,4,4,4	
210	conventional	4,4,4,4,4,4,4,4,4,4,4,4,4,4,4	
211	conventional	4,4,4,4,4,4,4,4,4,4,4,4,4,4,4	
212	conventional	4,4,4,4,4,4,4,4,4,4,4,4,4,4,4	
213	conventional	4,4,4,4,4,4,4,4,4,4,4,4,4,4,4	
214	conventional	4,4,4,4,4,4,4,4,4,4,4,4,4,4,4	
215	conventional	4,4,4,4,4,4,4,4,4,4,4,4,4,4,4	
216	conventional	4,4,4,4,4,4,4,4,4,4,4,4,4,4,4	
217	conventional	4,4,4,4,4,4,4,4,4,4,4,4,4,4,4	
218	conventional	4,4,4,4,4,4,4,4,4,4,4,4,4,4,4	
219	conventional	4,4,4,4,4,4,4,4,4,4,4,4,4,4,4	
220	conventional	4,4,4,4,4,4,4,4,4,4,4,4,4,4,4	
221	conventional	4,4,4,4,4,4,4,4,4,4,4,4,4,4,4	
222	conventional	4,4,4,4,4,4,4,4,4,4,4,4,4,4,4	
223	conventional	4,4,4,4,4,4,4,4,4,4,4,4,4,4,4	
224	conventional	4,4,4,4,4,4,4,4,4,4,4,4,4,4,4	
225	conventional	4,4,4,4,4,4,4,4,4,4,4,4,4,4,4	
226	conventional	4,4,4,4,4,4,4,4,4,4,4,4,4,4,4	
227	conventional	4,4,4,4,4,4,4,4,4,4,4,4,4,4,4	
228	conventional	4,4,4,4,4,4,4,4,4,4,4,4,4,4,4	
229	conventional	4,4,4,4,4,4,4,4,4,4,4,4,4,4,4	
230	conventional	4,4,4,4,4,4,4,4,4,4,4,4,4,4,4	
231	conventional	4,4,4,4,4,4,4,4,4,4,4,4,4,4,4	
232	conventional	4,4,4,4,4,4,4,4,4,4,4,4,4,4,4	
233	conventional	4,4,4,4,4,4,4,4,4,4,4,4,4,4,4	
234	conventional	4,4,4,4,4,4,4,4,4,4,4,4,4,4,4	
235	conventional	4,4,4,4,4,4,4,4,4,4,4,4,4,4,4	
236	conventional	4,4,4,4,4,4,4,4,4,4,4,4,4,4,4	
237	conventional	4,4,4,4,4,4,4,4,4,4,4,4,4,4,4	
238	conventional	4,4,4,4,4,4,4,4,4,4,4,4,4,4,4	
239	conventional	4,4,4,4,4,4,4,4,4,4,4,4,4,4,4	
240	conventional	4,4,4,4,4,4,4,4,4,4,4,4,4,4,4	
241	conventional	4,4,4,4,4,4,4,4,4,4,4,4,4,4,4	
242	conventional	4,4,4,4,4,4,4,4,4,4,4,4,4,4,4	
243	conventional	4,4,4,4,4,4,4,4,4,4,4,4,4,4,4	
244	conventional	4,4,4,4,4,4,4,4,4,4,4,4,4,4,4	
245	conventional	4,4,4,4,4,4,4,4,4,4,4,4,4,4,4	
246	conventional	4,4,4,4,4,4,4,4,4,4,4,4,4,4,4	
247	conventional	4,4,4,4,4,4,4,4,4,4,4,4,4,4,4	
248	conventional	4,4,4,4,4,4,4,4,4,4,4,4,4,4,4	
249	conventional	4,4,4,4,4,4,4,4,4,4,4,4,4,4,4	
250	conventional	4,4,4,4,4,4,4,4,4,4,4,4,4,4,4	
251	conventional	4,4,4,4,4,4,4,4,4,4,4,4,4,4,4	
252	conventional	4,4,4,4,4,4,4,4,4,4,4,4,4,4,4	
253	conventional	4,4,4,4,4,4,4,4,4,4,4,4,4,4,4	
254	conventional	4,4,4,4,4,4,4,4,4,4,4,4,4,4,4	
255	conventional	4,4,4,4,4,4,4,4,4,4,4,4,4,4,4	
256	conventional	4,4,4,4,4,4,4,4,4,4,4,4,4,4,4	
257	conventional	4,4,4,4,4,4,4,4,4,4,4,4,4,4,4	
258	conventional	4,4,4,4,4,4,4,4,4,4,4,4,4,4,4	
259	conventional	4,4,4,4,4,4,4,4,4,4,4,4,4,4,4	
260	conventional	4,4,4,4,4,4,4,4,4,4,4,4,4,4,4	
261	conventional	4,4,4,4,4,4,4,4,4,4,4,4,4,4,4	
262	conventional	4,4,4,4,4,4,4,4,4,4,4,4,4,4,4	
263	conventional	4,4,4,4,4,4,4,4,4,4,4,4,4,4,4	
264	conventional	4,4,4,4,4,4,4,4,4,4,4,4,4,4,4	
265	conventional	4,4,4,4,4,4,4,4,4,4,4,4,4,4,4	
266	conventional	4,4,4,4,4,4,4,4,4,4,4,4,4,4,4	
267	conventional	4,4,4,4,4,4,4,4,4,4,4,4,4,4,4	
268	conventional	4,4,4,4,4,4,4,4,4,4,4,4,4,4,4	
269	conventional	4,4,4,4,4,4,4,4,4,4,4,4,4,4,4	
270	conventional	4,4,4,4,4,4,4,4,4,4,4,4,4,4,4	
271	conventional	4,4,4,4,4,4,4,4,4,4,4,4,4,4,4	
272	conventional	4,4,4,4,4,4,4,4,4,4,4,4,4,4,4	
273	conventional	4,4,4,4,4,4,4,4,4,4,4,4,4,4,4	
274	conventional	4,4,4,4,4,4,4,4,4,4,4,4,4,4,4	
275	conventional	4,4,4,4,4,4,4,4,4,4,4,4,4,4,4	
276	conventional	4,4,4,4,4,4,4,4,4,4,4,4,4,4,4	
277	conventional	4,4,4,4,4,4,4,4,4,4,4,4,4,4,4	
278	conventional	4,4,4,4,4,4,4,4,4,4,4,4,4,4,4	
279	conventional	4,4,4,4,4,4,4,4,4,4,4,4,4,4,4	
280	conventional	4,4,4,4,4,4,4,4,4,4,4,4,4,4,4	
281	conventional	4,4,4,4,4,4,4,4,4,4,4,4,4,4,4	
282	conventional	4,4,4,4,4,4,4,4,4,4,4,4,4,4,4	
283	conventional	4,4,4,4,4,4,4,4,4,4,4,4,4,4,4	
284	conventional	4,4,4,4,4,4,4,4,4,4,4,4,4,4,4	
285	conventional	4,4,4,4,4,4,4,4,4,4,4,4,4,4,4	
286	conventional	4,4,4,4,4,4,4,4,4,4,4,4,4,4,4	
287	conventional	4,4,4,4,4,4,4,4,4,4,4,4,4,4,4	
288	conventional	4,4,4,4,4,4,4,4,4,4,4,4,4,4,4	
289	conventional	4,4,4,4,4,4,4,4,4,4,4,4,4,4,4	
290	conventional	4,4,4,4,4,4,4,4,4,4,4,4,4,4,4	
291	conventional	4,4,4,4,4,4,4,4,4,4,4,4,4,4,4	
292	conventional	4,4,4,4,4,4,4,4,4,4,4,4,4,4,4	
293	conventional	4,4,4,4,4,4,4,4,4,4,4,4,4,4,4	
294	conventional	4,4,4,4,4,4,4,4,4,4,4,4,4,4,4	
295	conventional	4,4,4,4,4,4,4,4,4,4,4,4,4,4,4	
296	conventional	4,4,4,4,4,4,4,4,4,4,4,4,4,4,4	
297	conventional	4,4,4,4,4,4,4,4,4,4,4,4,4,4,4	
298	conventional	4,4,4,4,4,4,4,4,4,4,4,4,4,4,4	
299	conventional	4,4,4,4,4,4,4,4,4,4,4,4,4,4,4	
300	conventional	4,4,4,4,4,4,4,4,4,4,4,4,4,4,4	
301	conventional	4,4,4,4,4,4,4,4,4,4,4,4,4,4,4	
302	conventional	4,4,4,4,4,4,4,4,4,4,4,4,4,4,4	
303	conventional	4,4,4,4,4,4,4,4,4,4,4,4,4,4,4	
304	conventional	4,4,4,4,4,4,4,4,4,4,4,4,4,4,4	
305	conventional	4,4,4,4,4,4,4,4,4,4,4,4,4,4,4	
306	conventional	4,4,4,4,4,4,4,4,4,4,4,4,4,4,4	
307	conventional	4,4,4,4,4,4,4,4,4,4,4,4,4,4,4	
308	conventional	4,4,4,4,4,4,4,4,4,4,4,4,4,4,4	
309	conventional	4,4,4,4,4,4,4,4,4,4,4,4,4,4,4	
310	conventional	4,4,4,4,4,4,4,4,4,4,4,4,4,4,4	
311	conventional	4,4,4,4,4,4,4,4,4,4,4,4,4,4,4	
312	conventional	4,4,4,4,4,4,4,4,4,4,4,4,4,4,4	
313	conventional	4,4,4,4,4,4,4,4,4,4,4,4,4,4,4	
314	conventional	4,4,4,4,4,4,4,4,4,4,4,4,4,4,4	
315	conventional	4,4,4,4,4,4,4,4,4,4,4,4,4,4,4	
316	conventional	4,4,4,4,4,4,4,4,4,4,4,4,4,4,4	
317	conventional	4,4,4,4,4,4,4,4,4,4,4,4,4,4,4	
318	conventional	4,4,4,4,4,4,4,4,4,4,4,4,4,4,4	
319	conventional	4,4,4,4,4,4,4,4,4,4,4,4,4,4,4	
320	conventional	4,4,4,4,4,4,4,4,4,4,4,4,4,4,4	
321	conventional	4,4,4,4,4,4,4,4,4,4,4,4,4,4,4	
322	conventional	4,4,4,4,4,4,4,4,4,4,4,4,4,4,4	
323	conventional	4,4,4,4,4,4,4,4,4,4,4,4,4,4,4	
324	conventional	4,4,4,4,4,4,4,4,4,4,4,4,4,4,4	
325	conventional	4,4,4,4,4,4,4,4,4,4,4,4,4,4,4	
326	conventional	4,4,4,4,4,4,4,4,4,4,4,4,4,4,4	
327	conventional	4,4,4,4,4,4,4,4,4,4,4,4,4,4,4	
328	conventional	4,4,4,4,4,4,4,4,4,4,4,4,4,4,4	
329	conventional	4,4,4,4,4,4,4,4,4,4,4,4,4,4,4	
330	conventional	4,4,4,4,4,4,4,4,4,4,4,4,4,4,4	
331	conventional	4,4,4,4,4,4,4,4,4,4,4,4,4,4,4	
332	conventional	4,4,4,4,4,4,4,4,4,4,4,4,4,4,4	
333	conventional	4,4,4,4,4,4,4,4,4,4,4,4,4,4,4	
334	conventional	4,4,4,4,4,4,4,4,4,4,4,4,4,4,4	
335	conventional	4,4,4,4,4,4,4,4,4,4,4,4,4,4,4	
336	conventional	4,4,4,4,4,4,4,4,4,4,4,4,4,4,4	
337	conventional	4,4,4,4,4,4,4,4,4,4,4,4,4,4,4	
338	conventional	4,4,4,4,4,4,4,4,4,4,4,4,4,4,4	
339	conventional	4,4,4,4,4,4,4,4,4,4,4,4,4,4,4	
340	conventional	4,4,4,4,4,4,4,4,4,4,4,4,4,4,4	
341	conventional	4,4,4,4,4,4,4,4,4,4,4,4,4,4,4	
342	conventional	4,4,4,4,4,4,4,4,4,4,4,4,4,4,4	
343	conventional	4,4,4,4,4,4,4,4,4,4,4,4,4,4,4	
344	conventional	4,4,4,4,4,4,4,4,4,4,4,4,4,4,4	
345	conventional	4,4,4,4,4,4,4,4,4,4,4,4,4,4,4	
346	conventional	4,4,4,4,4,4,4,4,4,4,4,4,4,4,4	
347	conventional	4,4,4,4,4,4,4,4,4,4,4,4,4,4,4	
348	conventional	4,4,4,4,4,4,4,4,4,4,4,4,4,4,4	
349	conventional	4,4,4,4,4,4,4,4,4,4,4,4,4,4,4	
350	conventional	4,4,4,4,4,4,4,4,4,4,4,4,4,4,4	
351	conventional	4,4,4,4,4,4,4,4,4,4,4,4,4,4,4	
352	conventional	4,4,4,4,4,4,4,4,4,4,4,4,4,4,4	
353	conventional	4,4,4,4,4,4,4,4,4,4,4,4,4,4,4	
354	conventional	4,4,4,4,4,4,4,4,4,4,4,4,4,4,4	
355	conventional	4,4,4,4,4,4,4,4,4,4,4,4,4,4,4	
356	conventional	4,4,4,4,4,4,4,4,4,4,4,4,4,4,4	
357	conventional	4,4,4,4,4,4,4,4,4,4,4,4,4,4,4	
358	conventional	4,4,4,4,4,4,4,4,4,4,4,4,4,4,4	
359	conventional	4,4,4,4,4,4,4,4,4,4,4,4,4,4,4	
360	conventional	4,4,4,4,4,4,4,4,4,4	
361	conventional	4,4,4,4,4,4,4,4,4,4,4,4,4,4,4	
362	conventional	4,4,4,4,4,4,4,4,4,4,4,4,4,4,4	
363	conventional	4,4,4,4,4,4,4,4,4,4,4,4,4,4,4	
364	conventional	4,4,4,4,4,4,4,4,4,4,4,4,4,4,4	
365	conventional	4,4,4,4,4,4,4,4,4,4,4,4,4,4,4	
366	conventional	4,4,4,4,4,4,4,4,4,4,4,4,4,4,4	
367	conventional	4,4,4,4,4,4,4,4,4,4,4,4,4,4,4	
368	conventional	4,4,4,4,4,4,4,4,4,4,4,4,4,4,4	
369	conventional	4,4,4,4,4,4,4,4,4,4,4,4,4,4,4	
370	conventional	4,4,4,4,4,4,4,4,4,4,4,4,4,4,4	
371	conventional	4,4,4,4,4,4,4,4,4,4,4,4,4,4,4	
372	conventional	4,4,4,4,4,4,4,4,4,4,4,4,4,4,4	
373	conventional	4,4,4,4,4,4,4,4,4,4,4,4,4,4,4	
374	conventional	4,4,4,4,4,4,4,4,4,4,4,4,4,4,4	
375	conventional	4,4,4,4,4,4,4,4,4,4,4,4,4,4,4	
376	conventional	4,4,4,4,4,4,4,4,4,4,4,4,4,4,4	
377	conventional	4,4,4,4,4,4,4,4,4,4,4,4,4,4,4	
378	conventional	4,4,4,4,4,4,4,4,4,4,4,4,4,4,4	
379	conventional	4,4,4,4,4,4,4,4,4,4,4,4,4,4,4	
380	conventional	4,4,4,4,4,4,4,4,4,4,4,4,4,4,4	
381	conventional	4,4,4,4,4,4,4,4,4,4,4,4,4,4,4	
382	conventional	4,4,4,4,4,4,4,4,4,4,4,4,4,4,4	
383	conventional	4,4,4,4,4,4,4,4,4,4,4,4,4,4,4	
384	conventional	4,4,4,4,4,4,4,4,4,4,4,4,4,4,4	
385	conventional	4,4,4,4,4,4,4,4,4,4,4,4,4,4,4	
386	conventional	4,4,4,4,4,4,4,4,4,4,4,4,4,4,4	
387	conventional	4,4,4,4,4,4,4,4,4,4,4,4,4,4,4	
388	conventional	4,4,4,4,4,4,4,4,4,4,4,4,4,4,4	
389	conventional	4,4,4,4,4,4,4,4,4,4,4,4,4,4,4	
390	conventional	4,4,4,4,4,4,4,4,4,4,4,4,4,4,4	
391	conventional	4,4,4,4,4,4,4,4,4,4,4,4,4,4,4	
392	conventional	4,4,4,4,4,4,4,4,4,4,4,4,4,4,4	
393	conventional	4,4,4,4,4,4,4,4,4,4,4,4,4,4,4	
394	conventional	4,4,4,4,4,4,4,4,4,4,4,4,4,4,4	
395	conventional	4,4,4,4,4,4,4,4,4,4,4,4,4,4,4	
396	conventional	4,4,4,4,4,4,4,4,4,4,4,4,4,4,4	
397	conventional	4,4,4,4,4,4,4,4,4,4,4,4,4,4,4	
398	conventional	4,4,4,4,4,4,4,4,4,4,4,4,4,4,4	
399	conventional	4,4,4,4,4,4,4,4,4,4,4,4,4,4,4	
400	conventional	4,4,4,4,4,4,4,4,4,4,4,4,4,4,4	
401	conventional	4,4,4,4,4,4,4,4,4,4,4,4,4,4,4	
402	conventional	4,4,4,4,4,4,4,4,4,4,4,4,4,4,4	
403	conventional	4,4,4,4,4,4,4,4,4,4,4,4,4,4,4	
404	conventional	4,4,4,4,4,4,4,4,4,4,4,4,4,4,4	
405	conventional	4,4,4,4,4,4,4,4,4,4,4,4,4,4,4	
406	conventional	4,4,4,4,4,4,4,4,4,4,4,4,4,4,4	
407	conventional	4,4,4,4,4,4,4,4,4,4,4,4,4,4,4	
408	conventional	4,4,4,4,4,4,4,4,4,4,4,4,4,4,4	
409	conventional	4,4,4,4,4,4,4,4,4,4,4,4,4,4,4	
410	conventional	4,4,4,4,4,4,4,4,4,4,4,4,4,4,4	
411	conventional	4,4,4,4,4,4,4,4,4,4,4,4,4,4,4	
412	conventional	4,4,4,4,4,4,4,4,4,4,4,4,4,4,4	
413	conventional	4,4,4,4,4,4,4,4,4,4,4,4,4,4,4	
414	conventional	4,4,4,4,4,4,4,4,4,4,4,4,4,4,4	
415	conventional	4,4,4,4,4,4,4,4,4,4,4,4,4,4,4	
416	conventional	4,4,4,4,4,4,4,4,4,4,4,4,4,4,4	
417	conventional	4,4,4,4,4,4,4,4,4,4,4,4,4,4,4	
418	conventional	4,4,4,4,4,4,4,4,4,4,4,4,4,4,4	
419	conventional	4,4,4,4,4,4,4,4,4,4,4,4,4,4,4	
420	conventional	4,4,4,4,4,4,4,4,4,4,4,4,4,4,4	
421	conventional	4,4,4,4,4,4,4,4,4,4,4,4,4,4,4	
422	conventional	4,4,4,4,4,4,4,4,4,4,4,4,4,4,4	
423	conventional	4,4,4,4,4,4,4,4,4,4,4,4,4,4,4	
424	conventional	4,4,4,4,4,4,4,4,4,4,4,4,4,4,4	
425	conventional	4,4,4,4,4,4,4,4,4,4,4,4,4,4,4	
426	conventional	4,4,4,4,4,4,4,4,4,4,4,4,4,4,4	
427	conventional	4,4,4,4,4,4,4,4,4,4,4,4,4,4,4	
428	conventional	4,4,4,4,4,4,4,4,4,4,4,4,4,4,4	
429	conventional	4,4,4,4,4,4,4,4,4,4,4,4,4,4,4	
430	conventional	4,4,4,4,4,4,4,4,4,4,4,4,4,4,4	
431	conventional	4,4,4,4,4,4,4,4,4,4,4,4,4,4,4	
432	conventional	4,4,4,4,4,4,4,4,4,4,4,4,4,4,4	
433	conventional	4,4,4,4,4,4,4,4,4,4,4,4,4,4,4	
434	conventional	4,4,4,4,4,4,4,4,4,4,4,4,4,4,4	
435	conventional	4,4,4,4,4,4,4,4,4,4,4,4,4,4,4	
436	conventional	4,4,4,4,4,4,4,4,4,4,4,4,4,4,4	
437	conventional	4,4,4,4,4,4,4,4,4,4,4,4,4,4,4	
438	conventional	4,4,4,4,4,4,4,4,4,4,4,4,4,4,4	
439	conventional	4,4,4,4,4,4,4,4,4,4,4,4,4,4,4	
440	conventional	4,4,4,4,4,4,4,4,4,4,4,4,4,4,4	
441	conventional	4,4,4,4,4,4,4,4,4,4,4,4,4,4,4	
442	conventional	4,4,4,4,4,4,4,4,4,4,4,4,4,4,4	
443	conventional	4,4,4,4,4,4,4,4,4,4,4,4,4,4,4	
444	conventional	4,4,4,4,4,4,4,4,4,4,4,4,4,4,4	
445	conventional	4,4,4,4,4,4,4,4,4,4,4,4,4,4,4	
446	conventional	4,4,4,4,4,4,4,4,4,4,4,4,4,4,4	
447	conventional	4,4,4,4,4,4,4,4,4,4,4,4,4,4,4	
448	conventional	4,4,4,4,4,4,4,4,4,4,4,4,4,4,4	
449	conventional	4,4,4,4,4,4,4,4,4,4,4,4,4,4,4	
450	conventional	4,4,4,4,4,4,4,4,4,4,4,4,4,4,4	
451	conventional	4,4,4,4,4,4,4,4,4,4,4,4,4,4,4	
452	conventional	4,4,4,4,4,4,4,4,4,4,4,4,4,4,4	
453	conventional	4,4,4,4,4,4,4,4,4,4,4,4,4,4,4	
454	conventional	4,4,4,4,4,4,4,4,4,4,4,4,4,4,4	
455	conventional	4,4,4,4,4,4,4,4,4,4,4,4,4,4,4	
456	conventional	4,4,4,4,4,4,4,4,4,4,4,4,4,4,4	
457	conventional	4,4,4,4,4,4,4,4,4,4,4,4,4,4,4	
458	conventional	4,4,4,4,4,4,4,4,4,4,4,4,4,4,4	
459	conventional	4,4,4,4,4,4,4,4,4,4,4,4,4,4,4	
460	conventional	4,4,4,4,4,4,4,4,4,4,4,4,4,4,4	
461	conventional	4,4,4,4,4,4,4,4,4,4,4,4,4,4,4	
462	conventional	4,4,4,4,4,4,4,4,4,4,4,4,4,4,4	
463	conventional	4,4,4,4,4,4,4,4,4,4,4,4,4,4,4	
464	conventional	4,4,4,4,4,4,4,4,4,4,4,4,4,4,4	
465	conventional	4,4,4,4,4,4,4,4,4,4,4,4,4,4,4	
466	conventional	4,4,4,4,4,4,4,4,4,4,4,4,4,4,4	
467	conventional	4,4,4,4,4,4,4,4,4,4,4,4,4,4,4	
468	conventional	4,4,4,4,4,4,4,4,4,4,4,4,4,4,4	
469	conventional	4,4,4,4,4,4,4,4,4,4,4,4,4,4,4	
470	conventional	4,4,4,4,4,4,4,4,4,4,4,4,4,4,4	
471	conventional	4,4,4,4,4,4,4,4,4,4,4,4,4,4,4	
472	conventional	4,4,4,4,4,4,4,4,4,4,4,4,4,4,4	
473	conventional	4,4,4,4,4,4,4,4,4,4,4,4,4,4,4	
474	conventional	4,4,4,4,4,4,4,4,4,4,4,4,4,4,4	
475	conventional	4,4,4,4,4,4,4,4,4,4,4,4,4,4,4	
476	conventional	4,4,4,4,4,4,4,4,4,4,4,4,4,4,4	
477	conventional	4,4,4,4,4,4,4,4,4,4,4,4,4,4,4	
478	conventional	4,4,4,4,4,4,4,4,4,4,4,4,4,4,4	
479	conventional	4,4,4,4,4,4,4,4,4,4,4,4,4,4,4	
480	conventional	4,4,4,4,4,4,4,4,4,4,4,4,4,4,4	
481	conventional	4,4,4,4,4,4,4,4,4,4,4,4,4,4,4	
482	conventional	4,4,4,4,4,4,4,4,4,4,4,4,4,4,4	
483	conventional	4,4,4,4,4,4,4,4,4,4,4,4,4,4,4	
484	conventional	4,4,4,4,4,4,4,4,4,4,4,4,4,4,4	
485	conventional	4,4,4,4,4,4,4,4,4,4,4,4,4,4,4	
486	conventional	4,4,4,4,4,4,4,4,4,4,4,4,4,4,4	
487	conventional	4,4,4,4,4,4,4,4,4,4,4,4,4,4,4	
488	conventional	4,4,4,4,4,4,4,4,4,4,4,4,4,4,4	
489	conventional	4,4,4,4,4,4,4,4,4,4,4,4,4,4,4	
490	conventional	4,4,4,4,4,4,4,4,4,4,4,4,4,4,4	
491	conventional	4,4,4,4,4,4,4,4,4,4,4,4,4,4,4	
492	conventional	4,4,4,4,4,4,4,4,4,4,4,4,4,4,4	
493	conventional	4,4,4,4,4,4,4,4,4,4,4,4,4,4,4	
494	conventional	4,4,4,4,4,4,4,4,4,4,4,4,4,4,4	
495	conventional	4,4,4,4,4,4,4,4,4,4,4,4,4,4,4	
496	conventional	4,4,4,4,4,4,4,4,4,4,4,4,4,4,4	
497	conventional	4,4,4,4,4,4,4,4,4,4,4,4,4,4,4	
498	conventional	4,4,4,4,4,4,4,4,4,4,4,4,4,4,4	
499	conventional	4,4,4,4,4,4,4,4,4,4,4,4,4,4,4	
500	conventional	4,4,4,4,4,4,4,4,4,4,4,4,4,4,4	
501	conventional	4,4,4,4,4,4,4,4,4,4,4,4,4,4,4	
502	conventional	4,4,4,4,4,4,4,4,4,4,4,4,4,4,4	
503	conventional	4,4,4,4,4,4,4,4,4,4,4,4,4,4,4	
504	conventional	4,4,4,4,4,4,4,4,4,4,4,4,4,4,4	
505	conventional	4,4,4,4,4,4,4,4,4,4,4,4,4,4,4	
506	conventional	4,4,4,4,4,4,4,4,4,4,4,4,4,4,4	
507	conventional	4,4,4,4,4,4,4,4,4,4,4,4,4,4,4	
508	conventional	4,4,4,4,4,4,4,4,4,4,4,4,4,4,4	
509	conventional	4,4,4,4,4,4,4,4,4,4,4,4,4,4,4	
510	conventional	4,4,4,4,4,4,4,4,4,4,4,4,4,4,4	
511	conventional	4,4,4,4,4,4,4,4,4,4,4,4,4,4,4	
512	conventional	4,4,4,4,4,4,4,4,4,4,4,4,4,4,4	
513	conventional	4,4,4,4,4,4,4,4,4,4,4,4,4,4,4	
514	conventional	4,4,4,4,4,4,4,4,4,4,4,4,4,4,4	
515	conventional	4,4,4,4,4,4,4,4,4,4,4,4,4,4,4	
516	conventional	4,4,4,4,4,4,4,4,4,4,4,4,4,4,4	
517	conventional	4,4,4,4,4,4,4,4,4,4,4,4,4,4,4	
518	conventional	4,4,4,4,4,4,4,4,4,4,4,4,4,4,4	
519	conventional	4,4,4,4,4,4,4,4,4,4,4,4,4,4,4	
520	conventional	4,4,4,4,4,4,4,4,4,4,4,4,4,4,4	
521	conventional	4,4,4,4,4,4,4,4,4,4,4,4,4,4,4	
522	conventional	4,4,4,4,4,4,4,4,4,4,4,4,4,4,4	
523	conventional	4,4,4,4,4,4,4,4,4,4,4,4,4,4,4	
524	conventional	4,4,4,4,4,4,4,4,4,4,4,4,4,4,4	
525	conventional	4,4,4,4,4,4,4,4,4,4,4,4,4,4,4	
526	conventional	4,4,4,4,4,4,4,4,4,4,4,4,4,4,4	
527	conventional	4,4,4,4,4,4,4,4,4,4,4,4,4,4,4	
528	conventional	4,4,4,4,4,4,4,4,4,4,4,4,4,4,4	
529	conventional	4,4,4,4,4,4,4,4,4,4,4,4,4,4,4	
530	conventional	4,4,4,4,4,4,4,4,4,4,4,4,4,4,4	
531	conventional	4,4,4,4,4,4,4,4,4,4,4,4,4,4,4	
532	conventional	4,4,4,4,4,4,4,4,4,4,4,4,4,4,4	
533	conventional	4,4,4,4,4,4,4,4,4,4,4,4,4,4,4	
534	conventional	4,4,4,4,4,4,4,4,4,4,4,4,4,4,4	
535	conventional	4,4,4,4,4,4,4,4,4,4,4,4,4,4,4	
536	conventional	4,4,4,4,4,4,4,4,4,4,4,4,4,4,4	
537	conventional	4,4,4,4,4,4,4,4,4,4,4,4,4,4,4	
538	conventional	4,4,4,4,4,4,4,4,4,4,4,4,4,4,4	
539	conventional	4,4,4,4,4,4,4,4,4,4,4,4,4,4,4	
540	conventional	4,4,4,4,4,4,4,4,4,4,4,4,4,4,4	
541	conventional	4,4,4,4,4,4,4,4,4,4,4,4,4,4,4	
542	conventional	4,4,4,4,4,4,4,4,4,4,4,4,4,4,4	
543	conventional	4,4,4,4,4,4,4,4,4,4,4,4,4,4,4	
544	conventional	4,4,4,4,4,4,4,4,4,4,4,4,4,4,4	
545	conventional	4,4,4,4,4,4,4,4,4,4,4,4,4,4,4	
546	conventional	4,4,4,4,4,4,4,4,4,4,4,4,4,4,4	
547	conventional	4,4,4,4,4,4,4,4,4,4,4,4,4,4,4	
548	conventional	4,4,4,4,4,4,4,4,4,4,4,4,4,4,4	
549	conventional	4,4,4,4,4,4,4,4,4,4,4,4,4,4,4	
550	conventional	4,4,4,4,4,4,4,4,4,4,4,4,4,4,4	
551	conventional	4,4,4,4,4,4,4,4,4,4,4,4,4,4,4	
552	conventional	4,4,4,4,4,4,4,4,4,4,4,4,4,4,4	
553	conventional	4,4,4,4,4,4,4,4,4,4,4,4,4,4,4	
554	conventional	4,4,4,4,4,4,4,4,4,4,4,4,4,4,4	
555	conventional	4,4,4,4,4,4,4,4,4,4,4,4,4,4,4	
556	conventional	4,4,4,4,4,4,4,4,4,4,4,4,4,4,4	
557	conventional	4,4,4,4,4,4,4,4,4,4,4,4,4,4,4	
558	conventional	4,4,4,4,4,4,4,4,4,4,4,4,4,4,4	
559	conventional	4,4,4,4,4,4,4,4,4,4,4,4,4,4,4	
560	conventional	4,4,4,4,4,4,4,4,4,4,4,4,4,4,4	
561	conventional	4,4,4,4,4,4,4,4,4,4,4,4,4,4,4	
562	conventional	4,4,4,4,4,4,4,4,4,4,4,4,4,4,4	
563	conventional	4,4,4,4,4,4,4,4,4,4,4,4,4,4,4	
564	conventional	4,4,4,4,4,4,4,4,4,4,4,4,4,4,4	
565	conventional	4,4,4,4,4,4,4,4,4,4,4,4,4,4,4	
566	conventional	4,4,4,4,4,4,4,4,4,4,4,4,4,4,4	
567	conventional	4,4,4,4,4,4,4,4,4,4,4,4,4,4,4	
568	conventional	4,4,4,4,4,4,4,4,4,4,4,4,4,4,4	
569	conventional	4,4,4,4,4,4,4,4,4,4,4,4,4,4,4	
570	conventional	4,4,4,4,4,4,4,4,4,4,4,4,4,4,4	
571	conventional	4,4,4,4,4,4,4,4,4,4,4,4,4,4,4	
572	conventional	4,4,4,4,4,4,4,4,4,4,4,4,4,4,4	
573	conventional	4,4,4,4,4,4,4,4,4,4,4,4,4,4,4	
574	conventional	4,4,4,4,4,4,4,4,4,4,4,4,4,4,4	
575	conventional	4,4,4,4,4,4,4,4,4,4,4,4,4,4,4	
576	conventional	4,4,4,4,4,4,4,4,4,4,4,4,4,4,4	
577	conventional	4,4,4,4,4,4,4,4,4,4,4,4,4,4,4	
578	conventional	4,4,4,4,4,4,4,4,4,4,4,4,4,4,4	
579	conventional	4,4,4,4,4,4,4,4,4,4,4,4,4,4,4	
580	conventional	4,4,4,4,4,4,4,4,4,4,4,4,4,4,4	
581	conventional	4,4,4,4,4,4,4,4,4,4,4,4,4,4,4	
582	conventional	4,4,4,4,4,4,4,4,4,4,4,4,4,4,4	
583	conventional	4,4,4,4,4,4,4,4,4,4,4,4,4,4,4	
584	conventional	4,4,4,4,4,4,4,4,4,4,4,4,4,4,4	
585	conventional	4,4,4,4,4,4,4,4,4,4,4,4,4,4,4	
586	conventional	4,4,4,4,4,4,4,4,4,4,4,4,4,4,4	
587	conventional	4,4,4,4,4,4,4,4,4,4,4,4,4,4,4	
588	conventional	4,4,4,4,4,4,4,4,4,4,4,4,4,4,4	
589	conventional	4,4,4,4,4,4,4,4,4,4,4,4,4,4,4	
590	conventional	4,4,4,4,4,4,4,4,4,4,4,4,4,4,4	
591	conventional	4,4,4,4,4,4,4,4,4,4,4,4,4,4,4	
592	conventional	4,4,4,4,4,4,4,4,4,4,4,4,4,4,4	
593	conventional	4,4,4,4,4,4,4,4,4,4,4,4,4,4,4	
594	conventional	4,4,4,4,4,4,4,4,4,4,4,4,4,4,4	
595	conventional	4,4,4,4,4,4,4,4,4,4,4,4,4,4,4	
596	conventional	4,4,4,4,4,4,4,4,4,4,4,4,4,4,4	
597	conventional	4,4,4,4,4,4,4,4,4,4,4,4,4,4,4	
598	conventional	4,4,4,4,4,4,4,4,4,4,4,4,4,4,4	
599	conventional	4,4,4,4,4,4,4,4,4,4,4,4,4,4,4	
600	conventional	4,4,4,4,4,4,4,4,4,4,4,4,4,4,4	
601	conventional	4,4,4,4,4,4,4,4,4,4,4,4,4,4,4	
602	conventional	4,4,4,4,4,4,4,4,4,4,4,4,4,4,4	
603	conventional	4,4,4,4,4,4,4,4,4,4,4,4,4,4,4	
604	conventional	4,4,4,4,4,4,4,4,4,4,4,4,4,4,4	
605	conventional	4,4,4,4,4,4,4,4,4,4,4,4,4,4,4	
606	conventional	4,4,4,4,4,4,4,4,4,4,4,4,4,4,4	
607	conventional	4,4,4,4,4,4,4,4,4,4,4,4,4,4,4	
608	conventional	4,4,4,4,4,4,4,4,4,4,4,4,4,4,4	
609	conventional	4,4,4,4,4,4,4,4,4,4,4,4,4,4,4	
610	conventional	4,4,4,4,4,4,4,4,4,4,4,4,4,4,4	
611	conventional	4,4,4,4,4,4,4,4,4,4,4,4,4,4,4	
612	conventional	4,4,4,4,4,4,4,4,4,4,4,4,4,4,4	
613	conventional	4,4,4,4,4,4,4,4,4,4,4,4,4,4,4	
614	conventional	4,4,4,4,4,4,4,4,4,4,4,4,4,4,4	
615	conventional	4,4,4,4,4,4,4,4,4,4,4,4,4,4,4	
616	conventional	4,4,4,4,4,4,4,4,4,4,4,4,4,4,4	
617	conventional	4,4,4,4,4,4,4,4,4,4,4,4,4,4,4	
618	conventional	4,4,4,4,4,4,4,4,4,4,4,4,4,4,4	
619	conventional	4,4,4,4,4,4,4,4,4,4,4,4,4,4,4	
620	conventional	4,4,4,4,4,4,4,4,4,4,4,4,4,4,4	
621	conventional	4,4,4,4,4,4,4,4,4,4,4,4,4,4,4	
622	conventional	4,4,4,4,4,4,4,4,4,4,4,4,4,4,4	
623	conventional	4,4,4,4,4,4,4,4,4,4,4,4,4,4,4	
624	conventional	4,4,4,4,4,4,4,4,4,4,4,4,4,4,4	
625	conventional	4,4,4,4,4,4,4,4,4,4,4,4,4,4,4	
626	conventional	4,4,4,4,4,4,4,4,4,4,4,4,4,4,4	
627	conventional	4,4,4,4,4,4,4,4,4,4,4,4,4,4,4	
628	conventional	4,4,4,4,4,4,4,4,4,4,4,4,4,4,4	
629	conventional	4,4,4,4,4,4,4,4,4,4,4,4,4,4,4	
630	conventional	4,4,4,4,4,4,4,4,4,4,4,4,4,4,4	
631	conventional	4,4,4,4,4,4,4,4,4,4,4,4,4,4,4	
632	conventional	4,4,4,4,4,4,4,4,4,4,4,4,4,4,4	
633	conventional	4,4,4,4,4,4,4,4,4,4,4,4,4,4,4	
634	conventional	4,4,4,4,4,4,4,4,4,4,4,4,4,4,4	
635	conventional	4,4,4,4,4,4,4,4,4,4,4,4,4,4,4	
636	conventional	4,4,4,4,4,4,4,4,4,4,4,4,4,4,4	
637	conventional	4,4,4,4,4,4,4,4,4,4,4,4,4,4,4	
638	conventional	4,4,4,4,4,4,4,4,4,4,4,4,4,4,4	
639	conventional	4,4,4,4,4,4,4,4,4,4,4,4,4,4,4	
640	conventional	4,4,4,4,4,4,4,4,4,4,4,4,4,4,4	
641	conventional	4,4,4,4,4,4,4,4,4,4,4,4,4,4,4	
642	conventional	4,4,4,4,4,4,4,4,4,4,4,4,4,4,4	
643	conventional	4,4,4,4,4,4,4,4,4,4,4,4,4,4,4	
644	conventional	4,4,4,4,4,4,4,4,4,4,4,4,4,4,4	
645	conventional	4,4,4,4,4,4,4,4,4,4,4,4,4,4,4	
646	conventional	4,4,4,4,4,4,4,4,4,4,4,4,4,4,4	
647	conventional	4,4,4,4,4,4,4,4,4,4,4,4,4,4,4	
648	conventional	4,4,4,4,4,4,4,4,4,4,4,4,4,4,4	
649	conventional	4,4,4,4,4,4,4,4,4,4,4,4,4,4,4	
650	conventional	4,4,4,4,4,4,4,4,4,4,4,4,4,4,4	
651	conventional	4,4,4,4,4,4,4,4,4,4,4,4,4,4,4	
652	conventional	4,4,4,4,4,4,4,4,4,4,4,4,4,4,4	
653	conventional	4,4,4,4,4,4,4,4,4,4,4,4,4,4,4	
654	conventional	4,4,4,4,4,4,4,4,4,4,4,4,4,4,4	
655	conventional	4,4,4,4,4,4,4,4,4,4,4,4,4,4,4	
656	conventional	4,4,4,4,4,4,4,4,4,4,4,4,4,4,4	
657	conventional	4,4,4,4,4,4,4,4,4,4,4,4,4,4,4	
658	conventional	4,4,4,4,4,4,4,4,4,4,4,4,4,4,4	
659	conventional	4,4,4,4,4,4,4,4,4,4,4,4,4,4,4	
660	conventional	4,4,4,4,4,4,4,4,4,4,4,4,4,4,4	
661	conventional	4,4,4,4,4,4,4,4,4,4,4,4,4,4,4	
662	conventional	4,4,4,4,4,4,4,4,4,4,4,4,4,4,4	
663	conventional	4,4,4,4,4,4,4,4,4,4,4,4,4,4,4	
664	conventional	4,4,4,4,4,4,4,4,4,4,4,4,4,4,4	
665	conventional	4,4,4,4,4,4,4,4,4,4,4,4,4,4,4	
666	conventional	4,4,4,4,4,4,4,4,4,4,4,4,4,4,4	
667	conventional	4,4,4,4,4,4,4,4,4,4,4,4,4,4,4	
668	conventional	4,4,4,4,4,4,4,4,4,4,4,4,4,4,4	
669	conventional	4,4,4,4,4,4,4,4,4,4,4,4,4,4,4	
670	conventional	4,4,4,4,4,4,4,4,4,4,4,4,4,4,4	
671	conventional	4,4,4,4,4,4,4,4,4,4,4,4,4,4,4	
672	conventional	4,4,4,4,4,4,4,4,4,4,4,4,4,4,4	
673	conventional	4,4,4,4,4,4,4,4,4,4,4,4,4,4,4	
674	conventional	4,4,4,4,4,4,4,4,4,4,4,4,4,4,4	
675	conventional	4,4,4,4,4,4,4,4,4,4,4,4,4,4,4	
676	conventional	4,4,4,4,4,4,4,4,4,4,4,4,4,4,4	
677	conventional	4,4,4,4,4,4,4,4,4,4,4,4,4,4,4	
678	conventional	4,4,4,4,4,4,4,4,4,4,4,4,4,4,4	
679	conventional	4,4,4,4,4,4,4,4,4,4,4,4,4,4,4	
680	conventional	4,4,4,4,4,4,4,4,4,4,4,4,4,4,4	
681	conventional	4,4,4,4,4,4,4,4,4,4,4,4,4,4,4	
682	conventional	4,4,4,4,4,4,4,4,4,4,4,4,4,4,4	
683	conventional	4,4,4,4,4,4,4,4,4,4,4,4,4,4,4	
684	conventional	4,4,4,4,4,4,4,4,4,4,4,4,4,4,4	
685	conventional	4,4,4,4,4,4,4,4,4,4,4,4,4,4,4	
686	conventional	4,4,4,4,4,4,4,4,4,4,4,4,4,4,4	
687	conventional	4,4,4,4,4,4,4,4,4,4,4,4,4,4,4	
688	conventional	4,4,4,4,4,4,4,4,4,4,4,4,4,4,4	
689	conventional	4,4,4,4,4,4,4,4,4,4,4,4,4,4,4	
690	conventional	4,4,4,4,4,4,4,4,4,4,4,4,4,4,4	
691	conventional	4,4,4,4,4,4,4,4,4,4,4,4,4,4,4	
692	conventional	4,4,4,4,4,4,4,4,4,4,4,4,4,4,4	
693	conventional	4,4,4,4,4,4,4,4,4,4,4,4,4,4,4	
694	conventional	4,4,4,4,4,4,4,4,4,4,4,4,4,4,4	
695	conventional	4,4,4,4,4,4,4,4,4,4,4,4,4,4,4	
696	conventional	4,4,4,4,4,4,4,4,4,4,4,4,4,4,4	
697	conventional	4,4,4,4,4,4,4,4,4,4,4,4,4,4,4	
698	conventional	4,4,4,4,4,4,4,4,4,4,4,4,4,4,4	
699	conventional	4,4,4,4,4,4,4,4,4,4,4,4,4,4,4	
700	conventional	4,4,4,4,4,4,4,4,4,4,4,4,4,4,4	
701	conventional	4,4,4,4,4,4,4,4,4,4,4,4,4,4,4	
702	conventional	4,4,4,4,4,4,4,4,4,4,4,4,4,4,4	
703	conventional	4,4,4,4,4,4,4,4,4,4,4,4,4,4,4	
704	conventional	4,4,4,4,4,4,4,4,4,4,4,4,4,4,4	
705	conventional	4,4,4,4,4,4,4,4,4,4,4,4,4,4,4	
706	conventional	4,4,4,4,4,4,4,4,4,4,4,4,4,4,4	
707	conventional	4,4,4,4,4,4,4,4,4,4,4,4,4,4,4	
708	conventional	4,4,4,4,4,4,4,4,4,4,4,4,4,4,4	
709	conventional	4,4,4,4,4,4,4,4,4,4,4,4,4,4,4	
710	conventional	4,4,4,4,4,4,4,4,4,4,4,4,4,4,4	
711	conventional	4,4,4,4,4,4,4,4,4,4,4,4,4,4,4	
712	conventional	4,4,4,4,4,4,4,4,4,4,4,4,4,4,4	
713	conventional	4,4,4,4,4,4,4,4,4,4,4,4,4,4,4	
714	conventional	4,4,4,4,4,4,4,4,4,4,4,4,4,4,4	
715	conventional	4,4,4,4,4,4,4,4,4,4,4,4,4,4,4	
716	conventional	4,4,4,4,4,4,4,4,4,4,4,4,4,4,4	
717	conventional	4,4,4,4,4,4,4,4,4,4,4,4,4,4,4	
718	conventional	4,4,4,4,4,4,4,4,4,4,4,4,4,4,4	
719	conventional	4,4,4,4,4,4,4,4,4,4,4,4,4,4,4	
720	conventional	4,4,4,4,4,4,4,4,4,4,4,4,4,4,4	
721	conventional	4,4,4,4,4,4,4,4,4,4,4,4,4,4,4	
722	conventional	4,4,4,4,4,4,4,4,4,4,4,4,4,4,4	
723	conventional	4,4,4,4,4,4,4,4,4,4,4,4,4,4,4	
724	conventional	4,4,4,4,4,4,4,4,4,4,4,4,4,4,4	
725	conventional	4,4,4,4,4,4,4,4,4,4,4,4,4,4,4	
726	conventional	4,4,4,4,4,4,4,4,4,4,4,4,4,4,4	
727	conventional	4,4,4,4,4,4,4,4,4,4,4,4,4,4,4	
728	conventional	4,4,4,4,4,4,4,4,4,4,4,4,4,4,4	
729	conventional	4,4,4,4,4,4,4,4,4,4,4,4,4,4,4	
730	conventional	4,4,4,4,4,4,4,4,4,4,4,4,4,4,4	
731	conventional	4,4,4,4,4,4,4,4,4,4,4,4,4,4,4	
732	conventional	4,4,4,4,4,4,4,4,4,4,4,4,4,4,4	
733	conventional	4,4,4,4,4,4,4,4,4,4,4,4,4,4,4	
734	conventional	4,4,4,4,4,4,4,4,4,4,4,4,4,4,4	
735	conventional	4,4,4,4,4,4,4,4,4,4,4,4,4,4,4	
736	conventional	4,4,4,4,4,4,4,4,4,4,4,4,4,4,4	
737	conventional	4,4,4,4,4,4,4,4,4,4,4,4,4,4,4	
738	conventional	4,4,4,4,4,4,4,4,4,4,4,4,4,4,4	
739	conventional	4,4,4,4,4,4,4,4,4,4,4,4,4,4,4	
740	conventional	4,4,4,4,4,4,4,4,4,4,4,4,4,4,4	
741	conventional	4,4,4,4,4,4,4,4,4,4,4,4,4,4,4	
742	conventional	4,4,4,4,4,4,4,4,4,4,4,4,4,4,4	
743	conventional	4,4,4,4,4,4,4,4,4,4,4,4,4,4,4	
744	conventional	4,4,4,4,4,4,4,4,4,4,4,4,4,4,4	
745	conventional	4,4,4,4,4,4,4,4,4,4,4,4,4,4,4	
746	conventional	4,4,4,4,4,4,4,4,4,4,4,4,4,4,4	
747	conventional	4,4,4,4,4,4,4,4,4,4,4,4,4,4,4	
748	conventional	4,4,4,4,4,4,4,4,4,4,4,4,4,4,4	
749	conventional	4,4,4,4,4,4,4,4,4,4,4,4,4,4,4	
750	conventional	4,4,4,4,4,4,4,4,4,4,4,4,4,4,4	
751	conventional	4,4,4,4,4,4,4,4,4,4,4,4,4,4,4	
752	conventional	4,4,4,4,4,4,4,4,4,4,4,4,4,4,4	
753	conventional	4,4,4,4,4,4,4,4,4,4,4,4,4,4,4	
754	conventional	4,4,4,4,4,4,4,4,4,4,4,4,4,4,4	
755	conventional	4,4,4,4,4,4,4,4,4,4,4,4,4,4,4	
756	conventional	4,4,4,4,4,4,4,4,4,4,4,4,4,4,4	
757	conventional	4,4,4,4,4,4,4,4,4,4,4,4,4,4,4	
758	conventional	4,4,4,4,4,4,4,4,4,4,4,4,4,4,4	
759	conventional	4,4,4,4,4,4,4,4,4,4,4,4,4,4,4	
760	conventional	4,4,4,4,4,4,4,4,4,4,4,4,4,4,4	
761	conventional	4,4,4,4,4,4,4,4,4,4,4,4,4,4,4	
762	conventional	4,4,4,4,4,4,4,4,4,4,4,4,4,4,4	
763	conventional	4,4,4,4,4,4,4,4,4,4,4,4,4,4,4	
764	conventional	4,4,4,4,4,4,4,4,4,4,4,4,4,4,4	
765	conventional	4,4,4,4,4,4,4,4,4,4,4,4,4,4,4	
766	conventional	4,4,4,4,4,4,4,4,4,4,4,4,4,4,4	
767	conventional	4,4,4,4,4,4,4,4,4,4,4,4,4,4,4	
768	conventional	4,4,4,4,4,4,4,4,4,4,4,4,4,4,4	
769	conventional	4,4,4,4,4,4,4,4,4,4,4,4,4,4,4	
770	conventional	4,4,4,4,4,4,4,4,4,4,4,4,4,4,4	
771	conventional	4,4,4,4,4,4,4,4,4,4,4,4,4,4,4	
772	conventional	4,4,4,4,4,4,4,4,4,4,4,4,4,4,4	
773	conventional	4,4,4,4,4,4,4,4,4,4,4,4,4,4,4	
774	conventional	4,4,4,4,4,4,4,4,4,4,4,4,4,4,4	
775	conventional	4,4,4,4,4,4,4,4,4,4,4,4,4,4,4	
776	conventional	4,4,4,4,4,4,4,4,4,4,4,4,4,4,4	
777	conventional	4,4,4,4,4,4,4,4,4,4,4,4,4,4,4	
778	conventional	4,4,4,4,4,4,4,4,4,4,4,4,4,4,4	
779	conventional	4,4,4,4,4,4,4,4,4,4,4,4,4,4,4	
780	conventional	4,4,4,4,4,4,4,4,4,4,4,4,4,4,4	
781	conventional	4,4,4,4,4,4,4,4,4,4,4,4,4,4,4	
782	conventional	4,4,4,4,4,4,4,4,4,4,4,4,4,4,4	
783	conventional	4,4,4,4,4,4,4,4,4,4,4,4,4,4,4	
784	conventional	4,4,4,4,4,4,4,4,4,4,4,4,4,4,4	
785	conventional	4,4,4,4,4,4,4,4,4,4,4,4,4,4,4	
786	conventional	4,4,4,4,4,4,4,4,4,4,4,4,4,4,4	
787	conventional	4,4,4,4,4,4,4,4,4,4,4,4,4,4,4	
788	conventional	4,4,4,4,4,4,4,4,4,4,4,4,4,4,4	
789	conventional	4,4,4,4,4,4,4,4,4,4,4,4,4,4,4	
790	conventional	4,4,4,4,4,4,4,4,4,4,4,4,4,4,4	
791	conventional	4,4,4,4,4,4,4,4,4,4,4,4,4,4,4	
792	conventional	4,4,4,4,4,4,4,4,4,4,4,4,4,4,4	
793	conventional	4,4,4,4,4,4,4,4,4,4,4,4,4,4,4	
794	conventional	4,4,4,4,4,4,4,4,4,4,4,4,4,4,4	
795	conventional	4,4,4,4,4,4,4,4,4,4,4,4,4,4,4	
796	conventional	4,4,4,4,4,4,4,4,4,4,4,4,4,4,4	
797	conventional	4,4,4,4,4,4,4,4,4,4,4,4,4,4,4	
798	conventional	4,4,4,4,4,4,4,4,4,4,4,4,4,4,4	
799	conventional	4,4,4,4,4,4,4,4,4,4,4,4,4,4,4	
800	conventional	4,4,4,4,4,4,4,4,4,4,4,4,4,4,4	
801	conventional	4,4,4,4,4,4,4,4,4,4,4,4,4,4,4	
802	conventional	4,4,4,4,4,4,4,4,4,4,4,4,4,4,4	
803	conventional	4,4,4,4,4,4,4,4,4,4,4,4,4,4,4	
804	conventional	4,4,4,4,4,4,4,4,4,4,4,4,4,4,4	
805	conventional	4,4,4,4,4,4,4,4,4,4,4,4,4,4,4	
806	conventional	4,4,4,4,4,4,4,4,4,4,4,4,4,4,4	
807	conventional	4,4,4,4,4,4,4,4,4,4,4,4,4,4,4	
808	conventional	4,4,4,4,4,4,4,4,4,4,4,4,4,4,4	
809	conventional	4,4,4,4,4,4,4,4,4,4,4,4,4,4,4	
810	conventional	4,4,4,4,4,4,4,4,4,4,4,4,4,4,4	
811	conventional	4,4,4,4,4,4,4,4,4,4,4,4,4,4,4	
812	conventional	4,4,4,4,4,4,4,4,4,4,4,4,4,4,4	
813	conventional	4,4,4,4,4,4,4,4,4,4,4,4,4,4,4	
814	conventional	4,4,4,4,4,4,4,4,4,4,4,4,4,4,4	
815	conventional	4,4,4,4,4,4,4,4,4,4,4,4,4,4,4	
816	conventional	4,4,4,4,4,4,4,4,4,4,4,4,4,4,4	
817	conventional	4,4,4,4,4,4,4,4,4,4,4,4,4,4,4	
818	conventional	4,4,4,4,4,4,4,4,4,4,4,4,4,4,4	
819	conventional	4,4,4,4,4,4,4,4,4,4,4,4,4,4,4	
820	conventional	4,4,4,4,4,4,4,4,4,4,4,4,4,4,4	
821	conventional	4,4,4,4,4,4,4,4,4,4,4,4,4,4,4	
822	conventional	4,4,4,4,4,4,4,4,4,4,4,4,4,4,4	
823	conventional	4,4,4,4,4,4,4,4,4,4,4,4,4,4,4	
824	conventional	4,4,4,4,4,4,4,4,4,4,4,4,4,4,4	
825	conventional	4,4,4,4,4,4,4,4,4,4,4,4,4,4,4	
826	conventional	4,4,4,4,4,4,4,4,4,4,4,4,4,4,4	
827	conventional	4,4,4,4,4,4,4,4,4,4,4,4,4,4,4	
828	conventional	4,4,4,4,4,4,4,4,4,4,4,4,4,4,4	
829	conventional	4,4,4,4,4,4,4,4,4,4,4,4,4,4,4	
830	conventional	4,4,4,4,4,4,4,4,4,4,4,4,4,4,4	
831	conventional	4,4,4,4,4,4,4,4,4,4,4,4,4,4,4	
832	conventional	4,4,4,4,4,4,4,4,4,4,4,4,4,4,4	
833	conventional	4,4,4,4,4,4,4,4,4,4,4,4,4,4,4	
834	conventional	4,4,4,4,4,4,4,4,4,4,4,4,4,4,4	
835	conventional	4,4,4,4,4,4,4,4,4,4,4,4,4,4,4	
836	conventional	4,4,4,4,4,4,4,4,4,4,4,4,4,4,4	
837	conventional	4,4,4,4,4,4,4,4,4,4,4,4,4,4,4	
838	conventional	4,4,4,4,4,4,4,4,4,4,4,4,4,4,4	
839	conventional	4,4,4,4,4,4,4,4,4,4,4,4,4,4,4	
840	conventional	4,4,4,4,4,4,4,4,4,4,4,4,4,4,4	
841	conventional	4,4,4,4,4,4,4,4,4,4,4,4,4,4,4	
842	conventional	4,4,4,4,4,4,4,4,4,4,4,4,4,4,4	
843	conventional	4,4,4,4,4,4,4,4,4,4,4,4,4,4,4	
844	conventional	4,4,4,4,4,4,4,4,4,4,4,4,4,4,4	
845	conventional	4,4,4,4,4,4,4,4,4,4,4,4,4,4,4	
846	conventional	4,4,4,4,4,4,4,4,4,4,4,4,4,4,4	
847	conventional	4,4,4,4,4,4,4,4,4,4,4,4,4,4,4	
848	conventional	4,4,4,4,4,4,4,4,4,4,4,4,4,4,4	
849	conventional	4,4,4,4,4,4,4,4,4,4,4,4,4,4,4	
850	conventional	4,4,4,4,4,4,4,4,4,4,4,4,4,4,4	
851	conventional	4,4,4,4,4,4,4,4,4,4,4,4,4,4,4	
852	conventional	4,4,4,4,4,4,4,4,4,4,4,4,4,4,4	
853	conventional	4,4,4,4,4,4,4,4,4,4,4,4,4,4,4	
854	conventional	4,4,4,4,4,4,4,4,4,4,4,4,4,4,4	
855	conventional	4,4,4,4,4,4,4,4,4,4,4,4,4,4,4	
856	conventional	4,4,4,4,4,4,4,4,4,4,4,4,4,4,4	
857	conventional	4,4,4,4,4,4,4,4,4,4,4,4,4,4,4	
858	conventional	4,4,4,4,4,4,4,4,4,4,4,4,4,4,4	
859	conventional	4,4,4,4,4,4,4,4,4,4,4,4,4,4,4	
860	conventional	4,4,4,4,4,4,4,4,4,4,4,4,4,4,4	
861	conventional	4,4,4,4,4,4,4,4,4,4,4,4,4,4,4	
862	conventional	4,4,4,4,4,4,4,4,4,4,4,4,4,4,4	
863	conventional	4,4,4,4,4,4,4,4,4,4,4,4,4,4,4	
864	conventional	4,4,4,4,4,4,4,4,4,4,4,4,4,4,4	
865	conventional	4,4,4,4,4,4,4,4,4,4,4,4,4,4,4	
866	conventional	4,4,4,4,4,4,4,4,4,4,4,4,4,4,4	
867	conventional	4,4,4,4,4,4,4,4,4,4,4,4,4,4,4	
868	conventional	4,4,4,4,4,4,4,4,4,4,4,4,4,4,4	
869	conventional	4,4,4,4,4,4,4,4,4,4,4,4,4,4,4	
870	conventional	4,4,4,4,4,4,4,4,4,4,4,4,4,4,4	
871	conventional	4,4,4,4,4,4,4,4,4,4,4,4,4,4,4	
872	conventional	4,4,4,4,4,4,4,4,4,4,4,4,4,4,4	
873	conventional	4,4,4,4,4,4,4,4,4,4,4,4,4,4,4	
874	conventional	4,4,4,4,4,4,4,4,4,4,4,4,4,4,4	
875	conventional	4,4,4,4,4,4,4,4,4,4,4,4,4,4,4	
876	conventional	4,4,4,4,4,4,4,4,4,4,4,4,4,4,4	
877	conventional	4,4,4,4,4,4,4,4,4,4,4,4,4,4,4	
878	conventional	4,4,4,4,4,4,4,4,4,4,4,4,4,4,4	
879	conventional	4,4,4,4,4,4,4,4,4,4,4,4,4,4,4	
880	conventional	4,4,4,4,4,4,4,4,4,4,4,4,4,4,4	
881	conventional	4,4,4,4,4,4,4,4,4,4,4,4,4,4,4	
882	conventional	4,4,4,4,4,4,4,4,4,4,4,4,4,4,4	
883	conventional	4,4,4,4,4,4,4,4,4,4,4,4,4,4,4	
884	conventional	4,4,4,4,4,4,4,4,4,4,4,4,4,4,4	
885	conventional	4,4,4,4,4,4,4,4,4,4,4,4,4,4,4	
886	conventional	4,4,4,4,4,4,4,4,4,4,4,4,4,4,4	
887	conventional	4,4,4,4,4,4,4,4,4,4,4,4,4,4,4	
888	conventional	4,4,4,4,4,4,4,4,4,4,4,4,4,4,4	
889	conventional	4,4,4,4,4,4,4,4,4,4,4,4,4,4,4	
890	conventional	4,4,4,4,4,4,4,4,4,4,4,4,4,4,4	
891	conventional	4,4,4,4,4,4,4,4,4,4,4,4,4,4,4	
892	conventional	4,4,4,4,4,4,4,4,4,4,4,4,4,4,4	
893	conventional	4,4,4,4,4,4,4,4,4,4,4,4,4,4,4	
894	conventional	4,4,4,4,4,4,4,4,4,4,4,4,4,4,4	
895	conventional	4,4,4,4,4,4,4,4,4,4,4,4,4,4,4	
896	conventional	4,4,4,4,4,4,4,4,4,4,4,4,4,4,4	
897	conventional	4,4,4,4,4,4,4,4,4,4,4,4,4,4,4	
898	conventional	4,4,4,4,4,4,4,4,4,4,4,4,4,4,4	
899	conventional	4,4,4,4,4,4,4,4,4,4,4,4,4,4,4	
900	conventional	4,4,4,4,4,4,4,4,4,4,4,4,4,4,4	
901	conventional	4,4,4,4,4,4,4,4,4,4,4,4,4,4,4	
902	conventional	4,4,4,4,4,4,4,4,4,4,4,4,4,4,4	
903	conventional	4,4,4,4,4,4,4,4,4,4,4,4,4,4,4	
904	conventional	4,4,4,4,4,4,4,4,4,4,4,4,4,4,4	
905	conventional	4,4,4,4,4,4,4,4,4,4,4,4,4,4,4	
906	conventional	4,4,4,4,4,4,4,4,4,4,4,4,4,4,4	
907	conventional	4,4,4,4,4,4,4,4,4,4,4,4,4,4,4	
908	conventional	4,4,4,4,4,4,4,4,4,4,4,4,4,4,4	
909	conventional	4,4,4,4,4,4,4,4,4,4,4,4,4,4,4	
910	conventional	4,4,4,4,4,4,4,4,4,4,4,4,4,4,4	
911	conventional	4,4,4,4,4,4,4,4,4,4,4,4,4,4,4	
912	conventional	4,4,4,4,4,4,4,4,4,4,4,4,4,4,4	
913	conventional	4,4,4,4,4,4,4,4,4,4,4,4,4,4,4	
914	conventional	4,4,4,4,4,4,4,4,4,4,4,4,4,4,4	
915	conventional	4,4,4,4,4,4,4,4,4,4,4,4,4,4,4	
916	conventional	4,4,4,4,4,4,4,4,4,4,4,4,4,4,4	
917	conventional	4,4,4,4,4,4,4,4,4,4,4,4,4,4,4	
918	conventional	4,4,4,4,4,4,4,4,4,4,4,4,4,4,4	
919	conventional	4,4,4,4,4,4,4,4,4,4,4,4,4,4,4	
920	conventional	4,4,4,4,4,4,4,4,4,4,4,4,4,4,4	
921	conventional	4,4,4,4,4,4,4,4,4,4,4,4,4,4,4	
922	conventional	4,4,4,4,4,4,4,4,4,4,4,4,4,4,4	
923	conventional	4,4,4,4,4,4,4,4,4,4,4,4,4,4,4	
924	conventional	4,4,4,4,4,4,4,4,4,4,4,4,4,4,4	
925	conventional	4,4,4,4,4,4,4,4,4,4,4,4,4,4,4	
926	conventional	4,4,4,4,4,4,4,4,4,4,4,4,4,4,4	
927	conventional	4,4,4,4,4,4,4,4,4,4,4,4,4,4,4	
928	conventional	4,4,4,4,4,4,4,4,4,4,4,4,4,4,4	
929	conventional	4,4,4,4,4,4,4,4,4,4,4,4,4,4,4	
930	conventional	4,4,4,4,4,4,4,4,4,4,4,4,4,4,4	
931	conventional	4,4,4,4,4,4,4,4,4,4,4,4,4,4,4	
932	conventional	4,4,4,4,4,4,4,4,4,4,4,4,4,4,4	
933	conventional	4,4,4,4,4,4,4,4,4,4,4,4,4,4,4	
934	conventional	4,4,4,4,4,4,4,4,4,4,4,4,4,4,4	
935	conventional	4,4,4,4,4,4,4,4,4,4,4,4,4,4,4	
936	conventional	4,4,4,4,4,4,4,4,4,4,4,4,4,4,4	
937	conventional	4,4,4,4,4,4,4,4,4,4,4,4,4,4,4	
938	conventional	4,4,4,4,4,4,4,4,4,4,4,4,4,4,4	
939	conventional	4,4,4,4,4,4,4,4,4,4,4,4,4,4,4	
940	conventional	4,4,4,4,4,4,4,4,4,4,4,4,4,4,4	
941	conventional	4,4,4,4,4,4,4,4,4,4,4,4,4,4,4	
942	conventional	4,4,4,4,4,4,4,4,4,4,4,4,4,4,4	
943	conventional	4,4,4,4,4,4,4,4,4,4,4,4,4,4,4	
944	conventional	4,4,4,4,4,4,4,4,4,4,4,4,4,4,4	
945	conventional	4,4,4,4,4,4,4,4,4,4,4,4,4,4,4	
946	conventional	4,4,4,4,4,4,4,4,4,4,4,4,4,4,4	
947	conventional	4,4,4,4,4,4,4,4,4,4,4,4,4,4,4	
948	conventional	4,4,4,4,4,4,4,4,4,4,4,4,4,4,4	
949	conventional	4,4,4,4,4,4,4,4,4,4,4,4,4,4,4	
950	conventional	4,4,4,4,4,4,4,4,4,4,4,4,4,4,4	
951	conventional	4,4,4,4,4,4,4,4,4,4,4,4,4,4,4	
952	conventional	4,4,4,4,4,4,4,4,4,4,4,4,4,4,4	
953	conventional	4,4,4,4,4,4,4,4,4,4,4,4,4,4,4	
954	conventional	4,4,4,4,4,4,4,4,4,4,4,4,4,4,4	
955	conventional	4,4,4,4,4,4,4,4,4,4,4,4,4,4,4	
956	conventional	4,4,4,4,4,4,4,4,4,4,4,4,4,4,4	
957	conventional	4,4,4,4,4,4,4,4,4,4,4,4,4,4,4	
958	conventional	4,4,4,4,4,4,4,4,4,4,4,4,4,4,4	
959	conventional	4,4,4,4,4,4,4,4,4,4,4,4,4,4,4	
960	conventional	4,4,4,4,4,4,4,4,4,4,4,4,4,4,4	
961	conventional	4,4,4,4,4,4,4,4,4,4,4,4,4,4,4	
962	conventional	4,4,4,4,4,4,4,4,4,4,4,4,4,4,4	
963	conventional	4,4,4,4,4,4,4,4,4,4,4,4,4,4,4	
964	conventional	4,4,4,4,4,4,4,4,4,4,4,4,4,4,4	
965	conventional	4,4,4,4,4,4,4,4,4,4,4,4,4,4,4	
966	conventional	4,4,4,4,4,4,4,4,4,4,4,4,4,4,4	
967	conventional	4,4,4,4,4,4,4,4,4,4,4,4,4,4,4	
968	conventional	4,4,4,4,4,4,4,4,4,4,4,4,4,4,4	
969	conventional	4,4,4,4,4,4,4,4,4,4,4,4,4,4,4	
970	conventional	4,4,4,4,4,4,4,4,4,4,4,4,4,4,4	
971	conventional	4,4,4,4,4,4,4,4,4,4,4,4,4,4,4	
972	conventional	4,4,4,4,4,4,4,4,4,4,4,4,4,4,4	
973	conventional	4,4,4,4,4,4,4,4,4,4,4,4,4,4,4	
974	conventional	4,4,4,4,4,4,4,4,4,4,4,4,4,4,4	
975	conventional	4,4,4,4,4,4,4,4,4,4,4,4,4,4,4	
976	conventional	4,4,4,4,4,4,4,4,4,4,4,4,4,4,4	
977	conventional	4,4,4,4,4,4,4,4,4,4,4,4,4,4,4	
978	conventional	4,4,4,4,4,4,4,4,4,4,4,4,4,4,4	
979	conventional	4,4,4,4,4,4,4,4,4,4,4,4,4,4,4	
980	conventional	4,4,4,4,4,4,4,4,4,4,4,4,4,4,4	
981	conventional	4,4,4,4,4,4,4,4,4,4,4,4,4,4,4	
982	conventional	4,4,4,4,4,4,4,4,4,4,4,4,4,4,4	
983	conventional	4,4,4,4,4,4,4,4,4,4,4,4,4,4,4	
984	conventional	4,4,4,4,4,4,4,4,4,4,4,4,4,4,4	
985	conventional	4,4,4,4,4,4,4,4,4,4,4,4,4,4,4	
986	conventional	4,4,4,4,4,4,4,4,4,4,4,4,4,4,4	
987	conventional	4,4,4,4,4,4,4,4,4,4,4,4,4,4,4	
988	conventional	4,4,4,4,4,4,4,4,4,4,4,4,4,4,4	
989	conventional	4,4,4,4,4,4,4,4,4,4,4,4,4,4,4	
990	conventional	4,4,4,4,4,4,4,4,4,4,4,4,4,4,4	
991	conventional	4,4,4,4,4,4,4,4,4,4,4,4,4,4,4	
992	conventional	4,4,4,4,4,4,4,4,4,4,4,4,4,4,4	
993	conventional	4,4,4,4,4,4,4,4,4,4,4,4,4,4,4	
994	conventional	4,4,4,4,4,4,4,4,4,4,4,4,4,4,4	
995	conventional	4,4,4,4,4,4,4,4,4,4,4,4,4,4,4	
996	conventional	4,4,4,4,4,4,4,4,4,4,4,4,4,4,4	
997	conventional	4,4,4,4,4,4,4,4,4,4,4,4,4,4,4	
998	conventional	4,4,4,4,4,4,4,4,4,4,4,4,4,4,4	
999	conventional	4,4,4,4,4,4,4,4,4,4,4,4,4,4,4	
1000	conventional	4,4,4,4,4,4,4,4,4,4,4,4,4,4,4	
1001	conventional	4,4,4,4,4,4,4,4,4,4,4,4,4,4,4	
1002	conventional	4,4,4,4,4,4,4,4,4,4,4,4,4,4,4	
1003	conventional	4,4,4,4,4,4,4,4,4,4,4,4,4,4,4	
1004	conventional	4,4,4,4,4,4,4,4,4,4,4,4,4,4,4	
1005	conventional	4,4,4,4,4,4,4,4,4,4,4,4,4,4,4	
1006	conventional	4,4,4,4,4,4,4,4,4,4,4,4,4,4,4	
1007	conventional	4,4,4,4,4,4,4,4,4,4,4,4,4,4,4	
1008	conventional	4,4,4,4,4,4,4,4,4,4,4,4,4,4,4	
1009	conventional	4,4,4,4,4,4,4,4,4,4,4,4,4,4,4	
1010	conventional	4,4,4,4,4,4,4,4,4,4,4,4,4,4,4	
1011	conventional	4,4,4,4,4,4,4,4,4,4,4,4,4,4,4	
1012	conventional	4,4,4,4,4,4,4,4,4,4,4,4,4,4,4	
1013	conventional	4,4,4,4,4,4,4,4,4,4,4,4,4,4,4	
1014	conventional	4,4,4,4,4,4,4,4,4,4,4,4,4,4,4	
1015	conventional	4,4,4,4,4,4,4,4,4,4,4,4,4,4,4	
1016	conventional	4,4,4,4,4,4,4,4,4,4,4,4,4,4,4	
1017	conventional	4,4,4,4,4,4,4,4,4,4,4,4,4,4,4	
1018	conventional	4,4,4,4,4,4,4,4,4,4,4,4,4,4,4	
1019	conventional	4,4,4,4,4,4,4,4,4,4,4,4,4,4,4	
1020	conventional	4,4,4,4,4,4,4,4,4,4,4,4,4,4,4	
1021	conventional	4,4,4,4,4,4,4,4,4,4,4,4,4,4,4	
1022	conventional	4,4,4,4,4,4,4,4,4,4,4,4,4,4,4	
1023	conventional	4,4,4,4,4,4,4,4,4,4,4,4,4,4,4	
1024	conventional	4,4,4,4,4,4,4,4,4,4,4,4,4,4,4	
1025	conventional	4,4,4,4,4,4,4,4,4,4,4,4,4,4,4	
1026	conventional	4,4,4,4,4,4,4,4,4,4,4,4,4,4,4	
1027	conventional	4,4,4,4,4,4,4,4,4,4,4,4,4,4,4	
1028	conventional	4,4,4,4,4,4,4,4,4,4,4,4,4,4,4	
1029	conventional	4,4,4,4,4,4,4,4,4,4,4,4,4,4,4	
1030	conventional	4,4,4,4,4,4,4,4,4,4,4,4,4,4,4	
1031	conventional	4,4,4,4,4,4,4,4,4,4,4,4,4,4,4	
1032	conventional	4,4,4,4,4,4,4,4,4,4,4,4,4,4,4	
1033	conventional	4,4,4,4,4,4,4,4,4,4,4,4,4,4,4	
1034	conventional	4,4,4,4,4,4,4,4,4,4,4,4,4,4,4	
1035	conventional	4,4,4,4,4,4,4,4,4,4,4,4,4,4,4	
1036	conventional	4,4,4,4,4,4,4,4,4,4,4,4,4,4,4	
1037	conventional	4,4,4,4,4,4,4,4,4,4,4,4,4,4,4	
1038	conventional	4,4,4,4,4,4,4,4,4,4,4,4,4,4,4	
1039	conventional	4,4,4,4,4,4,4,4,4,4,4,4,4,4,4	
1040	conventional	4,4,4,4,4,4,4,4,4,4,4,4,4,4,4	
1041	conventional	4,4,4,4,4,4,4,4,4,4,4,4,4,4,4	
1042	conventional	4,4,4,4,4,4,4,4,4,4,4,4,4,4,4	
1043	conventional	4,4,4,4,4,4,4,4,4,4,4,4,4,4,4	
1044	conventional	4,4,4,4,4,4,4,4,4,4,4,4,4,4,4	
1045	conventional	4,4,4,4,4,4,4,4,4,4,4,4,4,4,4	
1046	conventional	4,4,4,4,4,4,4,4,4,4,4,4,4,4,4	
1047	conventional	4,4,4,4,4,4,4,4,4,4,4,4,4,4,4	
1048	conventional	4,4,4,4,4,4,4,4,4,4,4,4,4,4,4	
1049	conventional	4,4,4,4,4,4,4,4,4,4,4,4,4,4,4	
1050	conventional	4,4,4,4,4,4,4,4,4,4,4,4,4,4,4	
1051	conventional	4,4,4,4,4,4,4,4,4,4,4,4,4,4,4	
1052	conventional	4,4,4,4,4,4,4,4,4,4,4,4,4,4,4	
1053	conventional	4,4,4,4,4,4,4,4,4,4,4,4,4,4,4	
1054	conventional	4,4,4,4,4,4,4,4,4,4,4,4,4,4,4	
1055	conventional	4,4,4,4,4,4,4,4,4,4,4,4,4,4,4	
1056	conventional	4,4,4,4,4,4,4,4,4,4,4,4,4,4,4	
1057	conventional	4,4,4,4,4,4,4,4,4,4,4,4,4,4,4	
1058	conventional	4,4,4,4,4,4,4,4,4,4,4,4,4,4,4	
1059	conventional	4,4,4,4,4,4,4,4,4,4,4,4,4,4,4	
1060	conventional	4,4,4,4,4,4,4,4,4,4,4,4,4,4,4	
1061	conventional	4,4,4,4,4,4,4,4,4,4,4,4,4,4,4	
1062	conventional	4,4,4,4,4,4,4,4,4,4,4,4,4,4,4	
1063	conventional	4,4,4,4,4,4,4,4,4,4,4,4,4,4,4	
1064	conventional	4,4,4,4,4,4,4,4,4,4,4,4,4,4,4	
1065	conventional	4,4,4,4,4,4,4,4,4,4,4,4,4,4,4	
1066	conventional	4,4,4,4,4,4,4,4,4,4,4,4,4,4,4	
1067	conventional	4,4,4,4,4,4,4,4,4,4,4,4,4,4,4	
1068	conventional	4,4,4,4,4,4,4,4,4,4,4,4,4,4,4	
1069	conventional	4,4,4,4,4,4,4,4,4,4,4,4,4,4,4	
1070	conventional	4,4,4,4,4,4,4,4,4,4,4,4,4,4,4	
1071	conventional	4,4,4,4,4,4,4,4,4,4,4,4,4,4,4	
1072	conventional	4,4,4,4,4,4,4,4,4,4,4,4,4,4,4	
1073	conventional	4,4,4,4,4,4,4,4,4,4,4,4,4,4,4	
1074	conventional	4,4,4,4,4,4,4,4,4,4,4,4,4,4,4	
1075	conventional	4,4,4,4,4,4,4,4,4,4,4,4,4,4,4	
1076	conventional	4,4,4,4,4,4,4,4,4,4,4,4,4,4,4	
1077	conventional	4,4,4,4,4,4,4,4,4,4,4,4,4,4,4	
1078	conventional	4,4,4,4,4,4,4,4,4,4,4,4,4,4,4	
1079	conventional	4,4,4,4,4,4,4,4,4,4,4,4,4,4,4	
1080	conventional	4,4,4,4,4,4,4,4,4,4,4,4,4,4,4	
1081	conventional	4,4,4,4,4,4,4,4,4,4,4,4,4,4,4	
1082	conventional	4,4,4,4,4,4,4,4,4,4,4,4,4,4,4	
1083	conventional	4,4,4,4,4,4,4,4,4,4,4,4,4,4,4	
1084	conventional	4,4,4,4,4,4,4,4,4,4,4,4,4,4,4	
1085	conventional	4,4,4,4,4,4,4,4,4,4,4,4,4,4,4	
1086	conventional	4,4,4,4,4,4,4,4,4,4,4,4,4,4,4	
1087	conventional	4,4,4,4,4,4,4,4,4,4,4,4,4,4,4	
1088	conventional	4,4,4,4,4,4,4,4,4,4,4,4,4,4,4	
1089	conventional	4,4,4,4,4,4,4,4,4,4,4,4,4,4,4	
1090	conventional	4,4,4,4,4,4,4,4,4,4,4,4,4,4,4	
1091	conventional	4,4,4,4,4,4,4,4,4,4,4,4,4,4,4	
1092	conventional	4,4,4,4,4,4,4,4,4,4,4,4,4,4,4	
1093	conventional	4,4,4,4,4,4,4,4,4,4,4,4,4,4,4	
1094	conventional	4,4,4,4,4,4,4,4,4,4,4,4,4,4,4	
1095	conventional	4,4,4,4,4,4,4,4,4,4,4,4,4,4,4	
1096	conventional	4,4,4,4,4,4,4,4,4,4,4,4,4,4,4	
1097	conventional	4,4,4,4,4,4,4,4,4,4,4,4,4,4,4	
1098	conventional	4,4,4,4,4,4,4,4,4,4,4,4,4,4,4	
1099	conventional	4,4,4,4,4,4,4,4,4,4,4,4,4,4,4	
1100	conventional	4,4,4,4,4,4,4,4,4,4,4,4,4,4,4	
1101	conventional	4,4,4,4,4,4,4,4,4,4,4,4,4,4,4	
1102	conventional	4,4,4,4,4,4,4,4,4,4,4,4,4,4,4	
1103	conventional	4,4,4,4,4,4,4,4,4,4,4,4,4,4,4	
1104	conventional	4,4,4,4,4,4,4,4,4,4,4,4,4,4,4	
1105	conventional	4,4,4,4,4,4,4,4,4,4,4,4,4,4,4	
1106	conventional	4,4,4,4,4,4,4,4,4,4,4,4,4,4,4	
1107	conventional	4,4,4,4,4,4,4,4,4,4,4,4,4,4,4	
1108	conventional	4,4,4,4,4,4,4,4,4,4,4,4,4,4,4	
1109	conventional	4,4,4,4,4,4,4,4,4,4,4,4,4,4,4	
1110	conventional	4,4,4,4,4,4,4,4,4,4,4,4,4,4,4	
1111	conventional	4,4,4,4,4,4,4,4,4,4,4,4,4,4,4	
1112	conventional	4,4,4,4,4,4,4,4,4,4,4,4,4,4,4	
1113	conventional	4,4,4,4,4,4,4,4,4,4,4,4,4,4,4	
1114	conventional	4,4,4,4,4,4,4,4,4,4,4,4,4,4,4	
1115	conventional	4,4,4,4,4,4,4,4,4,4,4,4,4,4,4	
1116	conventional	4,4,4,4,4,4,4,4,4,4,4,4,4,4,4	
1117	conventional	4,4,4,4,4,4,4,4,4,4,4,4,4,4,4	
1118	conventional	4,4,4,4,4,4,4,4,4,4,4,4,4,4,4	
1119	conventional	4,4,4,4,4,4,4,4,4,4,4,4,4,4,4	
1120	conventional	4,4,4,4,4,4,4,4,4,4,4,4,4,4,4	
1121	conventional	4,4,4,4,4,4,4,4,4,4,4,4,4,4,4	
1122	conventional	4,4,4,4,4,4,4,4,4,4,4,4,4,4,4	
1123	conventional	4,4,4,4,4,4,4,4,4,4,4,4,4,4,4	
1124	conventional	4,4,4,4,4,4,4,4,4,4,4,4,4,4,4	
1125	conventional	4,4,4,4,4,4,4,4,4,4,4,4,4,4,4	
1126	conventional	4,4,4,4,4,4,4,4,4,4,4,4,4,4,4	
1127	conventional	4,4,4,4,4,4,4,4,4,4,4,4,4,4,4	
1128	conventional	4,4,4,4,4,4,4,4,4,4,4,4,4,4,4	
1129	conventional	4,4,4,4,4,4,4,4,4,4,4,4,4,4,4	
1130	conventional	4,4,4,4,4,4,4,4,4,4,4,4,4,4,4	
1131	conventional	4,4,4,4,4,4,4,4,4,4,4,4,4,4,4	
1132	conventional	4,4,4,4,4,4,4,4,4,4,4,4,4,4,4	
1133	conventional	4,4,4,4,4,4,4,4,4,4,4,4,4,4,4	
1134	conventional	4,4,4,4,4,4,4,4,4,4,4,4,4,4,4	
1135	conventional	4,4,4,4,4,4,4,4,4,4,4,4,4,4,4	
1136	conventional	4,4,4,4,4,4,4,4,4,4,4,4,4,4,4	
1137	conventional	4,4,4,4,4,4,4,4,4,4,4,4,4,4,4	
1138	conventional	4,4,4,4,4,4,4,4,4,4,4,4,4,4,4	
1139	conventional	4,4,4,4,4,4,4,4,4,4,4,4,4,4,4	
1140	conventional	4,4,4,4,4,4,4,4,4,4,4,4,4,4,4	
1141	conventional	4,4,4,4,4,4,4,4,4,4,4,4,4,4,4	
1142	conventional	4,4,4,4,4,4,4,4,4,4,4,4,4,4,4	
1143	conventional	4,4,4,4,4,4,4,4,4,4,4,4,4,4,4	
1144	conventional	4,4,4,4,4,4,4,4,4,4,4,4,4,4,4	
1145	conventional	4,4,4,4,4,4,4,4,4,4,4,4,4,4,4	
1146	conventional	4,4,4,4,4,4,4,4,4,4,4,4,4,4,4	
1147	conventional	4,4,4,4,4,4,4,4,4,4,4,4,4,4,4	
1148	conventional	4,4,4,4,4,4,4,4,4,4,4,4,4,4,4	
1149	conventional	4,4,4,4,4,4,4,4,4,4,4,4,4,4,4	
1150	conventional	4,4,4,4,4,4,4,4,4,4,4,4,4,4,4	
1151	conventional	4,4,4,4,4,4,4,4,4,4,4,4,4,4,4	
1152	conventional	4,4,4,4,4,4,4,4,4,4,4,4,4,4,4	
1153	conventional	4,4,4,4,4,4,4,4,4,4,4,4,4,4,4	
1154	conventional	4,4,4,4,4,4,4,4,4,4,4,4,4,4,4	
1155	conventional	4,4,4,4,4,4,4,4,4,4,4,4,4,4,4	
1156	conventional	4,4,4,4,4,4,4,4,4,4,4,4,4,4,4	
1157	conventional	4,4,4,4,4,4,4,4,4,4,4,4,4,4,4	
1158	conventional	4,4,4,4,4,4,4,4,4,4,4,4,4,4,4	
1159	conventional	4,4,4,4,4,4,4,4,4,4,4,4,4,4,4	
1160	conventional	4,4,4,4,4,4,4,4,4,4,4,4,4,4,4	
1161	conventional	4,4,4,4,4,4,4,4,4,4,4,4,4,4,4	
1162	conventional	4,4,4,4,4,4,4,4,4,4,4,4,4,4,4	
1163	conventional	4,4,4,4,4,4,4,4,4,4,4,4,4,4,4	
1164	conventional	4,4,4,4,4,4,4,4,4,4,4,4,4,4,4	
1165	conventional	4,4,4,4,4,4,4,4,4,4,4,4,4,4,4	
1166	conventional	4,4,4,4,4,4,4,4,4,4,4,4,4,4,4	
1167	conventional	4,4,4,4,4,4,4,4,4,4,4,4,4,4,4	
1168	conventional	4,4,4,4,4,4,4,4,4,4,4,4,4,4,4	
1169	conventional	4,4,4,4,4,4,4,4,4,4,4,4,4,4,4	
1170	conventional	4,4,4,4,4,4,4,4,4,4,4,4,4,4,4	
1171	conventional	4,4,4,4,4,4,4,4,4,4,4,4,4,4,4	
1172	conventional	4,4,4,4,4,4,4,4,4,4,4,4,4,4,4	
1173	conventional	4,4,4,4,4,4,4,4,4,4,4,4,4,4,4	
1174	conventional	4,4,4,4,4,4,4,4,4,4,4,4,4,4,4	
1175	conventional	4,4,4,4,4,4,4,4,4,4,4,4,4,4,4	
1176	conventional	4,4,4,4,4,4,4,4,4,4,4,4,4,4,4	
1177	conventional	4,4,4,4,4,4,4,4,4,4,4,4,4,4,4	
1178	conventional	4,4,4,4,4,4,4,4,4,4,4,4,4,4,4	
1179	conventional	4,4,4,4,4,4,4,4,4,4,4,4,4,4,4	
1180	conventional	4,4,4,4,4,4,4,4,4,4,4,4,4,4,4	
1181	conventional	4,4,4,4,4,4,4,4,4,4,4,4,4,4,4	
1182	conventional	4,4,4,4,4,4,4,4,4,4,4,4,4,4,4	
1183	conventional	4,4,4,4,4,4,4,4,4,4,4,4,4,4,4	
1184	conventional	4,4,4,4,4,4,4,4,4,4,4,4,4,4,4	
1185	conventional	4,4,4,4,4,4,4,4,4,4,4,4,4,4,4	
1186	conventional	4,4,4,4,4,4,4,4,4,4,4,4,4,4,4	
1187	conventional	4,4,4,4,4,4,4,4,4,4,4,4,4,4,4	
1188	conventional	4,4,4,4,4,4,4,4,4,4,4,4,4,4,4	
1189	conventional	4,4,4,4,4,4,4,4,4,4,4,4,4,4,4	
1190	conventional	4,4,4,4,4,4,4,4,4,4,4,4,4,4,4	
1191	conventional	4,4,4,4,4,4,4,4,4,4,4,4,4,4,4	
1192	conventional	4,4,4,4,4,4,4,4,4,4,4,4,4,4,4	
1193	conventional	4,4,4,4,4,4,4,4,4,4,4,4,4,4,4	
1194	conventional	4,4,4,4,4,4,4,4,4,4,4,4,4,4,4	
1195	conventional	4,4,4,4,4,4,4,4,4,4,4,4,4,4,4	
1196	conventional	4,4,4,4,4,4,4,4,4,4,4,4,4,4,4	
1197	conventional	4,4,4,4,4,4,4,4,4,4,4,4,4,4,4	
1198	conventional	4,4,4,4,4,4,4,4,4,4,4,4,4,4,4	
1199	conventional	4,4,4,4,4,4,4,4,4,4,4,4,4,4,4	
