# garden aa105-2-b1-holistic-s599 seed 2 holistic season 599 n=60 J=16 worlds=16..31 run=/tmp/j32/aa-2-b1 work_cost=0.03 (181 s, workers 4)
aa105-2-b1-holistic-s599	2	holistic	599	he886	0.6633	0.8637	0.8125	1.0000	4973.6714	4543.8121	0	0
aa105-2-b1-holistic-s599	2	holistic	599	he888	1.0216	1.0148	1.1875	1.1875	5531.5252	5757.2481	0	0
aa105-2-b1-holistic-s599	2	holistic	599	he889	1.1545	1.2815	1.1875	1.3125	1099.7053	1033.2798	1	1
aa105-2-b1-holistic-s599	2	holistic	599	he890	2.0433	1.9846	2.1875	2.1250	4807.6006	4678.9385	0	0
aa105-2-b1-holistic-s599	2	holistic	599	he891	2.3052	2.3054	2.3125	2.3125	242.2545	235.2102	0	0
aa105-2-b1-holistic-s599	2	holistic	599	he892	1.2057	0.9506	1.2500	1.0000	1476.3600	1646.0621	0	0
aa105-2-b1-holistic-s599	2	holistic	599	he893	0.6246	0.5622	0.6250	0.5625	11.7781	10.7989	0	0
aa105-2-b1-holistic-s599	2	holistic	599	he894	1.0173	0.9415	1.0625	1.0000	1508.0410	1949.2994	0	0
aa105-2-b1-holistic-s599	2	holistic	599	he895	0.2376	0.2338	0.2500	0.2500	412.7470	540.3763	0	0
aa105-2-b1-holistic-s599	2	holistic	599	he896	0.8308	0.9405	0.8750	1.0000	1473.3617	1984.0997	0	0
aa105-2-b1-holistic-s599	2	holistic	599	he898	1.1083	0.8585	1.1250	0.8750	555.3291	548.5756	0	0
aa105-2-b1-holistic-s599	2	holistic	599	he900	1.7956	1.9901	1.8750	2.0625	2647.3394	2414.6622	0	0
aa105-2-b1-holistic-s599	2	holistic	599	he902	0.4072	0.6465	0.4375	0.6875	1009.7333	1365.8697	0	0
aa105-2-b1-holistic-s599	2	holistic	599	he903	1.7089	2.0363	1.8750	2.1875	5537.1047	5040.2411	0	0
aa105-2-b1-holistic-s599	2	holistic	599	he905	2.5902	2.7009	2.6875	2.8125	3242.5767	3720.4721	2	1
aa105-2-b1-holistic-s599	2	holistic	599	he906	0.0601	0.0602	0.0625	0.0625	79.1074	78.0381	0	0
aa105-2-b1-holistic-s599	2	holistic	599	he907	0.8479	1.1535	0.9375	1.2500	2987.4061	3217.5737	0	0
aa105-2-b1-holistic-s599	2	holistic	599	he908	2.3082	1.4074	2.4375	1.5000	4310.3619	3087.3224	0	0
aa105-2-b1-holistic-s599	2	holistic	599	he909	1.0382	0.6546	1.1250	0.7500	2891.9640	3178.5643	1	0
aa105-2-b1-holistic-s599	2	holistic	599	he910	0.6875	0.5000	0.6875	0.5000	0.0000	0.0000	0	0
aa105-2-b1-holistic-s599	2	holistic	599	he911	0.8978	0.6442	0.9375	0.6875	1324.5413	1443.0491	0	0
aa105-2-b1-holistic-s599	2	holistic	599	he912	0.6250	0.3750	0.6250	0.3750	0.0000	0.0000	0	0
aa105-2-b1-holistic-s599	2	holistic	599	he913	0.9765	0.6019	1.0625	0.6875	2867.0869	2854.5881	0	0
aa105-2-b1-holistic-s599	2	holistic	599	he914	2.5336	1.9848	2.6875	2.1250	5130.8437	4673.1406	0	0
aa105-2-b1-holistic-s599	2	holistic	599	he915	1.4832	0.9826	1.5000	1.0000	561.4623	578.5007	0	0
aa105-2-b1-holistic-s599	2	holistic	599	he916	0.2465	0.2465	0.2500	0.2500	116.1203	115.6457	0	0
aa105-2-b1-holistic-s599	2	holistic	599	he917	2.7326	2.2450	2.8125	2.3125	2662.8719	2250.8187	0	0
aa105-2-b1-holistic-s599	2	holistic	599	he919	0.9893	0.8773	1.0625	0.9375	2441.4655	2007.1979	0	0
aa105-2-b1-holistic-s599	2	holistic	599	he920	0.8021	0.9193	0.8750	1.0000	2431.4759	2690.1891	0	0
aa105-2-b1-holistic-s599	2	holistic	599	he921	1.3317	1.4567	1.8125	1.9375	16026.6565	16027.3547	0	0
aa105-2-b1-holistic-s599	2	holistic	599	he922	1.3616	1.5498	1.3750	1.5625	447.9517	423.5020	0	0
aa105-2-b1-holistic-s599	2	holistic	599	he923	0.2485	0.3110	0.2500	0.3125	50.6454	49.9953	0	0
aa105-2-b1-holistic-s599	2	holistic	599	he924	1.0112	0.6941	1.0625	0.7500	1708.6903	1862.7485	0	0
aa105-2-b1-holistic-s599	2	holistic	599	he925	1.5218	1.5646	1.6250	1.6875	3438.8574	4095.1326	0	0
aa105-2-b1-holistic-s599	2	holistic	599	he926	0.4374	0.4373	0.4375	0.4375	3.6766	6.7373	0	0
aa105-2-b1-holistic-s599	2	holistic	599	he927	0.6862	0.6216	0.6875	0.6250	44.7634	112.1923	0	0
aa105-2-b1-holistic-s599	2	holistic	599	he928	0.6250	0.6250	0.6250	0.6250	0.0000	0.0000	0	0
aa105-2-b1-holistic-s599	2	holistic	599	he929	1.9350	1.1876	2.5625	1.8125	20915.8782	20830.9274	0	0
aa105-2-b1-holistic-s599	2	holistic	599	he930	2.8031	3.0518	2.8125	3.0625	312.1510	355.7252	0	0
aa105-2-b1-holistic-s599	2	holistic	599	he931	2.3289	1.5883	2.3750	1.6250	1537.9540	1223.9183	0	1
aa105-2-b1-holistic-s599	2	holistic	599	he937	1.5905	1.5237	1.6875	1.6250	3231.9458	3376.5610	0	0
aa105-2-b1-holistic-s599	2	holistic	599	he938	0.9625	0.9619	1.0000	1.0000	1248.9381	1270.6386	0	0
aa105-2-b1-holistic-s599	2	holistic	599	he939	1.5095	1.7603	1.5625	1.8125	1768.1043	1738.4541	0	0
aa105-2-b1-holistic-s599	2	holistic	599	he940	1.7644	1.4579	2.0000	1.6875	7851.9180	7651.8172	0	0
aa105-2-b1-holistic-s599	2	holistic	599	he941	0.9996	0.9995	1.0000	1.0000	14.9105	16.9452	0	0
aa105-2-b1-holistic-s599	2	holistic	599	he942	0.7214	0.3477	0.7500	0.3750	954.4188	908.6664	0	0
aa105-2-b1-holistic-s599	2	holistic	599	he943	1.0494	0.7981	1.0625	0.8125	435.4790	479.7645	0	0
aa105-2-b1-holistic-s599	2	holistic	599	he944	2.5464	3.1065	2.6250	3.1875	2619.9820	2699.3833	0	0
aa105-2-b1-holistic-s599	2	holistic	599	he945	1.4531	1.6154	1.5000	1.6875	1564.8021	2403.4890	0	0
aa105-2-b1-holistic-s599	2	holistic	599	he946	2.8026	2.4283	2.9375	2.5625	4497.7313	4472.0333	0	0
aa105-2-b1-holistic-s599	2	holistic	599	he948	0.6132	0.5392	1.0000	0.9375	12894.0817	13275.8936	0	0
aa105-2-b1-holistic-s599	2	holistic	599	he949	0.6117	0.6113	0.6250	0.6250	443.7377	457.0375	0	0
aa105-2-b1-holistic-s599	2	holistic	599	he950	1.1152	0.9295	1.1875	1.0000	2409.4014	2348.6215	0	0
aa105-2-b1-holistic-s599	2	holistic	599	he951	0.4826	0.5837	0.6250	0.7500	4745.4324	5542.4398	0	0
aa105-2-b1-holistic-s599	2	holistic	599	he952	1.7300	1.8631	1.8750	2.0000	4832.4458	4562.8052	0	0
aa105-2-b1-holistic-s599	2	holistic	599	he954	0.9231	0.3594	0.9375	0.3750	481.2151	520.9522	0	0
aa105-2-b1-holistic-s599	2	holistic	599	he955	0.8189	0.8895	0.8750	0.9375	1870.8602	1600.7559	0	0
aa105-2-b1-holistic-s599	2	holistic	599	he956	2.4523	2.4066	2.5625	2.5000	3674.6365	3111.9423	0	0
aa105-2-b1-holistic-s599	2	holistic	599	he957	0.7923	1.1723	0.8125	1.1875	673.0974	505.5056	0	0
aa105-2-b1-holistic-s599	2	holistic	599	he958	2.4387	1.9925	2.5000	2.0625	2044.1315	2333.3893	0	0
