# garden aa105-804-b1-holistic-s599 seed 804 holistic season 599 n=60 J=16 worlds=16..31 run=/tmp/j32/aa-804-b1 work_cost=0.03 (68 s, workers 4)
aa105-804-b1-holistic-s599	804	holistic	599	he1011	0.7636	0.8236	1.0000	1.0625	7880.6976	7962.6017	0	0
aa105-804-b1-holistic-s599	804	holistic	599	he1018	0.8699	0.8668	1.0625	1.0625	6419.4019	6522.1209	0	0
aa105-804-b1-holistic-s599	804	holistic	599	he1021	0.8605	0.9229	1.1250	1.1875	8816.0582	8818.6079	0	0
aa105-804-b1-holistic-s599	804	holistic	599	he1022	1.3377	0.7759	1.5625	1.0000	7494.4261	7468.5289	0	0
aa105-804-b1-holistic-s599	804	holistic	599	he1025	1.8359	1.7731	2.0625	2.0000	7552.9022	7564.7835	0	0
aa105-804-b1-holistic-s599	804	holistic	599	he1027	0.6902	0.5675	0.8750	0.7500	6159.2460	6084.2644	0	0
aa105-804-b1-holistic-s599	804	holistic	599	he1028	0.9865	0.8027	1.0625	0.8750	2533.1644	2410.7999	0	0
aa105-804-b1-holistic-s599	804	holistic	599	he1029	1.2910	1.0403	1.3125	1.0625	716.8623	738.4567	0	0
aa105-804-b1-holistic-s599	804	holistic	599	he1031	1.5296	1.0908	1.7500	1.3125	7346.9959	7388.9165	0	0
aa105-804-b1-holistic-s599	804	holistic	599	he1033	1.0175	1.1410	1.0625	1.1875	1501.6102	1550.0655	0	0
aa105-804-b1-holistic-s599	804	holistic	599	he1034	0.6713	0.3575	0.8125	0.5000	4706.6590	4749.7187	0	0
aa105-804-b1-holistic-s599	804	holistic	599	he1035	0.9061	0.9758	0.9375	1.0000	1046.0723	806.4194	0	0
aa105-804-b1-holistic-s599	804	holistic	599	he1036	1.4319	0.5555	1.6875	0.8125	8519.0120	8566.9868	0	0
aa105-804-b1-holistic-s599	804	holistic	599	he1038	1.5473	1.3602	1.6250	1.4375	2588.7710	2577.7672	0	0
aa105-804-b1-holistic-s599	804	holistic	599	he1039	1.0421	0.4177	1.0625	0.4375	679.9369	660.1135	0	0
aa105-804-b1-holistic-s599	804	holistic	599	he1041	1.1157	1.4221	1.3125	1.6250	6560.0062	6762.8832	0	0
aa105-804-b1-holistic-s599	804	holistic	599	he1042	2.2912	1.9794	2.3750	2.0625	2793.3336	2770.6854	0	0
aa105-804-b1-holistic-s599	804	holistic	599	he1043	1.2553	1.3811	1.5625	1.6875	10238.9546	10213.2575	0	0
aa105-804-b1-holistic-s599	804	holistic	599	he1044	1.6311	1.0700	1.8750	1.3125	8130.4888	8082.1061	0	0
aa105-804-b1-holistic-s599	804	holistic	599	he1046	2.2754	1.3481	2.3125	1.3750	1235.1401	896.4348	0	0
aa105-804-b1-holistic-s599	804	holistic	599	he1048	0.7569	0.6322	0.8125	0.6875	1852.9438	1842.9529	0	0
aa105-804-b1-holistic-s599	804	holistic	599	he1049	1.4285	1.7419	1.5625	1.8750	4466.2179	4435.5215	0	0
aa105-804-b1-holistic-s599	804	holistic	599	he1051	1.5291	0.7152	1.8125	1.0000	9447.3440	9494.2937	0	0
aa105-804-b1-holistic-s599	804	holistic	599	he1053	0.5200	0.4074	0.6875	0.5625	5584.4227	5169.1648	0	0
aa105-804-b1-holistic-s599	804	holistic	599	he1054	1.4479	1.1955	1.6250	1.3750	5902.6083	5981.8706	0	0
aa105-804-b1-holistic-s599	804	holistic	599	he1056	0.7267	0.7148	0.8125	0.8125	2861.4350	3257.7130	0	0
aa105-804-b1-holistic-s599	804	holistic	599	he1058	1.3849	1.5706	1.5625	1.7500	5920.9581	5981.2520	0	0
aa105-804-b1-holistic-s599	804	holistic	599	he1061	1.1909	0.9394	1.2500	1.0000	1968.3596	2020.0259	0	0
aa105-804-b1-holistic-s599	804	holistic	599	he1063	1.1775	0.7406	1.3125	0.8750	4501.1505	4479.9796	0	0
aa105-804-b1-holistic-s599	804	holistic	599	he1065	1.3059	0.9896	1.4375	1.1250	4386.1893	4512.2669	0	0
aa105-804-b1-holistic-s599	804	holistic	599	he1066	1.1363	1.0740	1.1875	1.1250	1708.2972	1699.2113	0	0
aa105-804-b1-holistic-s599	804	holistic	599	he1067	1.0139	1.1391	1.2500	1.3750	7868.9434	7863.6098	0	0
aa105-804-b1-holistic-s599	804	holistic	599	he1069	0.0614	0.0584	0.1875	0.1875	4204.9006	4304.0952	0	0
aa105-804-b1-holistic-s599	804	holistic	599	he1070	0.2352	0.4843	0.4375	0.6875	6742.5820	6773.4682	0	0
aa105-804-b1-holistic-s599	804	holistic	599	he1071	1.3757	1.2512	1.5625	1.4375	6226.0832	6210.3180	0	0
aa105-804-b1-holistic-s599	804	holistic	599	he1073	1.3719	0.8102	1.6250	1.0625	8437.9100	8408.4485	0	0
aa105-804-b1-holistic-s599	804	holistic	599	he1074	1.4968	0.9345	1.6875	1.1250	6355.1885	6350.7786	0	0
aa105-804-b1-holistic-s599	804	holistic	599	he1075	1.3145	2.1752	1.4375	2.3125	4099.9047	4577.0033	0	0
aa105-804-b1-holistic-s599	804	holistic	599	he1078	1.5196	0.8320	1.7500	1.0625	7681.3673	7683.7135	0	0
aa105-804-b1-holistic-s599	804	holistic	599	he1081	1.1890	0.3759	1.3750	0.5625	6200.0540	6221.6348	0	0
aa105-804-b1-holistic-s599	804	holistic	599	he1082	0.7986	0.6119	1.0625	0.8750	8796.5331	8770.1189	0	0
aa105-804-b1-holistic-s599	804	holistic	599	he1083	0.8823	0.5707	1.1250	0.8125	8090.0709	8060.0554	0	0
aa105-804-b1-holistic-s599	804	holistic	599	he1086	0.4549	0.4587	0.5000	0.5000	1502.2566	1375.6461	0	0
aa105-804-b1-holistic-s599	804	holistic	599	he1087	0.9037	0.4628	1.1250	0.6875	7378.1144	7490.1548	0	0
aa105-804-b1-holistic-s599	804	holistic	599	he1088	1.8994	1.9005	2.1875	2.1875	9602.7503	9567.1655	0	0
aa105-804-b1-holistic-s599	804	holistic	599	he1089	1.5451	1.1710	1.6875	1.3125	4748.2989	4716.7275	0	0
aa105-804-b1-holistic-s599	804	holistic	599	he1090	0.9034	0.7161	1.1250	0.9375	7385.4141	7378.5410	0	0
aa105-804-b1-holistic-s599	804	holistic	599	he1091	1.2385	0.7414	1.4375	0.9375	6632.2439	6537.6072	0	0
aa105-804-b1-holistic-s599	804	holistic	599	he1093	1.0396	1.0371	1.3125	1.3125	9095.4673	9178.7987	0	0
aa105-804-b1-holistic-s599	804	holistic	599	he1094	0.8137	1.1258	1.0000	1.3125	6211.2829	6221.9078	0	0
aa105-804-b1-holistic-s599	804	holistic	599	he1095	1.2912	0.8534	1.3125	0.8750	708.5061	721.2417	0	0
aa105-804-b1-holistic-s599	804	holistic	599	he1096	1.9544	1.3046	2.0625	1.4375	3602.9441	4428.7217	0	0
aa105-804-b1-holistic-s599	804	holistic	599	he1098	1.8433	1.0953	2.0625	1.3125	7308.3088	7240.1553	0	0
aa105-804-b1-holistic-s599	804	holistic	599	he1099	2.2003	1.7014	2.5000	2.0000	9989.9228	9954.2029	0	0
aa105-804-b1-holistic-s599	804	holistic	599	he1100	0.1777	0.0538	0.1875	0.0625	325.8347	290.3367	0	0
aa105-804-b1-holistic-s599	804	holistic	599	he1101	0.1250	-0.0000	0.1250	0.0000	0.2373	0.1267	0	0
aa105-804-b1-holistic-s599	804	holistic	599	he1102	0.6628	0.8555	0.8125	1.0000	4988.4402	4816.0808	0	0
aa105-804-b1-holistic-s599	804	holistic	599	he1103	0.1196	0.1194	0.1250	0.1250	181.4552	185.9288	0	0
aa105-804-b1-holistic-s599	804	holistic	599	he1104	0.0621	0.1246	0.0625	0.1250	12.3712	12.4053	0	0
aa105-804-b1-holistic-s599	804	holistic	599	he1105	0.8948	1.3327	1.1250	1.5625	7672.3920	7658.4671	0	0
