# garden aa105-7-b2-holistic-s599 seed 7 holistic season 599 n=60 J=16 worlds=0..15 run=/tmp/j32/aa-7-b2 work_cost=0.03 (83 s, workers 4)
aa105-7-b2-holistic-s599	7	holistic	599	he1089	0.8516	1.2900	1.1250	1.5625	9113.1074	9084.2119	0	0
aa105-7-b2-holistic-s599	7	holistic	599	he1090	0.4973	0.4932	0.6875	0.6875	6338.9715	6478.1774	0	0
aa105-7-b2-holistic-s599	7	holistic	599	he1093	1.4811	1.2314	1.7500	1.5000	8963.2036	8953.0079	0	0
aa105-7-b2-holistic-s599	7	holistic	599	he1094	1.2707	0.8255	1.4375	1.0000	5559.2931	5816.0623	0	0
aa105-7-b2-holistic-s599	7	holistic	599	he1095	1.3606	1.6121	1.5625	1.8125	6730.0764	6680.2063	0	0
aa105-7-b2-holistic-s599	7	holistic	599	he1099	0.6149	0.3678	0.7500	0.5000	4504.0492	4406.3902	0	0
aa105-7-b2-holistic-s599	7	holistic	599	he1100	1.2323	0.9809	1.4375	1.1875	6840.7820	6886.1192	0	0
aa105-7-b2-holistic-s599	7	holistic	599	he1101	0.8357	1.0772	1.1250	1.3750	9643.9674	9926.2754	0	0
aa105-7-b2-holistic-s599	7	holistic	599	he1103	1.5585	0.6210	1.8125	0.8750	8465.2278	8466.6770	0	0
aa105-7-b2-holistic-s599	7	holistic	599	he1104	1.0413	0.7933	1.2500	1.0000	6956.1519	6889.5881	0	0
aa105-7-b2-holistic-s599	7	holistic	599	he1106	2.0508	1.9219	2.2500	2.1250	6638.8716	6771.0402	0	0
aa105-7-b2-holistic-s599	7	holistic	599	he1107	0.9696	0.9097	1.4375	1.3750	15596.2317	15509.9901	0	0
aa105-7-b2-holistic-s599	7	holistic	599	he1108	0.5241	0.4660	0.5625	0.5000	1279.9345	1133.3891	0	0
aa105-7-b2-holistic-s599	7	holistic	599	he1110	1.2399	1.1675	1.3125	1.2500	2418.6823	2751.2574	0	0
aa105-7-b2-holistic-s599	7	holistic	599	he1115	1.3125	1.3714	1.6875	1.7500	12501.6111	12618.9760	0	0
aa105-7-b2-holistic-s599	7	holistic	599	he1119	1.6201	1.6824	1.7500	1.8125	4328.6693	4335.9546	0	0
aa105-7-b2-holistic-s599	7	holistic	599	he1120	1.9341	1.6825	2.1250	1.8750	6362.6346	6417.0715	0	0
aa105-7-b2-holistic-s599	7	holistic	599	he1121	1.1786	0.6161	1.3750	0.8125	6547.9124	6545.4083	0	0
aa105-7-b2-holistic-s599	7	holistic	599	he1123	1.8654	1.1837	1.9375	1.2500	2401.7110	2211.2702	0	0
aa105-7-b2-holistic-s599	7	holistic	599	he1124	1.0324	0.9720	1.2500	1.1875	7254.0419	7183.3071	0	0
aa105-7-b2-holistic-s599	7	holistic	599	he1126	1.2879	1.4168	1.5000	1.6250	7070.6308	6939.3523	0	0
aa105-7-b2-holistic-s599	7	holistic	599	he1128	1.3457	0.7856	1.6875	1.1250	11393.0269	11312.4487	0	0
aa105-7-b2-holistic-s599	7	holistic	599	he1129	1.1993	0.6347	1.4375	0.8750	7940.9410	8010.6842	0	0
aa105-7-b2-holistic-s599	7	holistic	599	he1130	0.5317	0.4722	0.5625	0.5000	1027.1778	926.1285	0	0
aa105-7-b2-holistic-s599	7	holistic	599	he1131	0.7738	0.6501	0.8125	0.6875	1291.3872	1246.0067	0	0
aa105-7-b2-holistic-s599	7	holistic	599	he1132	1.1149	0.9897	1.3750	1.2500	8669.8854	8676.8007	0	0
aa105-7-b2-holistic-s599	7	holistic	599	he1133	1.8349	1.0209	2.1875	1.3750	11752.1688	11803.0151	0	0
aa105-7-b2-holistic-s599	7	holistic	599	he1134	1.1631	0.4190	1.3125	0.5625	4980.6692	4782.5710	0	0
aa105-7-b2-holistic-s599	7	holistic	599	he1135	1.1875	1.5010	1.6250	1.9375	14582.8150	14548.6201	0	0
aa105-7-b2-holistic-s599	7	holistic	599	he1136	0.7204	0.6634	0.7500	0.6875	988.0931	801.8903	0	0
aa105-7-b2-holistic-s599	7	holistic	599	he1137	1.6668	1.4185	2.0000	1.7500	11107.3580	11050.0938	0	0
aa105-7-b2-holistic-s599	7	holistic	599	he1138	0.8975	0.7762	0.9375	0.8125	1333.2251	1210.3889	0	0
aa105-7-b2-holistic-s599	7	holistic	599	he1139	2.1528	2.2220	2.3125	2.3750	5322.2200	5100.2402	0	0
aa105-7-b2-holistic-s599	7	holistic	599	he1140	0.6858	1.1197	1.3125	1.7500	20891.1094	21010.0556	0	0
aa105-7-b2-holistic-s599	7	holistic	599	he1141	0.7982	0.9839	1.1875	1.3750	12977.8288	13037.9214	0	0
aa105-7-b2-holistic-s599	7	holistic	599	he1142	0.6142	0.8024	0.6875	0.8750	2444.0358	2421.3655	0	0
aa105-7-b2-holistic-s599	7	holistic	599	he1144	1.4591	1.8356	1.6875	2.0625	7614.7658	7564.5304	0	0
aa105-7-b2-holistic-s599	7	holistic	599	he1145	1.4161	1.0935	1.6250	1.3125	6963.7054	7300.5923	0	0
aa105-7-b2-holistic-s599	7	holistic	599	he1146	1.1903	0.7530	1.5625	1.1250	12405.0508	12400.4303	0	0
aa105-7-b2-holistic-s599	7	holistic	599	he1147	1.1968	0.7562	1.5625	1.1250	12190.9662	12294.5058	0	0
aa105-7-b2-holistic-s599	7	holistic	599	he1150	1.4121	1.5374	1.5625	1.6875	5014.6049	5004.0788	0	0
aa105-7-b2-holistic-s599	7	holistic	599	he1152	0.6207	0.5580	0.8125	0.7500	6393.9668	6400.6355	0	0
aa105-7-b2-holistic-s599	7	holistic	599	he1153	1.1988	1.4938	1.4375	1.7500	7957.5905	8540.6504	0	0
aa105-7-b2-holistic-s599	7	holistic	599	he1154	1.3636	0.9887	1.3750	1.0000	380.5716	376.7430	0	0
aa105-7-b2-holistic-s599	7	holistic	599	he1155	1.9088	1.4123	2.2500	1.7500	11371.6716	11258.2067	0	0
aa105-7-b2-holistic-s599	7	holistic	599	he1156	0.9208	0.9211	1.1250	1.1250	6808.0849	6797.8170	0	0
aa105-7-b2-holistic-s599	7	holistic	599	he1158	0.6706	0.4824	0.6875	0.5000	564.9313	588.2193	0	0
aa105-7-b2-holistic-s599	7	holistic	599	he1159	1.2405	0.7403	1.3125	0.8125	2400.1173	2406.0268	0	0
aa105-7-b2-holistic-s599	7	holistic	599	he1160	1.7038	1.1522	1.8125	1.2500	3624.6925	3259.0192	0	0
aa105-7-b2-holistic-s599	7	holistic	599	he1161	1.1722	0.6119	1.2500	0.6875	2591.9965	2521.6267	0	0
aa105-7-b2-holistic-s599	7	holistic	599	he1164	0.9295	0.9864	1.1250	1.1875	6518.0342	6704.9667	0	0
aa105-7-b2-holistic-s599	7	holistic	599	he1165	1.6988	1.2605	1.8125	1.3750	3790.6793	3817.4794	0	0
aa105-7-b2-holistic-s599	7	holistic	599	he1167	0.8901	1.2728	1.0625	1.4375	5745.0647	5491.4743	0	0
aa105-7-b2-holistic-s599	7	holistic	599	he1168	1.8984	1.6479	2.1875	1.9375	9637.4912	9653.6416	0	0
aa105-7-b2-holistic-s599	7	holistic	599	he1169	1.0275	0.4051	1.0625	0.4375	1165.7774	1078.8394	0	0
aa105-7-b2-holistic-s599	7	holistic	599	he1170	2.2460	1.7473	2.3750	1.8750	4301.1728	4258.1760	0	0
aa105-7-b2-holistic-s599	7	holistic	599	he1171	1.7299	1.2922	1.9375	1.5000	6920.9726	6926.0458	0	0
aa105-7-b2-holistic-s599	7	holistic	599	he1172	1.5287	1.0941	1.7500	1.3125	7377.2468	7279.1634	0	0
aa105-7-b2-holistic-s599	7	holistic	599	he1173	1.2343	1.1110	1.2500	1.1250	523.9875	466.7781	0	0
aa105-7-b2-holistic-s599	7	holistic	599	he1174	1.7921	1.3665	1.8750	1.4375	2763.6292	2366.8664	0	0
