# garden base-806-conventional-s599 seed 806 conventional season 599 n=60 J=8 worlds=8..15 run=/tmp/j32/base-806 work_cost=0.03 (59 s, workers 4)
base-806-conventional-s599	806	conventional	599	ce1088	2.6015	0.7206	3.3750	1.5000	25783.5800	25980.7059	0	0
base-806-conventional-s599	806	conventional	599	ce1089	2.0292	0.7822	2.7500	1.5000	24027.9028	23925.5906	0	0
base-806-conventional-s599	806	conventional	599	ce1090	2.2921	1.6696	2.8750	2.2500	19429.6204	19345.1509	0	0
base-806-conventional-s599	806	conventional	599	ce1091	1.0141	0.0176	1.5000	0.5000	16198.2871	16081.2567	0	0
base-806-conventional-s599	806	conventional	599	ce1092	2.4330	1.0407	3.1250	1.7500	23065.9433	23642.6247	0	0
base-806-conventional-s599	806	conventional	599	ce1093	1.6467	0.2633	2.2500	0.8750	20110.6903	20389.7687	0	0
base-806-conventional-s599	806	conventional	599	ce1094	1.1184	0.6179	1.7500	1.2500	21053.9245	21069.9524	0	0
base-806-conventional-s599	806	conventional	599	ce1095	3.4889	1.1060	4.1250	1.7500	21202.3388	21467.9525	0	0
base-806-conventional-s599	806	conventional	599	ce1096	1.5534	0.9228	2.3750	1.7500	27385.3800	27572.0763	0	0
base-806-conventional-s599	806	conventional	599	ce1097	0.5511	0.0527	1.0000	0.5000	14964.1860	14909.9530	0	0
base-806-conventional-s599	806	conventional	599	ce1098	1.8665	0.9867	2.6250	1.7500	25283.1628	25443.8699	0	0
base-806-conventional-s599	806	conventional	599	ce1100	2.5082	1.3919	3.2500	2.1250	24726.1294	24437.3694	0	0
base-806-conventional-s599	806	conventional	599	ce1102	2.3154	1.1888	2.8750	1.7500	18653.2497	18708.1101	0	0
base-806-conventional-s599	806	conventional	599	ce1103	2.0642	1.6912	2.8750	2.5000	27025.3242	26960.4907	0	0
base-806-conventional-s599	806	conventional	599	ce1104	1.3223	1.0578	1.6250	1.3750	10089.3748	10573.2582	0	0
base-806-conventional-s599	806	conventional	599	ce1106	0.9664	0.3165	1.6250	1.0000	21953.8850	22782.9590	0	0
base-806-conventional-s599	806	conventional	599	ce1107	1.1890	0.1912	1.8750	0.8750	22867.1476	22794.5050	0	0
base-806-conventional-s599	806	conventional	599	ce1108	0.6509	0.7704	1.3750	1.5000	24136.6639	24319.5303	0	0
base-806-conventional-s599	806	conventional	599	ce1109	1.6640	1.0591	2.3750	1.7500	23701.6286	23030.4075	0	0
base-806-conventional-s599	806	conventional	599	ce1111	2.3256	2.2047	3.1250	3.0000	26647.5528	26511.2986	0	0
base-806-conventional-s599	806	conventional	599	ce1112	2.5898	2.0802	3.2500	2.7500	22005.0261	22325.8426	0	0
base-806-conventional-s599	806	conventional	599	ce1113	0.8399	0.3116	1.0000	0.5000	5335.2333	6279.5557	0	0
base-806-conventional-s599	806	conventional	599	ce1115	0.8112	0.8026	1.2500	1.2500	14625.3859	14912.2946	0	0
base-806-conventional-s599	806	conventional	599	ce1116	1.2787	0.1520	2.0000	0.8750	24043.4079	24100.5899	0	0
base-806-conventional-s599	806	conventional	599	ce1118	0.6626	0.9112	1.5000	1.7500	27914.3805	27958.5513	0	0
base-806-conventional-s599	806	conventional	599	ce1119	1.5918	1.0938	2.3750	1.8750	26105.9637	26039.7143	0	0
base-806-conventional-s599	806	conventional	599	ce1120	0.9410	-0.2493	1.2500	0.1250	10301.3109	12475.1514	0	0
base-806-conventional-s599	806	conventional	599	ce1123	1.3215	0.6975	1.8750	1.2500	18450.5490	18417.7834	0	0
base-806-conventional-s599	806	conventional	599	ce1124	2.1537	1.5305	2.8750	2.2500	24042.0595	23983.1123	0	0
base-806-conventional-s599	806	conventional	599	ce1125	2.1421	0.7827	2.8750	1.5000	24429.3049	23909.8542	0	0
base-806-conventional-s599	806	conventional	599	ce1126	1.3036	0.1881	2.0000	0.8750	23212.4926	22897.9848	0	0
base-806-conventional-s599	806	conventional	599	ce1128	1.2292	0.3570	1.6250	0.7500	13193.2470	13099.6325	0	0
base-806-conventional-s599	806	conventional	599	ce1129	1.9821	0.4730	2.3750	0.8750	13096.8223	13400.8001	0	0
base-806-conventional-s599	806	conventional	599	ce1130	0.4758	0.3685	0.8750	0.8750	13307.6305	16883.5900	0	0
base-806-conventional-s599	806	conventional	599	ce1131	1.7597	1.2579	2.5000	2.0000	24677.7740	24736.5090	0	0
base-806-conventional-s599	806	conventional	599	ce1132	2.3888	1.9144	3.0000	2.5000	20373.6951	19520.4170	0	0
base-806-conventional-s599	806	conventional	599	ce1134	2.8599	1.1229	3.5000	1.7500	21336.9335	20901.8762	0	0
base-806-conventional-s599	806	conventional	599	ce1136	1.7365	0.9822	2.5000	1.7500	25451.2354	25593.8683	0	0
base-806-conventional-s599	806	conventional	599	ce1137	2.6002	1.4725	3.0000	1.8750	13325.0002	13415.0927	0	0
base-806-conventional-s599	806	conventional	599	ce1139	2.0675	1.3112	2.7500	2.0000	22751.3502	22958.6388	0	0
base-806-conventional-s599	806	conventional	599	ce1140	2.1948	0.7018	3.0000	1.5000	26839.8604	26605.3793	0	0
base-806-conventional-s599	806	conventional	599	ce1141	2.1827	0.9399	2.7500	1.5000	18908.5556	18669.9712	0	0
base-806-conventional-s599	806	conventional	599	ce1142	1.5262	0.2744	2.1250	0.8750	19961.2726	20018.5545	0	0
base-806-conventional-s599	806	conventional	599	ce1143	2.2648	1.5270	2.8750	2.1250	20341.3488	19933.6446	0	0
base-806-conventional-s599	806	conventional	599	ce1145	0.9956	0.6179	1.6250	1.2500	20980.1789	21068.5497	0	0
base-806-conventional-s599	806	conventional	599	ce1147	2.3179	1.8150	3.1250	2.6250	26901.8204	26999.5544	0	0
base-806-conventional-s599	806	conventional	599	ce1148	2.0142	1.6382	2.7500	2.3750	24526.2047	24559.7421	0	0
base-806-conventional-s599	806	conventional	599	ce1150	0.2532	0.5098	1.0000	1.2500	24893.2242	24672.7694	0	0
base-806-conventional-s599	806	conventional	599	ce1151	2.9919	1.6001	3.6250	2.2500	21104.5736	21662.8790	0	0
base-806-conventional-s599	806	conventional	599	ce1152	2.6872	1.9362	3.5000	2.7500	27094.4830	27126.1978	0	0
base-806-conventional-s599	806	conventional	599	ce1153	2.4747	1.2280	3.0000	1.7500	17511.4501	17400.0530	0	0
base-806-conventional-s599	806	conventional	599	ce1156	2.4781	1.3379	3.2500	2.1250	25730.2115	26237.4466	0	0
base-806-conventional-s599	806	conventional	599	ce1157	2.1659	0.6602	2.7500	1.2500	19468.4548	19659.4526	0	0
base-806-conventional-s599	806	conventional	599	ce1158	2.2407	1.3660	2.6250	1.7500	12810.1027	12799.8114	0	0
base-806-conventional-s599	806	conventional	599	ce1159	1.5064	0.7568	2.2500	1.5000	24785.8412	24773.3000	0	0
base-806-conventional-s599	806	conventional	599	ce1160	2.5174	1.1449	3.1250	1.7500	20254.0450	20171.6333	0	0
base-806-conventional-s599	806	conventional	599	ce1163	3.1247	1.7733	3.6250	2.3750	16677.0067	20056.5152	0	0
base-806-conventional-s599	806	conventional	599	ce1164	-0.0382	0.0833	0.6250	0.7500	22108.1245	22222.9092	0	0
base-806-conventional-s599	806	conventional	599	ce1165	-0.0872	-0.4531	0.7500	0.3750	27905.8081	27604.5496	0	0
base-806-conventional-s599	806	conventional	599	ce1166	2.5114	1.7752	3.1250	2.3750	20454.9517	19991.9548	0	0
