# garden base-804-holistic-s599 seed 804 holistic season 599 n=60 J=16 worlds=16..31 run=/tmp/j32/base-804 work_cost=0.03 (107 s, workers 4)
base-804-holistic-s599	804	holistic	599	he1003	1.5446	1.2312	1.6875	1.3750	4763.1581	4792.7377	0	0
base-804-holistic-s599	804	holistic	599	he1004	0.8214	1.2080	1.0625	1.4375	8035.3173	7650.3639	0	0
base-804-holistic-s599	804	holistic	599	he1006	0.3353	0.4999	0.5625	0.6875	7573.7723	6252.7959	0	0
base-804-holistic-s599	804	holistic	599	he1007	0.5602	0.3756	0.7500	0.5625	6327.4756	6231.0052	0	0
base-804-holistic-s599	804	holistic	599	he1008	1.1029	0.9216	1.1875	1.0000	2819.6139	2614.4593	0	0
base-804-holistic-s599	804	holistic	599	he1011	0.3324	0.4604	0.8125	0.9375	16004.0057	15901.8723	0	0
base-804-holistic-s599	804	holistic	599	he1012	1.1220	0.9419	1.2500	1.0625	4266.2984	4020.3616	0	0
base-804-holistic-s599	804	holistic	599	he1015	2.3374	1.9034	2.5625	2.1250	7503.0907	7385.7438	0	0
base-804-holistic-s599	804	holistic	599	he1016	0.7398	0.4207	0.9375	0.6250	6591.0279	6810.3115	0	0
base-804-holistic-s599	804	holistic	599	he1017	0.4125	0.5478	0.5000	0.6250	2915.4342	2571.8217	0	0
base-804-holistic-s599	804	holistic	599	he1018	1.0454	1.0990	1.4375	1.5000	13070.0548	13368.0999	0	0
base-804-holistic-s599	804	holistic	599	he1020	1.4747	1.4117	1.5000	1.4375	841.7770	860.1798	0	0
base-804-holistic-s599	804	holistic	599	he1021	0.7488	0.9316	1.0000	1.1875	8373.8403	8530.7537	0	0
base-804-holistic-s599	804	holistic	599	he1023	1.3051	0.8628	1.5625	1.1250	8580.6215	8738.7674	0	0
base-804-holistic-s599	804	holistic	599	he1024	0.8188	0.6330	0.8750	0.6875	1873.8439	1815.3044	0	0
base-804-holistic-s599	804	holistic	599	he1026	0.1352	0.0764	0.1875	0.1250	1742.8239	1618.4923	0	0
base-804-holistic-s599	804	holistic	599	he1028	0.0703	0.2518	0.3750	0.5625	10155.1284	10355.9233	0	0
base-804-holistic-s599	804	holistic	599	he1029	0.7135	0.5914	1.0000	0.8750	9548.6437	9453.8891	0	0
base-804-holistic-s599	804	holistic	599	he1036	0.4318	0.5312	0.5625	0.6875	4357.3216	5208.7732	0	0
base-804-holistic-s599	804	holistic	599	he1037	0.6834	0.6841	0.8750	0.8750	6388.1990	6363.7090	0	0
base-804-holistic-s599	804	holistic	599	he1040	1.5197	1.0853	1.8750	1.4375	11843.8766	11738.3571	0	0
base-804-holistic-s599	804	holistic	599	he1041	1.3362	0.8280	1.4375	0.9375	3377.0358	3648.5611	0	0
base-804-holistic-s599	804	holistic	599	he1042	1.1668	0.8577	1.3750	1.0625	6939.0725	6825.5375	0	0
base-804-holistic-s599	804	holistic	599	he1043	0.9343	0.7457	1.0000	0.8125	2189.0793	2226.0004	0	0
base-804-holistic-s599	804	holistic	599	he1044	0.1984	0.0736	0.2500	0.1250	1720.8652	1714.3009	0	0
base-804-holistic-s599	804	holistic	599	he1045	0.8103	0.9295	0.8750	1.0000	2155.0516	2351.3105	0	0
base-804-holistic-s599	804	holistic	599	he1046	1.0699	0.8808	1.5000	1.3125	14338.2403	14390.5050	0	0
base-804-holistic-s599	804	holistic	599	he1047	1.2750	2.3392	1.5000	2.5625	7499.3112	7442.3368	0	0
base-804-holistic-s599	804	holistic	599	he948	1.5974	0.9696	1.7500	1.1250	5086.3473	5180.7742	0	0
base-804-holistic-s599	804	holistic	599	he950	1.0202	0.8363	1.1875	1.0000	5576.0395	5456.4796	1	1
base-804-holistic-s599	804	holistic	599	he951	1.6199	1.7471	1.8125	1.9375	6420.8313	6346.7021	0	0
base-804-holistic-s599	804	holistic	599	he952	1.9289	2.7411	2.3750	3.1875	14869.8084	14880.8796	0	0
base-804-holistic-s599	804	holistic	599	he954	0.5752	0.3975	0.6875	0.5000	3744.1871	3416.3937	0	0
base-804-holistic-s599	804	holistic	599	he955	2.1032	1.7294	2.3750	2.0000	9060.5414	9021.4756	0	0
base-804-holistic-s599	804	holistic	599	he956	1.6239	1.1029	1.8750	1.3750	8371.0520	9071.1765	0	0
base-804-holistic-s599	804	holistic	599	he957	0.8380	0.7304	1.0625	0.9375	7483.2115	6904.2350	0	0
base-804-holistic-s599	804	holistic	599	he958	0.7662	0.4527	1.0000	0.6875	7792.4025	7827.0524	0	0
base-804-holistic-s599	804	holistic	599	he959	0.8939	1.1422	1.4375	1.6875	18119.4654	18178.0606	0	0
base-804-holistic-s599	804	holistic	599	he962	2.3267	1.4504	2.5000	1.6250	5777.6568	5819.5688	0	0
base-804-holistic-s599	804	holistic	599	he963	1.1661	0.8635	1.2500	0.9375	2798.1174	2467.8115	0	0
base-804-holistic-s599	804	holistic	599	he965	0.7153	0.3475	0.7500	0.3750	1155.5640	915.8780	0	0
base-804-holistic-s599	804	holistic	599	he966	0.5467	0.8592	0.9375	1.2500	13025.8830	13027.8201	0	0
base-804-holistic-s599	804	holistic	599	he967	1.3638	1.2405	1.6875	1.5625	10788.9350	10732.4115	0	0
base-804-holistic-s599	804	holistic	599	he970	0.9944	0.6828	1.5000	1.1875	16852.2669	16823.6581	0	0
base-804-holistic-s599	804	holistic	599	he971	2.1316	1.6928	2.3125	1.8750	6028.6754	6072.5006	0	0
base-804-holistic-s599	804	holistic	599	he972	1.8268	2.0128	1.9375	2.1250	3690.6948	3740.8159	0	0
base-804-holistic-s599	804	holistic	599	he976	0.6712	0.1712	1.1250	0.6250	15128.1891	15127.8295	0	0
base-804-holistic-s599	804	holistic	599	he977	1.1113	0.8683	1.1875	0.9375	2540.1259	2308.1806	0	0
base-804-holistic-s599	804	holistic	599	he978	0.4620	0.9636	0.7500	1.2500	9600.7233	9546.2079	0	0
base-804-holistic-s599	804	holistic	599	he980	1.1151	1.3659	1.4375	1.6875	10745.4781	10719.2049	0	0
base-804-holistic-s599	804	holistic	599	he981	0.2807	0.0940	0.7500	0.5625	15642.2763	15615.6925	0	0
base-804-holistic-s599	804	holistic	599	he982	0.4908	0.5537	0.5000	0.5625	306.1495	292.4153	0	0
base-804-holistic-s599	804	holistic	599	he987	1.4939	0.8663	1.8125	1.1875	10619.7104	10708.2186	0	0
base-804-holistic-s599	804	holistic	599	he988	0.9552	0.5212	1.4375	1.0000	16076.7330	15959.9787	0	0
base-804-holistic-s599	804	holistic	599	he990	0.5989	0.5321	0.6250	0.5625	869.2140	1012.6312	0	0
base-804-holistic-s599	804	holistic	599	he994	0.1708	0.5501	0.3750	0.7500	6808.3255	6664.0096	0	0
base-804-holistic-s599	804	holistic	599	he995	0.9890	0.4881	1.3125	0.8125	10782.2091	10813.1690	0	0
base-804-holistic-s599	804	holistic	599	he996	1.3295	0.7679	1.5625	1.0000	7765.9431	7735.7084	0	0
base-804-holistic-s599	804	holistic	599	he997	0.7724	0.8348	0.8125	0.8750	1338.3012	1341.6098	0	0
base-804-holistic-s599	804	holistic	599	he998	1.5293	1.2768	1.8125	1.5625	9439.6596	9524.8080	0	0
