# garden base-801-conventional-s599 seed 801 conventional season 599 n=60 J=16 worlds=16..31 run=/tmp/j32/base-801 work_cost=0.03 (102 s, workers 4)
base-801-conventional-s599	801	conventional	599	ce1206	1.9438	1.0158	2.5000	1.5625	18539.6609	18223.8882	0	0
base-801-conventional-s599	801	conventional	599	ce1207	0.9057	0.6527	1.4375	1.1875	17727.1933	17826.0678	0	0
base-801-conventional-s599	801	conventional	599	ce1212	0.2144	0.1503	0.5000	0.4375	9520.0241	9572.9425	0	0
base-801-conventional-s599	801	conventional	599	ce1217	2.0649	0.7479	2.7500	1.4375	22837.6943	22986.7205	0	0
base-801-conventional-s599	801	conventional	599	ce1218	1.5799	1.1516	2.1875	1.7500	20254.1491	19945.1352	0	0
base-801-conventional-s599	801	conventional	599	ce1219	1.6493	0.9113	2.3750	1.6250	24189.4806	23789.2639	0	0
base-801-conventional-s599	801	conventional	599	ce1220	0.2755	0.5862	0.9375	1.2500	22065.3642	22127.2809	0	0
base-801-conventional-s599	801	conventional	599	ce1221	0.8643	0.8013	1.3125	1.2500	14939.5776	14957.4156	0	0
base-801-conventional-s599	801	conventional	599	ce1222	0.8466	1.2835	1.5000	1.9375	21780.6245	21800.8904	0	0
base-801-conventional-s599	801	conventional	599	ce1224	1.9380	0.7874	2.4375	1.3125	16648.9738	17503.4205	0	0
base-801-conventional-s599	801	conventional	599	ce1229	1.6955	1.3302	2.5000	2.1250	26817.1402	26494.5614	0	0
base-801-conventional-s599	801	conventional	599	ce1232	2.3446	1.4295	2.8750	2.0000	17681.4714	19015.7052	0	0
base-801-conventional-s599	801	conventional	599	ce1233	1.3413	0.9066	1.9375	1.5000	19871.9482	19780.7399	0	0
base-801-conventional-s599	801	conventional	599	ce1234	1.7539	0.7028	2.3750	1.3125	20702.2526	20322.9366	0	0
base-801-conventional-s599	801	conventional	599	ce1236	1.8227	0.8158	2.3750	1.3750	18410.8806	18639.4140	0	0
base-801-conventional-s599	801	conventional	599	ce1237	1.9883	1.4766	2.6250	2.1250	21222.7815	21614.9619	0	0
base-801-conventional-s599	801	conventional	599	ce1239	0.8581	0.2937	1.5625	1.0000	23479.5786	23543.3305	0	0
base-801-conventional-s599	801	conventional	599	ce1240	1.2186	0.6098	1.8125	1.1875	19798.0237	19258.0597	0	0
base-801-conventional-s599	801	conventional	599	ce1241	0.6248	0.6897	1.1875	1.2500	18757.0738	18677.5083	0	0
base-801-conventional-s599	801	conventional	599	ce1242	0.4927	0.6809	1.0000	1.1875	16908.6437	16888.1592	0	0
base-801-conventional-s599	801	conventional	599	ce1243	2.7663	2.3885	3.3125	2.9375	18205.3478	18301.4081	0	0
base-801-conventional-s599	801	conventional	599	ce1245	1.0058	0.8922	1.5625	1.4375	18556.3000	18176.9137	0	0
base-801-conventional-s599	801	conventional	599	ce1246	2.7672	0.6262	3.3125	1.1250	18177.9104	16626.2770	0	0
base-801-conventional-s599	801	conventional	599	ce1247	1.2353	0.1051	1.6875	0.5625	15074.1254	15245.7295	0	0
base-801-conventional-s599	801	conventional	599	ce1248	1.0108	1.0851	1.6875	1.7500	22556.3935	22162.5169	0	0
base-801-conventional-s599	801	conventional	599	ce1249	1.4043	0.8980	1.9375	1.4375	17774.0066	17984.5995	0	0
base-801-conventional-s599	801	conventional	599	ce1251	1.5366	0.8151	2.1875	1.4375	21698.3102	20746.9991	0	0
base-801-conventional-s599	801	conventional	599	ce1252	1.3013	0.8595	2.1250	1.6250	27456.2823	25515.4910	0	0
base-801-conventional-s599	801	conventional	599	ce1253	3.4628	1.2715	4.0000	1.8750	17907.8850	20116.9871	0	0
base-801-conventional-s599	801	conventional	599	ce1254	1.3573	0.6690	1.7500	1.0625	13089.8697	13118.2686	0	0
base-801-conventional-s599	801	conventional	599	ce1256	0.5098	0.4492	0.9375	0.8750	14256.9732	14192.4801	0	0
base-801-conventional-s599	801	conventional	599	ce1257	1.6082	1.2867	2.1875	1.8750	19311.5068	19609.5114	0	0
base-801-conventional-s599	801	conventional	599	ce1258	0.5232	-0.0640	1.0625	0.5000	17976.7060	18799.2684	0	0
base-801-conventional-s599	801	conventional	599	ce1260	0.8828	0.7463	1.0625	0.9375	5991.5657	6374.0737	0	0
base-801-conventional-s599	801	conventional	599	ce1262	1.6255	1.1872	2.0000	1.5625	12481.8849	12509.2923	0	0
base-801-conventional-s599	801	conventional	599	ce1264	1.0530	1.1258	1.6250	1.6875	19066.3539	18722.0215	0	0
base-801-conventional-s599	801	conventional	599	ce1265	1.6474	1.0285	2.4375	1.8125	26335.3708	26133.2840	0	0
base-801-conventional-s599	801	conventional	599	ce1266	0.7619	0.6345	1.2500	1.1250	16271.3407	16349.9427	0	0
base-801-conventional-s599	801	conventional	599	ce1267	1.6301	1.1996	2.3125	1.8750	22745.2656	22512.7879	0	0
base-801-conventional-s599	801	conventional	599	ce1268	0.8668	0.1427	1.5000	0.7500	21105.6631	20242.1425	0	0
base-801-conventional-s599	801	conventional	599	ce1270	1.0957	0.7317	1.6875	1.3125	19727.0744	19360.4500	0	0
base-801-conventional-s599	801	conventional	599	ce1272	0.7424	0.8680	1.1875	1.3125	14836.4714	14816.7516	0	0
base-801-conventional-s599	801	conventional	599	ce1273	1.7420	0.5606	2.3125	1.1250	19017.0832	18814.7098	0	0
base-801-conventional-s599	801	conventional	599	ce1276	1.0460	0.9335	1.5625	1.4375	17215.1088	16801.2867	0	0
base-801-conventional-s599	801	conventional	599	ce1278	1.5628	1.2703	2.0625	1.7500	16657.9078	15990.3117	0	0
base-801-conventional-s599	801	conventional	599	ce1279	1.2776	1.2180	1.9375	1.8750	21997.6940	21901.4880	0	0
base-801-conventional-s599	801	conventional	599	ce1281	2.0462	1.4933	2.6250	2.0625	19293.6440	18974.5978	0	0
base-801-conventional-s599	801	conventional	599	ce1282	1.8842	1.1406	2.4375	1.7500	18442.0339	20312.4195	0	0
base-801-conventional-s599	801	conventional	599	ce1283	1.3827	0.8858	2.0000	1.5000	20576.7871	20473.7323	0	0
base-801-conventional-s599	801	conventional	599	ce1284	1.3542	0.6072	2.0625	1.3125	23609.7328	23510.3530	0	0
base-801-conventional-s599	801	conventional	599	ce1286	1.1121	1.0517	1.6250	1.5625	17097.0051	17026.2593	0	0
base-801-conventional-s599	801	conventional	599	ce1287	1.9200	0.4822	2.5625	1.1250	21418.0167	21428.2911	0	0
base-801-conventional-s599	801	conventional	599	ce1288	1.4345	1.2341	2.0625	1.8750	20931.9258	21363.0707	0	0
base-801-conventional-s599	801	conventional	599	ce1289	1.4167	0.9195	2.0625	1.5625	21527.6721	21431.7002	0	0
base-801-conventional-s599	801	conventional	599	ce1290	2.2880	1.1681	2.8125	1.6875	17484.1924	17314.2349	0	0
base-801-conventional-s599	801	conventional	599	ce1291	1.4150	0.8032	1.9375	1.3125	17416.5951	16977.7228	0	0
base-801-conventional-s599	801	conventional	599	ce1292	0.4087	0.7854	0.8125	1.1875	13458.7696	13402.5760	0	0
base-801-conventional-s599	801	conventional	599	ce1293	1.6524	1.4559	2.1875	2.0000	17835.6510	18136.2053	0	0
base-801-conventional-s599	801	conventional	599	ce1294	0.2060	-0.1083	0.6250	0.3125	13967.6606	14027.3655	0	0
base-801-conventional-s599	801	conventional	599	ce1295	1.1357	0.7070	1.8125	1.3750	22559.0007	22268.0228	0	0
