# garden base-1-conventional-s599 seed 1 conventional season 599 n=60 J=8 worlds=8..15 run=/tmp/j32/base-1 work_cost=0.03 (51 s, workers 4)
base-1-conventional-s599	1	conventional	599	ce1235	0.7863	0.1400	1.1250	0.5000	11289.0850	12000.7160	0	0
base-1-conventional-s599	1	conventional	599	ce1236	2.3363	0.1362	2.8750	0.7500	17956.7982	20459.6760	0	0
base-1-conventional-s599	1	conventional	599	ce1237	1.0293	1.1573	1.5000	1.6250	15689.1180	15589.4844	0	0
base-1-conventional-s599	1	conventional	599	ce1239	0.2738	0.2762	0.6250	0.6250	11708.0432	11625.8254	0	0
base-1-conventional-s599	1	conventional	599	ce1241	1.3933	0.2340	1.8750	0.7500	16055.3521	17200.4410	0	0
base-1-conventional-s599	1	conventional	599	ce1242	1.7380	1.0986	2.2500	1.6250	17067.5176	17546.6456	0	0
base-1-conventional-s599	1	conventional	599	ce1243	1.7823	0.1444	2.2500	0.6250	15589.0623	16020.3055	0	0
base-1-conventional-s599	1	conventional	599	ce1244	1.7887	1.0374	2.2500	1.5000	15377.8655	15419.6328	0	0
base-1-conventional-s599	1	conventional	599	ce1246	0.9442	0.4543	1.5000	1.0000	18525.6383	18189.5600	0	0
base-1-conventional-s599	1	conventional	599	ce1247	-0.0769	0.0502	0.5000	0.6250	19228.9996	19159.9043	0	0
base-1-conventional-s599	1	conventional	599	ce1250	1.8061	1.2317	2.3750	1.7500	18964.5055	17275.0373	0	0
base-1-conventional-s599	1	conventional	599	ce1252	1.3321	1.0569	2.0000	1.7500	22262.4392	23102.2783	0	0
base-1-conventional-s599	1	conventional	599	ce1253	1.3220	0.9421	1.7500	1.3750	14265.0317	14429.6176	0	0
base-1-conventional-s599	1	conventional	599	ce1254	0.6603	0.5100	1.1250	1.0000	15490.8966	16334.0729	0	0
base-1-conventional-s599	1	conventional	599	ce1256	2.0825	3.0890	2.7500	3.7500	22250.1159	22033.2080	0	0
base-1-conventional-s599	1	conventional	599	ce1257	-0.1970	-0.0726	0.1250	0.2500	10733.5598	10751.7618	0	0
base-1-conventional-s599	1	conventional	599	ce1259	0.7635	0.5246	1.3750	1.1250	20384.8902	20014.3656	0	0
base-1-conventional-s599	1	conventional	599	ce1261	0.6869	0.6827	1.1250	1.1250	14604.4149	14742.7914	0	0
base-1-conventional-s599	1	conventional	599	ce1263	2.1715	1.1839	2.6250	1.6250	15116.4443	14702.4828	0	0
base-1-conventional-s599	1	conventional	599	ce1264	0.9238	0.1674	1.3750	0.6250	15039.3773	15251.9748	0	0
base-1-conventional-s599	1	conventional	599	ce1266	2.1162	1.4571	2.7500	2.1250	21126.7012	22263.1871	0	0
base-1-conventional-s599	1	conventional	599	ce1269	1.5556	0.4704	2.2500	1.1250	23146.4153	21820.7321	0	0
base-1-conventional-s599	1	conventional	599	ce1276	0.7169	0.9776	1.1250	1.3750	13602.4751	13246.8948	0	0
base-1-conventional-s599	1	conventional	599	ce1277	2.0609	0.5561	2.6250	1.1250	18802.2933	18963.8170	0	0
base-1-conventional-s599	1	conventional	599	ce1278	1.5994	0.2374	2.2500	0.8750	21687.0669	21254.3118	0	0
base-1-conventional-s599	1	conventional	599	ce1280	1.6139	0.8768	2.0000	1.2500	12869.8291	12440.5845	0	0
base-1-conventional-s599	1	conventional	599	ce1282	0.1849	0.1901	0.8750	0.8750	23001.8829	22829.1256	0	0
base-1-conventional-s599	1	conventional	599	ce1283	0.6622	0.4374	1.1250	0.8750	15427.1648	14587.0380	0	0
base-1-conventional-s599	1	conventional	599	ce1287	0.1972	0.1827	0.7500	0.7500	18427.8822	18911.4493	0	0
base-1-conventional-s599	1	conventional	599	ce1288	0.6118	0.7361	1.1250	1.2500	17107.8054	17128.4213	0	0
base-1-conventional-s599	1	conventional	599	ce1289	0.3736	0.4822	0.8750	1.0000	16712.4633	17259.1965	0	0
base-1-conventional-s599	1	conventional	599	ce1291	2.0030	0.9390	2.6250	1.5000	20734.2076	18700.1551	0	1
base-1-conventional-s599	1	conventional	599	ce1292	2.2854	0.7961	2.8750	1.3750	19653.0710	19297.0889	0	0
base-1-conventional-s599	1	conventional	599	ce1293	3.7288	0.7795	4.2500	1.3750	17372.7690	19851.0118	0	0
base-1-conventional-s599	1	conventional	599	ce1294	2.6092	2.0097	3.3750	2.7500	25526.5657	24677.9533	0	0
base-1-conventional-s599	1	conventional	599	ce1295	2.3295	2.2128	2.8750	2.7500	18182.8298	17907.8921	0	0
base-1-conventional-s599	1	conventional	599	ce1296	1.1039	0.4858	1.7500	1.1250	21537.3929	21307.4525	0	0
base-1-conventional-s599	1	conventional	599	ce1297	1.8404	0.5937	2.2500	1.0000	13654.4400	13542.2010	0	0
base-1-conventional-s599	1	conventional	599	ce1302	1.0837	0.4686	1.6250	1.0000	18044.5062	17713.4970	0	0
base-1-conventional-s599	1	conventional	599	ce1303	2.3378	0.2064	3.0000	0.8750	22073.9982	22286.7828	0	0
base-1-conventional-s599	1	conventional	599	ce1306	2.4430	0.4396	3.1250	1.1250	22733.8164	22846.5469	0	0
base-1-conventional-s599	1	conventional	599	ce1308	0.6010	0.7240	1.2500	1.3750	21633.2245	21699.0289	0	0
base-1-conventional-s599	1	conventional	599	ce1310	1.5127	1.5127	2.1250	2.1250	20410.8873	20410.4061	0	0
base-1-conventional-s599	1	conventional	599	ce1311	0.6240	0.6065	0.7500	0.7500	4201.1600	4783.6855	0	0
base-1-conventional-s599	1	conventional	599	ce1312	0.8875	0.8860	1.3750	1.3750	16251.1457	16299.3392	0	0
base-1-conventional-s599	1	conventional	599	ce1313	2.4593	1.9582	3.1250	2.6250	22190.4749	22225.3589	0	0
base-1-conventional-s599	1	conventional	599	ce1317	2.8143	0.9618	3.6250	1.7500	27024.8829	26273.4134	0	0
base-1-conventional-s599	1	conventional	599	ce1318	1.4670	0.6105	2.1250	1.2500	21932.2664	21316.5208	0	0
base-1-conventional-s599	1	conventional	599	ce1319	0.8705	0.1134	1.5000	0.7500	20982.6119	21218.9411	0	0
base-1-conventional-s599	1	conventional	599	ce1320	2.6512	1.7767	3.2500	2.3750	19961.2114	19941.6944	0	0
base-1-conventional-s599	1	conventional	599	ce1321	1.4654	1.9620	2.1250	2.6250	21986.4516	22098.8812	0	0
base-1-conventional-s599	1	conventional	599	ce1324	0.2550	-0.1191	1.0000	0.6250	24833.5652	24802.8641	0	0
base-1-conventional-s599	1	conventional	599	ce1326	0.4986	0.3293	1.1250	0.8750	20879.9759	18190.9349	0	0
base-1-conventional-s599	1	conventional	599	ce1328	1.5756	0.7215	2.3750	1.5000	26647.2946	25948.8462	0	0
base-1-conventional-s599	1	conventional	599	ce1329	1.8892	0.7552	2.5000	1.3750	20358.3986	20660.9591	0	0
base-1-conventional-s599	1	conventional	599	ce1330	2.1786	1.1785	2.7500	1.7500	19047.1335	19049.5171	0	0
base-1-conventional-s599	1	conventional	599	ce1331	1.0476	0.5643	1.5000	1.0000	15081.6205	14521.7824	0	0
base-1-conventional-s599	1	conventional	599	ce1332	0.3965	0.0167	0.8750	0.5000	15949.9615	16109.9757	0	0
base-1-conventional-s599	1	conventional	599	ce1333	2.9898	0.6065	3.7500	1.3750	25339.5935	25618.3070	0	0
base-1-conventional-s599	1	conventional	599	ce1334	0.8534	0.1049	1.2500	0.5000	13221.1224	13170.8137	0	0
