# garden base-3-holistic-s599 seed 3 holistic season 599 n=60 J=8 worlds=8..15 run=/tmp/j32/base-3 work_cost=0.03 (79 s, workers 4)
base-3-holistic-s599	3	holistic	599	he1000	2.5491	3.2993	2.7500	3.5000	6697.5484	6691.2667	0	0
base-3-holistic-s599	3	holistic	599	he1003	1.0805	0.7089	1.2500	0.8750	5650.6046	5535.7600	0	0
base-3-holistic-s599	3	holistic	599	he1004	0.7333	0.7317	0.7500	0.7500	556.5993	610.3327	0	0
base-3-holistic-s599	3	holistic	599	he1007	0.4864	0.4858	0.5000	0.5000	454.3081	474.6436	0	0
base-3-holistic-s599	3	holistic	599	he1008	1.6769	0.7975	2.0000	1.1250	10770.4884	10915.0699	0	0
base-3-holistic-s599	3	holistic	599	he1010	0.6925	0.6939	1.0000	1.0000	10251.6453	10203.6871	0	0
base-3-holistic-s599	3	holistic	599	he1011	0.3106	0.4452	0.6250	0.7500	10479.9369	10158.8196	0	0
base-3-holistic-s599	3	holistic	599	he1012	0.7028	1.4594	1.0000	1.7500	9907.7122	9687.7650	0	0
base-3-holistic-s599	3	holistic	599	he1013	1.8242	1.1944	2.0000	1.3750	5860.6986	6021.0338	0	0
base-3-holistic-s599	3	holistic	599	he1017	1.4314	1.0576	1.6250	1.2500	6453.9719	6414.4048	0	0
base-3-holistic-s599	3	holistic	599	he1018	0.7898	1.0372	1.1250	1.3750	11173.6461	11259.7732	0	0
base-3-holistic-s599	3	holistic	599	he1020	1.1341	0.5965	1.2500	0.7500	3862.0211	5117.4046	0	0
base-3-holistic-s599	3	holistic	599	he1022	1.3095	1.5632	1.6250	1.8750	10516.5159	10392.2783	0	0
base-3-holistic-s599	3	holistic	599	he1024	1.7130	1.4856	2.0000	1.7500	9565.0133	8813.9731	0	0
base-3-holistic-s599	3	holistic	599	he1026	1.1409	0.6566	1.5000	1.0000	11971.4200	11446.0063	0	0
base-3-holistic-s599	3	holistic	599	he1029	2.4869	0.7387	2.6250	0.8750	4602.3638	4542.8780	0	0
base-3-holistic-s599	3	holistic	599	he1031	1.1409	2.1183	1.3750	2.3750	7804.8734	8555.5132	0	0
base-3-holistic-s599	3	holistic	599	he1034	0.6404	-0.1083	1.0000	0.2500	11986.4330	11942.0206	0	0
base-3-holistic-s599	3	holistic	599	he1035	3.2104	1.3374	3.6250	1.7500	13820.2051	13753.2918	0	0
base-3-holistic-s599	3	holistic	599	he1036	1.1329	1.1328	1.2500	1.2500	3902.8036	3906.7223	0	0
base-3-holistic-s599	3	holistic	599	he1037	0.6109	1.5760	1.6250	2.6250	33803.8899	34967.5908	0	0
base-3-holistic-s599	3	holistic	599	he1038	0.7447	0.3733	1.3750	1.0000	21009.9305	20889.3423	0	0
base-3-holistic-s599	3	holistic	599	he1040	0.7482	0.7481	0.7500	0.7500	59.2373	64.4102	0	0
base-3-holistic-s599	3	holistic	599	he1041	0.1268	0.1300	0.2500	0.2500	4107.2548	3999.4325	0	0
base-3-holistic-s599	3	holistic	599	he1043	3.2334	1.9823	3.6250	2.3750	13054.6295	13089.4063	0	0
base-3-holistic-s599	3	holistic	599	he1044	1.1116	1.6045	1.2500	1.7500	4611.8179	4850.8110	0	0
base-3-holistic-s599	3	holistic	599	he1045	0.5646	1.5634	0.8750	1.8750	10347.0357	10385.7207	0	0
base-3-holistic-s599	3	holistic	599	he1046	0.9091	0.5177	1.0000	0.6250	3028.3907	3575.7201	0	0
base-3-holistic-s599	3	holistic	599	he1048	0.3848	0.8893	0.7500	1.2500	12173.8781	12024.8531	0	0
base-3-holistic-s599	3	holistic	599	he1049	0.5730	0.8262	1.1250	1.3750	18401.6426	18293.3638	0	0
base-3-holistic-s599	3	holistic	599	he1051	-0.0820	0.0434	0.0000	0.1250	2733.0536	2719.7329	0	0
base-3-holistic-s599	3	holistic	599	he1052	0.4207	0.4256	0.5000	0.5000	2644.5565	2481.2374	0	0
base-3-holistic-s599	3	holistic	599	he1053	1.3097	1.3112	1.6250	1.6250	10510.6909	10459.0646	0	0
base-3-holistic-s599	3	holistic	599	he1054	1.0982	1.2217	1.2500	1.3750	5061.6350	5109.1201	0	0
base-3-holistic-s599	3	holistic	599	he1055	0.6438	0.8954	0.7500	1.0000	3539.8737	3485.6580	0	0
base-3-holistic-s599	3	holistic	599	he1057	0.4854	0.3606	0.5000	0.3750	486.4335	481.2274	0	0
base-3-holistic-s599	3	holistic	599	he1058	1.7378	2.2429	2.2500	2.7500	17073.7187	16902.5465	0	0
base-3-holistic-s599	3	holistic	599	he1061	1.8251	1.2021	2.0000	1.3750	5828.5570	5764.5486	0	0
base-3-holistic-s599	3	holistic	599	he1063	0.7079	0.8299	1.0000	1.1250	9736.7357	9837.1504	0	0
base-3-holistic-s599	3	holistic	599	he1064	1.0004	1.5048	1.5000	2.0000	16651.7365	16505.4960	0	0
base-3-holistic-s599	3	holistic	599	he1065	0.6390	0.6389	0.8750	0.8750	7867.2040	7869.4098	0	0
base-3-holistic-s599	3	holistic	599	he1067	1.3493	0.9741	1.5000	1.1250	5023.8721	5028.7603	0	0
base-3-holistic-s599	3	holistic	599	he1068	1.7617	1.8001	2.0000	2.0000	7943.6036	6664.4412	0	0
base-3-holistic-s599	3	holistic	599	he1069	-0.0707	0.4333	0.3750	0.8750	14856.7389	14723.5142	0	0
base-3-holistic-s599	3	holistic	599	he1070	0.4317	0.6718	0.5000	0.7500	2277.6122	2605.2312	0	0
base-3-holistic-s599	3	holistic	599	he1075	1.1904	1.0671	1.2500	1.1250	1986.8285	1929.4153	0	0
base-3-holistic-s599	3	holistic	599	he1076	1.5028	1.3807	1.6250	1.5000	4073.3782	3978.1585	0	0
base-3-holistic-s599	3	holistic	599	he1078	0.7663	0.7613	1.2500	1.2500	16123.9239	16288.5528	0	0
base-3-holistic-s599	3	holistic	599	he1079	0.6249	0.6249	0.6250	0.6250	1.7508	2.7816	0	0
base-3-holistic-s599	3	holistic	599	he1080	3.1927	1.4579	3.3750	1.6250	6078.0059	5568.7516	0	0
base-3-holistic-s599	3	holistic	599	he1081	2.3698	1.9896	2.7500	2.3750	12673.4239	12845.8112	0	0
base-3-holistic-s599	3	holistic	599	he1082	0.2237	0.2236	0.2500	0.2500	876.2335	881.1947	0	0
base-3-holistic-s599	3	holistic	599	he1083	0.6321	0.6337	0.8750	0.8750	8096.3758	8043.0440	0	0
base-3-holistic-s599	3	holistic	599	he1084	2.6285	2.9880	2.8750	3.2500	8215.7211	8734.7297	0	0
base-3-holistic-s599	3	holistic	599	he1085	0.9160	0.5400	1.0000	0.6250	2799.5471	2834.7188	0	0
base-3-holistic-s599	3	holistic	599	he1086	0.5336	0.6577	0.8750	1.0000	11381.6417	11409.5464	0	0
base-3-holistic-s599	3	holistic	599	he1087	2.0662	2.1936	2.3750	2.5000	10292.1407	10212.0778	0	0
base-3-holistic-s599	3	holistic	599	he1088	0.6843	0.2029	1.0000	0.5000	10524.5625	9902.6565	0	0
base-3-holistic-s599	3	holistic	599	he1089	1.3737	1.1237	1.3750	1.1250	44.0035	43.6502	0	0
base-3-holistic-s599	3	holistic	599	he996	1.7680	2.1429	1.8750	2.2500	3565.4153	3569.0634	0	0
