# garden base-3-holistic-s599 seed 3 holistic season 599 n=60 J=16 worlds=16..31 run=/tmp/j32/base-3 work_cost=0.03 (140 s, workers 4)
base-3-holistic-s599	3	holistic	599	he1000	1.6138	1.3671	1.8125	1.5625	6623.3086	6513.8785	0	0
base-3-holistic-s599	3	holistic	599	he1003	1.8768	1.1302	2.0625	1.3125	6190.4420	6075.2244	0	0
base-3-holistic-s599	3	holistic	599	he1004	0.3584	0.4201	0.3750	0.4375	552.7111	578.7125	0	0
base-3-holistic-s599	3	holistic	599	he1007	0.2362	0.2985	0.2500	0.3125	460.2744	465.2180	0	0
base-3-holistic-s599	3	holistic	599	he1008	1.3762	1.4319	1.6875	1.7500	10377.7981	10603.8635	0	0
base-3-holistic-s599	3	holistic	599	he1010	0.5035	0.6924	0.8125	1.0000	10299.6262	10253.5980	0	0
base-3-holistic-s599	3	holistic	599	he1011	0.6946	0.4159	0.9375	0.6875	8097.0336	9054.1536	0	0
base-3-holistic-s599	3	holistic	599	he1012	0.8908	0.7038	1.1875	1.0000	9891.4816	9874.4750	0	0
base-3-holistic-s599	3	holistic	599	he1013	1.0264	1.7888	1.1875	1.9375	5370.0675	4955.1456	0	0
base-3-holistic-s599	3	holistic	599	he1017	1.1973	1.1865	1.3750	1.3750	5921.9337	6282.2117	0	0
base-3-holistic-s599	3	holistic	599	he1018	0.7342	0.6792	1.0625	1.0000	10943.0095	10692.1515	0	0
base-3-holistic-s599	3	holistic	599	he1020	0.2960	0.1880	0.4375	0.3750	4715.7612	6234.1399	0	0
base-3-holistic-s599	3	holistic	599	he1022	0.8102	0.2482	1.1250	0.5625	10494.5032	10477.5414	0	0
base-3-holistic-s599	3	holistic	599	he1024	1.7186	1.2790	2.0000	1.5625	9380.3151	9448.5410	0	0
base-3-holistic-s599	3	holistic	599	he1026	1.2538	1.1910	1.6250	1.5625	12374.0795	12384.7649	0	0
base-3-holistic-s599	3	holistic	599	he1029	1.2372	1.1751	1.3750	1.3125	4593.9520	4578.7189	0	0
base-3-holistic-s599	3	holistic	599	he1031	1.4652	0.9375	1.6875	1.1250	7409.1961	6250.8039	0	0
base-3-holistic-s599	3	holistic	599	he1034	0.5911	0.5908	0.9375	0.9375	11545.6724	11557.5931	0	0
base-3-holistic-s599	3	holistic	599	he1035	1.0858	1.2138	1.5000	1.6250	13807.3455	13706.9623	0	0
base-3-holistic-s599	3	holistic	599	he1036	0.6949	0.6328	0.8125	0.7500	3919.2543	3907.9443	0	0
base-3-holistic-s599	3	holistic	599	he1037	1.2632	1.0197	2.3125	2.0625	34975.3252	34759.5002	0	0
base-3-holistic-s599	3	holistic	599	he1038	1.2496	0.9358	1.8750	1.5625	20845.5898	20888.6976	0	0
base-3-holistic-s599	3	holistic	599	he1040	0.3732	0.3106	0.3750	0.3125	58.5107	62.7644	0	0
base-3-holistic-s599	3	holistic	599	he1041	0.3896	0.5114	0.5000	0.6250	3681.6130	3785.1279	0	0
base-3-holistic-s599	3	holistic	599	he1043	1.8595	0.8610	2.2500	1.2500	13016.3341	12967.8291	0	0
base-3-holistic-s599	3	holistic	599	he1044	0.8410	0.7925	1.0000	0.9375	5300.5782	4834.2469	0	0
base-3-holistic-s599	3	holistic	599	he1045	1.5038	1.6931	1.8125	2.0000	10291.4358	10228.5477	0	0
base-3-holistic-s599	3	holistic	599	he1046	0.4586	0.4580	0.5625	0.5625	3463.6728	3484.2685	0	0
base-3-holistic-s599	3	holistic	599	he1048	0.5549	0.7991	0.9375	1.1875	12754.5340	12946.8510	0	0
base-3-holistic-s599	3	holistic	599	he1049	0.3944	0.5114	0.9375	1.0625	18104.2321	18370.8507	0	0
base-3-holistic-s599	3	holistic	599	he1051	0.3982	0.3981	0.5000	0.5000	3392.7849	3396.1215	0	0
base-3-holistic-s599	3	holistic	599	he1052	1.2324	1.2385	1.3125	1.3125	2669.5990	2467.6933	0	0
base-3-holistic-s599	3	holistic	599	he1053	1.8730	1.2479	2.1875	1.5625	10483.4275	10486.1409	0	0
base-3-holistic-s599	3	holistic	599	he1054	0.5981	0.2809	0.7500	0.4375	5063.2733	5218.7692	0	0
base-3-holistic-s599	3	holistic	599	he1055	1.1383	0.8294	1.2500	0.9375	3722.9864	3604.1769	0	0
base-3-holistic-s599	3	holistic	599	he1057	0.2359	0.2359	0.2500	0.2500	470.7667	471.4145	0	0
base-3-holistic-s599	3	holistic	599	he1058	1.4262	1.4250	1.9375	1.9375	17041.7923	17083.1760	0	0
base-3-holistic-s599	3	holistic	599	he1061	0.8990	0.7090	1.0625	0.8750	5450.5810	5534.5646	0	0
base-3-holistic-s599	3	holistic	599	he1063	0.7066	0.2060	1.0000	0.5000	9780.6122	9800.1746	0	0
base-3-holistic-s599	3	holistic	599	he1064	0.6658	1.4210	1.1250	1.8750	15306.7923	15132.3891	0	0
base-3-holistic-s599	3	holistic	599	he1065	0.1390	0.0769	0.3750	0.3125	7865.7455	7854.2987	0	0
base-3-holistic-s599	3	holistic	599	he1067	0.8965	0.9663	1.0625	1.1250	5534.7167	5291.2108	0	0
base-3-holistic-s599	3	holistic	599	he1068	1.5336	1.4707	1.7500	1.6875	7213.7874	7227.3151	0	0
base-3-holistic-s599	3	holistic	599	he1069	0.3720	0.1727	0.8125	0.6250	14682.0227	15076.3676	0	0
base-3-holistic-s599	3	holistic	599	he1070	0.2987	0.2367	0.3750	0.3125	2543.0931	2527.8975	0	0
base-3-holistic-s599	3	holistic	599	he1075	0.3768	0.9409	0.4375	1.0000	2023.5237	1971.4078	0	0
base-3-holistic-s599	3	holistic	599	he1076	1.3267	0.7636	1.4375	0.8750	3694.3183	3713.6916	0	0
base-3-holistic-s599	3	holistic	599	he1078	0.7097	0.7516	1.1875	1.2500	15926.7737	16612.5914	0	0
base-3-holistic-s599	3	holistic	599	he1079	0.3124	0.1874	0.3125	0.1875	1.8598	3.5255	0	0
base-3-holistic-s599	3	holistic	599	he1080	1.8725	1.2685	2.0625	1.4375	6332.9934	5634.6104	0	0
base-3-holistic-s599	3	holistic	599	he1081	1.4950	0.8675	1.8750	1.2500	12668.2230	12751.0029	0	0
base-3-holistic-s599	3	holistic	599	he1082	0.1632	0.1011	0.1875	0.1250	811.5166	797.5134	0	0
base-3-holistic-s599	3	holistic	599	he1083	0.7582	0.6954	1.0000	0.9375	8060.0635	8068.4530	0	0
base-3-holistic-s599	3	holistic	599	he1084	1.5393	2.1393	1.8125	2.4375	9108.2259	9939.1676	0	0
base-3-holistic-s599	3	holistic	599	he1085	0.8993	1.1436	1.0000	1.2500	3358.0039	3547.7148	0	0
base-3-holistic-s599	3	holistic	599	he1086	1.3542	0.8435	1.6875	1.1875	11108.3452	11465.3551	0	0
base-3-holistic-s599	3	holistic	599	he1087	1.4093	1.0910	1.6875	1.3750	9274.8097	9467.9416	0	0
base-3-holistic-s599	3	holistic	599	he1088	1.2552	0.8916	1.5625	1.1875	10243.7581	9864.9460	0	0
base-3-holistic-s599	3	holistic	599	he1089	0.7487	0.4362	0.7500	0.4375	43.7529	44.1566	0	0
base-3-holistic-s599	3	holistic	599	he996	1.5314	1.5134	1.6250	1.6250	3120.3440	3720.1921	0	0
