# garden c0-2-holistic seed 2 holistic season 381 n=60 J=16 worlds=16..31 run=/tmp/j32/base-2 work_cost=0.03 (132 s, workers 4)
c0-2-holistic	2	holistic	381	he602	0.7686	0.7690	0.8750	0.8750	3547.7283	3532.7441	0	0
c0-2-holistic	2	holistic	381	he604	1.1142	0.9895	1.1250	1.0000	361.0262	348.4069	0	0
c0-2-holistic	2	holistic	381	he605	1.0400	0.6653	1.1875	0.8125	4915.0395	4905.8764	0	0
c0-2-holistic	2	holistic	381	he607	0.8437	0.7793	1.1250	1.0625	9377.6733	9441.3548	0	0
c0-2-holistic	2	holistic	381	he608	1.0887	0.8452	1.1250	0.8750	1211.2311	994.5233	0	0
c0-2-holistic	2	holistic	381	he609	0.2995	0.3615	0.4375	0.5000	4601.4613	4615.7220	0	0
c0-2-holistic	2	holistic	381	he610	0.6712	0.4265	1.0000	0.7500	10958.8531	10784.3863	0	0
c0-2-holistic	2	holistic	381	he612	1.6625	1.4731	1.7500	1.5625	2917.8741	2979.0812	0	0
c0-2-holistic	2	holistic	381	he614	1.1777	0.9902	1.3750	1.1875	6577.2367	6575.6237	0	0
c0-2-holistic	2	holistic	381	he615	1.5994	1.2331	1.8125	1.4375	7102.8400	6811.6669	0	0
c0-2-holistic	2	holistic	381	he618	1.5625	1.3546	1.8125	1.6250	8334.2190	9013.1797	0	0
c0-2-holistic	2	holistic	381	he621	0.4438	0.3796	0.5000	0.4375	1873.0171	1931.4026	0	0
c0-2-holistic	2	holistic	381	he622	0.6398	0.5109	0.8125	0.6875	5757.2605	5886.2129	0	0
c0-2-holistic	2	holistic	381	he624	0.3120	0.3250	0.3750	0.3750	2100.2555	1666.8395	0	0
c0-2-holistic	2	holistic	381	he626	0.7460	1.0635	0.9375	1.2500	6382.2683	6218.2958	0	0
c0-2-holistic	2	holistic	381	he627	0.4277	0.4278	0.4375	0.4375	325.0620	323.2381	0	0
c0-2-holistic	2	holistic	381	he628	0.7488	0.6975	0.8125	0.7500	2123.9096	1749.2062	0	0
c0-2-holistic	2	holistic	381	he629	0.7077	0.6457	0.9375	0.8750	7658.7940	7644.3886	0	0
c0-2-holistic	2	holistic	381	he630	0.8569	0.9206	0.9375	1.0000	2685.2107	2647.4012	0	0
c0-2-holistic	2	holistic	381	he632	2.2825	1.7850	2.4375	1.9375	5165.3616	5083.0229	0	0
c0-2-holistic	2	holistic	381	he634	0.5508	0.5507	0.6250	0.6250	2473.5126	2475.9895	0	0
c0-2-holistic	2	holistic	381	he635	2.1327	1.7602	2.3125	1.9375	5992.9682	5910.8189	0	0
c0-2-holistic	2	holistic	381	he636	1.0044	0.8082	1.0625	0.8750	1937.6362	2227.2566	0	0
c0-2-holistic	2	holistic	381	he639	1.2330	1.0205	1.3750	1.1250	4733.4441	3482.8143	0	0
c0-2-holistic	2	holistic	381	he640	0.7775	0.7752	1.0625	1.0625	9501.1687	9577.6098	0	0
c0-2-holistic	2	holistic	381	he641	0.8862	1.0131	1.1250	1.2500	7960.7501	7898.1424	0	0
c0-2-holistic	2	holistic	381	he642	0.7770	0.9676	0.8125	1.0000	1182.1431	1081.0054	0	0
c0-2-holistic	2	holistic	381	he643	0.3299	0.1442	0.3750	0.1875	1502.0904	1444.7202	0	0
c0-2-holistic	2	holistic	381	he644	0.4051	0.4762	0.6875	0.7500	9413.4260	9125.4506	0	0
c0-2-holistic	2	holistic	381	he646	0.9789	1.0426	1.3125	1.3750	11119.2502	11078.4821	0	0
c0-2-holistic	2	holistic	381	he647	1.2094	1.1410	1.5625	1.5000	11769.9003	11968.0226	0	0
c0-2-holistic	2	holistic	381	he649	0.6081	0.6115	0.6875	0.6875	2646.2779	2533.9520	0	0
c0-2-holistic	2	holistic	381	he650	0.8149	0.6331	1.0000	0.8125	6170.8770	5978.6082	0	0
c0-2-holistic	2	holistic	381	he651	0.5455	0.7981	0.8750	1.1250	10984.2042	10895.3570	0	0
c0-2-holistic	2	holistic	381	he653	0.1719	0.1732	0.1875	0.1875	520.0917	475.4160	0	0
c0-2-holistic	2	holistic	381	he654	0.9082	1.4708	1.0000	1.5625	3061.3188	3055.8750	0	0
c0-2-holistic	2	holistic	381	he656	1.3197	0.8869	1.5625	1.1250	8092.2614	7935.5470	0	0
c0-2-holistic	2	holistic	381	he657	0.8723	0.7491	1.0625	0.9375	6338.6997	6280.0682	0	0
c0-2-holistic	2	holistic	381	he658	1.0259	1.0241	1.3125	1.3125	9553.9155	9613.8725	0	0
c0-2-holistic	2	holistic	381	he659	2.2652	1.5232	2.5625	1.8125	9908.9098	9642.8286	0	0
c0-2-holistic	2	holistic	381	he660	1.1266	0.5637	1.3125	0.7500	6195.7897	6209.5998	0	0
c0-2-holistic	2	holistic	381	he662	1.1594	0.7239	1.1875	0.7500	937.0895	870.7522	0	0
c0-2-holistic	2	holistic	381	he664	2.0610	2.5014	2.2500	2.6875	6298.4696	6203.2690	0	0
c0-2-holistic	2	holistic	381	he665	0.2997	0.3725	0.3750	0.4375	2511.5374	2166.5624	0	0
c0-2-holistic	2	holistic	381	he666	2.7541	1.6312	2.8125	1.6875	1945.8443	1876.3931	0	0
c0-2-holistic	2	holistic	381	he671	0.7450	0.8103	0.8125	0.8750	2248.5035	2156.6680	0	0
c0-2-holistic	2	holistic	381	he672	0.6623	0.6601	0.6875	0.6875	840.1340	913.8525	0	0
c0-2-holistic	2	holistic	381	he673	0.5079	0.4362	0.5625	0.5000	1818.7521	2125.3633	0	0
c0-2-holistic	2	holistic	381	he674	0.8762	0.3821	1.0000	0.5000	4127.6958	3931.5068	0	0
c0-2-holistic	2	holistic	381	he675	1.7270	1.0448	1.9375	1.2500	7015.7228	6838.3345	0	0
c0-2-holistic	2	holistic	381	he676	1.2247	1.1156	1.3750	1.2500	5011.1918	4479.5216	0	0
c0-2-holistic	2	holistic	381	he677	0.8392	0.7214	0.8750	0.7500	1191.8031	953.9173	0	0
c0-2-holistic	2	holistic	381	he678	1.4977	1.5043	1.8125	1.8125	10494.8892	10274.6226	0	0
c0-2-holistic	2	holistic	381	he680	1.3940	0.8353	1.4375	0.8750	1450.9858	1322.7315	0	0
c0-2-holistic	2	holistic	381	he683	0.8420	0.5927	1.0000	0.7500	5265.9591	5242.8814	0	0
c0-2-holistic	2	holistic	381	he685	0.6053	0.9190	0.6250	0.9375	657.7568	616.9231	0	0
c0-2-holistic	2	holistic	381	he686	3.0429	2.2387	3.1250	2.3125	2737.5451	2458.5618	0	0
c0-2-holistic	2	holistic	381	he687	1.6790	1.1846	1.8125	1.3125	4449.3742	4264.8099	0	0
c0-2-holistic	2	holistic	381	he688	1.3980	1.4062	1.6250	1.6250	7565.7441	7292.8848	0	0
c0-2-holistic	2	holistic	381	he689	0.1217	0.1217	0.1250	0.1250	111.0591	110.1366	0	0
