# garden c0-7-holistic seed 7 holistic season 353 n=60 J=16 worlds=16..31 run=/tmp/j32/base-7 work_cost=0.03 (115 s, workers 4)
c0-7-holistic	7	holistic	353	he623	0.9181	0.1672	1.1250	0.3750	6895.7939	6925.6038	0	0
c0-7-holistic	7	holistic	353	he626	1.2256	1.2246	1.3125	1.3125	2896.6160	2931.6054	0	0
c0-7-holistic	7	holistic	353	he627	0.1012	0.2274	0.1250	0.2500	792.1699	752.8174	0	0
c0-7-holistic	7	holistic	353	he629	2.5728	2.4470	2.7500	2.6250	5907.8706	5932.1248	0	0
c0-7-holistic	7	holistic	353	he630	1.6220	1.1222	1.7500	1.2500	4265.6236	4258.7423	0	0
c0-7-holistic	7	holistic	353	he631	1.1018	0.7938	1.1250	0.8125	772.1802	622.0260	0	0
c0-7-holistic	7	holistic	353	he632	0.4773	0.4782	0.5000	0.5000	757.5284	726.6713	0	0
c0-7-holistic	7	holistic	353	he633	1.0531	0.9847	1.1250	1.0625	2397.9174	2594.0004	0	0
c0-7-holistic	7	holistic	353	he635	1.9043	1.4167	2.0000	1.5000	3188.5954	2777.8401	0	0
c0-7-holistic	7	holistic	353	he636	0.7733	0.5259	0.8125	0.5625	1305.7780	1220.0843	0	0
c0-7-holistic	7	holistic	353	he637	0.3114	0.4363	0.3125	0.4375	37.5848	39.6049	0	0
c0-7-holistic	7	holistic	353	he638	0.7399	0.6148	0.7500	0.6250	336.7152	339.3914	0	0
c0-7-holistic	7	holistic	353	he641	0.3357	0.5292	0.3750	0.5625	1311.3674	1111.4126	0	0
c0-7-holistic	7	holistic	353	he645	1.1161	1.3045	1.3750	1.5625	8630.2399	8600.2900	0	0
c0-7-holistic	7	holistic	353	he646	0.8025	0.3087	0.8750	0.3750	2416.1506	2211.0050	0	0
c0-7-holistic	7	holistic	353	he648	1.8409	1.7759	2.0000	1.9375	5302.7531	5387.4447	0	0
c0-7-holistic	7	holistic	353	he651	0.9340	0.8100	1.0000	0.8750	2199.8897	2165.5111	0	0
c0-7-holistic	7	holistic	353	he653	1.5866	0.9609	1.7500	1.1250	5447.0730	5470.3182	0	0
c0-7-holistic	7	holistic	353	he657	2.6034	1.5523	2.6875	1.6250	2804.5576	2424.4785	0	0
c0-7-holistic	7	holistic	353	he661	1.2479	1.2491	1.4375	1.4375	6318.9463	6279.1037	0	0
c0-7-holistic	7	holistic	353	he664	1.1082	0.5513	1.1875	0.6250	2644.1403	2455.6336	0	0
c0-7-holistic	7	holistic	353	he665	0.5510	0.6136	0.5625	0.6250	383.0463	380.2343	0	0
c0-7-holistic	7	holistic	353	he666	1.1749	0.9245	1.3750	1.1250	6669.7183	6684.0213	0	0
c0-7-holistic	7	holistic	353	he670	2.1172	1.7582	2.2500	1.8750	4425.9447	3894.3251	0	0
c0-7-holistic	7	holistic	353	he672	0.7647	0.7011	0.8125	0.7500	1594.0126	1629.1914	0	0
c0-7-holistic	7	holistic	353	he673	0.7789	0.7193	0.8125	0.7500	1120.5044	1022.7647	0	0
c0-7-holistic	7	holistic	353	he674	1.2214	1.4181	1.3750	1.5625	5121.2854	4812.8245	0	0
c0-7-holistic	7	holistic	353	he675	3.5674	2.5128	3.7500	2.6875	6087.7097	5824.4402	0	0
c0-7-holistic	7	holistic	353	he676	0.8574	0.7950	0.8750	0.8125	586.9300	584.9638	0	0
c0-7-holistic	7	holistic	353	he678	0.4884	0.5483	0.6250	0.6875	4554.2019	4639.3743	0	0
c0-7-holistic	7	holistic	353	he679	1.8233	1.4494	2.0000	1.6250	5890.7980	5852.2359	0	0
c0-7-holistic	7	holistic	353	he680	1.0923	1.3425	1.1875	1.4375	3173.8468	3165.1242	0	0
c0-7-holistic	7	holistic	353	he682	0.3661	0.5525	0.3750	0.5625	295.3535	334.7537	0	0
c0-7-holistic	7	holistic	353	he684	1.1506	1.2773	1.3125	1.4375	5396.8334	5338.9942	0	0
c0-7-holistic	7	holistic	353	he685	3.0398	2.1715	3.1250	2.2500	2840.3553	2616.4298	0	0
c0-7-holistic	7	holistic	353	he687	0.9738	1.2358	1.0000	1.2500	871.8770	473.0987	0	0
c0-7-holistic	7	holistic	353	he689	0.7534	0.6316	1.0000	0.8750	8218.7993	8112.3272	0	0
c0-7-holistic	7	holistic	353	he690	0.8940	0.8949	0.9375	0.9375	1451.5467	1419.6733	0	0
c0-7-holistic	7	holistic	353	he691	1.8560	1.7490	1.9375	1.8125	2715.4043	2117.5341	0	0
c0-7-holistic	7	holistic	353	he692	0.3087	0.3107	0.3125	0.3125	125.7945	61.4124	0	0
c0-7-holistic	7	holistic	353	he693	0.1587	0.1584	0.1875	0.1875	960.7717	970.1149	0	0
c0-7-holistic	7	holistic	353	he694	1.5227	2.3421	1.7500	2.5625	7576.2076	7345.6899	0	0
c0-7-holistic	7	holistic	353	he695	0.8874	0.3942	1.0000	0.5000	3752.2695	3527.0636	0	0
c0-7-holistic	7	holistic	353	he696	0.2996	0.6744	0.9375	1.3125	21263.8195	21270.7780	0	0
c0-7-holistic	7	holistic	353	he697	2.0806	1.2032	2.1875	1.3125	3564.8714	3642.3955	0	0
c0-7-holistic	7	holistic	353	he699	0.3097	0.1224	0.3125	0.1250	94.2924	88.2605	0	0
c0-7-holistic	7	holistic	353	he700	2.6863	3.2510	2.8750	3.4375	6291.2140	6218.2865	0	0
c0-7-holistic	7	holistic	353	he704	0.7476	0.6345	0.8125	0.6875	2162.6130	1767.1174	0	0
c0-7-holistic	7	holistic	353	he706	0.5417	0.4800	0.5625	0.5000	694.4904	666.3930	0	0
c0-7-holistic	7	holistic	353	he707	1.9654	0.7169	2.2500	1.0000	9486.5423	9437.9445	0	0
c0-7-holistic	7	holistic	353	he708	1.2887	1.3534	1.4375	1.5000	4961.1219	4887.8964	0	0
c0-7-holistic	7	holistic	353	he709	2.4235	1.7972	2.6250	2.0000	6718.0309	6759.4524	0	0
c0-7-holistic	7	holistic	353	he710	1.7385	1.1808	1.9375	1.3750	6632.9127	6473.0501	0	0
c0-7-holistic	7	holistic	353	he711	0.7597	0.6925	0.8125	0.7500	1760.4368	1917.0337	0	0
c0-7-holistic	7	holistic	353	he712	0.1874	0.1249	0.1875	0.1250	4.9441	4.5398	0	0
c0-7-holistic	7	holistic	353	he713	0.8131	0.7531	0.8750	0.8125	2064.7130	1980.9893	0	0
c0-7-holistic	7	holistic	353	he714	0.8448	0.7844	0.8750	0.8125	1006.7818	937.3403	0	0
c0-7-holistic	7	holistic	353	he715	1.0844	1.0849	1.3750	1.3750	9687.5491	9670.9467	0	0
c0-7-holistic	7	holistic	353	he716	0.8394	0.5931	0.8750	0.6250	1186.7199	1063.4499	0	0
c0-7-holistic	7	holistic	353	he717	0.1410	0.2043	0.1875	0.2500	1550.3568	1521.8926	0	0
