# garden c0-805-conventional seed 805 conventional season 358 n=60 J=8 worlds=8..15 run=/tmp/j32/base-805 work_cost=0.03 (60 s, workers 4)
c0-805-conventional	805	conventional	358	ce744	3.3448	1.4814	4.0000	2.1250	21839.3862	21453.4669	0	0
c0-805-conventional	805	conventional	358	ce745	2.1903	0.4430	2.8750	1.1250	22824.4039	22734.7271	0	0
c0-805-conventional	805	conventional	358	ce747	3.2862	2.1625	4.0000	2.8750	23793.2506	23750.8946	0	0
c0-805-conventional	805	conventional	358	ce748	2.2694	0.7743	2.8750	1.3750	20185.5377	20023.4467	0	0
c0-805-conventional	805	conventional	358	ce749	1.9007	0.8955	2.5000	1.5000	19977.8648	20150.1455	0	0
c0-805-conventional	805	conventional	358	ce750	0.0161	0.0191	0.5000	0.5000	16130.6504	16030.3465	0	0
c0-805-conventional	805	conventional	358	ce751	1.1751	0.3199	1.7500	0.8750	19164.8588	18504.6805	0	0
c0-805-conventional	805	conventional	358	ce753	1.5059	0.3516	2.0000	0.8750	16468.6032	17447.6619	0	0
c0-805-conventional	805	conventional	358	ce755	2.5809	0.2288	3.1250	0.7500	18135.7708	17372.1387	0	0
c0-805-conventional	805	conventional	358	ce757	2.0341	0.2792	2.7500	1.0000	23864.5676	24028.0829	0	0
c0-805-conventional	805	conventional	358	ce759	1.8465	0.8532	2.5000	1.5000	21783.9018	21559.4081	0	0
c0-805-conventional	805	conventional	358	ce760	2.7497	1.1365	3.3750	1.7500	20844.1792	20449.6532	0	0
c0-805-conventional	805	conventional	358	ce766	3.1069	2.1890	3.6250	2.7500	17269.4214	18698.8597	0	0
c0-805-conventional	805	conventional	358	ce768	1.7411	0.7497	2.3750	1.3750	21128.9010	20843.8379	0	0
c0-805-conventional	805	conventional	358	ce769	2.1643	1.5312	2.6250	2.0000	15357.8705	15626.5837	0	0
c0-805-conventional	805	conventional	358	ce770	1.6225	0.2504	2.3750	1.0000	25084.2787	24985.3653	0	0
c0-805-conventional	805	conventional	358	ce772	0.1785	0.6773	0.6250	1.1250	14883.3921	14923.0768	0	0
c0-805-conventional	805	conventional	358	ce774	1.3827	1.5056	2.0000	2.1250	20575.1875	20647.2227	0	0
c0-805-conventional	805	conventional	358	ce775	1.4019	0.4924	1.8750	1.0000	15770.2228	16920.4996	0	0
c0-805-conventional	805	conventional	358	ce779	1.0211	0.1434	1.6250	0.7500	20130.6265	20221.2653	0	0
c0-805-conventional	805	conventional	358	ce780	3.1436	2.0184	3.7500	2.6250	20214.6300	20219.4493	0	0
c0-805-conventional	805	conventional	358	ce781	1.3444	0.2143	2.0000	0.8750	21853.5116	22022.5865	0	0
c0-805-conventional	805	conventional	358	ce785	3.3091	1.9358	4.0000	2.6250	23030.9248	22973.7570	0	0
c0-805-conventional	805	conventional	358	ce786	2.1352	0.0350	2.7500	0.7500	20492.0906	23833.7329	0	0
c0-805-conventional	805	conventional	358	ce787	1.6606	0.5377	2.2500	1.1250	19647.3374	19576.4510	0	0
c0-805-conventional	805	conventional	358	ce788	1.3473	1.5967	1.8750	2.1250	17590.6965	17609.0487	0	0
c0-805-conventional	805	conventional	358	ce789	0.5348	0.6513	0.7500	0.8750	7174.4714	7457.0978	0	0
c0-805-conventional	805	conventional	358	ce790	3.0268	1.1043	3.5000	1.6250	15771.8355	17357.9634	0	0
c0-805-conventional	805	conventional	358	ce791	2.3490	1.9779	3.0000	2.6250	21700.3312	21570.7428	0	0
c0-805-conventional	805	conventional	358	ce792	1.3983	2.3958	2.1250	3.1250	24222.6528	24306.3683	0	0
c0-805-conventional	805	conventional	358	ce794	2.1537	0.9588	2.8750	1.6250	24044.3213	22207.7256	0	0
c0-805-conventional	805	conventional	358	ce795	0.5230	0.3996	0.7500	0.6250	7567.9730	7514.3535	0	0
c0-805-conventional	805	conventional	358	ce797	0.6908	0.1795	1.2500	0.7500	18640.6338	19016.1282	0	0
c0-805-conventional	805	conventional	358	ce798	1.9188	0.0807	2.3750	0.5000	15205.1106	13976.2158	0	0
c0-805-conventional	805	conventional	358	ce799	1.7722	0.9167	2.5000	1.6250	24259.4416	23610.0465	0	0
c0-805-conventional	805	conventional	358	ce800	2.4421	1.0803	3.1250	1.7500	22762.3298	22324.4026	0	0
c0-805-conventional	805	conventional	358	ce801	2.0035	1.0459	2.5000	1.6250	16548.9440	19304.1632	0	0
c0-805-conventional	805	conventional	358	ce803	2.1108	1.4716	2.6250	2.0000	17139.3117	17612.5590	0	0
c0-805-conventional	805	conventional	358	ce805	2.6962	0.4347	3.3750	1.0000	22627.1983	18844.2595	0	1
c0-805-conventional	805	conventional	358	ce808	2.4390	0.7104	3.1250	1.3750	22867.3654	22152.6853	0	0
c0-805-conventional	805	conventional	358	ce809	2.2187	1.2445	2.8750	1.8750	21876.7558	21017.0345	0	0
c0-805-conventional	805	conventional	358	ce810	2.5040	0.9890	3.0000	1.5000	16533.2611	17033.0287	0	0
c0-805-conventional	805	conventional	358	ce811	1.8139	1.1553	2.5000	1.7500	22871.6635	19823.4970	0	1
c0-805-conventional	805	conventional	358	ce812	1.1636	0.6604	1.7500	1.2500	19546.4494	19651.8288	0	0
c0-805-conventional	805	conventional	358	ce813	0.9376	0.8232	1.6250	1.5000	22912.5957	22560.2202	0	0
c0-805-conventional	805	conventional	358	ce814	3.0690	1.3411	3.7500	2.0000	22699.5101	21963.9069	0	0
c0-805-conventional	805	conventional	358	ce818	0.5035	0.4893	0.8750	0.8750	12382.0018	12856.9970	0	0
c0-805-conventional	805	conventional	358	ce819	3.1882	2.2111	3.6250	2.6250	14558.8372	13796.6106	0	0
c0-805-conventional	805	conventional	358	ce820	2.4385	1.0740	3.1250	1.7500	22883.0513	22534.6723	0	0
c0-805-conventional	805	conventional	358	ce821	2.1968	1.4525	2.8750	2.1250	22608.1642	22416.1584	0	0
c0-805-conventional	805	conventional	358	ce822	0.7900	0.6804	1.2500	1.1250	15332.1284	14821.3378	0	0
c0-805-conventional	805	conventional	358	ce823	3.1901	1.2566	3.7500	1.8750	18664.2283	20614.9525	0	0
c0-805-conventional	805	conventional	358	ce824	3.5312	1.7010	4.0000	2.2500	15627.3391	18298.6461	0	0
c0-805-conventional	805	conventional	358	ce825	1.2516	0.3734	1.7500	0.8750	16611.7009	16720.0003	0	0
c0-805-conventional	805	conventional	358	ce828	0.6557	0.5009	1.5000	1.2500	28144.7132	24968.8813	0	0
c0-805-conventional	805	conventional	358	ce829	2.0984	1.2207	2.7500	1.8750	21721.1926	21811.2550	0	0
c0-805-conventional	805	conventional	358	ce830	-0.2529	-0.0037	0.5000	0.7500	25095.9216	25122.1340	0	0
c0-805-conventional	805	conventional	358	ce831	2.1547	0.6440	2.8750	1.3750	24010.9977	24365.1462	0	0
c0-805-conventional	805	conventional	358	ce832	-0.4070	-0.5245	0.5000	0.3750	30234.1374	29984.4040	0	0
c0-805-conventional	805	conventional	358	ce833	2.7678	1.6073	3.5000	2.2500	24405.2574	21423.6578	0	0
