# garden c0-805-conventional seed 805 conventional season 358 n=60 J=16 worlds=16..31 run=/tmp/j32/base-805 work_cost=0.03 (118 s, workers 4)
c0-805-conventional	805	conventional	358	ce744	2.8432	1.3550	3.5000	2.0000	21892.4341	21499.3764	0	0
c0-805-conventional	805	conventional	358	ce745	2.5032	0.5079	3.1875	1.1875	22810.3016	22653.2466	0	0
c0-805-conventional	805	conventional	358	ce747	4.5348	2.2240	5.2500	2.9375	23839.1774	23783.4899	0	0
c0-805-conventional	805	conventional	358	ce748	2.2630	1.0053	2.8750	1.5625	20401.4011	18573.5771	0	0
c0-805-conventional	805	conventional	358	ce749	3.0159	1.2035	3.6250	1.8125	20302.8218	20299.4148	0	0
c0-805-conventional	805	conventional	358	ce750	2.1697	1.2322	2.6250	1.6875	15176.0694	15177.1242	0	0
c0-805-conventional	805	conventional	358	ce751	0.8652	-0.0037	1.4375	0.5625	19077.7448	18873.6150	0	0
c0-805-conventional	805	conventional	358	ce753	1.1770	0.2673	1.6875	0.8125	17016.5486	18174.6531	0	0
c0-805-conventional	805	conventional	358	ce755	2.0090	0.7318	2.5625	1.3125	18450.8094	19358.1523	0	0
c0-805-conventional	805	conventional	358	ce757	1.7854	0.7227	2.5000	1.4375	23818.5231	23828.0138	0	0
c0-805-conventional	805	conventional	358	ce759	2.9626	1.4152	3.6250	2.0625	22080.0849	21575.3020	0	0
c0-805-conventional	805	conventional	358	ce760	3.8775	1.9526	4.5000	2.5625	20750.5584	20331.2233	0	0
c0-805-conventional	805	conventional	358	ce766	2.6807	1.2849	3.1875	1.8125	16891.7858	17585.1583	0	0
c0-805-conventional	805	conventional	358	ce768	1.5454	0.7351	2.1875	1.3750	21404.7978	21330.9631	0	0
c0-805-conventional	805	conventional	358	ce769	2.2971	1.0362	2.7500	1.5000	15097.5241	15458.5938	0	0
c0-805-conventional	805	conventional	358	ce770	1.7414	0.6297	2.5000	1.3750	25285.3087	24844.6068	0	0
c0-805-conventional	805	conventional	358	ce772	0.8649	0.2374	1.3125	0.6875	14919.5243	15002.8993	0	0
c0-805-conventional	805	conventional	358	ce774	1.9459	0.8183	2.5625	1.4375	20554.8484	20638.9651	0	0
c0-805-conventional	805	conventional	358	ce775	0.3491	0.1337	0.8125	0.6250	15446.1289	16377.2116	0	0
c0-805-conventional	805	conventional	358	ce779	1.3315	1.2678	1.9375	1.8750	20201.1043	20238.8994	0	0
c0-805-conventional	805	conventional	358	ce780	2.2045	1.2645	2.8125	1.8750	20265.1024	20351.0525	0	0
c0-805-conventional	805	conventional	358	ce781	2.6580	1.0889	3.3125	1.7500	21817.1935	22035.7451	0	0
c0-805-conventional	805	conventional	358	ce785	2.5568	0.3729	3.2500	1.0625	23107.0241	22987.7964	0	0
c0-805-conventional	805	conventional	358	ce786	1.5691	0.5441	2.1875	1.1875	20612.9403	21448.3034	0	0
c0-805-conventional	805	conventional	358	ce787	1.5998	-0.1104	2.1875	0.4375	19588.8989	18263.6157	0	1
c0-805-conventional	805	conventional	358	ce788	2.6465	1.7668	3.1875	2.3125	18033.4752	18189.8108	0	0
c0-805-conventional	805	conventional	358	ce789	1.7121	1.2104	1.9375	1.4375	7513.2115	7570.5517	0	0
c0-805-conventional	805	conventional	358	ce790	2.5303	0.5853	3.0000	1.1250	15655.0710	17988.6579	0	0
c0-805-conventional	805	conventional	358	ce791	1.9575	1.4662	2.6250	2.1250	22251.0387	21960.0993	0	0
c0-805-conventional	805	conventional	358	ce792	1.7673	0.9758	2.5000	1.6875	24422.9888	23723.9585	0	0
c0-805-conventional	805	conventional	358	ce794	2.9695	1.5417	3.6875	2.2500	23932.7685	23609.8853	0	0
c0-805-conventional	805	conventional	358	ce795	1.0933	0.7672	1.3125	1.0000	7306.0264	7761.5532	0	0
c0-805-conventional	805	conventional	358	ce797	0.8133	0.9369	1.3750	1.5000	18722.0533	18771.3630	0	0
c0-805-conventional	805	conventional	358	ce798	1.4113	0.6175	1.8750	1.0625	15457.4352	14834.5922	0	0
c0-805-conventional	805	conventional	358	ce799	1.7673	1.0245	2.5000	1.7500	24424.8864	24184.3455	0	0
c0-805-conventional	805	conventional	358	ce800	1.8854	0.7763	2.5625	1.4375	22569.9275	22041.5289	0	0
c0-805-conventional	805	conventional	358	ce801	2.0011	0.2037	2.5000	0.7500	16629.8608	18211.2635	0	0
c0-805-conventional	805	conventional	358	ce803	1.1777	1.1185	1.6875	1.6250	16994.0689	16883.5163	0	0
c0-805-conventional	805	conventional	358	ce805	2.5846	0.9752	3.2500	1.6250	22180.7301	21661.3930	0	0
c0-805-conventional	805	conventional	358	ce808	2.1862	1.1441	2.8750	1.8125	22958.3682	22280.0817	0	0
c0-805-conventional	805	conventional	358	ce809	1.9099	1.1972	2.5625	1.8125	21751.7781	20509.0869	0	0
c0-805-conventional	805	conventional	358	ce810	3.0143	1.5518	3.5000	2.0625	16188.8566	17024.1913	0	0
c0-805-conventional	805	conventional	358	ce811	3.3148	1.6258	4.0000	2.3125	22840.9677	22891.6292	0	0
c0-805-conventional	805	conventional	358	ce812	1.5936	0.9735	2.1875	1.5625	19797.4268	19632.8584	0	0
c0-805-conventional	805	conventional	358	ce813	1.6199	0.6927	2.3125	1.3750	23086.1331	22743.3938	0	0
c0-805-conventional	805	conventional	358	ce814	2.7544	0.7869	3.4375	1.4375	22768.8734	21686.0190	0	0
c0-805-conventional	805	conventional	358	ce818	0.6502	0.2315	1.0000	0.6250	11660.5272	13117.4675	0	0
c0-805-conventional	805	conventional	358	ce819	3.4383	1.4623	3.8750	1.8750	14556.1407	13757.0851	0	0
c0-805-conventional	805	conventional	358	ce820	2.5109	0.7060	3.1875	1.3750	22554.0754	22298.3842	0	0
c0-805-conventional	805	conventional	358	ce821	3.3312	0.9676	4.0000	1.6250	22292.8917	21913.7926	0	0
c0-805-conventional	805	conventional	358	ce822	0.4857	0.3834	0.9375	0.8125	15060.5786	14302.2997	0	0
c0-805-conventional	805	conventional	358	ce823	1.5670	0.9284	2.1250	1.5000	18600.7110	19051.7750	0	0
c0-805-conventional	805	conventional	358	ce824	1.9732	1.1821	2.4375	1.6875	15476.7132	16845.2048	0	0
c0-805-conventional	805	conventional	358	ce825	0.6280	0.1333	1.1250	0.6250	16566.4225	16389.8225	0	0
c0-805-conventional	805	conventional	358	ce828	0.8478	0.6598	1.6875	1.4375	27989.1121	25921.9297	0	0
c0-805-conventional	805	conventional	358	ce829	1.7148	0.5203	2.3750	1.1875	22007.3188	22239.8460	0	0
c0-805-conventional	805	conventional	358	ce830	0.5613	0.1900	1.3125	0.9375	25039.6169	24915.4051	0	0
c0-805-conventional	805	conventional	358	ce831	2.4067	1.0949	3.1250	1.8125	23944.8997	23920.6781	0	0
c0-805-conventional	805	conventional	358	ce832	0.4058	0.0307	1.3125	0.9375	30224.1471	30228.0730	0	0
c0-805-conventional	805	conventional	358	ce833	1.6608	0.5395	2.3750	1.1875	23807.5450	21599.2025	0	0
