# garden cull20-804-conventional-s599 seed 804 conventional season 599 n=60 J=8 worlds=8..15 run=/tmp/j32/cull20-804 work_cost=0.03 (52 s, workers 4)
cull20-804-conventional-s599	804	conventional	599	ce1133	2.0856	1.2114	2.7500	1.8750	22146.4419	22119.0915	0	0
cull20-804-conventional-s599	804	conventional	599	ce1134	0.1950	0.5714	1.0000	1.3750	26832.5279	26785.5297	0	0
cull20-804-conventional-s599	804	conventional	599	ce1135	0.9622	0.4678	1.5000	1.0000	17927.5412	17741.2667	0	0
cull20-804-conventional-s599	804	conventional	599	ce1138	0.9536	0.4484	1.5000	1.0000	18213.4280	18387.3957	0	0
cull20-804-conventional-s599	804	conventional	599	ce1139	1.9754	0.7239	2.6250	1.3750	21653.0884	21702.1716	0	0
cull20-804-conventional-s599	804	conventional	599	ce1140	2.5412	0.7947	3.0000	1.2500	15293.8624	15178.2462	0	0
cull20-804-conventional-s599	804	conventional	599	ce1141	0.2262	-0.0162	0.8750	0.6250	21626.2320	21373.0658	0	0
cull20-804-conventional-s599	804	conventional	599	ce1142	0.4326	0.5603	1.1250	1.2500	23080.6057	22990.6628	0	0
cull20-804-conventional-s599	804	conventional	599	ce1145	1.5736	0.8306	2.1250	1.3750	18381.4225	18148.0077	0	0
cull20-804-conventional-s599	804	conventional	599	ce1146	1.4062	0.6778	2.1250	1.3750	23959.8075	23238.5981	0	0
cull20-804-conventional-s599	804	conventional	599	ce1148	1.8059	1.0551	2.5000	1.7500	23138.1556	23163.2612	0	0
cull20-804-conventional-s599	804	conventional	599	ce1149	2.6985	1.1905	3.3750	1.8750	22551.1154	22816.8915	0	0
cull20-804-conventional-s599	804	conventional	599	ce1150	0.5592	0.6736	1.1250	1.2500	18861.0805	19214.0518	0	0
cull20-804-conventional-s599	804	conventional	599	ce1151	2.8145	1.7118	3.5000	2.3750	22849.8784	22105.6646	0	0
cull20-804-conventional-s599	804	conventional	599	ce1152	2.9834	1.1835	3.3750	1.6250	13054.6939	14717.5512	0	0
cull20-804-conventional-s599	804	conventional	599	ce1153	0.7697	-0.1124	1.3750	0.5000	20177.1913	20413.0129	0	0
cull20-804-conventional-s599	804	conventional	599	ce1154	1.8778	0.6187	2.3750	1.1250	16574.7977	16875.8989	0	0
cull20-804-conventional-s599	804	conventional	599	ce1155	2.5134	1.0183	3.1250	1.6250	20387.1748	20223.4197	0	0
cull20-804-conventional-s599	804	conventional	599	ce1156	1.7256	1.0618	2.2500	1.6250	17481.5227	18772.8902	0	0
cull20-804-conventional-s599	804	conventional	599	ce1157	2.4462	0.6849	3.1250	1.3750	22625.0489	23003.1643	0	0
cull20-804-conventional-s599	804	conventional	599	ce1160	2.3357	1.9596	3.1250	2.7500	26309.8354	26347.3280	0	0
cull20-804-conventional-s599	804	conventional	599	ce1162	1.9685	0.2167	2.3750	0.6250	13550.2361	13608.5312	0	0
cull20-804-conventional-s599	804	conventional	599	ce1164	1.4607	0.4546	2.2500	1.2500	26308.6439	26513.1013	0	0
cull20-804-conventional-s599	804	conventional	599	ce1165	2.8178	1.1980	3.5000	1.8750	22740.7112	22565.1391	0	0
cull20-804-conventional-s599	804	conventional	599	ce1166	1.2783	0.5388	2.0000	1.2500	24056.5873	23706.4939	0	0
cull20-804-conventional-s599	804	conventional	599	ce1167	1.6189	1.3689	2.1250	1.8750	16868.3648	16869.9105	0	0
cull20-804-conventional-s599	804	conventional	599	ce1168	2.1348	-0.4738	2.7500	0.1250	20508.1754	19960.3277	0	0
cull20-804-conventional-s599	804	conventional	599	ce1176	-0.0889	0.6673	0.6250	1.3750	23796.0022	23590.0431	0	0
cull20-804-conventional-s599	804	conventional	599	ce1178	1.6880	0.3063	2.2500	0.8750	18732.0913	18956.7719	0	0
cull20-804-conventional-s599	804	conventional	599	ce1180	0.3237	0.0729	1.0000	0.7500	22542.2932	22569.6685	0	0
cull20-804-conventional-s599	804	conventional	599	ce1181	2.6219	0.8991	3.2500	1.5000	20936.4405	20028.6832	0	0
cull20-804-conventional-s599	804	conventional	599	ce1183	2.5847	0.0717	3.1250	0.6250	18010.6416	18444.0589	0	0
cull20-804-conventional-s599	804	conventional	599	ce1184	1.7489	1.2517	2.3750	1.8750	20870.2105	20775.7182	0	0
cull20-804-conventional-s599	804	conventional	599	ce1185	1.5780	1.4866	2.1250	2.0000	18233.3986	17112.8864	0	0
cull20-804-conventional-s599	804	conventional	599	ce1186	3.5844	1.0522	4.1250	1.6250	18018.8056	19094.2838	0	0
cull20-804-conventional-s599	804	conventional	599	ce1188	2.5762	1.0812	3.2500	1.7500	22458.3626	22293.1822	0	0
cull20-804-conventional-s599	804	conventional	599	ce1189	3.1147	1.6378	3.8750	2.3750	25342.7799	24573.7048	0	0
cull20-804-conventional-s599	804	conventional	599	ce1190	2.3538	1.1027	2.8750	1.6250	17373.1305	17409.3634	0	0
cull20-804-conventional-s599	804	conventional	599	ce1194	1.0522	0.9241	1.6250	1.5000	19093.3150	19197.7623	0	0
cull20-804-conventional-s599	804	conventional	599	ce1198	1.3202	1.2219	2.0000	1.8750	22659.5861	21770.5856	0	0
cull20-804-conventional-s599	804	conventional	599	ce1199	2.0450	1.9211	2.6250	2.5000	19332.2941	19295.2304	0	0
cull20-804-conventional-s599	804	conventional	599	ce1200	2.4986	0.9918	3.0000	1.5000	16711.9267	16940.5788	0	0
cull20-804-conventional-s599	804	conventional	599	ce1203	2.1338	0.1365	2.7500	0.7500	20540.1463	20449.0446	0	0
cull20-804-conventional-s599	804	conventional	599	ce1204	2.2011	0.7112	2.8750	1.3750	22463.1925	22125.9438	0	0
cull20-804-conventional-s599	804	conventional	599	ce1205	0.6880	0.5664	1.2500	1.1250	18733.3358	18618.4608	0	0
cull20-804-conventional-s599	804	conventional	599	ce1206	1.7084	1.3220	2.3750	2.0000	22221.2544	22601.2980	0	0
cull20-804-conventional-s599	804	conventional	599	ce1207	1.5606	1.4342	2.3750	2.2500	27145.9907	27192.4341	0	0
cull20-804-conventional-s599	804	conventional	599	ce1209	0.0466	-0.2029	0.6250	0.3750	19280.4798	19263.9421	0	0
cull20-804-conventional-s599	804	conventional	599	ce1210	1.4763	1.2034	2.0000	1.7500	17456.5846	18220.0558	0	0
cull20-804-conventional-s599	804	conventional	599	ce1213	0.9646	0.6955	1.5000	1.2500	17847.3523	18484.7714	0	0
cull20-804-conventional-s599	804	conventional	599	ce1214	2.1287	2.0058	2.6250	2.5000	16543.1699	16472.0528	0	0
cull20-804-conventional-s599	804	conventional	599	ce1215	1.1615	0.5461	1.6250	1.0000	15451.2460	15129.9546	0	0
cull20-804-conventional-s599	804	conventional	599	ce1216	4.7332	1.1012	5.2500	1.6250	17226.3579	17459.9582	0	0
cull20-804-conventional-s599	804	conventional	599	ce1217	0.6112	0.6045	1.2500	1.2500	21293.5244	21516.8446	0	0
cull20-804-conventional-s599	804	conventional	599	ce1218	0.8541	-0.0138	1.5000	0.6250	21528.6033	21293.4031	0	0
cull20-804-conventional-s599	804	conventional	599	ce1219	1.2688	0.8857	1.8750	1.5000	20207.6390	20476.8624	0	0
cull20-804-conventional-s599	804	conventional	599	ce1220	0.0647	-0.1733	0.6250	0.3750	18677.0421	18277.8008	0	0
cull20-804-conventional-s599	804	conventional	599	ce1222	1.3110	0.9285	1.8750	1.5000	18798.4729	19048.9031	0	0
cull20-804-conventional-s599	804	conventional	599	ce1223	3.4869	1.2792	3.8750	1.7500	12938.2368	15693.5187	0	0
cull20-804-conventional-s599	804	conventional	599	ce1224	1.6228	1.3769	2.2500	2.0000	20905.9843	20769.2731	0	0
