# garden cull20-807-holistic-s599 seed 807 holistic season 599 n=60 J=8 worlds=8..15 run=/tmp/j32/cull20-807 work_cost=0.03 (47 s, workers 4)
cull20-807-holistic-s599	807	holistic	599	he1000	0.6642	0.9093	0.7500	1.0000	2861.3473	3023.1280	0	0
cull20-807-holistic-s599	807	holistic	599	he1001	2.7543	3.2509	2.8750	3.3750	4022.2458	4137.2043	0	0
cull20-807-holistic-s599	807	holistic	599	he1003	1.0412	0.9182	1.3750	1.2500	11125.9457	11059.4263	0	0
cull20-807-holistic-s599	807	holistic	599	he1004	1.3707	0.8711	1.5000	1.0000	4308.7933	4297.1298	0	0
cull20-807-holistic-s599	807	holistic	599	he1005	0.2357	0.1107	0.2500	0.1250	476.3541	476.4025	0	0
cull20-807-holistic-s599	807	holistic	599	he1006	0.3562	0.3577	0.7500	0.7500	13127.2957	13076.0384	0	0
cull20-807-holistic-s599	807	holistic	599	he1007	0.8545	0.4823	0.8750	0.5000	682.8401	590.4762	0	0
cull20-807-holistic-s599	807	holistic	599	he1011	1.8118	1.4357	2.0000	1.6250	6274.8669	6308.7830	0	0
cull20-807-holistic-s599	807	holistic	599	he1013	1.2554	1.0031	1.3750	1.1250	3988.1414	4063.7135	0	0
cull20-807-holistic-s599	807	holistic	599	he1015	2.1560	1.4179	2.2500	1.5000	3132.4277	2738.0169	0	0
cull20-807-holistic-s599	807	holistic	599	he1016	0.5603	0.4342	0.7500	0.6250	6323.0251	6360.8674	0	0
cull20-807-holistic-s599	807	holistic	599	he1018	1.7097	1.0828	1.8750	1.2500	5509.5824	5572.7192	0	0
cull20-807-holistic-s599	807	holistic	599	he1021	0.9953	1.3724	1.1250	1.5000	4323.1410	4253.6107	0	0
cull20-807-holistic-s599	807	holistic	599	he1022	0.8520	0.9787	1.0000	1.1250	4931.8372	4877.3667	0	0
cull20-807-holistic-s599	807	holistic	599	he1024	1.5937	1.3360	1.6250	1.3750	1043.0789	1301.5601	0	0
cull20-807-holistic-s599	807	holistic	599	he1026	2.0221	1.7720	2.1250	1.8750	3428.6724	3434.9339	0	0
cull20-807-holistic-s599	807	holistic	599	he1027	0.9382	1.1938	1.1250	1.3750	6227.2978	6041.2573	0	0
cull20-807-holistic-s599	807	holistic	599	he1028	0.6088	1.1092	0.6250	1.1250	538.9944	526.1531	0	0
cull20-807-holistic-s599	807	holistic	599	he1029	1.5806	0.8299	1.7500	1.0000	5647.0415	5669.1180	0	0
cull20-807-holistic-s599	807	holistic	599	he1030	2.8760	1.9983	3.0000	2.1250	4131.9598	4222.3624	0	0
cull20-807-holistic-s599	807	holistic	599	he1032	1.1923	1.0674	1.2500	1.1250	1922.4845	1919.8840	0	0
cull20-807-holistic-s599	807	holistic	599	he1033	1.4926	1.8649	1.6250	2.0000	4414.5164	4503.7229	0	0
cull20-807-holistic-s599	807	holistic	599	he1034	0.9596	0.8361	1.0000	0.8750	1346.6278	1296.7161	0	0
cull20-807-holistic-s599	807	holistic	599	he1035	0.1250	0.0000	0.1250	0.0000	0.0000	0.0000	0	0
cull20-807-holistic-s599	807	holistic	599	he1036	1.6502	1.5214	1.7500	1.6250	3327.0681	3454.0753	0	0
cull20-807-holistic-s599	807	holistic	599	he1037	2.1713	1.7944	2.2500	1.8750	2622.5549	2686.6695	0	0
cull20-807-holistic-s599	807	holistic	599	he1038	1.0653	0.4424	1.2500	0.6250	6157.4159	6085.1206	0	0
cull20-807-holistic-s599	807	holistic	599	he1039	1.5895	0.9638	1.7500	1.1250	5351.3438	5374.7914	0	0
cull20-807-holistic-s599	807	holistic	599	he947	0.7399	0.7407	0.7500	0.7500	337.7151	311.4178	0	0
cull20-807-holistic-s599	807	holistic	599	he948	1.6560	1.7833	1.7500	1.8750	3132.2462	3056.7786	0	0
cull20-807-holistic-s599	807	holistic	599	he951	1.9653	1.7139	2.1250	1.8750	5323.7315	5370.4409	0	0
cull20-807-holistic-s599	807	holistic	599	he952	0.6801	0.9300	0.8750	1.1250	6498.2946	6498.4090	0	0
cull20-807-holistic-s599	807	holistic	599	he954	1.2813	1.0319	1.3750	1.1250	3124.0902	3104.3287	0	0
cull20-807-holistic-s599	807	holistic	599	he956	2.2252	2.1016	2.3750	2.2500	4993.9942	4947.6448	0	0
cull20-807-holistic-s599	807	holistic	599	he961	2.3569	1.9913	2.5000	2.1250	4768.3916	4458.1920	0	0
cull20-807-holistic-s599	807	holistic	599	he962	1.2246	1.0964	1.2500	1.1250	846.5882	953.3188	0	0
cull20-807-holistic-s599	807	holistic	599	he964	3.0881	1.7183	3.1250	1.7500	1228.5751	1055.5459	0	0
cull20-807-holistic-s599	807	holistic	599	he966	1.0120	1.1520	1.1250	1.2500	3767.9879	3268.2465	0	0
cull20-807-holistic-s599	807	holistic	599	he967	0.9957	0.6188	1.1250	0.7500	4309.0700	4373.8707	0	0
cull20-807-holistic-s599	807	holistic	599	he969	1.2560	1.0088	1.3750	1.1250	3965.8665	3873.1050	0	0
cull20-807-holistic-s599	807	holistic	599	he970	2.2483	2.6261	2.3750	2.7500	4222.4175	4129.8092	0	0
cull20-807-holistic-s599	807	holistic	599	he971	1.1767	1.2857	1.2500	1.3750	2444.0980	2977.0891	0	0
cull20-807-holistic-s599	807	holistic	599	he972	0.5249	0.2810	0.6250	0.3750	3337.4772	3134.1760	0	0
cull20-807-holistic-s599	807	holistic	599	he973	1.0490	1.0459	1.2500	1.2500	6700.9462	6801.7215	0	0
cull20-807-holistic-s599	807	holistic	599	he974	1.0727	1.1947	1.2500	1.3750	5908.8887	6010.6198	0	0
cull20-807-holistic-s599	807	holistic	599	he978	2.0594	1.3149	2.2500	1.5000	6352.5939	6170.4865	0	0
cull20-807-holistic-s599	807	holistic	599	he979	1.2093	1.0818	1.3750	1.2500	5523.6760	5605.8789	0	0
cull20-807-holistic-s599	807	holistic	599	he983	0.8613	0.7373	0.8750	0.7500	456.0387	422.8630	0	0
cull20-807-holistic-s599	807	holistic	599	he984	1.6329	1.2647	1.8750	1.5000	8069.1817	7842.3788	0	0
cull20-807-holistic-s599	807	holistic	599	he985	0.8314	0.9529	1.0000	1.1250	5619.1195	5737.3220	0	0
cull20-807-holistic-s599	807	holistic	599	he986	2.4224	3.0501	2.5000	3.1250	2588.1941	2496.9636	0	0
cull20-807-holistic-s599	807	holistic	599	he989	1.2201	1.0929	1.3750	1.2500	5161.9504	5235.3255	0	0
cull20-807-holistic-s599	807	holistic	599	he990	0.6726	0.5460	0.7500	0.6250	2578.6156	2633.0909	0	0
cull20-807-holistic-s599	807	holistic	599	he991	1.7879	1.7949	2.0000	2.0000	7068.4919	6836.0054	0	0
cull20-807-holistic-s599	807	holistic	599	he994	1.4124	0.5358	1.5000	0.6250	2920.5333	2972.2725	0	0
cull20-807-holistic-s599	807	holistic	599	he995	1.6319	0.8818	1.7500	1.0000	3936.2885	3938.9697	0	0
cull20-807-holistic-s599	807	holistic	599	he996	1.8055	1.9363	1.8750	2.0000	2317.1913	2123.2398	0	0
cull20-807-holistic-s599	807	holistic	599	he997	2.7900	2.2535	2.8750	2.3750	2833.5953	4051.5355	0	0
cull20-807-holistic-s599	807	holistic	599	he998	0.9766	0.7191	1.1250	0.8750	4946.1389	5195.8824	0	0
cull20-807-holistic-s599	807	holistic	599	he999	1.8124	2.3115	2.0000	2.5000	6253.8041	6283.1527	0	0
