# garden cull20-3-conventional-s599 seed 3 conventional season 599 n=60 J=8 worlds=8..15 run=/tmp/j32/cull20-3 work_cost=0.03 (60 s, workers 4)
cull20-3-conventional-s599	3	conventional	599	ce1243	2.7923	1.6722	3.3750	2.2500	19424.3319	19259.0276	0	0
cull20-3-conventional-s599	3	conventional	599	ce1244	3.1056	0.9614	3.6250	1.5000	17314.9265	17954.2688	0	0
cull20-3-conventional-s599	3	conventional	599	ce1247	1.9453	0.4427	2.6250	1.1250	22655.4332	22743.4399	0	0
cull20-3-conventional-s599	3	conventional	599	ce1248	1.1161	1.0090	1.7500	1.6250	21131.3813	20534.6644	0	0
cull20-3-conventional-s599	3	conventional	599	ce1249	1.4039	1.0427	2.1250	1.7500	24038.2254	23575.1144	0	0
cull20-3-conventional-s599	3	conventional	599	ce1250	1.8485	-0.2802	2.5000	0.3750	21716.9564	21840.1652	0	0
cull20-3-conventional-s599	3	conventional	599	ce1251	1.8099	0.6643	2.3750	1.2500	18836.9309	19523.4593	0	0
cull20-3-conventional-s599	3	conventional	599	ce1254	0.8188	0.5643	1.3750	1.1250	18539.6101	18690.1005	0	0
cull20-3-conventional-s599	3	conventional	599	ce1256	2.9975	0.4638	3.6250	1.1250	20915.0868	22039.9932	0	0
cull20-3-conventional-s599	3	conventional	599	ce1260	1.9662	-0.0433	2.5000	0.5000	17793.1757	18109.4211	0	0
cull20-3-conventional-s599	3	conventional	599	ce1262	1.7804	0.8271	2.0000	1.1250	7320.8941	9931.6164	0	0
cull20-3-conventional-s599	3	conventional	599	ce1264	0.6778	0.6869	1.0000	1.0000	10739.5188	10436.0476	0	0
cull20-3-conventional-s599	3	conventional	599	ce1265	1.6887	0.5594	2.2500	1.1250	18710.7901	18852.5054	0	0
cull20-3-conventional-s599	3	conventional	599	ce1267	1.1019	0.7217	1.6250	1.2500	17438.2289	17608.7619	0	0
cull20-3-conventional-s599	3	conventional	599	ce1268	1.0712	0.9725	1.7500	1.6250	22627.5524	21749.5338	0	0
cull20-3-conventional-s599	3	conventional	599	ce1272	2.1616	1.9111	2.7500	2.5000	19612.8367	19630.3473	0	0
cull20-3-conventional-s599	3	conventional	599	ce1273	0.8974	-0.0986	1.3750	0.3750	15920.8743	15786.7775	0	0
cull20-3-conventional-s599	3	conventional	599	ce1274	0.4748	0.5089	1.0000	1.0000	17505.8686	16370.6515	0	0
cull20-3-conventional-s599	3	conventional	599	ce1276	3.5622	1.0673	4.1250	1.6250	18761.6110	18589.9955	0	0
cull20-3-conventional-s599	3	conventional	599	ce1279	2.3970	1.2516	3.1250	2.0000	24266.7082	24945.2982	0	0
cull20-3-conventional-s599	3	conventional	599	ce1280	0.8814	1.1376	1.6250	1.8750	24787.5654	24578.8553	0	0
cull20-3-conventional-s599	3	conventional	599	ce1283	1.5165	0.5376	2.0000	1.0000	16116.9639	15411.7831	0	0
cull20-3-conventional-s599	3	conventional	599	ce1284	1.9518	1.4514	2.6250	2.1250	22440.6375	22451.7142	0	0
cull20-3-conventional-s599	3	conventional	599	ce1286	1.0703	0.4328	1.7500	1.1250	22657.5590	23071.8863	0	0
cull20-3-conventional-s599	3	conventional	599	ce1288	0.9536	0.7083	1.2500	1.0000	9881.4940	9722.4907	0	0
cull20-3-conventional-s599	3	conventional	599	ce1289	2.8382	0.9550	3.3750	1.5000	17892.1497	18165.9403	0	0
cull20-3-conventional-s599	3	conventional	599	ce1290	0.9584	0.4851	1.7500	1.2500	26387.8582	25498.1691	0	0
cull20-3-conventional-s599	3	conventional	599	ce1292	0.9995	1.3804	1.7500	2.1250	25016.5893	24818.7961	0	0
cull20-3-conventional-s599	3	conventional	599	ce1293	1.8873	1.6232	2.3750	2.1250	16258.0912	16725.0502	0	0
cull20-3-conventional-s599	3	conventional	599	ce1294	2.8595	0.8518	3.3750	1.3750	17182.1144	17440.9210	0	0
cull20-3-conventional-s599	3	conventional	599	ce1296	0.2383	0.2392	0.8750	0.8750	21224.6164	21194.8049	0	0
cull20-3-conventional-s599	3	conventional	599	ce1298	1.9074	0.0329	2.5000	0.6250	19751.9813	19735.1388	0	0
cull20-3-conventional-s599	3	conventional	599	ce1300	0.4534	0.1895	1.2500	1.0000	26554.4811	27017.7876	0	0
cull20-3-conventional-s599	3	conventional	599	ce1301	0.7392	0.6611	1.2500	1.1250	17026.5580	15462.0766	0	0
cull20-3-conventional-s599	3	conventional	599	ce1302	0.3456	0.4742	0.5000	0.6250	5147.3208	5026.4485	0	0
cull20-3-conventional-s599	3	conventional	599	ce1303	0.5373	0.5321	1.1250	1.1250	19591.5425	19764.0654	0	0
cull20-3-conventional-s599	3	conventional	599	ce1304	1.0752	0.6951	1.8750	1.5000	26661.2215	26830.4118	0	0
cull20-3-conventional-s599	3	conventional	599	ce1306	0.9580	0.4622	1.6250	1.1250	22232.4282	22092.0397	0	0
cull20-3-conventional-s599	3	conventional	599	ce1310	1.3240	0.7006	2.0000	1.3750	22534.5201	22481.5310	0	0
cull20-3-conventional-s599	3	conventional	599	ce1311	0.8845	1.0043	1.6250	1.7500	24683.7839	24855.1715	0	0
cull20-3-conventional-s599	3	conventional	599	ce1314	0.4002	0.5175	1.1250	1.2500	24159.6166	24415.6049	0	0
cull20-3-conventional-s599	3	conventional	599	ce1315	0.4927	0.6225	1.1250	1.2500	21076.6279	20916.5470	0	0
cull20-3-conventional-s599	3	conventional	599	ce1316	0.4658	0.5865	1.0000	1.1250	17807.6759	17950.7307	0	0
cull20-3-conventional-s599	3	conventional	599	ce1318	0.4154	0.5398	1.1250	1.2500	23652.7145	23673.3598	0	0
cull20-3-conventional-s599	3	conventional	599	ce1322	0.0259	0.5254	0.6250	1.1250	19970.0501	19987.7542	0	0
cull20-3-conventional-s599	3	conventional	599	ce1323	1.8144	1.7976	2.5000	2.5000	22853.9436	23413.0622	0	0
cull20-3-conventional-s599	3	conventional	599	ce1324	0.9909	0.6990	1.6250	1.3750	21137.1391	22534.2122	0	0
cull20-3-conventional-s599	3	conventional	599	ce1326	1.8706	1.4860	2.6250	2.2500	25148.1247	25466.0258	0	0
cull20-3-conventional-s599	3	conventional	599	ce1327	0.7037	0.3245	1.2500	0.8750	18210.3124	18350.2008	0	0
cull20-3-conventional-s599	3	conventional	599	ce1328	0.2301	-0.1835	1.0000	0.6250	25662.9570	26949.8912	0	0
cull20-3-conventional-s599	3	conventional	599	ce1329	2.1606	1.1979	2.8750	1.8750	23812.1581	22570.1815	0	0
cull20-3-conventional-s599	3	conventional	599	ce1330	1.5834	1.1976	2.2500	1.8750	22221.3665	22580.9986	0	0
cull20-3-conventional-s599	3	conventional	599	ce1331	3.0549	1.1872	3.6250	1.7500	19003.5046	18759.5890	0	0
cull20-3-conventional-s599	3	conventional	599	ce1332	0.2871	0.4453	0.8750	1.0000	19595.2916	18490.4098	0	0
cull20-3-conventional-s599	3	conventional	599	ce1333	3.4495	1.0754	4.0000	1.6250	18349.0483	18320.4859	0	0
cull20-3-conventional-s599	3	conventional	599	ce1334	1.6884	0.4417	2.5000	1.2500	27054.6396	26943.1784	0	0
cull20-3-conventional-s599	3	conventional	599	ce1335	-0.1900	-0.4380	0.6250	0.3750	27167.4704	27099.6604	0	0
cull20-3-conventional-s599	3	conventional	599	ce1336	1.3697	0.2408	2.0000	0.8750	21010.5892	21138.5743	0	0
cull20-3-conventional-s599	3	conventional	599	ce1337	0.0057	0.1356	0.6250	0.7500	20643.3033	20478.8005	0	0
cull20-3-conventional-s599	3	conventional	599	ce1338	0.6818	0.4151	1.3750	1.1250	23106.8452	23664.0842	0	0
