# garden cull20-806-holistic-s599 seed 806 holistic season 599 n=60 J=16 worlds=16..31 run=/tmp/j32/cull20-806 work_cost=0.03 (91 s, workers 4)
cull20-806-holistic-s599	806	holistic	599	he1000	0.4081	0.5392	0.5000	0.6250	3062.3061	2861.0067	0	0
cull20-806-holistic-s599	806	holistic	599	he1002	0.8064	1.0561	1.0000	1.2500	6453.5611	6464.3360	0	0
cull20-806-holistic-s599	806	holistic	599	he1003	0.7693	1.0198	1.0625	1.3125	9772.8943	9758.2708	0	0
cull20-806-holistic-s599	806	holistic	599	he1004	1.0373	0.7404	1.3750	1.0625	11256.9398	10736.3767	0	0
cull20-806-holistic-s599	806	holistic	599	he1005	1.2901	0.7905	1.5000	1.0000	6998.0975	6983.5221	0	0
cull20-806-holistic-s599	806	holistic	599	he1006	1.2640	0.8278	1.3750	0.9375	3699.4781	3655.5812	0	0
cull20-806-holistic-s599	806	holistic	599	he1010	1.0596	1.0009	1.1875	1.1250	4263.3420	4135.4806	0	0
cull20-806-holistic-s599	806	holistic	599	he1011	1.0724	0.7013	1.2500	0.8750	5920.8792	5789.5974	0	0
cull20-806-holistic-s599	806	holistic	599	he1012	1.3305	1.0188	1.3750	1.0625	1482.5701	1455.6858	0	0
cull20-806-holistic-s599	806	holistic	599	he1013	1.3482	1.0972	1.8750	1.6250	17559.4386	17592.1390	0	0
cull20-806-holistic-s599	806	holistic	599	he1016	1.2421	1.1182	1.3125	1.1875	2347.8459	2309.0645	0	0
cull20-806-holistic-s599	806	holistic	599	he1017	1.7544	1.1325	1.9375	1.3125	6102.3077	5999.5540	0	0
cull20-806-holistic-s599	806	holistic	599	he1018	0.8612	0.4854	0.9375	0.5625	2544.4259	2569.3352	0	0
cull20-806-holistic-s599	806	holistic	599	he1020	1.6306	1.1328	1.9375	1.4375	10229.3807	10155.2922	0	0
cull20-806-holistic-s599	806	holistic	599	he1023	1.5377	0.7906	1.8750	1.1250	11242.6551	11147.3167	0	0
cull20-806-holistic-s599	806	holistic	599	he1024	1.0479	0.6786	1.1250	0.7500	2569.3233	2380.3796	0	0
cull20-806-holistic-s599	806	holistic	599	he1027	0.6007	0.4835	0.8750	0.7500	9142.0974	8881.7488	0	0
cull20-806-holistic-s599	806	holistic	599	he1029	1.0826	1.1455	1.3750	1.4375	9747.7746	9732.6526	0	0
cull20-806-holistic-s599	806	holistic	599	he1032	0.5217	0.4591	0.5625	0.5000	1359.6128	1362.5116	0	0
cull20-806-holistic-s599	806	holistic	599	he1033	0.4818	0.2325	0.5625	0.3125	2691.0069	2666.0999	0	0
cull20-806-holistic-s599	806	holistic	599	he1034	0.5372	0.5377	0.9375	0.9375	13341.8292	13326.4406	0	0
cull20-806-holistic-s599	806	holistic	599	he1035	0.2124	0.0765	0.2500	0.1250	1253.4986	1615.7092	0	0
cull20-806-holistic-s599	806	holistic	599	he1036	1.2894	1.0356	1.6250	1.3750	11185.1643	11312.5318	0	0
cull20-806-holistic-s599	806	holistic	599	he1037	1.2008	1.2649	1.2500	1.3125	1641.6520	1587.0638	0	0
cull20-806-holistic-s599	806	holistic	599	he1038	1.1257	1.3641	1.2500	1.5000	4143.7721	4531.4415	0	0
cull20-806-holistic-s599	806	holistic	599	he1039	1.3325	1.3292	1.3750	1.3750	1416.9819	1525.8881	0	0
cull20-806-holistic-s599	806	holistic	599	he1041	1.0144	0.7656	1.1250	0.8750	3685.8144	3645.2477	0	0
cull20-806-holistic-s599	806	holistic	599	he1043	2.4290	1.1788	2.5625	1.3125	4448.9878	4455.6676	0	0
cull20-806-holistic-s599	806	holistic	599	he1044	0.2497	0.3769	0.3125	0.4375	2093.8956	2021.2327	0	0
cull20-806-holistic-s599	806	holistic	599	he1045	0.9272	0.6144	1.1250	0.8125	6594.9444	6602.8577	0	0
cull20-806-holistic-s599	806	holistic	599	he1047	0.9673	0.9055	1.1875	1.1250	7340.0623	7317.5667	0	0
cull20-806-holistic-s599	806	holistic	599	he1049	0.5062	0.2607	0.5625	0.3125	1876.5908	1727.6837	0	0
cull20-806-holistic-s599	806	holistic	599	he1050	1.2965	1.3549	1.5625	1.6250	8866.3044	9003.3332	0	0
cull20-806-holistic-s599	806	holistic	599	he1051	0.7245	0.4113	1.0625	0.7500	11265.6687	11288.5109	0	0
cull20-806-holistic-s599	806	holistic	599	he1052	0.8688	0.6189	1.0625	0.8125	6455.4190	6453.4093	0	0
cull20-806-holistic-s599	806	holistic	599	he1053	0.5210	0.3363	0.5625	0.3750	1382.9774	1288.8044	0	0
cull20-806-holistic-s599	806	holistic	599	he1054	1.1364	1.2589	1.5000	1.6250	12119.8745	12202.4397	0	0
cull20-806-holistic-s599	806	holistic	599	he1055	0.4612	0.3989	0.9375	0.8750	15876.0207	15868.7963	0	0
cull20-806-holistic-s599	806	holistic	599	he1056	2.1796	1.1826	2.3750	1.3750	6514.2259	6414.5901	0	0
cull20-806-holistic-s599	806	holistic	599	he1057	1.8049	1.3011	2.0000	1.5000	6503.6219	6628.9813	0	0
cull20-806-holistic-s599	806	holistic	599	he1058	1.1532	1.0230	1.2500	1.1250	3226.4024	3398.3707	0	0
cull20-806-holistic-s599	806	holistic	599	he1060	0.1358	0.1363	0.5000	0.5000	12141.5854	12124.8397	0	0
cull20-806-holistic-s599	806	holistic	599	he1061	1.7664	1.3306	1.8750	1.4375	3618.9679	3563.7800	0	0
cull20-806-holistic-s599	806	holistic	599	he1062	1.0559	0.8062	1.2500	1.0000	6468.3728	6461.3607	0	0
cull20-806-holistic-s599	806	holistic	599	he1063	1.4487	1.4990	1.6875	1.7500	7959.0819	8367.7435	0	0
cull20-806-holistic-s599	806	holistic	599	he1064	0.7571	0.5649	0.8750	0.6875	3931.4067	4085.5187	0	0
cull20-806-holistic-s599	806	holistic	599	he1065	1.0716	0.8838	1.3750	1.1875	10112.0276	10124.7124	0	0
cull20-806-holistic-s599	806	holistic	599	he1066	1.1809	0.9307	1.3750	1.1250	6470.6738	6478.0520	0	0
cull20-806-holistic-s599	806	holistic	599	he1067	-0.0047	-0.0048	0.0000	0.0000	157.5572	158.9936	0	0
cull20-806-holistic-s599	806	holistic	599	he1068	0.4755	0.4752	0.8750	0.8750	13316.5478	13326.7607	0	0
cull20-806-holistic-s599	806	holistic	599	he985	1.2287	1.0369	1.4375	1.2500	6958.9654	7104.6258	1	0
cull20-806-holistic-s599	806	holistic	599	he986	1.6328	1.2576	1.6875	1.3125	1822.9079	1829.5805	0	0
cull20-806-holistic-s599	806	holistic	599	he987	1.1765	0.9875	1.3125	1.1250	4532.6831	4584.7906	0	0
cull20-806-holistic-s599	806	holistic	599	he988	1.0123	0.6370	1.1875	0.8125	5841.3197	5850.3527	0	0
cull20-806-holistic-s599	806	holistic	599	he989	1.4064	1.2835	1.6875	1.5625	9369.0153	9299.2618	0	0
cull20-806-holistic-s599	806	holistic	599	he991	0.3219	0.3842	0.4375	0.5000	3853.3844	3860.7876	0	0
cull20-806-holistic-s599	806	holistic	599	he993	1.7150	1.2774	1.9375	1.5000	7415.9288	7419.5023	0	0
cull20-806-holistic-s599	806	holistic	599	he994	0.9523	1.0160	1.0000	1.0625	1590.0976	1551.5443	0	0
cull20-806-holistic-s599	806	holistic	599	he998	0.9387	1.0493	1.1250	1.2500	6210.4243	6689.4347	0	0
cull20-806-holistic-s599	806	holistic	599	he999	0.2161	0.4357	0.3750	0.5625	5295.4096	4225.1230	1	2
