# garden cull20-3-holistic-s599 seed 3 holistic season 599 n=60 J=8 worlds=8..15 run=/tmp/j32/cull20-3 work_cost=0.03 (59 s, workers 4)
cull20-3-holistic-s599	3	holistic	599	he1014	0.4341	1.0661	0.8750	1.5000	14695.3287	14463.6542	0	0
cull20-3-holistic-s599	3	holistic	599	he1016	0.3415	0.4633	0.3750	0.5000	1117.6037	1224.6369	0	0
cull20-3-holistic-s599	3	holistic	599	he1018	0.6119	0.6114	0.6250	0.6250	436.0889	452.2092	0	0
cull20-3-holistic-s599	3	holistic	599	he1020	1.8732	1.6253	2.5000	2.2500	20892.9324	20822.3992	0	0
cull20-3-holistic-s599	3	holistic	599	he1022	1.2925	1.0478	1.6250	1.3750	11083.3078	10907.5267	0	0
cull20-3-holistic-s599	3	holistic	599	he1023	3.5414	1.4043	4.1250	2.0000	19454.3679	19855.0932	0	0
cull20-3-holistic-s599	3	holistic	599	he1025	1.8072	1.4321	2.0000	1.6250	6426.4574	6430.1509	0	0
cull20-3-holistic-s599	3	holistic	599	he1028	0.0737	-0.0279	0.1250	0.0000	1709.8987	929.9739	0	0
cull20-3-holistic-s599	3	holistic	599	he1030	0.3733	0.8732	0.6250	1.1250	8391.3445	8394.0371	0	0
cull20-3-holistic-s599	3	holistic	599	he1031	4.5630	3.5380	5.0000	4.0000	14566.9487	15400.0921	0	0
cull20-3-holistic-s599	3	holistic	599	he1032	1.5882	0.8443	1.6250	0.8750	1225.6333	1024.6611	0	0
cull20-3-holistic-s599	3	holistic	599	he1033	1.2621	0.8911	1.5000	1.1250	7930.0659	7795.9686	0	0
cull20-3-holistic-s599	3	holistic	599	he1035	1.5987	1.1044	1.7500	1.2500	5043.5863	4853.5562	0	0
cull20-3-holistic-s599	3	holistic	599	he1036	0.3413	0.6148	0.5000	0.7500	5289.6079	4505.5850	0	0
cull20-3-holistic-s599	3	holistic	599	he1037	2.3699	2.1262	2.7500	2.5000	12668.7815	12461.5797	0	0
cull20-3-holistic-s599	3	holistic	599	he1038	1.6907	1.8121	2.0000	2.1250	10308.6512	10430.3921	0	0
cull20-3-holistic-s599	3	holistic	599	he1040	4.8763	2.8766	5.3750	3.3750	16623.5283	16611.8126	0	0
cull20-3-holistic-s599	3	holistic	599	he1041	2.3672	2.1214	2.8750	2.6250	16927.6239	16786.7741	0	0
cull20-3-holistic-s599	3	holistic	599	he1043	3.1744	2.9225	3.5000	3.2500	10854.1230	10917.3383	0	0
cull20-3-holistic-s599	3	holistic	599	he1044	1.1530	1.0460	1.3750	1.2500	7399.7838	6798.5461	0	0
cull20-3-holistic-s599	3	holistic	599	he1045	2.8169	1.3205	3.2500	1.7500	14437.3905	14315.2352	0	0
cull20-3-holistic-s599	3	holistic	599	he1049	2.0134	2.7825	2.8750	3.6250	28721.0297	28082.1407	0	0
cull20-3-holistic-s599	3	holistic	599	he1050	1.4665	1.7176	2.0000	2.2500	17784.2821	17745.8475	0	0
cull20-3-holistic-s599	3	holistic	599	he1052	2.9925	1.5994	3.1250	1.7500	4418.0832	5020.3127	0	0
cull20-3-holistic-s599	3	holistic	599	he1056	0.7185	0.4743	0.7500	0.5000	1050.8830	856.2496	0	0
cull20-3-holistic-s599	3	holistic	599	he1057	2.1039	2.8629	2.2500	3.0000	4868.9995	4569.0612	0	0
cull20-3-holistic-s599	3	holistic	599	he1058	0.1348	0.1367	0.6250	0.6250	16339.6354	16276.3102	0	0
cull20-3-holistic-s599	3	holistic	599	he1059	3.5156	1.9072	4.0000	2.3750	16146.6839	15591.7281	0	0
cull20-3-holistic-s599	3	holistic	599	he1060	1.4283	2.0640	1.6250	2.2500	6558.2865	6201.2740	0	0
cull20-3-holistic-s599	3	holistic	599	he1062	2.1917	2.4432	2.6250	2.8750	14443.4686	14392.8744	0	0
cull20-3-holistic-s599	3	holistic	599	he1064	1.5773	0.8256	1.8750	1.1250	9924.2644	9981.3522	0	0
cull20-3-holistic-s599	3	holistic	599	he1068	4.8440	2.2291	5.3750	2.7500	17698.4664	17364.8112	0	0
cull20-3-holistic-s599	3	holistic	599	he1070	2.6853	3.0588	3.2500	3.6250	18823.0582	18872.5369	0	0
cull20-3-holistic-s599	3	holistic	599	he1071	1.1608	0.8045	1.3750	1.0000	7138.4799	6517.7659	0	0
cull20-3-holistic-s599	3	holistic	599	he1072	2.6547	1.7920	2.7500	1.8750	3175.8099	2766.6790	0	0
cull20-3-holistic-s599	3	holistic	599	he1073	2.0763	1.1990	2.5000	1.6250	14124.0396	14201.0126	0	0
cull20-3-holistic-s599	3	holistic	599	he1075	2.9358	2.6907	3.3750	3.1250	14638.8366	14476.5008	0	0
cull20-3-holistic-s599	3	holistic	599	he1076	3.2434	2.4931	3.6250	2.8750	12720.5951	12731.2700	0	0
cull20-3-holistic-s599	3	holistic	599	he1077	0.9976	0.1169	1.6250	0.7500	20911.8304	21103.4582	0	0
cull20-3-holistic-s599	3	holistic	599	he1078	0.3576	0.2269	0.5000	0.3750	4748.0187	4937.1095	0	0
cull20-3-holistic-s599	3	holistic	599	he1080	2.0008	1.7504	2.2500	2.0000	8308.0698	8319.5109	0	0
cull20-3-holistic-s599	3	holistic	599	he1081	1.8487	1.5948	2.3750	2.1250	17541.8036	17672.6652	0	0
cull20-3-holistic-s599	3	holistic	599	he1082	0.6473	1.1155	0.8750	1.3750	7588.8542	8650.9448	0	0
cull20-3-holistic-s599	3	holistic	599	he1085	5.7302	4.8663	6.2500	5.3750	17326.0025	16956.1331	0	0
cull20-3-holistic-s599	3	holistic	599	he1086	2.9166	1.6746	3.7500	2.5000	27779.9879	27512.8551	0	0
cull20-3-holistic-s599	3	holistic	599	he1088	1.8017	1.8101	2.0000	2.0000	6611.3032	6330.9129	0	0
cull20-3-holistic-s599	3	holistic	599	he1089	0.4400	0.1682	0.5000	0.2500	2000.5869	2728.1323	0	0
cull20-3-holistic-s599	3	holistic	599	he1091	3.3878	3.0160	3.7500	3.3750	12073.3131	11967.4170	0	0
cull20-3-holistic-s599	3	holistic	599	he1092	1.6175	1.8653	2.0000	2.2500	12751.5238	12824.8805	0	0
cull20-3-holistic-s599	3	holistic	599	he1093	3.6350	2.7644	4.0000	3.1250	12168.3201	12019.9963	0	0
cull20-3-holistic-s599	3	holistic	599	he1096	1.6687	1.6708	1.7500	1.7500	2709.7772	2639.9663	0	0
cull20-3-holistic-s599	3	holistic	599	he1097	0.9298	1.0549	1.2500	1.3750	10672.5888	10670.1874	0	0
cull20-3-holistic-s599	3	holistic	599	he1098	-0.0001	0.1249	0.0000	0.1250	4.2770	4.4866	0	0
cull20-3-holistic-s599	3	holistic	599	he1099	1.4722	0.9607	1.5000	1.0000	925.4502	1309.8797	0	0
cull20-3-holistic-s599	3	holistic	599	he1100	1.4335	1.7879	1.7500	2.1250	10549.2636	11235.1316	0	0
cull20-3-holistic-s599	3	holistic	599	he1101	1.6018	1.1036	1.8750	1.3750	9107.4156	9045.8674	0	0
cull20-3-holistic-s599	3	holistic	599	he1102	0.6678	0.6592	1.0000	1.0000	11073.3987	11359.4869	0	0
cull20-3-holistic-s599	3	holistic	599	he1103	3.2934	2.5457	3.7500	3.0000	15218.8970	15142.9053	0	0
cull20-3-holistic-s599	3	holistic	599	he1104	0.8640	1.8586	1.3750	2.3750	17033.3474	17213.7524	0	0
cull20-3-holistic-s599	3	holistic	599	he1105	1.5697	1.8415	1.7500	2.0000	6010.0032	5283.0370	0	0
