season	population	alive	births	deaths	mean_lifetime_score	best_lifetime_score
0	holistic	60	0	0	0.07578553616523571	2.8612098476433965
0	conventional	60	0	0	0.2839038676447512	3.601981444523002
1	holistic	60	0	0	0.050207510220436756	1.3529636206731837
1	conventional	60	1	1	0.269378548251926	3.0819196473184176
2	holistic	60	4	4	0.058802278659136696	1.1876611109736948
2	conventional	60	3	3	0.35926150651548433	2.4007680907374285
3	holistic	60	1	1	0.07496594752385073	1.354684331157833
3	conventional	60	7	7	0.32689781678094626	2.0300442094682065
4	holistic	60	0	0	0.09395323604684558	1.8116705373502684
4	conventional	60	6	6	0.333699676245843	2.1308504586442405
5	holistic	60	1	1	0.09045993083554195	2.14902831076723
5	conventional	60	6	6	0.2946538619179631	1.858233760827759
6	holistic	59	4	5	0.08086789287147213	1.8131317513056031
6	conventional	60	8	8	0.3173635734383088	4.154502851705204
7	holistic	58	3	4	0.08568506291239296	1.6120541522637033
7	conventional	59	15	16	0.26551549122919643	1.9490125734912596
8	holistic	59	3	2	0.14054607445846481	1.6455104371917322
8	conventional	60	8	7	0.6252844933727708	5.43465838272159
9	holistic	60	4	3	0.21615331764345733	2.260799638100054
9	conventional	60	9	9	0.6630059012380646	3.39105343058046
10	holistic	60	3	3	0.20160847364740467	1.936075742840619
10	conventional	60	5	5	0.7822594190521925	2.772547680188809
11	holistic	30	6	36	0.589280559111802	4.82191709510534
11	conventional	60	5	5	0.7012438397667907	2.483268701480163
12	holistic	36	7	1	0.47496458610880243	3.8634102257838854
12	conventional	60	11	11	0.6296289388044474	2.1374550112170017
13	holistic	47	12	1	0.5807148149350997	3.880209690962461
13	conventional	60	3	3	0.7334364674029114	2.4376604981572245
14	holistic	60	13	0	0.4990484868583074	2.793981547916243
14	conventional	60	7	7	0.7553225884892371	2.308934220138398
15	holistic	60	2	2	0.5363353270546971	1.9386431661609544
15	conventional	60	4	4	0.7910088889947117	2.3360167757758306
16	holistic	60	4	4	0.5748067839485602	1.9528789268684403
16	conventional	60	4	4	0.749729214078973	3.3417977008394883
17	holistic	60	9	9	0.622887533848516	2.10827603961041
17	conventional	60	3	3	0.8544470752824707	4.347431696996175
18	holistic	60	1	1	0.7324300200237042	1.9859662697743534
18	conventional	60	1	1	0.8837095466772056	6.563812774228415
19	holistic	60	4	4	0.7403440338040386	1.8535913434548537
19	conventional	60	4	4	0.7893159108638831	3.059325772208691
20	holistic	60	1	1	0.8069001112569413	2.896588381749313
20	conventional	60	2	2	0.79152078014356	2.0896598618450297
21	holistic	60	2	2	0.7614881209460826	1.861111551894155
21	conventional	60	2	2	0.7619342722705914	2.3420475771186045
22	holistic	60	1	1	0.7486156702154443	2.2617791388613275
22	conventional	60	3	3	0.8119883651969293	2.8426927372746094
23	holistic	60	2	2	0.7608867112450253	2.225596602204823
23	conventional	60	2	2	0.8303957779307897	2.346368260273539
24	holistic	60	2	2	0.8080884687585431	2.2779376334229826
24	conventional	60	1	1	0.8726771201114283	2.0958347352756133
25	holistic	60	0	0	0.8494222422711561	2.322583832128247
25	conventional	60	0	0	0.8645873489655805	2.0183873299515676
26	holistic	60	2	2	0.8165606839394156	2.146951630150467
26	conventional	60	3	3	0.7993815919736478	2.3495396317409343
27	holistic	60	2	2	0.8008959042274907	1.9950933254986378
27	conventional	60	2	2	0.9882204519378439	5.558439787384973
28	holistic	60	1	1	0.8215582221518506	2.0491949028560845
28	conventional	60	0	0	0.935994472543578	4.0036641065379746
29	holistic	60	0	0	0.8011376829243185	2.037493072163365
29	conventional	60	1	1	0.89604376941294	2.8510452064258653
30	holistic	60	2	2	0.8024980842217846	1.9718000271528728
30	conventional	60	1	1	0.8913900280850485	2.259026491022741
31	holistic	60	1	1	0.9013890634878515	4.863583674280319
31	conventional	60	0	0	0.9003237440998054	2.399670015923991
32	holistic	60	1	1	0.8542853416007917	2.4040297139223545
32	conventional	60	2	2	0.8695925616602871	1.9416667189079306
33	holistic	60	0	0	0.9308000269997249	1.888607824597145
33	conventional	60	0	0	0.8310563629161186	1.70830253631881
34	holistic	60	0	0	0.9538195155270403	2.128432584993085
34	conventional	60	0	0	0.9009440366306588	1.9569234432448614
35	holistic	60	0	0	0.940164808692049	2.222455797759886
35	conventional	60	0	0	0.8869631259346594	1.6319626353741195
36	holistic	60	0	0	0.9154582615197947	2.1905224785611845
36	conventional	60	0	0	0.8531507953878384	1.695171905634239
37	holistic	60	0	0	0.9023186154585642	2.0916092336688408
37	conventional	60	0	0	0.8449442036760044	1.6322190384892798
38	holistic	60	1	1	0.8912464275698381	2.0721407942656875
38	conventional	60	0	0	0.8250295495619376	1.7621289818938652
39	holistic	60	0	0	0.8922096303849939	2.1178574401817065
39	conventional	60	0	0	0.8195370927504322	1.8187946814974234
40	holistic	60	0	0	0.883373445145361	2.0408663239377294
40	conventional	60	0	0	0.7930715205066468	1.7776464338923772
41	holistic	60	0	0	0.8771509267807965	2.0831370953201422
41	conventional	60	1	1	0.7981790236160985	1.7712489740599113
42	holistic	60	1	1	0.8710117422560264	2.015985859795579
42	conventional	60	0	0	0.8043382921870592	1.8820892601957429
43	holistic	60	0	0	0.8667468327863309	2.005296018692213
43	conventional	60	0	0	0.8489059488897016	1.9575706815025407
44	holistic	60	0	0	0.8643870222211765	1.9481725591245902
44	conventional	60	0	0	0.8435688651785713	1.94682751506726
45	holistic	60	0	0	0.8721450739153034	1.8962139526362052
45	conventional	60	1	1	0.8432430915139771	1.90847630163615
46	holistic	60	1	1	0.8688273625635116	1.8487008029048473
46	conventional	60	0	0	0.8297131084991902	1.8983199468383676
47	holistic	60	0	0	0.862729655800226	1.7634862854601367
47	conventional	60	0	0	0.8550691998327588	2.4669847802105616
48	holistic	60	0	0	0.8817830408869037	1.6951335113890904
48	conventional	60	1	1	0.8518875946647398	2.131052129011111
49	holistic	60	0	0	0.8808820087191183	1.764575723969818
49	conventional	60	0	0	0.831631884081542	1.8456942387428543
50	holistic	60	0	0	0.8736035177026383	1.7678802402878528
50	conventional	60	0	0	0.8216190227086921	1.8142803315779328
51	holistic	60	1	1	0.8675276610537939	1.6777383268979844
51	conventional	60	1	1	0.8195025300265948	1.7623763855236667
52	holistic	60	1	1	0.8590335126694028	1.6664248030576676
52	conventional	60	0	0	0.8035130409954458	1.7570045233280864
53	holistic	60	0	0	0.8525557260926125	1.6042597801648808
53	conventional	60	1	1	0.8110565234697983	1.7526938928575309
54	holistic	60	0	0	0.8899023152997897	1.7435977663868594
54	conventional	60	2	2	0.7986263157476473	1.7037611347683517
55	holistic	60	0	0	0.8758236902513298	1.7482182268768804
55	conventional	60	3	3	0.7801665374997467	1.743026019952943
56	holistic	60	0	0	0.8691346422412775	1.676253778393885
56	conventional	60	2	2	0.7746719188666341	1.7175402835757474
57	holistic	60	0	0	0.8734730802347541	1.7582810623045364
57	conventional	60	1	1	0.7703430133561234	1.7137410521061414
58	holistic	60	0	0	0.8753523284069209	1.8686266571013463
58	conventional	60	0	0	0.7827624309457395	1.6898223366688405
59	holistic	60	1	1	0.8704356028650188	1.8339215773163666
59	conventional	60	1	1	0.773865453050054	1.6675354577511712
60	holistic	60	0	0	0.8771923972479854	1.8348109657594103
60	conventional	60	2	2	0.8236990883262195	1.645503698490779
61	holistic	60	0	0	0.8697183313273908	1.7707225479810427
61	conventional	60	1	1	0.8269623308677214	1.737771752210862
62	holistic	60	1	1	0.8457756727220668	1.8673189818193163
62	conventional	60	0	0	0.8583025520389731	1.7523492199179314
63	holistic	60	1	1	0.8491508416623655	1.8062093202511966
63	conventional	60	1	1	0.8717412019981217	2.130221471088128
64	holistic	60	0	0	0.8710985085611479	1.8080689984218663
64	conventional	60	2	2	0.8423109972989533	1.9666215947949774
65	holistic	60	0	0	0.8644073791785395	1.7522183852480953
65	conventional	60	0	0	0.9271372901086326	5.216099951165941
66	holistic	60	3	3	0.8425356976468229	1.6998044866857933
66	conventional	60	2	2	0.8493960711486169	2.774412465197308
67	holistic	60	2	2	0.815230455942811	1.8123825942246774
67	conventional	60	6	6	0.763357179096189	1.9399980586992296
68	holistic	60	2	2	0.9058263527316959	3.8345435165609687
68	conventional	60	5	5	0.7311337563742861	2.0052570030904726
69	holistic	60	3	3	0.9541265370138946	3.677180201801414
69	conventional	60	9	9	0.7702788684997744	2.5091547866941903
70	holistic	60	4	4	0.8980437617402554	1.8410371435144426
70	conventional	60	3	3	0.8394885953910873	3.0124234591914494
71	holistic	60	4	4	0.8848618969502989	1.9450225951831883
71	conventional	60	1	1	0.7907428032887245	2.661663788425725
72	holistic	60	5	5	0.893746927558963	2.8677743256918604
72	conventional	60	7	7	0.7306036232283295	2.853478928891145
73	holistic	60	5	5	0.8894074854085687	3.9441621973048218
73	conventional	60	5	5	0.788587924415584	2.565667651792514
74	holistic	60	10	10	0.7271772094738223	2.442695088901097
74	conventional	60	3	3	0.7575023714359411	2.601487596679833
75	holistic	60	2	2	0.8416997676509506	1.9420204519273223
75	conventional	60	6	6	0.6641427717006644	2.335115652754904
76	holistic	60	2	2	0.8205503281221349	1.8702899771089627
76	conventional	60	5	5	0.6553038677093316	2.1934449715681588
77	holistic	60	8	8	0.747407207837459	2.4184479188998997
77	conventional	60	5	5	0.7401124926672132	2.7177837972951284
78	holistic	60	1	1	0.783543897579006	3.9418577104681423
78	conventional	60	2	2	0.7679556422916362	2.5810149003968235
79	holistic	60	5	5	0.6961363163838058	2.8538315380714603
79	conventional	60	7	7	0.6517753388853881	2.037859462003042
80	holistic	60	4	4	0.7406995589411517	2.9169870819544856
80	conventional	60	5	5	0.6981577468481117	2.156757218215846
81	holistic	60	7	7	0.7987397328723755	3.772116586902253
81	conventional	60	4	4	0.7525781147694265	2.0886273288917816
82	holistic	60	0	0	0.8372248776368963	2.888114607499149
82	conventional	60	4	4	0.6971260801221248	2.110682385661686
83	holistic	60	2	2	0.7854725402230934	1.7594105608002149
83	conventional	60	5	5	0.6557352967709505	2.1318751043912036
84	holistic	60	4	4	0.8020541787073844	2.1499511929384036
84	conventional	60	3	3	0.8334787559265383	4.444231957166103
85	holistic	60	1	1	0.8177538280234037	2.204250651517555
85	conventional	60	2	2	0.8007565608063175	2.122564907294061
86	holistic	60	0	0	0.8142649113931014	1.9994831007287945
86	conventional	60	2	2	0.7481165255249507	2.326959270675634
87	holistic	60	3	3	0.8272864674798328	2.3095814668266
87	conventional	60	6	6	0.7759233352659562	2.5721912889268093
88	holistic	60	1	1	0.9214046460928856	1.9902621601104102
88	conventional	60	0	0	0.7079410134801506	2.021517716767949
89	holistic	60	0	0	0.9702161915791275	3.9317800535068685
89	conventional	60	2	2	0.7370702266813718	1.9863932247144434
90	holistic	60	2	2	0.8647245862462938	1.93230531923122
90	conventional	60	4	4	0.7798024811557263	2.2639926307460323
91	holistic	60	1	1	0.8265956372183338	1.7493779601170494
91	conventional	60	2	2	0.8489117805073219	2.5767933635162485
92	holistic	60	1	1	0.829072502033249	1.8101394283742884
92	conventional	60	8	8	0.7603639326648249	2.0699284326100695
93	holistic	60	2	2	0.7935349825701999	1.5913603540730883
93	conventional	60	3	3	0.9527461253854371	4.7566457508754905
94	holistic	60	1	1	0.8344494239000267	1.4993027894442446
94	conventional	60	1	1	0.9263034821082083	3.2291609501697116
95	holistic	60	0	0	0.833022279357276	1.5344070667013354
95	conventional	60	1	1	0.902191945797712	2.0688523702056694
96	holistic	60	1	1	0.8436053687879589	1.6829534668520465
96	conventional	60	0	0	0.8704601343790425	1.7415318245426379
97	holistic	60	0	0	0.8383030677096397	1.5999486075199774
97	conventional	60	1	1	0.8824505032130028	1.655035610362032
98	holistic	60	0	0	0.8531356815247937	1.5315646461830805
98	conventional	60	0	0	0.9296734400808385	3.4362969775345773
99	holistic	60	0	0	0.8360911315886076	1.6599221158095012
99	conventional	60	0	0	0.897373319243766	2.453345311763913
100	holistic	60	0	0	0.8390689209084093	1.5159565124606853
100	conventional	60	0	0	0.8517674035434131	1.788882666457469
101	holistic	60	0	0	0.8636919128856114	1.9326560317842882
101	conventional	60	1	1	0.8517595038736872	1.6492777870860031
102	holistic	60	0	0	0.8802912256348112	1.9327939677467934
102	conventional	60	0	0	0.8819058277376414	1.8473420099216196
103	holistic	60	0	0	0.9013779311724176	1.8661423701802347
103	conventional	60	0	0	0.8633345203378028	1.7326210454887219
104	holistic	60	0	0	0.91848041201423	1.8810501210834194
104	conventional	60	0	0	0.8781024870336138	1.7673183886141648
105	holistic	60	0	0	0.9214655063581548	1.8044805706065683
105	conventional	60	1	1	0.8675470999209428	1.7333461856471688
106	holistic	60	1	1	0.9136129864551014	1.765482575708055
106	conventional	60	0	0	0.8558443712216346	1.653565642937962
107	holistic	60	0	0	0.9041842761193621	1.8266809171296878
107	conventional	60	0	0	0.8455334890722104	1.5960989624715058
108	holistic	60	0	0	0.895085801550172	1.7818050060798356
108	conventional	60	0	0	0.8266782511484462	1.5678503405431763
109	holistic	60	0	0	0.8963446354362667	1.7414195886409116
109	conventional	60	0	0	0.8303464666799607	1.564201771688242
110	holistic	60	0	0	0.9112328285117947	1.7783918394718716
110	conventional	60	1	1	0.8223282319931766	1.5180859644061828
111	holistic	60	0	0	0.9041573031709341	1.7346962103140202
111	conventional	60	0	0	0.8243887461507754	1.5822741527045452
112	holistic	60	1	1	0.8808941458049127	1.736577728999704
112	conventional	60	0	0	0.8186753810903862	1.5574371568101142
113	holistic	60	0	0	0.9225081417996123	1.8531216161209767
113	conventional	60	0	0	0.8234236406903054	1.5471222854629985
114	holistic	60	1	1	0.9054598767943297	1.7838160401615046
114	conventional	60	1	1	0.8154282325062903	1.5229108585095166
115	holistic	60	0	0	0.9217800223205422	1.8218643271392936
115	conventional	60	1	1	0.8195248337190093	1.6058415037240343
116	holistic	60	0	0	0.902923126798105	1.7542677922468635
116	conventional	60	3	3	0.7901256277332956	1.5614212436388781
117	holistic	60	0	0	0.9067655512285211	1.8295600127152687
117	conventional	60	3	3	0.8109807026319586	1.5603019487125587
118	holistic	60	0	0	0.9102028759325589	1.799773982460287
118	conventional	60	0	0	0.8341435164435664	2.5153670341468715
119	holistic	60	0	0	0.9069273477319271	1.7393929858074115
119	conventional	60	3	3	0.8248279976729436	1.6053173791017146
120	holistic	60	0	0	0.8989295921414655	1.7042886484898192
120	conventional	60	1	1	0.7658213873098585	1.517270764158654
121	holistic	60	0	0	0.9193755363851054	1.8077509988815939
121	conventional	60	3	3	0.7943285716903268	1.4793932924294368
122	holistic	60	0	0	0.9198965817268506	1.8727087799330173
122	conventional	60	1	1	0.8176910460274561	1.592367034978326
123	holistic	60	1	1	0.903417615439175	1.8389251533499569
123	conventional	60	1	1	0.8415195176612181	1.5980232117272792
124	holistic	60	0	0	0.905508436032898	1.807085988697476
124	conventional	60	2	2	0.8203125742151715	2.523746494513386
125	holistic	60	0	0	0.92310457723426	1.8657980578371929
125	conventional	60	0	0	0.8472855110673024	2.171270336260462
126	holistic	60	1	1	0.9160092199707387	1.8355330655423756
126	conventional	60	5	5	0.7904169491242253	2.2657382993287163
127	holistic	60	2	2	0.9162296697274462	2.811190218343002
127	conventional	60	1	1	0.8031017748286305	2.2390199988182657
128	holistic	60	1	1	0.9054533750206795	3.301813334906649
128	conventional	60	6	6	0.6941014276880905	2.083832219298308
129	holistic	60	3	3	0.8681829156308408	2.4697835436775883
129	conventional	60	6	6	0.7040611994350513	3.5175767018701105
130	holistic	60	2	2	0.830794151804246	2.5470388275546627
130	conventional	60	3	3	0.7028218284997539	3.0722623876162465
131	holistic	60	4	4	0.776655330818867	2.0077020048672343
131	conventional	60	2	2	0.7107223454431263	1.887389669429634
132	holistic	60	4	4	0.934179200957004	4.785272180555403
132	conventional	60	7	7	0.6682401678182295	1.5766441404560703
133	holistic	60	2	2	0.9217072145045577	4.242372594525847
133	conventional	60	2	2	0.7349131765870303	3.448686622927177
134	holistic	60	9	9	0.8969745187144001	3.7909088520823944
134	conventional	60	4	4	0.7289124139684378	2.9486103851123158
135	holistic	60	1	1	0.8676540309343725	2.8351516122482368
135	conventional	60	5	5	0.7097116356705823	1.7794341716060977
136	holistic	60	2	2	0.8881675723168514	2.713282238384004
136	conventional	60	4	4	0.8611399201421576	3.448778273763884
137	holistic	60	6	6	0.8795694494660324	3.207816318343364
137	conventional	60	5	5	0.8545382973859798	3.3243996017708244
138	holistic	60	5	5	0.8920897250334282	2.9602900981592803
138	conventional	60	4	4	0.9325058293693762	3.110131949620332
139	holistic	60	5	5	0.9202168666319497	3.732698547975224
139	conventional	60	4	4	1.0838965242857697	5.4906177014118125
140	holistic	60	6	6	0.8262218173454372	2.38629905593539
140	conventional	60	5	5	1.03781398840918	4.555452734920685
141	holistic	60	7	7	0.7878105846914796	2.495799313821116
141	conventional	60	0	0	0.911675489672019	3.218325975366237
142	holistic	60	2	2	0.9118035162174601	3.7289888910799744
142	conventional	60	2	2	0.873817063215398	2.3205137552775184
143	holistic	60	3	3	0.9307195272354813	2.2788387717778393
143	conventional	60	2	2	0.9266137522786967	2.235509129274214
144	holistic	60	4	4	0.8453896359778342	2.286038099896155
144	conventional	60	2	2	0.9551910971912199	3.6415935033476514
145	holistic	60	3	3	0.9251624577888716	3.9326392928818064
145	conventional	60	1	1	0.9229286119232302	2.0672428303519146
146	holistic	60	1	1	0.8573292351621157	2.2804819904849416
146	conventional	60	1	1	0.8388027905509846	1.9098429244866126
147	holistic	60	4	4	0.8815097710845865	2.4348595700380553
147	conventional	60	4	4	0.8016359126028638	1.7779774554955317
148	holistic	60	2	2	0.9217816528695372	2.334718986334369
148	conventional	60	1	1	0.8497253344807034	3.187169199017058
149	holistic	60	0	0	0.9007252844319953	2.267531813749347
149	conventional	60	3	3	0.8324059229073042	1.546008508623365
150	holistic	60	1	1	0.8999456885615299	2.434119985387085
150	conventional	60	4	4	0.8084276814736067	3.29851863873107
151	holistic	60	1	1	0.8552918171613004	2.2680176367839406
151	conventional	60	0	0	0.8293875118069524	1.8125371015764866
152	holistic	60	3	3	0.8475071222942111	2.0807630480680555
152	conventional	60	5	5	0.8206266464166764	1.6507095888488583
153	holistic	60	1	1	0.9130398006596815	2.1561905731109894
153	conventional	60	1	1	0.8979420813002068	2.765470552901361
154	holistic	60	1	1	0.8944799965986879	2.1964126671234547
154	conventional	60	2	2	0.8564020033517796	2.2723270238839093
155	holistic	60	0	0	0.9046083351360544	2.143649017626404
155	conventional	60	0	0	0.8076607878823131	1.773043058084154
156	holistic	60	2	2	0.8938688390721209	2.0466150131635117
156	conventional	60	4	4	0.8657666848179301	2.272731572732974
157	holistic	60	0	0	0.9371809233648408	2.2061709452948763
157	conventional	60	3	3	0.8981680435561333	2.40693293122783
158	holistic	60	0	0	0.9340704616340755	2.1069681975770873
158	conventional	60	1	1	0.9582804362080548	2.240396169391507
159	holistic	60	0	0	0.9048992734297296	1.9605790631576638
159	conventional	60	0	0	0.950640391219736	2.3563973886304996
160	holistic	60	0	0	0.9093778528221328	2.066475832141696
160	conventional	60	0	0	0.9307499049288028	2.1183590674678707
161	holistic	60	0	0	0.9082330702935161	2.0126327217009226
161	conventional	60	1	1	0.9104812218994643	2.1232010034907223
162	holistic	60	0	0	0.9048069035582297	2.0039291068523064
162	conventional	60	1	1	0.8938151784736516	2.0615509321968584
163	holistic	60	0	0	0.9105515604360775	1.9335219344907624
163	conventional	60	1	1	0.9052218865094485	2.1418119232228614
164	holistic	60	0	0	0.9085904681233472	1.8669939009247631
164	conventional	60	0	0	0.9210866984818208	2.256262032585145
165	holistic	60	0	0	0.8991548476961283	1.8444646276468313
165	conventional	60	1	1	0.8978405416575936	1.9721797300198365
166	holistic	60	0	0	0.8823161328818734	1.7773397251655583
166	conventional	60	0	0	0.9463456583723766	4.39533687079464
167	holistic	60	0	0	0.8742781283643325	1.8436599492709491
167	conventional	60	0	0	0.9094454749898456	2.4128046395593126
168	holistic	60	0	0	0.8791291552953824	1.9614519619869393
168	conventional	60	1	1	0.9005860526495185	2.4070438090841306
169	holistic	60	0	0	0.8831273671022026	1.9549467785946557
169	conventional	60	0	0	0.8903604098287119	1.8299328665116645
170	holistic	60	0	0	0.8755690173465326	1.9486128405330283
170	conventional	60	1	1	0.8840494984144218	1.7592067536989848
171	holistic	60	0	0	0.8876357250506073	1.8934939085055364
171	conventional	60	0	0	0.9026504773074221	1.7777584069833716
172	holistic	60	1	1	0.875258012199123	1.8465138572494717
172	conventional	60	0	0	0.8782747974073966	1.7235111849197975
173	holistic	60	0	0	0.8693077102379322	1.842974637134218
173	conventional	60	0	0	0.8561288624090028	1.693912888920047
174	holistic	60	1	1	0.8625470924985356	1.8878463208102554
174	conventional	60	0	0	0.8731200624311022	1.6754526424784726
175	holistic	60	1	1	0.8495062840058035	1.802592824503783
175	conventional	60	0	0	0.8687873691093498	1.6229687694043284
176	holistic	60	2	2	0.8432334473958899	1.764421226912921
176	conventional	60	1	1	0.867083923879965	1.5735744980487587
177	holistic	60	1	1	0.8528569059150792	1.690716209779224
177	conventional	60	2	2	0.83692626036537	1.5945806166425232
178	holistic	60	0	0	0.8568413138225607	1.6962912243324098
178	conventional	60	0	0	0.8914789095552085	4.325856534860269
179	holistic	60	0	0	0.8732046752267049	1.7023384581578136
179	conventional	60	1	1	0.8617091414267397	3.319229732238349
180	holistic	60	0	0	0.8773830255092203	1.6728475371416816
180	conventional	60	0	0	0.8521780468475739	2.6473149525652824
181	holistic	60	1	1	0.8742401395825505	1.72579537164841
181	conventional	60	1	1	0.8338360565067549	2.57099702584893
182	holistic	60	0	0	0.8814040019166931	1.7957856584354646
182	conventional	60	1	1	0.8617373015766441	2.120582527808943
183	holistic	60	1	1	0.8737930355913476	1.7717377368816314
183	conventional	60	1	1	0.8867507812926335	2.4282137386942666
184	holistic	60	0	0	0.912354492365486	1.792995278609782
184	conventional	60	0	0	0.9106148527375967	2.4347572048008375
185	holistic	60	0	0	0.9088499481828813	1.7916961693944773
185	conventional	60	0	0	0.873452431796902	1.7659250723453477
186	holistic	60	1	1	0.9025059203851896	1.9666840323759298
186	conventional	60	2	2	0.8407142742119496	1.4408303945180099
187	holistic	60	1	1	0.9202896002182894	2.753287277358055
187	conventional	60	0	0	0.8354991142191018	1.420291278826351
188	holistic	60	1	1	0.9428840975154391	3.2721939282161507
188	conventional	60	3	3	0.8144954203134147	1.7007055179034856
189	holistic	60	1	1	0.9248694552635394	2.7657362568011394
189	conventional	60	4	4	0.7826801703080517	3.2348531874638864
190	holistic	60	2	2	0.931834500677063	3.5184590119099974
190	conventional	60	1	1	0.7925090353617464	2.740562627820621
191	holistic	60	4	4	1.0029512529150173	4.903477183909204
191	conventional	60	3	3	0.8141372155737281	2.5696827832631306
192	holistic	60	3	3	0.9383469359186745	3.4005574839728294
192	conventional	60	3	3	0.788385014162888	2.2337656564038086
193	holistic	60	1	1	1.0311706279132895	4.909237130430837
193	conventional	60	1	1	0.7378119930177132	2.031942780271694
194	holistic	60	4	4	0.9975924158024109	3.9067645601241874
194	conventional	60	4	4	0.7766544704860574	2.2494962377146144
195	holistic	60	1	1	1.1102221497327092	5.8852779430879645
195	conventional	60	3	3	0.7283970986833014	2.104812627201493
196	holistic	60	1	1	1.0514565625513022	3.895475099858268
196	conventional	60	6	6	0.7424748774385307	2.8101374627298923
197	holistic	60	2	2	0.9784323432648421	2.562814001711137
197	conventional	60	4	4	0.6919525187244171	3.218531644775492
198	holistic	60	3	3	0.9664737027944512	2.483434340185886
198	conventional	60	5	5	0.7755614467538182	2.487747601733205
199	holistic	60	2	2	0.9220250311950318	2.163411395294962
199	conventional	60	5	5	0.8296515996260349	4.336394698413039
200	holistic	60	6	6	0.8757199605625398	2.5792356658808004
200	conventional	60	4	4	0.9348434666622948	3.5459215010505685
201	holistic	60	5	5	0.837974081446128	3.9620928899580012
201	conventional	60	1	1	1.0037478667298025	4.317612526867895
202	holistic	60	1	1	0.897323006392432	3.964311861030583
202	conventional	60	2	2	1.0129199930290376	2.416146142985046
203	holistic	60	4	4	0.8324682097382126	2.9620162764732236
203	conventional	60	1	1	1.0027665909885222	2.894783463662479
204	holistic	60	6	6	0.8662226215458823	3.719684880977118
204	conventional	60	3	3	0.9590938537233371	2.2127662213136556
205	holistic	60	4	4	0.8285012948927932	3.237535840314237
205	conventional	60	3	3	0.9297102579855527	2.0786705147268925
206	holistic	60	1	1	0.9186175319801992	3.739541563622743
206	conventional	60	1	1	1.024583541803755	5.527497433693285
207	holistic	60	5	5	0.9749141079587779	4.959724508241999
207	conventional	60	3	3	0.9467082151728888	3.0179271067795304
208	holistic	60	3	3	1.118411643457572	4.4663733075305565
208	conventional	60	2	2	0.9786608176395003	2.139093382268195
209	holistic	60	0	0	1.043204505850522	3.196959699403223
209	conventional	60	3	3	0.9036854454149472	1.7048984474262714
210	holistic	60	1	1	0.9626942954846243	2.8769281543070493
210	conventional	60	2	2	0.9885142839075403	2.650080637869905
211	holistic	60	3	3	0.9558064607716656	2.887158290662929
211	conventional	60	0	0	0.9132553990739098	1.685626676916337
212	holistic	60	3	3	1.0374772250346627	4.748614357107246
212	conventional	60	3	3	0.8544097844661067	1.6125643363838513
213	holistic	60	1	1	1.0839132678592398	3.9404714029352617
213	conventional	60	1	1	0.862178487355108	2.2624958346378845
214	holistic	60	2	2	0.9977989205342617	2.623480646808286
214	conventional	60	3	3	0.98953250164149	6.259130330765631
215	holistic	60	1	1	0.9812963699263456	2.5150092816670724
215	conventional	60	1	1	0.9608859389411368	3.27985884412405
216	holistic	60	4	4	0.920502173746505	2.471935614111981
216	conventional	60	4	4	0.8699820997992791	1.9743819360693413
217	holistic	60	0	0	1.0842628041071618	3.934772837217154
217	conventional	60	3	3	0.9831382107212645	3.512786182798007
218	holistic	60	0	0	1.0566362718308209	2.918091500320592
218	conventional	60	1	1	0.8788826040877671	2.0144375753404837
219	holistic	60	0	0	1.0702057243209748	3.536364993431712
219	conventional	60	3	3	0.8828778740510176	2.352608835439117
220	holistic	60	1	1	1.0386291704060686	3.086563098445268
220	conventional	60	1	1	0.856299546112913	2.5488221111116935
221	holistic	60	0	0	1.020361011128576	2.9606037641508083
221	conventional	60	2	2	0.8094266181934258	2.134844433670877
222	holistic	60	1	1	1.0445866738132878	2.9608395766569973
222	conventional	60	3	3	0.7760198809434479	2.036693950801643
223	holistic	60	0	0	1.020712440633363	2.692229953992063
223	conventional	60	1	1	0.855187655545771	1.9054164756604248
224	holistic	60	1	1	1.0010267939247801	2.6383179027168646
224	conventional	60	1	1	0.8428049433460088	2.364920953183068
225	holistic	60	0	0	1.0243771074261598	2.5876689543408
225	conventional	60	1	1	0.7978962356021747	1.8579843876730802
226	holistic	60	0	0	1.0338085277657743	2.6252979352610892
226	conventional	60	1	1	0.7989044864813265	1.8080648765189333
227	holistic	60	0	0	1.018609035304288	2.605281894726527
227	conventional	60	0	0	0.7866540017814773	1.7665860935719264
228	holistic	60	0	0	1.0098478254550958	2.586257702057276
228	conventional	60	1	1	0.7943616969483416	1.89337198980429
229	holistic	60	0	0	1.006173149933094	2.515672098572173
229	conventional	60	1	1	0.7689371349637006	1.702721275235787
230	holistic	60	0	0	1.004834101668153	2.5259263909902936
230	conventional	60	1	1	0.7912643870108583	1.8711195294006284
231	holistic	60	0	0	0.9995059021989144	2.510464322677242
231	conventional	60	1	1	0.8268442731842726	2.26167703170416
232	holistic	60	0	0	1.0028307507050338	2.4470204812072827
232	conventional	60	2	2	0.812157486082002	2.167103351268648
233	holistic	60	0	0	0.9942984910996953	2.4821620643028153
233	conventional	60	0	0	0.9062538434085305	3.347133363479289
234	holistic	60	1	1	0.9958212120915044	2.4454842624221316
234	conventional	60	0	0	0.9087894131303049	2.7535891307997518
235	holistic	60	1	1	0.9726114543177999	2.4105517255392184
235	conventional	60	1	1	0.8852159678842295	2.602916516512571
236	holistic	60	2	2	0.9600487846593436	2.377197154815799
236	conventional	60	0	0	0.8646128163769081	2.441270190831907
237	holistic	60	2	2	1.0289912741918923	2.3234410597883985
237	conventional	60	2	2	0.85173741558705	2.3017201660382485
238	holistic	60	0	0	1.0274578729906738	2.335888543704811
238	conventional	60	1	1	0.852215024836272	2.3683573324075837
239	holistic	60	0	0	1.00319211390357	2.315668780577263
239	conventional	60	1	1	0.8148882273672527	2.1942933012223005
240	holistic	60	0	0	1.004695945138333	2.4178717480743748
240	conventional	60	2	2	0.8515315075999271	2.2213676230443955
241	holistic	60	3	3	0.9710377208731201	2.27023406836073
241	conventional	60	1	1	0.8738407278889908	3.317767694133833
242	holistic	60	0	0	1.031022331044081	3.925448988590119
242	conventional	60	1	1	0.8977829670424354	3.3125036107896095
243	holistic	60	0	0	1.018041054763674	2.446894029575069
243	conventional	60	2	2	0.8536267131656446	1.9860716763367356
244	holistic	60	1	1	1.0085299543065338	2.212365325818795
244	conventional	60	0	0	0.9153877223195686	2.2752793653272265
245	holistic	60	0	0	1.0131387936380811	2.206780977395688
245	conventional	60	2	2	0.8562048920295592	1.8175290283342784
246	holistic	60	1	1	1.0016915640998854	2.219711468188433
246	conventional	60	3	3	0.8915571237714538	2.0441720247780286
247	holistic	60	1	1	0.9880097381371782	2.196336512035387
247	conventional	60	0	0	0.8944204227962492	1.8499185025904745
248	holistic	60	2	2	0.9575209673188553	2.1737388819621644
248	conventional	60	3	3	0.8562626703661479	2.0373584587748916
249	holistic	60	1	1	0.9871934486041843	2.1348309981483427
249	conventional	60	2	2	0.851555545793767	1.9848696433041209
250	holistic	60	2	2	0.9696539742503234	2.9185067444584827
250	conventional	60	1	1	0.8353798117990777	2.0304494949890373
251	holistic	60	4	4	0.8787412983385402	2.2520516212003177
251	conventional	60	3	3	0.8201392487936084	2.5397235034868757
252	holistic	60	3	3	0.9154589680064382	2.8839338026244064
252	conventional	60	2	2	0.8649457046823752	3.5849976582756655
253	holistic	60	1	1	0.9350994147687366	2.5172657644789895
253	conventional	60	1	1	0.8703284113399155	2.58196759172053
254	holistic	60	4	4	0.8798393378459227	2.7492234808265317
254	conventional	60	4	4	0.7855726836159286	2.229296166245689
255	holistic	60	2	2	0.9222957542390556	2.48586351078972
255	conventional	60	2	2	0.8317208907238691	2.167207405609955
256	holistic	60	1	1	0.9675991591039581	3.0763363693901593
256	conventional	60	4	4	0.858842742219647	3.32484417526777
257	holistic	60	2	2	0.975663255276707	2.7097467154141697
257	conventional	60	3	3	0.7375569259137669	2.080960897023896
258	holistic	60	2	2	0.9247620706272889	2.3056519640713042
258	conventional	60	4	4	0.7918292140130441	3.3542171867602826
259	holistic	60	1	1	0.9980801447313592	2.0027435106918006
259	conventional	60	5	5	0.70959785248346	2.0136254543298953
260	holistic	60	3	3	0.9174678205383346	2.221894970350741
260	conventional	60	7	7	0.623961970211865	1.85191268031493
261	holistic	60	5	5	0.9068318028889572	1.9836131807795567
261	conventional	60	3	3	0.8121788176465226	2.192776665910128
262	holistic	60	0	0	1.0654660517475263	3.7194917204179196
262	conventional	60	4	4	0.9267484642852779	3.6972484046769565
263	holistic	60	2	2	0.9770091743637049	2.8360116960122035
263	conventional	60	3	3	0.859410173053427	2.8654624730477525
264	holistic	60	4	4	0.9591029320994722	2.0886991208106163
264	conventional	60	3	3	0.8872930900958579	2.1982704461589098
265	holistic	60	3	3	1.0806677818636232	5.904832039835892
265	conventional	60	1	1	0.94364100507797	3.2454235450207896
266	holistic	60	1	1	0.9874160262533679	3.444500327457429
266	conventional	60	2	2	0.8429700699165867	1.7353689884006736
267	holistic	60	5	5	0.9550028051519994	3.9351098806496707
267	conventional	60	3	3	0.873354764138476	2.6633608147551566
268	holistic	60	1	1	1.2468937784493186	8.710468208795918
268	conventional	60	1	1	0.947092752344407	2.555644056560551
269	holistic	60	1	1	1.140551812746534	5.715065585847819
269	conventional	60	2	2	0.961800277803466	2.547186609909051
270	holistic	60	1	1	1.1349177617322526	4.045540085210118
270	conventional	60	0	0	1.0625986865257018	4.338383235616032
271	holistic	60	4	4	1.1142910011215759	3.712519702640987
271	conventional	60	0	0	1.0038056286890036	2.857452691892267
272	holistic	60	2	2	1.0834766900068795	3.1109936939507175
272	conventional	60	2	2	0.9906218440371651	3.131627953732607
273	holistic	60	1	1	1.1056546797603972	2.954732886621514
273	conventional	60	1	1	0.9960913298612781	2.9239001237168565
274	holistic	60	1	1	1.085438976880194	2.4348746701648696
274	conventional	60	2	2	0.9382001425091739	2.754114956168072
275	holistic	60	2	2	1.0865689597373733	2.319319917359731
275	conventional	60	1	1	0.928711485684911	2.7092929233611964
276	holistic	60	4	4	1.0512729379696553	2.715450882320581
276	conventional	60	6	6	0.8327156579905046	2.670062456560283
277	holistic	60	1	1	1.0744582014452224	2.3512815111704968
277	conventional	60	1	1	0.8964605977652498	3.2842994451255496
278	holistic	60	0	0	1.1184638271291552	2.9627437956930223
278	conventional	60	2	2	0.9668652265634712	3.4771874278436634
279	holistic	60	2	2	1.0546905026501185	2.3690199517817274
279	conventional	60	2	2	0.8495195379030768	2.1817882102401653
280	holistic	60	2	2	1.070580254792035	2.5252910105666593
280	conventional	60	1	1	0.9005288227110523	3.181686003554975
281	holistic	60	0	0	1.1010791327780245	2.3765633340922765
281	conventional	60	1	1	0.8886887053691733	3.1805868233827317
282	holistic	60	0	0	1.0698180829928696	2.1708606560742862
282	conventional	60	4	4	0.8144297788647713	2.5186834743051825
283	holistic	60	0	0	1.0671278138882714	2.0727727486585303
283	conventional	60	1	1	0.8285175861498145	2.257798035499772
284	holistic	60	2	2	1.033690499256277	2.132895369668407
284	conventional	60	0	0	0.8208400956548005	2.3868488519063655
285	holistic	60	0	0	1.0126725175733133	2.186280652629092
285	conventional	60	3	3	0.7739189861647271	2.0206063560685714
286	holistic	60	0	0	1.0561858041974006	2.2949110095907055
286	conventional	60	0	0	0.8142446490082534	2.3123288456676576
287	holistic	60	0	0	1.0416657923683457	2.1559499494470424
287	conventional	60	5	5	0.7761954677959111	2.3199827692592456
288	holistic	60	1	1	1.030286391350001	2.1991986906737973
288	conventional	60	2	2	0.8869926825282788	3.6910122118519553
289	holistic	60	0	0	1.0922127978802252	2.9773010373277593
289	conventional	60	1	1	0.8759026515179787	2.18740297876001
290	holistic	60	0	0	1.074550206367942	2.1221775229073865
290	conventional	60	1	1	0.8163899576123329	2.0662186507723264
291	holistic	60	0	0	1.0550451594792472	2.013705142151998
291	conventional	60	2	2	0.947562439809364	8.318945179675726
292	holistic	60	0	0	1.0560321543905966	1.9642454393095976
292	conventional	60	2	2	0.8567118616284005	4.314563129173383
293	holistic	60	0	0	1.0613274759675793	1.9520713876902824
293	conventional	60	1	1	0.8292703504862798	2.6442111117225227
294	holistic	60	0	0	1.063565577800725	1.9010320782937775
294	conventional	60	2	2	0.8371202306665795	2.8096256335004672
295	holistic	60	1	1	1.0536076468701154	1.9250563174721012
295	conventional	60	1	1	0.8727595693830831	2.3077615151794975
296	holistic	60	2	2	1.0052696507580974	1.8768039176615576
296	conventional	60	0	0	0.8234169149341117	1.971537358870352
297	holistic	60	1	1	1.01692661294059	1.8538428494877446
297	conventional	60	0	0	0.8456898923948784	1.8766257237737438
298	holistic	60	0	0	1.05303253915641	1.8551082041165778
298	conventional	60	2	2	0.8426508278237678	2.3804627287686557
299	holistic	60	0	0	1.049909586445758	1.9201834356368237
299	conventional	60	1	1	0.8040292975157766	1.6252965754973863
300	holistic	60	0	0	1.05454002645982	1.9161539177455045
300	conventional	60	2	2	0.8333458869394405	1.4270269021586275
301	holistic	60	3	3	1.0295077334719154	1.9123613879861046
301	conventional	60	0	0	0.8660299871951425	2.4446795977469478
302	holistic	60	1	1	1.0270431716292523	1.9089011285956512
302	conventional	60	0	0	0.8465723184764665	1.46061923162648
303	holistic	60	0	0	1.020267434842784	1.8594483804337478
303	conventional	60	2	2	0.8067919763617668	1.907290748514086
304	holistic	60	1	1	1.0142786446761671	1.8373985750476165
304	conventional	60	0	0	0.840231252134083	1.5939473083812787
305	holistic	60	2	2	0.9999754425158515	1.8594621240373608
305	conventional	60	1	1	0.779513154634895	1.5020918039010196
306	holistic	60	2	2	1.0177901522106316	1.8336037602322497
306	conventional	60	0	0	0.7929882349905821	1.7393490978546458
307	holistic	60	1	1	1.0615197159788443	2.773518033270877
307	conventional	60	1	1	0.8237649998360751	2.156092098930685
308	holistic	60	2	2	1.0014554971198615	2.278677031892837
308	conventional	60	2	2	0.8779406430445674	4.252569603092903
309	holistic	60	1	1	0.9971086688627762	1.791633380030827
309	conventional	60	2	2	0.8194583424552682	2.2579178673257783
310	holistic	60	1	1	0.9780983384454033	1.8114088943944557
310	conventional	60	1	1	0.8033751661364892	1.9241499683509085
311	holistic	60	4	4	0.9581112619536909	1.7710892020014173
311	conventional	60	2	2	0.78200866946558	1.5071286596490605
312	holistic	60	1	1	1.1031812338728726	6.7228745386955495
312	conventional	60	0	0	0.7621002419696304	1.9285011941888057
313	holistic	60	1	1	1.0259335526059086	3.733708629740011
313	conventional	60	2	2	0.8094934702586667	2.8326335211513167
314	holistic	60	3	3	1.0044707500605465	2.7271174878506557
314	conventional	60	3	3	0.7662778761190417	1.993436282582936
315	holistic	60	2	2	0.9691715457934839	2.229338403033919
315	conventional	60	3	3	0.8064178059729868	3.4445087667915866
316	holistic	60	2	2	0.9581575274142011	2.129221255783435
316	conventional	60	2	2	0.7614266938731392	2.0223241665563503
317	holistic	60	1	1	0.9435465962827989	2.278217759379231
317	conventional	60	3	3	0.8149462814061896	1.859641112398546
318	holistic	60	4	4	0.9533303509360801	2.492180153694122
318	conventional	60	2	2	0.8779596362120212	3.330301078589626
319	holistic	60	1	1	1.0308047769759325	4.932485286483059
319	conventional	60	3	3	0.8944357195826788	2.857559783432701
320	holistic	60	4	4	0.94806422797846	2.8557261683474473
320	conventional	60	6	6	0.8012006316650323	2.817780474245323
321	holistic	60	5	5	0.97126828583021	3.7223913909353965
321	conventional	60	5	5	0.7031345329709093	1.8575336231044206
322	holistic	60	1	1	0.9822444994456311	3.2212500811826144
322	conventional	60	3	3	0.8404671792687495	4.206425021395917
323	holistic	60	2	2	1.0051907172873045	2.907041824612891
323	conventional	60	4	4	0.8173664314367292	2.3389613886795306
324	holistic	60	4	4	0.9752089257698187	2.823632017802148
324	conventional	60	2	2	0.7474416847470694	1.6414452927139294
325	holistic	60	4	4	0.974290796687725	2.7464117212209738
325	conventional	60	3	3	0.7945948938861542	2.496978753613699
326	holistic	60	1	1	1.0370522336779233	2.8777815969934073
326	conventional	60	3	3	0.8234815270297626	3.708842313222388
327	holistic	60	5	5	0.986538022712484	2.9303243148066436
327	conventional	60	5	5	0.8225335395873432	2.2085978096016556
328	holistic	60	3	3	1.0233804594690752	2.8007937108543337
328	conventional	60	1	1	0.7403352016475264	1.5356342098582012
329	holistic	60	2	2	1.1059896306256638	5.936003702979105
329	conventional	60	7	7	0.7588153449857618	1.5202943707663688
330	holistic	60	1	1	1.1402691152292952	3.7297129414150576
330	conventional	60	0	0	0.8423240136883943	2.456051551123035
331	holistic	60	4	4	1.1362906249132503	3.2276910105076
331	conventional	60	1	1	0.9171205109604261	2.2658731028243686
332	holistic	60	2	2	1.133283721540087	3.396983882106879
332	conventional	60	0	0	0.8920611324377979	1.9251912028621696
333	holistic	60	1	1	1.089792645517211	2.9652673592155567
333	conventional	60	0	0	0.8693727558783606	1.7039006337728146
334	holistic	60	2	2	1.0532146279195782	2.954481350930226
334	conventional	60	1	1	0.833359733379274	1.523408265988561
335	holistic	60	2	2	0.9824096008556462	2.9032720559014016
335	conventional	60	0	0	0.7897202801515757	1.4980387301277125
336	holistic	60	1	1	1.0325279994561822	3.016208488098462
336	conventional	60	2	2	0.7501157202396467	1.449604557599025
337	holistic	60	2	2	1.0078712128335485	2.9667143097073234
337	conventional	60	2	2	0.7978083053406121	2.3592009581973934
338	holistic	60	2	2	0.9990038730094495	2.994554444105621
338	conventional	60	1	1	0.7417326942955811	1.5480675406674405
339	holistic	60	2	2	1.010961271605921	2.94947652859615
339	conventional	60	3	3	0.7236458651986167	1.5636790333377821
340	holistic	60	2	2	1.0141950533288868	2.942338472037608
340	conventional	60	4	4	0.6660200720051953	1.5185845814111025
341	holistic	60	1	1	0.9862481545293336	2.8380802568798935
341	conventional	60	1	1	0.7908377429600701	1.5176696853276714
342	holistic	60	1	1	1.0369128989298755	2.931604210094046
342	conventional	60	6	6	0.7565348653626274	2.5116230895328715
343	holistic	60	1	1	0.9848034585304696	2.8940429967085453
343	conventional	60	0	0	0.9633092145147508	3.4007793445394894
344	holistic	60	2	2	1.019096797439855	3.9200373350510462
344	conventional	60	2	2	0.821385586083477	1.5197084848908433
345	holistic	60	0	0	1.0332197140582466	2.915105463244538
345	conventional	60	4	4	0.7583592029699228	1.4659166495183626
346	holistic	60	0	0	1.0463509109294349	3.413301780527502
346	conventional	60	1	1	0.8265299322063824	1.8969908177472405
347	holistic	60	0	0	1.061565390077915	3.6700983420879743
347	conventional	60	4	4	0.8517031114909236	3.265083053052492
348	holistic	60	1	1	1.0637309031508129	3.118665630547558
348	conventional	60	2	2	1.0347271942859055	5.39536807704981
349	holistic	60	0	0	1.089026693314509	3.1193575199029113
349	conventional	60	1	1	0.968342228148478	3.510223604016476
350	holistic	60	1	1	1.0600987264889425	2.75174213503788
350	conventional	60	3	3	0.8287986621032346	2.464605581956958
351	holistic	60	0	0	1.0900228813531314	2.6321923542645154
351	conventional	60	3	3	0.9593633704345415	2.33939546146173
352	holistic	60	0	0	1.092233466126629	2.6927845365489866
352	conventional	60	0	0	0.9862546115716666	4.755006541219005
353	holistic	60	1	1	1.0679325649180602	2.7197252992835765
353	conventional	60	1	1	0.8875822888281382	2.9130673583840134
354	holistic	60	0	0	1.1151786514846151	2.6738911665607428
354	conventional	60	2	2	0.8865299156400046	1.99184234945921
355	holistic	60	0	0	1.1077975059083471	2.6299382037578547
355	conventional	60	1	1	0.9643374127580961	3.3837411444653247
356	holistic	60	2	2	1.0798654873857507	2.676239807402347
356	conventional	60	0	0	0.9160634520416201	2.042567831550286
357	holistic	60	0	0	1.1441960473838926	2.633772905645863
357	conventional	60	2	2	0.9297502542254349	1.9600905325788125
358	holistic	60	0	0	1.1283044894545158	2.6780464374586144
358	conventional	60	1	1	0.8674992956697728	1.8362731267636319
359	holistic	60	0	0	1.1159406772209328	2.7211163165151535
359	conventional	60	1	1	0.9062071050105512	2.305028349419357
360	holistic	60	0	0	1.1407048084130398	2.68044370442459
360	conventional	60	2	2	0.9949026235198729	2.669057483185815
361	holistic	60	0	0	1.1311919155273558	2.621289839248426
361	conventional	60	0	0	0.9168055310660407	2.3343811058987
362	holistic	60	0	0	1.1344574054003744	2.62933843748911
362	conventional	60	0	0	0.958150526851971	2.5366274587773416
363	holistic	60	0	0	1.1357802663166099	2.655374327695718
363	conventional	60	2	2	0.9159395663871357	2.6735023400028
364	holistic	60	1	1	1.1264422437370591	2.5721910512771937
364	conventional	60	0	0	0.9792904475511668	3.537000790953639
365	holistic	60	2	2	1.111715825174263	2.556013885555802
365	conventional	60	0	0	0.9706470735821057	2.0826877536765824
366	holistic	60	1	1	1.167088684983901	3.7258062790081916
366	conventional	60	0	0	0.955687678389229	2.001488619383106
367	holistic	60	0	0	1.1342940566991853	2.525670014081713
367	conventional	60	1	1	0.9384737878652054	1.8365812970123834
368	holistic	60	1	1	1.114991071022738	2.51158010067976
368	conventional	60	0	0	0.9741921249836379	3.423079486156083
369	holistic	60	1	1	1.0809389690351998	2.49811380375013
369	conventional	60	1	1	0.9206294993856282	2.004112824380171
370	holistic	60	1	1	1.0558068965388694	2.503822227099807
370	conventional	60	1	1	0.9111574876996403	1.8266550935504227
371	holistic	60	4	4	0.9826256461999695	2.412141068143244
371	conventional	60	2	2	0.9078831925895534	1.8980659186565176
372	holistic	60	2	2	1.0518207169296294	3.8384994196035325
372	conventional	60	0	0	0.9273477316554043	3.4520010674997077
373	holistic	60	1	1	1.1305749681726402	4.340421392333758
373	conventional	60	4	4	0.8832955140802855	2.175187087922641
374	holistic	60	1	1	1.1192946015564864	3.5072186422155642
374	conventional	60	2	2	0.850614826342407	1.8244069743891764
375	holistic	60	2	2	1.1522642450196408	2.946139362282127
375	conventional	60	3	3	0.9255200763230648	3.463006292282183
376	holistic	60	0	0	1.255739782195562	6.845664546957888
376	conventional	60	1	1	1.0359326107317899	4.371395005362517
377	holistic	60	1	1	1.1930462081012725	4.842961968857339
377	conventional	60	3	3	0.9918763352834336	3.460264106514627
378	holistic	60	3	3	1.0690211589052485	3.1666097618150104
378	conventional	60	3	3	0.9006583644005398	2.471518355899839
379	holistic	60	1	1	1.0415615260198796	3.332143935844222
379	conventional	60	2	2	1.0304285350556102	2.8144276739846044
380	holistic	60	3	3	1.0156476766542397	2.8345772494653154
380	conventional	60	1	1	1.1176960501124493	4.376641810787963
381	holistic	60	4	4	1.0284296428687874	3.816698295083506
381	conventional	60	0	0	1.1130448726233526	3.32773323618491
382	holistic	60	1	1	0.9784251425788523	2.652217983681175
382	conventional	60	1	1	1.0662943827427525	2.580169072710229
383	holistic	60	2	2	0.9601807004511399	2.625409960734118
383	conventional	60	3	3	1.0327576406725718	2.554610542975275
384	holistic	60	5	5	0.9454527762100216	2.5361959559252374
384	conventional	60	3	3	1.0095253320492157	2.411544479382115
385	holistic	60	4	4	0.8955078445331353	2.5460749820414255
385	conventional	60	1	1	1.0673439143306984	4.5106944856825555
386	holistic	60	1	1	0.9611889760923247	2.4965788127102386
386	conventional	60	4	4	1.0224649370477998	2.514514713715411
387	holistic	60	6	6	0.9665703240115476	4.961686128772695
387	conventional	60	0	0	1.008670046106884	2.316461626794346
388	holistic	60	2	2	1.0142530838399244	2.9629222074633113
388	conventional	60	3	3	0.9428200699218773	2.148301288811323
389	holistic	60	1	1	1.0775053057848107	7.819642506736416
389	conventional	60	6	6	0.9208805632577246	2.417993457190585
390	holistic	60	1	1	1.0938486502490057	5.3208766264188965
390	conventional	60	2	2	0.9602600813095431	2.302556520404117
391	holistic	60	5	5	1.028945993659841	5.806664518417807
391	conventional	60	0	0	0.9564585811320908	2.3057843572836223
392	holistic	60	0	0	1.0186242246980453	4.558316247422011
392	conventional	60	3	3	0.8992266913223789	2.200470061979828
393	holistic	60	2	2	1.1002487703768553	3.804330962944989
393	conventional	60	1	1	0.9128219409892203	2.1285270903002416
394	holistic	60	0	0	1.1671118568874903	5.8339117662766355
394	conventional	60	0	0	0.9130687715875927	2.059590856791384
395	holistic	60	2	2	1.1011313619014602	3.836060505295211
395	conventional	60	3	3	0.9150458006014074	2.0728636602569277
396	holistic	60	0	0	1.126606632223025	3.674724961793261
396	conventional	60	1	1	0.9310123363866865	2.27113434796056
397	holistic	60	1	1	1.1563611170330685	3.5739293372389045
397	conventional	60	3	3	0.9290033220438254	2.033720648290754
398	holistic	60	2	2	1.0929953954894793	3.1971707018834197
398	conventional	60	1	1	0.9158241359363066	1.9771677477540537
399	holistic	60	1	1	1.1333828825637835	3.2513884505097077
399	conventional	60	1	1	0.9214163812004098	2.569241366811654
400	holistic	60	2	2	1.084182840703852	2.962144082671426
400	conventional	60	4	4	0.8516605017170692	2.322319144474443
401	holistic	60	1	1	1.1024690155295904	3.7972728991681075
401	conventional	60	2	2	0.810048460412888	2.3202207548728935
402	holistic	60	1	1	1.1356529083860119	3.722722022157479
402	conventional	60	6	6	0.8834650626355854	2.322548852561263
403	holistic	60	1	1	1.1360387694359757	3.6576615662696033
403	conventional	60	0	0	0.9042654723739123	2.199834682630545
404	holistic	60	2	2	1.1259886424549839	3.476654078121233
404	conventional	60	1	1	0.9461521339325365	1.8804185088665148
405	holistic	60	0	0	1.1126389207522291	3.3758932842456066
405	conventional	60	2	2	0.9317678886114007	2.4079363245283667
406	holistic	60	0	0	1.1139772569416355	3.2330546243077567
406	conventional	60	1	1	0.8712097202845224	1.8998959903863257
407	holistic	60	2	2	1.0942739881415144	3.2639453686919655
407	conventional	60	3	3	0.8759121894166525	1.828234688850184
408	holistic	60	1	1	1.1358597142334081	3.1912303249350686
408	conventional	60	0	0	0.8454822121467278	1.6586815714539085
409	holistic	60	0	0	1.0972832754423294	3.0782252186338623
409	conventional	60	1	1	0.7681482104280605	1.6148184731759592
410	holistic	60	1	1	1.0940857395137906	3.0227868441128063
410	conventional	60	5	5	0.7444233127867703	1.5658955881948264
411	holistic	60	0	0	1.0877675716417288	3.0989528482672584
411	conventional	60	3	3	0.7170284062255318	1.5987698688824084
412	holistic	60	0	0	1.0970728745740652	3.045131447371467
412	conventional	60	0	0	0.7598904725851131	1.6154968731189168
413	holistic	60	1	1	1.0725478882786839	2.9942660979413263
413	conventional	60	1	1	0.8093407113051618	1.8586215968817867
414	holistic	60	0	0	1.0884807697859744	2.9481215201398943
414	conventional	60	4	4	0.7858199764707997	1.9947231205244478
415	holistic	60	0	0	1.0683804533017123	2.8320242279598267
415	conventional	60	2	2	0.7567885647104393	1.9280114729980604
416	holistic	60	2	2	1.0264581191116084	2.7955658243064496
416	conventional	60	1	1	0.837578810264264	1.8735298020363942
417	holistic	60	0	0	1.0644755821975143	2.968217224214981
417	conventional	60	2	2	0.8141876127269823	1.91005756665426
418	holistic	60	0	0	1.097185585304924	2.961153751837952
418	conventional	60	2	2	0.8212872914855361	1.8158382887916722
419	holistic	60	0	0	1.1227918397059355	3.5394672645094
419	conventional	60	1	1	0.8027521337804171	1.741305239917201
420	holistic	60	0	0	1.1043988053271383	2.9198488655042625
420	conventional	60	6	6	0.7544801283436471	1.663650938860871
421	holistic	60	1	1	1.1057590818052148	2.9173706386963305
421	conventional	60	0	0	0.8960714484407544	4.32755004668527
422	holistic	60	0	0	1.0981786696484195	3.0019834251001587
422	conventional	60	0	0	0.9511981423314916	2.5956653151668827
423	holistic	60	0	0	1.087232244562666	3.024827996750132
423	conventional	60	2	2	0.9532595440722403	2.019135172540476
424	holistic	60	2	2	1.070987492638447	2.9901355943330232
424	conventional	60	0	0	1.0140256363967006	2.1187419446281894
425	holistic	60	2	2	1.1509919158633417	4.800074892346056
425	conventional	60	0	0	1.0253540250332087	2.220226854379967
426	holistic	60	1	1	1.1145997289344989	2.8465870059181473
426	conventional	60	0	0	1.0126405753220025	2.0353839858272758
427	holistic	60	0	0	1.1346661919962073	2.8961219214887755
427	conventional	60	0	0	1.0170683897971287	1.914039973292541
428	holistic	60	1	1	1.153471174323262	2.8688846899827345
428	conventional	60	0	0	1.0105796902749173	1.9479394928780946
429	holistic	60	0	0	1.1195437343436851	2.8423885989506648
429	conventional	60	1	1	0.9692384469179404	1.6409774896895473
430	holistic	60	1	1	1.106004758869844	2.79296227037618
430	conventional	60	0	0	0.9752651000501549	1.648893401614361
431	holistic	60	3	3	1.0383992834991582	2.72351971637575
431	conventional	60	1	1	0.9149504149734032	1.6438520336050366
432	holistic	60	3	3	1.070333142692174	2.753628304694784
432	conventional	60	1	1	0.8919926336945849	1.5964823661409784
433	holistic	60	1	1	1.3643743554282364	8.85287827082546
433	conventional	60	4	4	0.8745143046812182	1.6076644902165116
434	holistic	60	1	1	1.2829585298994277	4.370638705356431
434	conventional	60	1	1	0.8190688704257139	1.6079895250520964
435	holistic	60	1	1	1.1831239521236054	3.540864726268697
435	conventional	60	4	4	0.7566044233096221	1.583893697293063
436	holistic	60	0	0	1.145088507903772	2.7093900316212913
436	conventional	60	2	2	0.7876910124790906	3.3254442633791075
437	holistic	60	1	1	1.1335986636134303	2.87422398730086
437	conventional	60	4	4	0.7761111675620586	2.8410960686948705
438	holistic	60	2	2	1.1222413296315854	3.3645659304641806
438	conventional	60	5	5	0.7226014561998884	2.2362587612962503
439	holistic	60	0	0	1.2042132869817652	4.796557811153355
439	conventional	60	0	0	0.8050507871797532	3.2737889228979187
440	holistic	60	2	2	1.1696224913638982	2.7885292051120936
440	conventional	60	0	0	0.8192847929599824	1.7948684671417179
441	holistic	60	2	2	1.1212962063119705	2.7912176910070237
441	conventional	60	0	0	0.8850982621873978	2.298221686386887
442	holistic	60	2	2	1.1647412577073966	3.0384358436080836
442	conventional	60	1	1	0.8384102246325625	1.6201569037926402
443	holistic	60	1	1	1.150826505362898	3.388865993088657
443	conventional	60	1	1	0.7597757523766692	1.519601939508446
444	holistic	60	4	4	1.0521731183052756	2.6181213949242976
444	conventional	60	3	3	0.7648739913897667	1.4589840533871499
445	holistic	60	4	4	0.9803803529813097	2.4630592697617497
445	conventional	60	2	2	0.7369173168871532	1.4186422959759568
446	holistic	60	3	3	0.9674029680502074	2.5380833622359735
446	conventional	60	1	1	0.7737275606182543	2.2287782470412973
447	holistic	60	6	6	0.9536957750822057	2.8718513334899995
447	conventional	60	0	0	0.7268248848211779	1.7477389701557713
448	holistic	60	2	2	1.0061795607207564	2.910833610253336
448	conventional	60	2	2	0.754174218871763	1.8227429629672525
449	holistic	60	3	3	1.0524824645290325	3.9348134909341272
449	conventional	60	3	3	0.8001958376600142	2.5043365749433057
450	holistic	60	1	1	1.0261876258294766	3.4272781178129863
450	conventional	60	3	3	0.7880586192161083	2.671600643859638
451	holistic	60	5	5	0.9486682209663134	2.591027272177183
451	conventional	60	1	1	0.8722908711694755	5.254210488361752
452	holistic	60	1	1	1.0233920991888987	2.411642856204769
452	conventional	60	5	5	0.821744925085076	2.7856119121255625
453	holistic	60	2	2	0.9702350457775205	2.4330504939490023
453	conventional	60	1	1	0.865110913744672	5.399609104628199
454	holistic	60	2	2	1.0742128258715762	3.847271041577669
454	conventional	60	0	0	0.8546219051710663	2.384691932675924
455	holistic	60	4	4	1.0142172558118157	2.2935490779442906
455	conventional	60	2	2	0.857970954228056	2.287571743380054
456	holistic	60	2	2	1.0098031638455593	2.210504348293474
456	conventional	60	0	0	0.8795320212792516	2.336416452213354
457	holistic	60	1	1	1.0768435123147635	3.925877589121546
457	conventional	60	2	2	0.8162110098221724	2.286375506206169
458	holistic	60	4	4	1.0284046201569244	2.9271255686211326
458	conventional	60	3	3	0.7640825789012429	2.0806358645722227
459	holistic	60	2	2	1.0508692342179504	2.678288462394253
459	conventional	60	2	2	0.7335994144688402	2.2728450148947004
460	holistic	60	3	3	1.0244952072253095	2.7874692139752364
460	conventional	60	1	1	0.8127715293278714	2.1302218427536763
461	holistic	60	2	2	1.1993504442939917	3.8645481127573746
461	conventional	60	2	2	0.8740488476031735	2.272155964229696
462	holistic	60	0	0	1.1513926946441873	3.1896738976874572
462	conventional	60	3	3	0.8513329463482258	2.2711620143883926
463	holistic	60	0	0	1.147845755017704	2.855528860712582
463	conventional	60	0	0	0.8882086097480798	3.3773788953873036
464	holistic	60	2	2	1.084989506627598	3.052602331221034
464	conventional	60	1	1	0.889552498513508	2.4725475691251537
465	holistic	60	0	0	1.161478088636812	2.8538157667703494
465	conventional	60	3	3	0.8298742966200714	2.4418759232219744
466	holistic	60	0	0	1.1162310191156146	2.5683666330235866
466	conventional	60	0	0	0.9008142903118708	2.5999314344171793
467	holistic	60	4	4	1.09556516967229	2.479297436470804
467	conventional	60	4	4	0.8529080741221601	2.346504379006899
468	holistic	60	0	0	1.05210967475013	2.1869992393047113
468	conventional	60	2	2	0.8615741558002193	2.185619374479096
469	holistic	60	0	0	1.1049154869790194	3.817651168475395
469	conventional	60	1	1	0.8816051993622295	2.062154086187606
470	holistic	60	2	2	1.0692744506353333	2.8198523434586473
470	conventional	60	3	3	0.8366359391755069	2.0959922691519304
471	holistic	60	1	1	1.0906564931546552	2.318572966444152
471	conventional	60	2	2	0.9036391935234565	2.0186696275939813
472	holistic	60	0	0	1.1212135762976068	2.3154567342646195
472	conventional	60	1	1	0.9857886889019161	2.3720857807339573
473	holistic	60	1	1	1.120926527137263	2.3535810042198895
473	conventional	60	1	1	0.8788105358928142	1.8959456081134405
474	holistic	60	0	0	1.2011417900868062	2.5951396547132
474	conventional	60	3	3	0.8728132362645685	1.6850933194778872
475	holistic	60	0	0	1.197571895564928	2.4798217237943807
475	conventional	60	1	1	0.851519498177113	1.7359199902070894
476	holistic	60	1	1	1.175251762923744	2.6192558321307007
476	conventional	60	0	0	0.92953580989334	2.8535187626373393
477	holistic	60	0	0	1.2049749073763523	2.6881255135077575
477	conventional	60	1	1	0.9162061592372231	3.0239095202306334
478	holistic	60	0	0	1.186893973129994	2.5917388180418617
478	conventional	60	1	1	0.8662510675781301	2.1066667836100414
479	holistic	60	0	0	1.1941415176212902	2.5049524170483988
479	conventional	60	1	1	0.861025080727091	1.9565319255299969
480	holistic	60	0	0	1.1854697352675492	2.3790105322388104
480	conventional	60	9	9	0.7506049972873117	1.5213717987922333
481	holistic	60	0	0	1.1917491103811244	2.445820892585512
481	conventional	60	2	2	0.8924522305415127	3.2595164504674647
482	holistic	60	0	0	1.2044090539234265	2.5505762012001454
482	conventional	60	1	1	0.9764131593238721	2.7663469515586483
483	holistic	60	0	0	1.1920144024384756	2.479927307836777
483	conventional	60	2	2	0.9510254004465101	2.2694929936538575
484	holistic	60	2	2	1.1519483821039505	2.374762580928248
484	conventional	60	2	2	0.9055055275248216	1.628752003306025
485	holistic	60	2	2	1.1114406188863046	2.3932411646124745
485	conventional	60	1	1	0.8519396442310297	1.7922825445862447
486	holistic	60	1	1	1.1319759364294206	3.783389439509348
486	conventional	60	2	2	0.8992315239981702	2.49219464977275
487	holistic	60	0	0	1.1491578675342222	2.390056339976867
487	conventional	60	0	0	0.9288611455368668	2.4840547170528686
488	holistic	60	1	1	1.1504494174528497	2.4748029185276263
488	conventional	60	0	0	0.8944225690282169	1.7273268497645624
489	holistic	60	0	0	1.1784904639483262	2.6769654480063068
489	conventional	60	0	0	0.9049852197852404	1.669141091364286
490	holistic	60	1	1	1.1365342414094328	2.466288146853122
490	conventional	60	0	0	0.8801607873787148	1.4691509737880826
491	holistic	60	3	3	1.1046128513954536	2.4786310412104466
491	conventional	60	0	0	0.9034701423298196	1.7316396698874852
492	holistic	60	3	3	1.0797222355776406	2.429275724571959
492	conventional	60	2	2	0.867110599038686	1.8593615919200437
493	holistic	60	2	2	1.2131316253302695	3.8204257883055197
493	conventional	60	1	1	0.8604070419617137	2.0442439356599347
494	holistic	60	2	2	1.1999336508585936	2.874725926716145
494	conventional	60	0	0	0.835951966470165	1.9917208564416669
495	holistic	60	1	1	1.1966013316955886	2.7923624702806458
495	conventional	60	5	5	0.822998000874126	1.811720053632594
496	holistic	60	0	0	1.1485089309163543	2.432536182148839
496	conventional	60	1	1	0.9001065858838395	5.245384061288601
497	holistic	60	1	1	1.1694438109690501	2.504426538377468
497	conventional	60	5	5	0.8578969232449043	3.246992583959169
498	holistic	60	2	2	1.1265772614435234	2.3401125974017694
498	conventional	60	3	3	0.9321337292864825	2.9052155402618793
499	holistic	60	0	0	1.1143615054250735	2.303077858346418
499	conventional	60	1	1	0.952114491271428	2.340248059884615
500	holistic	60	1	1	1.131445959634029	2.7986493499203653
500	conventional	60	0	0	0.8893068260140421	1.832611682120712
501	holistic	60	2	2	1.0575705515679759	2.3052713625704437
501	conventional	60	2	2	0.8698859490977144	1.909929190485066
502	holistic	60	0	0	1.1708048028386058	3.9648951338172322
502	conventional	60	2	2	0.9534247473176064	4.333567698844467
503	holistic	60	0	0	1.130375429027557	2.2610588924078012
503	conventional	60	1	1	0.8961823703234697	2.832826206132248
504	holistic	60	3	3	1.058964087347157	2.2297978197621138
504	conventional	60	4	4	0.7830776832078139	1.9105741399602307
505	holistic	60	1	1	1.1423513934350844	2.7594884382104814
505	conventional	60	2	2	0.8860536425293215	4.379966466567893
506	holistic	60	0	0	1.209183175946906	6.7835307258395545
506	conventional	60	1	1	0.8261094875690643	2.4038452764650673
507	holistic	60	4	4	1.0999720985022505	4.305779599109432
507	conventional	60	3	3	0.8699697880630061	2.409070218259747
508	holistic	60	1	1	1.0627327027972036	4.467354779578865
508	conventional	60	0	0	0.9008618779464957	2.400845063397286
509	holistic	60	2	2	0.9940144754873905	3.5489804608633064
509	conventional	60	3	3	0.9339054602295443	2.5641518851331475
510	holistic	60	0	0	1.0462728440923992	4.002506739417953
510	conventional	60	1	1	0.9434331238749407	2.4729037663846944
511	holistic	60	4	4	0.9715984470549579	3.6400737001679198
511	conventional	60	2	2	0.9251357481794299	2.819244448946331
512	holistic	60	1	1	1.0182789766402705	3.23665476794774
512	conventional	60	3	3	0.9058153125648857	2.383718260303387
513	holistic	60	3	3	0.9997546506756995	2.934499077941494
513	conventional	60	2	2	0.9728418763154923	3.289212580496857
514	holistic	60	2	2	1.0717144230333073	3.732162213094935
514	conventional	60	0	0	1.0232297066638472	2.795180647516676
515	holistic	60	4	4	1.047153420446763	3.733808647836845
515	conventional	60	1	1	0.9599701049423532	2.246455856362446
516	holistic	60	1	1	1.082735957355749	3.7707141544866296
516	conventional	60	0	0	1.0094765934592151	3.2357721453159964
517	holistic	60	1	1	1.057732164181377	3.0651818358359706
517	conventional	60	3	3	0.9526223979457513	2.7288867663307412
518	holistic	60	3	3	1.0275103373508894	2.980334186884848
518	conventional	60	3	3	0.9643579838367567	3.3460721052229907
519	holistic	60	2	2	1.0628488714588735	2.930566563610504
519	conventional	60	3	3	0.8871572011375796	2.3303271059293773
520	holistic	60	5	5	0.9962810320815634	2.564953858650014
520	conventional	60	1	1	0.9125817400316373	2.3543196639174386
521	holistic	60	3	3	1.1116360995968961	4.894940279733635
521	conventional	60	1	1	0.889451031591662	2.286071836026619
522	holistic	60	0	0	1.205339653006032	3.8960295742448148
522	conventional	60	2	2	0.916120034851282	2.247070196792673
523	holistic	60	1	1	1.1979676170860878	3.557869783035333
523	conventional	60	0	0	1.0285226083230525	4.210320535418702
524	holistic	60	1	1	1.22749982206975	3.140291101205324
524	conventional	60	0	0	1.0360435859532708	3.196255307876923
525	holistic	60	0	0	1.2128717776675149	3.4898795591701424
525	conventional	60	2	2	0.9997113200642563	2.868189141576114
526	holistic	60	0	0	1.177536379777082	3.2205515942499834
526	conventional	60	0	0	0.963309619621041	2.198438036531741
527	holistic	60	3	3	1.1650623166595087	3.031208966893388
527	conventional	60	1	1	0.9852384689349282	2.059564707705656
528	holistic	60	0	0	1.2021708768749246	3.5117335357346797
528	conventional	60	3	3	0.9460205782163609	2.14404154107944
529	holistic	60	1	1	1.1608025287743158	3.222955640518768
529	conventional	60	1	1	0.9689917194983598	1.9531637197894929
530	holistic	60	2	2	1.1650569823076256	3.3882672024602742
530	conventional	60	1	1	0.9260348136564346	1.9897728460505473
531	holistic	60	1	1	1.2169040900105441	3.4350360692899558
531	conventional	60	3	3	0.9181681191208694	1.96927135344101
532	holistic	60	0	0	1.2132765663669318	3.38968256397642
532	conventional	60	1	1	0.9389903962356737	1.950617130938965
533	holistic	60	1	1	1.2208853985145425	3.8104049939381337
533	conventional	60	1	1	1.0383683663874475	2.259224124810068
534	holistic	60	0	0	1.2140739601421435	3.4623092744827058
534	conventional	60	3	3	0.9708518136076557	3.0470594949372267
535	holistic	60	0	0	1.1609053154351026	3.490167560012499
535	conventional	60	1	1	1.0143324756356915	2.5477776038877376
536	holistic	60	1	1	1.110568919097386	3.390354179012084
536	conventional	60	0	0	0.9803696168061921	2.1798703909057418
537	holistic	60	0	0	1.175461054089839	3.8636916441916287
537	conventional	60	0	0	0.985511997528278	2.2118445079708895
538	holistic	60	0	0	1.128375951315811	3.446105563019115
538	conventional	60	1	1	0.9385379475053697	1.9596343054528849
539	holistic	60	0	0	1.1262650226328998	3.2589741284557614
539	conventional	60	1	1	0.9702122348064304	2.1916639764954455
540	holistic	60	0	0	1.138320744846132	3.6405041895955614
540	conventional	60	6	6	0.8868137373375942	2.198849316379292
541	holistic	60	0	0	1.1180226217939526	3.6525109979965698
541	conventional	60	1	1	0.7976641694484573	3.259958037012293
542	holistic	60	0	0	1.114517130701209	3.7991694628642168
542	conventional	60	2	2	0.8235788793879912	2.2927072039054455
543	holistic	60	0	0	1.1103961230099066	3.6730394411039766
543	conventional	60	1	1	0.8416265326246095	1.791763125871883
544	holistic	60	1	1	1.0904512369809423	3.5979037882539195
544	conventional	60	3	3	0.8043029285120625	1.8010426646981406
545	holistic	60	1	1	1.0814819408461118	3.5704066813764843
545	conventional	60	2	2	0.8545196891580511	2.3272923456809105
546	holistic	60	1	1	1.0675532698891828	3.5444666157690556
546	conventional	60	5	5	0.7494320260909991	1.8006091537035627
547	holistic	60	0	0	1.1522043787078973	3.4457380219056497
547	conventional	60	1	1	0.823359251773499	2.2327235004378716
548	holistic	60	1	1	1.1253937969694903	3.426025804856591
548	conventional	60	1	1	0.8639218837190031	2.01480258474666
549	holistic	60	1	1	1.141113127655907	3.407924277001954
549	conventional	60	0	0	0.8550380612730127	1.7516492606641936
550	holistic	60	0	0	1.193580612682045	3.390887570679148
550	conventional	60	0	0	0.8937975178464972	1.890599620093234
551	holistic	60	2	2	1.115435647276662	3.375101363131054
551	conventional	60	0	0	0.8874612098590428	1.7670490669080023
552	holistic	60	2	2	1.230806284287498	4.870664921342573
552	conventional	60	0	0	0.9005261993031274	2.1995544548391175
553	holistic	60	1	1	1.1855020672806547	3.8710890452746067
553	conventional	60	1	1	0.868208292435127	1.992041577349424
554	holistic	60	2	2	1.0895419535670072	3.157171348783894
554	conventional	60	1	1	0.9062126008793621	4.376546869246914
555	holistic	60	1	1	1.077056815713647	3.178312941840465
555	conventional	60	3	3	0.918396205058114	4.38005733585552
556	holistic	60	0	0	1.0685436419453456	3.1983263194103975
556	conventional	60	0	0	0.9361595356032824	2.879244459036461
557	holistic	60	2	2	1.0553925985980708	3.270837512108903
557	conventional	60	6	6	0.8532253914328874	3.046934026398073
558	holistic	60	3	3	1.0898736901086423	3.785855408811746
558	conventional	60	4	4	0.8654512904885188	2.2112980227679193
559	holistic	60	0	0	1.0991063564435557	3.2261267154619637
559	conventional	60	0	0	0.8711630436656754	2.1810815834546777
560	holistic	60	1	1	1.1331340473089215	3.167829378463206
560	conventional	60	4	4	0.8235755055732824	1.910999553646707
561	holistic	60	2	2	1.1449735903375733	3.5066917058241964
561	conventional	60	1	1	1.0209214068642232	5.323782503048541
562	holistic	60	0	0	1.111704280800093	3.55783008521328
562	conventional	60	1	1	0.9441639289093509	2.8340022137567065
563	holistic	60	0	0	1.1266351627101823	3.125114096723866
563	conventional	60	1	1	0.9392837282461696	2.0226103861482243
564	holistic	60	2	2	1.0854470142266937	3.120030300264831
564	conventional	60	1	1	0.9415436428557037	1.7764297066546908
565	holistic	60	2	2	1.0951243744566255	3.137342907102234
565	conventional	60	1	1	0.9283927212886167	1.7727302012899646
566	holistic	60	0	0	1.0812178970092903	3.175313723236532
566	conventional	60	2	2	0.893225665298328	1.8233519605065749
567	holistic	60	3	3	1.0021373970901934	3.1483550302874432
567	conventional	60	2	2	0.8725269015639326	1.6662682827283444
568	holistic	60	1	1	0.9738097751364698	3.122138987180628
568	conventional	60	2	2	0.9573551144693427	3.3508849151337605
569	holistic	60	2	2	1.0154660345139248	3.1377886692873664
569	conventional	60	1	1	0.9880829280410333	2.9611231713152115
570	holistic	60	0	0	1.0604800455009784	3.0727738596042036
570	conventional	60	1	1	0.9185717002979036	2.2823677091843813
571	holistic	60	3	3	1.0207663912714304	3.0691969578665668
571	conventional	60	3	3	0.9494295422499721	3.3321624851414193
572	holistic	60	2	2	1.0326576012141815	3.007998631853909
572	conventional	60	2	2	0.9441781997303733	2.4700886918226175
573	holistic	60	2	2	1.0588658232964934	3.0058397040650515
573	conventional	60	2	2	0.9203049715184543	2.6618135410972763
574	holistic	60	2	2	1.0144914535248664	2.966514070293521
574	conventional	60	0	0	0.8948840964503579	1.853225921088749
575	holistic	60	5	5	1.0493505687730225	4.921968387623517
575	conventional	60	2	2	0.8776782363606913	1.654848513433183
576	holistic	60	0	0	1.106331652182366	4.4159067749687075
576	conventional	60	1	1	0.863576957298345	1.5271168262708148
577	holistic	60	1	1	1.136389922728326	3.9280880442126276
577	conventional	60	3	3	0.8211182329765429	1.489854290532873
578	holistic	60	4	4	1.0815106544431425	3.67439306156541
578	conventional	60	3	3	0.8284012876003339	2.0895718439324287
579	holistic	60	1	1	1.0439060056857334	3.521432263696808
579	conventional	60	3	3	0.7847386071353947	1.8508881953558272
580	holistic	60	5	5	0.9923549782321144	3.2633381985231407
580	conventional	60	0	0	1.0333389339134083	4.290923010661437
581	holistic	60	2	2	1.0388173695379381	5.696719084356529
581	conventional	60	1	1	0.9109816261992951	2.3285068962156164
582	holistic	60	2	2	1.0866116696915387	4.704797363086066
582	conventional	60	5	5	0.9554295823148221	3.375308637537307
583	holistic	60	1	1	1.1155473541051961	3.7366409195807897
583	conventional	60	1	1	1.0466552578117878	8.271658360297685
584	holistic	60	4	4	1.0517843691977165	2.922912891288958
584	conventional	60	1	1	0.9738542131044413	3.7754939397362297
585	holistic	60	1	1	1.051229639198009	2.9556910511214514
585	conventional	60	2	2	0.9761330900023352	3.6045985277504022
586	holistic	60	0	0	1.0937964330587064	2.8978112774564715
586	conventional	60	0	0	1.0007014655129327	3.0241716838724377
587	holistic	60	3	3	1.0350348187862273	2.9252462063735587
587	conventional	60	2	2	0.9384424709951183	2.274632145517273
588	holistic	60	1	1	1.0351945600424182	2.9197706772885152
588	conventional	60	2	2	0.9616445570818895	2.6296707657345646
589	holistic	60	2	2	1.0536996966462284	2.9438154291162575
589	conventional	60	1	1	0.9746009758801348	1.9925165777106448
590	holistic	60	2	2	1.016044076066739	2.9999434470353443
590	conventional	60	1	1	0.9137627536083474	3.34923320249559
591	holistic	60	1	1	1.0348759199105844	2.902878525989478
591	conventional	60	2	2	0.8877069235940122	1.9960150828764236
592	holistic	60	2	2	1.0224237496640587	2.8110087541125623
592	conventional	60	1	1	0.8840062882178896	1.7009252691450116
593	holistic	60	1	1	1.035873719885489	2.779876757785285
593	conventional	60	2	2	0.8802401204442688	2.2902526448925444
594	holistic	60	0	0	1.033766130245638	2.7778721256558883
594	conventional	60	4	4	0.8075579125023851	2.2824436647788864
595	holistic	60	0	0	1.050703524845576	2.749389349667768
595	conventional	60	3	3	0.90063260228486	2.289392476088363
596	holistic	60	2	2	1.0592093170594428	2.9531645050624653
596	conventional	60	0	0	0.9726852494323991	3.2861237254510764
597	holistic	60	1	1	1.0418346608062063	2.896817841812439
597	conventional	60	0	0	0.9384714335548483	2.29745113195303
598	holistic	60	1	1	1.1056280634034088	2.9415487880003663
598	conventional	60	0	0	0.9125210266096595	2.1623582035655047
599	holistic	60	0	0	1.1629342058969747	2.8639493915482253
599	conventional	60	0	0	0.9035717992784879	2.058063578468506
