season	population	alive	births	deaths	mean_lifetime_score	best_lifetime_score
0	holistic	60	0	0	0.06289294718527162	2.728128636576405
0	conventional	60	2	2	0.21768530842957987	3.3743778665733046
1	holistic	60	0	0	0.10472340960519357	2.227324887201914
1	conventional	60	2	2	0.24985567810386902	3.795969788360586
2	holistic	60	1	1	0.0848425631985994	1.3918989776164323
2	conventional	60	7	7	0.4549343774951071	5.6060026281733455
3	holistic	60	2	2	0.08365123729110074	1.976536171987909
3	conventional	60	7	7	0.5038338014715382	3.5387153261118875
4	holistic	60	1	1	0.087468766969014	2.1281801669723857
4	conventional	60	5	5	0.5811499800744914	3.376272910909351
5	holistic	60	0	0	0.10584114043869843	1.965555905438642
5	conventional	60	7	7	0.5933288002187695	5.543450902540698
6	holistic	60	1	1	0.12764881803225958	2.9645703457937174
6	conventional	60	9	9	0.6206110430879438	3.3604033713218824
7	holistic	60	3	3	0.11927367601720483	2.2969284906880207
7	conventional	60	7	7	0.5776340209981039	2.8510286654032932
8	holistic	60	1	1	0.12348068964084971	1.8411900063759379
8	conventional	60	10	10	0.6142490861862383	3.203641065614251
9	holistic	60	0	0	0.10372355312051175	1.7308469278316239
9	conventional	60	11	11	0.6504049668204247	6.225173550602449
10	holistic	60	6	6	0.09952663258700574	1.548302695965321
10	conventional	60	7	7	0.7999518993019756	4.912140304366678
11	holistic	22	3	41	0.34606228451939447	1.975606632659983
11	conventional	60	4	4	0.8012325622446108	3.9968825038215625
12	holistic	26	5	1	0.48069251932091245	2.4748714551636475
12	conventional	60	4	4	0.88059088470769	3.874106925396643
13	holistic	33	7	0	0.39131282578888815	1.9754091764663622
13	conventional	60	4	4	0.9320817805334254	3.770788931437742
14	holistic	36	8	5	0.41865745570723323	1.977998239836857
14	conventional	60	4	4	0.9552024239904408	3.272506872503751
15	holistic	43	8	1	0.4021912552213138	1.9292587559488772
15	conventional	60	3	3	0.9092590799487836	3.147190073805037
16	holistic	46	8	5	0.39576192129518994	1.9165979445101329
16	conventional	60	5	5	0.8809876092207214	2.7806641619263983
17	holistic	53	10	3	0.4434272327730623	1.8338779313994142
17	conventional	60	6	6	0.9738701172347412	4.198732509387543
18	holistic	60	10	3	0.657484432806435	6.815990687480717
18	conventional	60	2	2	0.919615239306289	2.6407277924434784
19	holistic	60	6	6	0.5847978354958824	3.3107673847043166
19	conventional	60	5	5	0.933817123026482	3.345005973726752
20	holistic	60	6	6	0.5648976804796307	2.4748452390294005
20	conventional	60	6	6	0.9953886860318153	3.367656425819645
21	holistic	60	5	5	0.6106677348002673	2.799466707572381
21	conventional	60	4	4	0.9673476256150181	3.2216933557796916
22	holistic	60	4	4	0.7170719142169164	2.8326265901241334
22	conventional	60	10	10	0.9904344048335646	3.099449244816114
23	holistic	60	3	3	0.7042414861073482	2.7596133889823635
23	conventional	60	3	3	1.1273809164115722	4.291824353035557
24	holistic	60	1	1	0.7651670287154724	3.8168972250791837
24	conventional	60	2	2	1.144151990525217	3.7943738374101876
25	holistic	60	5	5	0.7695046969592771	3.095055142703806
25	conventional	60	0	0	1.1781019587214987	2.8171936034998044
26	holistic	60	4	4	0.7053861876926565	2.266581355720748
26	conventional	60	0	0	1.1415428440459197	3.308905023206309
27	holistic	60	2	2	0.721971953605754	2.0615776998543502
27	conventional	60	4	4	1.1076936227794112	2.803859819238677
28	holistic	60	0	0	0.8336069522662602	4.8246276700853326
28	conventional	60	2	2	1.1330202398751978	2.545370615437114
29	holistic	60	2	2	0.7953886179428209	3.3237326063220887
29	conventional	60	1	1	1.305219526567425	5.479237375326574
30	holistic	60	1	1	0.7927937321900235	3.1591202294482215
30	conventional	60	0	0	1.2888482837976245	3.4621020554588897
31	holistic	60	3	3	0.8159250499506135	2.436084370559365
31	conventional	60	3	3	1.2589220078913113	3.5976179258057677
32	holistic	60	0	0	0.867232001697383	2.917009645989186
32	conventional	60	1	1	1.3698331424931893	4.534871202414694
33	holistic	60	1	1	0.8400385663650999	2.3137911705642504
33	conventional	60	3	3	1.3297459453865101	4.504137975400989
34	holistic	60	0	0	0.8443621056233845	2.097169895095735
34	conventional	60	0	0	1.4137816473831193	3.8364174359008225
35	holistic	60	2	2	0.8204771693472507	1.9181187766722434
35	conventional	60	0	0	1.4258713944300216	3.750721419586139
36	holistic	60	0	0	0.8347703356149926	1.830606300738276
36	conventional	60	0	0	1.4134662445384043	2.9028762540325763
37	holistic	60	1	1	0.8331347607883488	1.8267667732648292
37	conventional	60	0	0	1.4279321878108857	2.8427171841986465
38	holistic	60	1	1	0.7904200573582101	1.84876062657919
38	conventional	60	0	0	1.3787576041546965	2.795528920069686
39	holistic	60	1	1	0.786383653008279	1.7952877455589666
39	conventional	60	0	0	1.3546744104561494	2.673398942906429
40	holistic	60	0	0	0.7892497172325913	1.7894068377605716
40	conventional	60	0	0	1.35491415894044	2.688744703796357
41	holistic	60	2	2	0.7865520703930804	1.7422816524543612
41	conventional	60	0	0	1.334750576883422	2.755956521132331
42	holistic	60	1	1	0.7655017156416198	1.66053261036772
42	conventional	60	0	0	1.347583438609789	2.8527359627993656
43	holistic	60	3	3	0.7878572292567727	1.662740731627676
43	conventional	60	0	0	1.352343355302039	2.8776115002469553
44	holistic	60	1	1	0.7779583967747544	1.8119154541131368
44	conventional	60	0	0	1.3519626887863905	2.9026082183095694
45	holistic	60	2	2	0.7772993304358568	1.7699708528885256
45	conventional	60	0	0	1.3313624662105248	2.799488281147009
46	holistic	60	0	0	0.8044566856534991	1.7311657342328852
46	conventional	60	0	0	1.3193952529506088	2.791263826283031
47	holistic	60	1	1	0.7948149935600077	1.6632877351782183
47	conventional	60	1	1	1.2676004488914165	2.785417371026664
48	holistic	60	1	1	0.8012631863732056	1.6962430458746829
48	conventional	60	0	0	1.2645707195883829	2.778471464233062
49	holistic	60	1	1	0.7943074665945886	1.696494184130932
49	conventional	60	1	1	1.257550999072898	2.6895580395781087
50	holistic	60	0	0	0.783280050866292	1.697013348603404
50	conventional	60	0	0	1.2867967841267858	2.6051367273627317
51	holistic	60	0	0	0.7830469889735211	1.6682899330476209
51	conventional	60	0	0	1.2891135182797342	2.8292727969087927
52	holistic	60	1	1	0.7961093362119694	1.7548633753875196
52	conventional	60	0	0	1.2733753568302604	2.770737003385003
53	holistic	60	2	2	0.78113819538237	1.6976527351338317
53	conventional	60	1	1	1.2556076616225338	2.8300313702973443
54	holistic	60	0	0	0.7961628858258128	1.6425677324117707
54	conventional	60	1	1	1.2570104650300304	2.811991264123385
55	holistic	60	1	1	0.8087994666207515	1.5904119889445343
55	conventional	60	2	2	1.2144546328006725	2.755545680053687
56	holistic	60	0	0	0.8915087331453152	4.828466880703043
56	conventional	60	1	1	1.1955633785684165	2.7083399033798896
57	holistic	60	3	3	0.8508566254411488	3.8260842849781236
57	conventional	60	1	1	1.2235695134988975	2.662684908574663
58	holistic	60	1	1	0.8995975381015948	2.9823673487593956
58	conventional	60	1	1	1.1901561188236025	2.5549451251994184
59	holistic	60	0	0	0.8812839002030851	2.0763245174808738
59	conventional	60	2	2	1.2231312008114161	2.5175450255866414
60	holistic	60	0	0	0.8819932557845043	1.827867690912401
60	conventional	60	2	2	1.2029666870266695	2.4708093641658326
61	holistic	60	0	0	0.8906550040374148	1.8276927196056365
61	conventional	60	1	1	1.4237785677019603	9.235486834383385
62	holistic	60	1	1	0.8500830474581905	1.541992997328396
62	conventional	60	2	2	1.3136303116397134	4.259787597872976
63	holistic	60	0	0	0.8639158766265099	1.5780015074709575
63	conventional	60	3	3	1.281253597620268	3.589525634326504
64	holistic	60	1	1	0.8456518159396395	1.4942202299558462
64	conventional	60	4	4	1.2594930806517597	3.491979664753769
65	holistic	60	0	0	0.8481908134010829	1.7353540724990297
65	conventional	60	1	1	1.3125989386499506	2.669784430622638
66	holistic	60	0	0	0.841738617838121	1.7494665318536287
66	conventional	60	1	1	1.3420633427609843	3.3054941376080467
67	holistic	60	0	0	0.8475576039539933	1.860031641870301
67	conventional	60	4	4	1.2720605686034134	3.5541780875673363
68	holistic	60	0	0	0.8399680693273726	1.9513144962382307
68	conventional	60	3	3	1.1735731982737647	2.67174762377638
69	holistic	60	0	0	0.8389884640700125	1.776628062685688
69	conventional	60	7	7	1.1466235797820725	3.530825488742862
70	holistic	60	1	1	0.8133436839550708	1.7063510914728792
70	conventional	60	8	8	1.0631325494601476	2.7718475812048458
71	holistic	60	2	2	0.7849463827316542	1.7888379084717498
71	conventional	60	7	7	1.043135541809116	4.031358791284565
72	holistic	60	0	0	0.7771365293597984	1.7270118847227316
72	conventional	60	7	7	1.0387075874805258	3.135516675193852
73	holistic	60	4	4	0.7608791735017377	1.8605221442978563
73	conventional	60	3	3	1.072007797929672	4.406333850031958
74	holistic	60	5	5	0.7970994549693644	1.9788761556134082
74	conventional	60	5	5	1.0879790685736965	5.560313888048004
75	holistic	60	5	5	0.7571433102800005	1.8045780560272198
75	conventional	60	2	2	1.1260589556678782	3.596042517888396
76	holistic	60	4	4	0.723623684641982	1.9205296075719738
76	conventional	60	4	4	1.0322068825023918	2.9110516970251754
77	holistic	60	5	5	0.725743837977483	2.9051818022424327
77	conventional	60	1	1	1.105325477273415	3.23664517655832
78	holistic	60	8	8	0.8537841516779051	4.775052433578335
78	conventional	60	0	0	1.131661974670296	2.8188509044276255
79	holistic	60	3	3	0.7926928648264211	4.2769024988436275
79	conventional	60	3	3	1.096324880483545	2.8109720819710358
80	holistic	60	7	7	0.8588399260857127	3.108527028025494
80	conventional	60	1	1	1.1028074213176267	2.7624194915391675
81	holistic	60	2	2	0.8194329150926383	2.7715572379908995
81	conventional	60	3	3	1.103919826721575	2.7553944179905945
82	holistic	60	3	3	0.8411537270353711	2.969242542277365
82	conventional	60	6	6	1.0431577978957163	2.802177779912048
83	holistic	60	3	3	0.783953933230502	2.4352914515002473
83	conventional	60	4	4	1.0684407790984762	2.793997591186734
84	holistic	60	4	4	0.737933333122172	2.0543034231548942
84	conventional	60	3	3	0.9787610568950004	2.7708266710112306
85	holistic	60	3	3	0.7316825684515542	1.9472451575987921
85	conventional	60	5	5	1.2469011110346362	12.559628034099601
86	holistic	60	5	5	0.7144855144366618	1.9287632027086952
86	conventional	60	3	3	1.2315577902362829	6.6179946350363865
87	holistic	60	6	6	0.72085188998021	2.1699837076729738
87	conventional	60	3	3	1.1573846546356559	6.2783534520301645
88	holistic	60	5	5	0.7780503663968577	2.9995779905010767
88	conventional	60	4	4	1.0674642947442325	4.6168503580492555
89	holistic	60	3	3	0.8078120496741229	2.5176974138711756
89	conventional	60	1	1	1.0561431401266452	4.814735827283377
90	holistic	60	1	1	0.8963178433962462	3.365614376717499
90	conventional	60	1	1	1.0451154349866238	4.120043593096852
91	holistic	60	1	1	0.8289842523738613	2.1972514210346783
91	conventional	60	3	3	1.000161016870363	3.76203737762204
92	holistic	60	2	2	0.830399809590321	1.863606580285569
92	conventional	60	5	5	1.069442954865592	4.396807425440816
93	holistic	60	1	1	0.8530915102160547	1.8063411942383136
93	conventional	60	3	3	1.0964240590817833	3.398611556954992
94	holistic	60	0	0	0.9015371319918805	2.196407722188058
94	conventional	60	2	2	1.1754643452903646	3.7253286403341
95	holistic	60	0	0	0.9095304944907704	1.9893190986671623
95	conventional	60	0	0	1.1936657705322733	2.9748449660266973
96	holistic	60	2	2	0.8885010838793269	1.7387510629319998
96	conventional	60	0	0	1.1955299174445264	2.949791747317459
97	holistic	60	1	1	0.8949415282048885	1.7660854244456796
97	conventional	60	1	1	1.2308400123699943	3.4661659719202857
98	holistic	60	0	0	0.9004713061351077	1.727344992739399
98	conventional	60	1	1	1.2768684603824205	3.259572884775418
99	holistic	60	0	0	0.9140177628269689	1.7690883478822894
99	conventional	60	0	0	1.2375013811549662	3.019754135834183
100	holistic	60	2	2	0.8994823139104433	1.8076574975334638
100	conventional	60	1	1	1.2244477708483077	2.934868116856371
101	holistic	60	2	2	0.8652146844312008	1.7361754371912983
101	conventional	60	0	0	1.20411392244781	2.7562291732217394
102	holistic	60	0	0	0.8545972392236793	1.6696091124933905
102	conventional	60	1	1	1.172831670217631	2.78999954056339
103	holistic	60	3	3	0.8504730262958655	1.7409302015067476
103	conventional	60	0	0	1.1967432590742046	2.7457370554534055
104	holistic	60	1	1	0.9344585073192313	4.778993930723012
104	conventional	60	1	1	1.1920445252281502	2.6821437406275073
105	holistic	60	1	1	0.8978248195218596	2.2802479628953423
105	conventional	60	0	0	1.2137431185447063	2.6488421847107126
106	holistic	60	0	0	0.9186482584471707	2.112008446559473
106	conventional	60	2	2	1.2129349514401189	2.6193428137643444
107	holistic	60	2	2	0.9268600502938971	2.5261509787536234
107	conventional	60	2	2	1.2591827119541186	4.239721123188856
108	holistic	60	1	1	0.946633879116004	2.5747380242796902
108	conventional	60	0	0	1.2788805512522043	3.2084726652814544
109	holistic	60	0	0	1.038258378696233	5.326338643040761
109	conventional	60	0	0	1.263700537089125	2.6858758066156527
110	holistic	60	0	0	1.0297301663329672	3.4949862542912626
110	conventional	60	0	0	1.2526188190624816	2.657110459884487
111	holistic	60	0	0	1.0224307202276535	3.301028622799672
111	conventional	60	0	0	1.251363183450171	2.5815793822288997
112	holistic	60	0	0	1.013196210375917	3.217763971504385
112	conventional	60	0	0	1.275268289288865	2.603763475792291
113	holistic	60	0	0	0.9919498549636709	2.767755124677149
113	conventional	60	0	0	1.2508438741958066	2.6025515639178702
114	holistic	60	0	0	0.9843741000526325	2.687991236792013
114	conventional	60	0	0	1.2677675179283283	2.5549320440113656
115	holistic	60	1	1	0.9600198640172495	2.4567042410732443
115	conventional	60	1	1	1.2487148841164861	2.552389448390947
116	holistic	60	0	0	0.9617639339700919	2.831701580040338
116	conventional	60	1	1	1.2586684099656407	2.620517429478871
117	holistic	60	3	3	0.915312028767053	2.531545587546408
117	conventional	60	1	1	1.2424163247168039	2.597100821893463
118	holistic	60	1	1	0.915836640761819	2.285953496551242
118	conventional	60	1	1	1.3213324406258784	5.40150127719804
119	holistic	60	0	0	0.9433373891388377	2.0817031829683086
119	conventional	60	2	2	1.2835051300336433	3.3772328363669124
120	holistic	60	0	0	0.9308054279949899	2.1393637484911228
120	conventional	60	2	2	1.285259681088194	3.025931179530639
121	holistic	60	2	2	0.9558454757298025	2.1171108145188
121	conventional	60	2	2	1.234697078624572	2.7258269799113464
122	holistic	60	1	1	0.9407496280770146	2.2311713039877437
122	conventional	60	2	2	1.287073605919827	3.637033673725937
123	holistic	60	0	0	0.9457571315054035	2.1440133822275906
123	conventional	60	1	1	1.3284188796979695	3.2697472922763975
124	holistic	60	1	1	0.9466615793421216	2.0084072790066836
124	conventional	60	3	3	1.2590747528236284	2.782137963027942
125	holistic	60	1	1	0.9695202118629002	1.9302848029088207
125	conventional	60	2	2	1.2809307550286266	2.7064265002151373
126	holistic	60	0	0	0.9371089150077097	1.884542918255353
126	conventional	60	1	1	1.2453718823424353	2.8267661879155104
127	holistic	60	0	0	0.953462627004814	1.8319880918413065
127	conventional	60	2	2	1.3090862317631202	3.3104892364316996
128	holistic	60	0	0	0.9621856407127257	1.74823543811872
128	conventional	60	3	3	1.2458954269316656	2.8344274548073765
129	holistic	60	0	0	0.9537512217947524	1.6955932487363448
129	conventional	60	5	5	1.2211444636605182	4.3522330620059035
130	holistic	60	1	1	0.9413425499698954	1.657850428183734
130	conventional	60	4	4	1.2505139904450195	2.8297145107404442
131	holistic	60	0	0	0.956896053659611	1.6281202937129566
131	conventional	60	0	0	1.2779373002305745	2.64333093458627
132	holistic	60	0	0	0.9678577256187789	1.7484684080412418
132	conventional	60	5	5	1.225102041817739	2.6858566668923576
133	holistic	60	4	4	0.904114341799074	1.8464561270331987
133	conventional	60	4	4	1.2414805334227745	2.6615984014562746
134	holistic	60	3	3	0.880087939753071	1.609830298100201
134	conventional	60	4	4	1.2564387003015696	4.351422013113703
135	holistic	60	3	3	0.8854719955156225	1.8988513981934174
135	conventional	60	4	4	1.3925357242629104	4.353433165978728
136	holistic	60	2	2	0.8092221107623114	1.5592332612372914
136	conventional	60	5	5	1.2818286280235436	3.3421044024581903
137	holistic	60	5	5	0.8206131151614764	2.7791689696268413
137	conventional	60	3	3	1.197995315537805	2.8344625645282884
138	holistic	60	6	6	0.7673928553890216	1.779727506156391
138	conventional	60	2	2	1.1758954113438804	2.6492722653552785
139	holistic	60	4	4	0.7675281461756638	1.905082995183297
139	conventional	60	3	3	1.231403612291438	2.6111120906036196
140	holistic	60	5	5	0.7906696108142665	1.953844564066224
140	conventional	60	3	3	1.21251850600623	2.603960995520226
141	holistic	60	5	5	0.8047410594914409	2.85702437451281
141	conventional	60	3	3	1.21527847121741	2.6291549810847794
142	holistic	60	2	2	0.8760124158645911	1.8556478254211628
142	conventional	60	6	6	1.2291742915739612	2.6091784209960402
143	holistic	60	1	1	0.9388829129692525	2.356307595847443
143	conventional	60	4	4	1.221755126363893	2.642827842687283
144	holistic	60	4	4	0.9209960122579645	3.4526325752419216
144	conventional	60	3	3	1.221610558609093	2.587598729542969
145	holistic	60	2	2	0.8691377638352653	2.7804773180266413
145	conventional	60	5	5	1.1615913068854904	3.5491204256752567
146	holistic	60	4	4	0.8546028241221895	2.2832212322566208
146	conventional	60	2	2	1.1448820781751565	4.130809212949078
147	holistic	60	5	5	0.8319152214485949	2.278009741838327
147	conventional	60	5	5	1.127664745198807	3.206613526601364
148	holistic	60	6	6	0.8530158575959377	2.9246162131206055
148	conventional	60	4	4	1.0312134915146032	3.0602753272785352
149	holistic	60	3	3	0.8422724804523753	3.4996425445371138
149	conventional	60	9	9	0.9853678770669627	2.460656073752676
150	holistic	60	2	2	0.9741502668057332	3.33132521109452
150	conventional	60	2	2	1.177784698440139	3.6263187895497317
151	holistic	60	2	2	1.0007496344244748	3.031823354174559
151	conventional	60	3	3	1.3027408434677263	4.319606123672016
152	holistic	60	1	1	0.9762365972697756	2.830918640619528
152	conventional	60	3	3	1.2237373334933312	2.7653828834051932
153	holistic	60	3	3	0.9872195661402199	2.6873728725541746
153	conventional	60	4	4	1.1317155137779793	2.4613346852422318
154	holistic	60	0	0	0.9762027306499771	2.330383243265077
154	conventional	60	7	7	1.0204939219590408	2.6452436927947147
155	holistic	60	0	0	0.9337623107966421	2.274923504237499
155	conventional	60	1	1	1.0877053118780187	2.9299186622030327
156	holistic	60	0	0	0.9551663303084147	2.430657778455676
156	conventional	60	2	2	1.174315933530605	3.1555144849751
157	holistic	60	0	0	0.9506904315576378	2.1947858894343883
157	conventional	60	1	1	1.2578860742565814	3.8104775008738003
158	holistic	60	0	0	0.9363973870917282	2.0814461109076334
158	conventional	60	0	0	1.2543493058671822	2.9988370332212835
159	holistic	60	0	0	0.9457096449680761	2.138479074334591
159	conventional	60	0	0	1.2117353585587722	2.7194878702083045
160	holistic	60	1	1	0.9379392211835664	2.116542017427964
160	conventional	60	0	0	1.2068024253188436	2.8504906817476994
161	holistic	60	1	1	0.9256055973997636	1.9635829757457062
161	conventional	60	1	1	1.1973102384283343	2.6719883692549593
162	holistic	60	1	1	0.9746573929664303	1.8930556890200076
162	conventional	60	1	1	1.2585858201939497	5.147338656995791
163	holistic	60	2	2	0.9011279013160757	1.771750473211433
163	conventional	60	0	0	1.2125710216653927	2.6471157249116644
164	holistic	60	1	1	0.976038560610925	3.851635363608894
164	conventional	60	1	1	1.2201734727648015	2.480199663192907
165	holistic	60	0	0	0.9995854157950503	3.3527322945505507
165	conventional	60	1	1	1.2044431289580997	2.3701995523673483
166	holistic	60	0	0	0.9930857380873543	2.7263643337287253
166	conventional	60	1	1	1.1875103180089808	2.330633569692411
167	holistic	60	3	3	0.9546792490609911	2.3900717697057314
167	conventional	60	3	3	1.1275784542681702	2.210897986165216
168	holistic	60	1	1	0.920851487700558	2.0517750364610916
168	conventional	60	3	3	1.1129212373636819	2.1816153321384455
169	holistic	60	0	0	0.9343877460977174	2.1864762064137873
169	conventional	60	2	2	1.1497072190648625	2.421077885215352
170	holistic	60	0	0	0.9299968736978971	1.8530591736190805
170	conventional	60	0	0	1.1404216043353685	2.4222510408857736
171	holistic	60	1	1	0.9255566026441325	1.8542535888468112
171	conventional	60	1	1	1.2049921982485645	2.4238670560976274
172	holistic	60	0	0	0.9421246460011758	1.9192975883256977
172	conventional	60	0	0	1.2559841560162077	3.262007227590017
173	holistic	60	0	0	0.9396377197763593	1.9141598340902621
173	conventional	60	0	0	1.2181264796436613	2.270853428352897
174	holistic	60	0	0	0.9430877649299753	1.827124057658702
174	conventional	60	0	0	1.1919790315032166	2.3087987890444412
175	holistic	60	1	1	0.917030447770373	1.855295552110448
175	conventional	60	0	0	1.1994268776810195	2.2963656282832483
176	holistic	60	0	0	0.928244423301988	1.9426919619985787
176	conventional	60	0	0	1.1988068346481893	2.402880361447448
177	holistic	60	1	1	0.8869979509001052	1.9382718729676893
177	conventional	60	1	1	1.1608314550299375	2.364732245849563
178	holistic	60	0	0	0.8980730837398407	1.862822517319183
178	conventional	60	0	0	1.1558489546534179	2.290326814384264
179	holistic	60	1	1	0.9045077763475169	1.7924703868088514
179	conventional	60	2	2	1.159225630306203	2.417861538528922
180	holistic	60	0	0	0.9067128898800544	1.801171379946363
180	conventional	60	2	2	1.1525955246209807	2.4271233980075055
181	holistic	60	2	2	0.8722501118363896	1.78885636994003
181	conventional	60	2	2	1.1582448664508036	2.472004622588036
182	holistic	60	1	1	0.9055791914656067	2.845993854946615
182	conventional	60	2	2	1.202231188523327	3.259943497497462
183	holistic	60	0	0	0.8809971352947759	1.6683785071569843
183	conventional	60	1	1	1.2255130257971671	4.7590193640230485
184	holistic	60	1	1	0.8735182524546317	1.6696605851501747
184	conventional	60	2	2	1.167901239321129	3.9289816301464184
185	holistic	60	1	1	0.8772628821412375	2.473970052032779
185	conventional	60	2	2	1.1600580879052087	2.7721068711776717
186	holistic	60	1	1	0.9386055708952546	3.966548368173655
186	conventional	60	1	1	1.1979631565360798	2.4391240137700674
187	holistic	60	1	1	0.9377322743482097	2.967413969528957
187	conventional	60	0	0	1.1820524674309114	2.274438336301883
188	holistic	60	0	0	0.9254526312261814	2.4705420311693245
188	conventional	60	2	2	1.1361826227358607	2.2808766903075113
189	holistic	60	0	0	0.9231611896415708	2.0889130411793877
189	conventional	60	3	3	1.1653794470214065	2.4930444695690404
190	holistic	60	1	1	0.9346849707596295	2.175705249851261
190	conventional	60	3	3	1.165276967370835	2.5767030416396386
191	holistic	60	0	0	0.9216212682597668	1.9128547138260932
191	conventional	60	1	1	1.1580948243789928	2.6339687710243793
192	holistic	60	0	0	0.9165831812194954	1.8014060541119155
192	conventional	60	4	4	1.1014847813943036	2.6254955436762555
193	holistic	60	1	1	0.8990332754221039	1.774519645242629
193	conventional	60	3	3	1.209297606599417	5.387830270711379
194	holistic	60	1	1	0.9205220895881742	1.9325475004370893
194	conventional	60	2	2	1.2529349512077401	4.8927609648134
195	holistic	60	2	2	0.8705499279416685	1.714849663909791
195	conventional	60	2	2	1.1955344546672604	3.7393160222803097
196	holistic	60	1	1	0.868239035832212	1.6957305484332694
196	conventional	60	1	1	1.3189910835859249	4.352839938163684
197	holistic	60	3	3	0.8252607925704643	1.7613054313936456
197	conventional	60	3	3	1.2149880245089293	2.822040405281582
198	holistic	60	5	5	0.7891359721115967	1.7432159169959294
198	conventional	60	2	2	1.1932335779685768	2.7946054105610845
199	holistic	60	4	4	0.781337807585682	1.7653063712605432
199	conventional	60	1	1	1.1810439007042364	2.85690147989069
200	holistic	60	3	3	0.8363137240809251	2.8565518948406394
200	conventional	60	0	0	1.225106628649234	2.7884000164129565
201	holistic	60	5	5	0.8076333788004263	2.851994549734772
201	conventional	60	0	0	1.2069612048448735	2.8475747976089485
202	holistic	60	3	3	0.77230807471788	2.5174919475376414
202	conventional	60	1	1	1.1700337775629186	2.799255054404794
203	holistic	60	2	2	0.7636835963731962	2.848657630995027
203	conventional	60	4	4	1.1047641936645292	2.874830854278003
204	holistic	60	4	4	0.7670116812663654	2.6497527600204442
204	conventional	60	4	4	1.0921975645441355	2.849197609878364
205	holistic	60	4	4	0.7683401801345937	2.514923112210979
205	conventional	60	1	1	1.086652958771096	2.8634052378159915
206	holistic	60	5	5	0.8325617637629549	2.802175063689682
206	conventional	60	2	2	1.053954190402735	2.838076270817034
207	holistic	60	6	6	0.8210421266188213	4.899101569304109
207	conventional	60	3	3	1.0657594640577004	2.8149196045402443
208	holistic	60	5	5	0.7209406752599388	5.399275089925299
208	conventional	60	3	3	1.1615470274097623	4.53715755572753
209	holistic	60	3	3	0.7486190618809287	3.8964953928333075
209	conventional	60	6	6	0.9985245212919138	2.7604663028091676
210	holistic	60	4	4	0.7700154632206162	3.394082654316337
210	conventional	60	6	6	1.0138310139417923	2.720559942372426
211	holistic	60	5	5	0.79275128475186	3.094575600235806
211	conventional	60	3	3	1.1536921376797196	3.4527296547275235
212	holistic	60	2	2	0.8453791751419607	3.2272535072796082
212	conventional	60	2	2	1.1704298173204526	6.460514774843937
213	holistic	60	2	2	0.7979722681091188	2.8937594873480323
213	conventional	60	2	2	1.2004680322345738	3.4873720595177202
214	holistic	60	2	2	0.8233191389133699	2.5185468603643364
214	conventional	60	7	7	1.0104725595992154	2.7969156751960926
215	holistic	60	4	4	0.7854326870584062	2.3376741505958725
215	conventional	60	2	2	1.0249767387936224	2.4679143024656804
216	holistic	60	1	1	0.8298908770039349	2.1930156783851382
216	conventional	60	4	4	0.9573191633065139	2.438196965839238
217	holistic	60	1	1	0.8872995110673753	2.1656161429015666
217	conventional	60	1	1	0.9340033644802445	2.1706943617349403
218	holistic	60	1	1	0.918015848996625	2.2294091227315542
218	conventional	60	4	4	0.9857712494342692	2.2413850746105486
219	holistic	60	2	2	0.9356324157258997	2.8504968209866366
219	conventional	60	0	0	1.0689507731350707	5.614071706514722
220	holistic	60	1	1	0.8719161293674342	1.929702010134513
220	conventional	60	2	2	1.0271475639741419	3.6045544541707697
221	holistic	60	1	1	0.9139043390398026	2.8850928004808756
221	conventional	60	1	1	1.0403608248741143	2.605572313352108
222	holistic	60	2	2	0.9568338561230901	1.9444020607648071
222	conventional	60	1	1	1.1373152914523712	4.293153212250555
223	holistic	60	1	1	0.9709678625671685	1.9538012149267474
223	conventional	60	0	0	1.1277621311554966	2.75573228354055
224	holistic	60	1	1	0.9224056728544138	1.8972341833447994
224	conventional	60	0	0	1.1167607477299044	2.6013026576359763
225	holistic	60	1	1	0.9131875603010516	1.8949588912053508
225	conventional	60	2	2	1.111268170530618	2.5251342704062942
226	holistic	60	0	0	0.938976328533582	1.9383019950781166
226	conventional	60	0	0	1.1208917549610065	2.222939573139011
227	holistic	60	2	2	0.9469347219125694	1.890724783132484
227	conventional	60	2	2	1.1674206682945039	2.450349413036206
228	holistic	60	1	1	0.9755763293159468	3.7850138266872277
228	conventional	60	1	1	1.1158192123220154	2.2138840529321135
229	holistic	60	1	1	0.9352853209663871	2.775014496883385
229	conventional	60	2	2	1.122731364493042	2.3004472705757446
230	holistic	60	0	0	0.9246844672000115	2.102361177493872
230	conventional	60	1	1	1.2330064361957307	3.455451981425559
231	holistic	60	1	1	0.8929269176338984	2.0178120793544743
231	conventional	60	2	2	1.180441923409599	2.32487946366767
232	holistic	60	1	1	0.9150919423653507	1.9651539807671736
232	conventional	60	1	1	1.199225629407508	2.3080489582493007
233	holistic	60	1	1	0.9308809507239648	1.9315939034084142
233	conventional	60	0	0	1.2067844038730593	2.252904835303438
234	holistic	60	0	0	0.9246095463453082	1.9743631987730872
234	conventional	60	0	0	1.1923787475966812	2.2570117791191793
235	holistic	60	0	0	0.9263444270700113	2.341095731429981
235	conventional	60	0	0	1.1946562395681288	2.360761556034962
236	holistic	60	0	0	0.906545498007599	1.9862689838193877
236	conventional	60	0	0	1.1924619238163248	2.3109910961317186
237	holistic	60	0	0	0.900465884259552	2.001133170212451
237	conventional	60	0	0	1.1618916830112966	2.2960103362755535
238	holistic	60	0	0	0.9062036303390916	1.9978237954449687
238	conventional	60	0	0	1.1781481475846143	2.2893118908131993
239	holistic	60	1	1	0.9062445270769424	1.9592485255190506
239	conventional	60	0	0	1.2090809243411003	2.4025886298446055
240	holistic	60	0	0	0.917069524941711	1.985856434370861
240	conventional	60	2	2	1.1563500667765438	2.4393068062760133
241	holistic	60	2	2	0.8942659419606643	1.9689697811139668
241	conventional	60	1	1	1.1447798109582847	2.3414599928325757
242	holistic	60	1	1	0.8952977045341484	1.9133743379567645
242	conventional	60	2	2	1.1194896858418437	2.347168299704926
243	holistic	60	1	1	0.9097885620447637	1.9436129707748315
243	conventional	60	2	2	1.1057940277640517	2.5388421777039314
244	holistic	60	0	0	0.8928417900142437	1.7523649247542314
244	conventional	60	4	4	1.1798868521650714	3.5233761901117107
245	holistic	60	1	1	0.8665204743451516	1.593510952278575
245	conventional	60	1	1	1.2083945031792969	2.944982520811317
246	holistic	60	1	1	0.8716426221799765	1.9123564831210893
246	conventional	60	1	1	1.2262803018744675	2.8985392951921765
247	holistic	60	2	2	0.8540368894873097	1.581011133681012
247	conventional	60	1	1	1.1775503406319576	2.557575334705931
248	holistic	60	1	1	0.8411638559806941	1.4299567732112364
248	conventional	60	1	1	1.1354528616390633	2.636529672166216
249	holistic	60	1	1	0.8535787067749852	1.4448012355341282
249	conventional	60	4	4	1.0751464770110202	2.607939922940082
250	holistic	60	1	1	0.8583547091186305	1.4393901669784785
250	conventional	60	2	2	1.0440630409882792	2.5523348970698914
251	holistic	60	1	1	0.8625659522344254	1.4081644536674476
251	conventional	60	1	1	1.0835379029525212	2.5506013857489
252	holistic	60	0	0	0.914605590948241	1.8846936616209264
252	conventional	60	3	3	1.0662026493858427	2.546199709513427
253	holistic	60	2	2	0.9120509868810663	2.1816195185302907
253	conventional	60	4	4	1.0916464148981342	3.6684024165357676
254	holistic	60	0	0	0.9221277795083543	1.8491560491227461
254	conventional	60	2	2	1.1640293098030654	3.0809030224034584
255	holistic	60	1	1	0.9075179929044451	1.6491369646052356
255	conventional	60	3	3	1.1294270281490617	3.662209614169531
256	holistic	60	1	1	0.9475917679066872	2.7540005314212954
256	conventional	60	4	4	1.1532606868517266	3.7986854454692773
257	holistic	60	0	0	0.9596588537783982	1.6169332017974114
257	conventional	60	2	2	1.1892040501238872	3.2443774233021183
258	holistic	60	3	3	0.9228702855344388	1.7538556908652658
258	conventional	60	3	3	1.1584669951225135	2.981148234120577
259	holistic	60	3	3	0.9242348022566715	2.255144850985802
259	conventional	60	3	3	1.1282311390409927	2.5578721396395037
260	holistic	60	2	2	0.8781814142656955	1.9555443356558122
260	conventional	60	2	2	1.1245030903332147	2.637132416885978
261	holistic	60	2	2	0.856435355229472	1.7585123343532558
261	conventional	60	2	2	1.1852277792125023	2.593932073449645
262	holistic	60	1	1	0.86853682044248	1.8164210865203199
262	conventional	60	0	0	1.2092805803482822	2.8022965440434975
263	holistic	60	2	2	0.9086262612973701	1.8120682515621718
263	conventional	60	0	0	1.2273317020175087	2.53191658760144
264	holistic	60	4	4	0.8548460010954376	1.7448187905122508
264	conventional	60	4	4	1.1559995127383005	2.4949567784863325
265	holistic	60	3	3	0.8118982225474922	1.8452724620918823
265	conventional	60	2	2	1.133741942384276	2.419998069007917
266	holistic	60	4	4	0.8769739428980127	4.793301008803329
266	conventional	60	2	2	1.1867291300677	2.588432783087181
267	holistic	60	2	2	0.9773956933452991	4.7927717860752255
267	conventional	60	3	3	1.231045019241102	4.363469330796654
268	holistic	60	4	4	0.9055351207983828	3.796087300429725
268	conventional	60	1	1	1.3319058765297642	4.253304187922722
269	holistic	60	3	3	0.8914072444676339	2.7972963241588413
269	conventional	60	4	4	1.1722029780842698	3.6893330039625396
270	holistic	60	3	3	0.8632784970139384	2.5743758262010474
270	conventional	60	3	3	1.1593525936571107	3.3570072471815764
271	holistic	60	2	2	0.8156793009026917	2.224361683638977
271	conventional	60	5	5	1.1081315116862314	2.7547276573622055
272	holistic	60	4	4	0.8533469839689106	3.872195396516151
272	conventional	60	4	4	1.039435047656095	2.350708029555336
273	holistic	60	2	2	0.8779253213617267	2.6836368838488687
273	conventional	60	4	4	1.0349409208606362	2.4912516778296143
274	holistic	60	3	3	0.7936972326536591	2.4511510280832356
274	conventional	60	7	7	0.9371144430112653	2.1875292677074714
275	holistic	60	3	3	0.7979466451923212	2.49341756812459
275	conventional	60	4	4	1.1293683632084595	4.571030538360214
276	holistic	60	2	2	0.7697969177809395	2.426878153984391
276	conventional	60	3	3	1.154461760305934	5.38082240781633
277	holistic	60	0	0	0.7993322249885232	2.2814164945554625
277	conventional	60	2	2	1.2335501821980646	4.377858978518019
278	holistic	60	4	4	0.7623958206886025	2.077624291779554
278	conventional	60	3	3	1.1580991372057157	3.3863184506064
279	holistic	60	3	3	0.7980118218010982	1.904227069684662
279	conventional	60	0	0	1.1559731875101213	3.9987396516437754
280	holistic	60	2	2	0.853299355657722	2.452386977821476
280	conventional	60	3	3	1.1309985038276253	3.2510869676436225
281	holistic	60	1	1	0.8582522807187749	2.286897726982382
281	conventional	60	3	3	1.067642988694613	2.837396237952182
282	holistic	60	3	3	0.8758482649650949	2.8560194173495446
282	conventional	60	5	5	1.0863089720408903	3.038744712816464
283	holistic	60	1	1	0.8797069055410259	2.1529128682183867
283	conventional	60	1	1	1.214909837088284	4.380641674090373
284	holistic	60	1	1	0.8700395949960259	1.9534697930567857
284	conventional	60	1	1	1.1554183032571312	3.10947722747282
285	holistic	60	0	0	0.9756097656999962	3.830391902281758
285	conventional	60	2	2	1.172192959085625	2.963558884713689
286	holistic	60	2	2	0.9303418053406088	2.3327013264623973
286	conventional	60	1	1	1.2466735674879357	5.515006108026772
287	holistic	60	3	3	0.9631152307500137	2.871098516331377
287	conventional	60	1	1	1.1848563899416886	2.6942418932507
288	holistic	60	0	0	0.9922405486819947	2.33011702386889
288	conventional	60	1	1	1.154698602651855	2.689067881383203
289	holistic	60	0	0	0.9871847563512289	2.83012136662906
289	conventional	60	2	2	1.1622224945196427	2.605381717028318
290	holistic	60	0	0	0.988584945490173	2.9954430611043996
290	conventional	60	1	1	1.1902633099424067	2.5257263474417657
291	holistic	60	1	1	0.963253435206026	2.686329024767313
291	conventional	60	2	2	1.1902250978103524	2.5264901382469334
292	holistic	60	1	1	0.9296636921191778	2.3270686554347493
292	conventional	60	2	2	1.112849046601593	2.420631035004313
293	holistic	60	1	1	0.9347958569737802	2.271231609894116
293	conventional	60	1	1	1.1685920490153887	2.4244374099916133
294	holistic	60	0	0	0.9465489023963211	2.0277399460995147
294	conventional	60	1	1	1.1985110531643761	2.819166108197244
295	holistic	60	1	1	0.9461373401515765	1.82776415500834
295	conventional	60	0	0	1.189505481492508	2.301312810499564
296	holistic	60	0	0	0.9229586665786924	1.8242471428411966
296	conventional	60	0	0	1.181252432311237	2.245212508918208
297	holistic	60	1	1	0.9533756887269847	1.8274388329117337
297	conventional	60	0	0	1.2196016147411324	2.4358578697671955
298	holistic	60	0	0	0.9385524743227917	1.7041362520993926
298	conventional	60	1	1	1.2692579455740138	2.5187300643035817
299	holistic	60	0	0	0.9350335547678065	1.6929837674179458
299	conventional	60	0	0	1.243769387744692	2.5256336996334063
300	holistic	60	1	1	0.9240691342329101	1.6537549618954908
300	conventional	60	1	1	1.231583989578558	2.4713137244681445
301	holistic	60	1	1	0.9083195179060363	1.6110443837541284
301	conventional	60	1	1	1.2146948541958915	2.4205350206078777
302	holistic	60	1	1	0.8712089386896232	1.5681592374576614
302	conventional	60	0	0	1.2365754753892007	2.395251167014823
303	holistic	60	0	0	0.8676232153081213	1.4925751985791944
303	conventional	60	2	2	1.181467249444238	2.3203497042270698
304	holistic	60	0	0	0.8870357793584456	1.5373447130222877
304	conventional	60	2	2	1.1306750540128088	2.2783525843277053
305	holistic	60	1	1	0.8894905755406952	1.8854468979348005
305	conventional	60	3	3	1.2094104919511663	4.4827654984922365
306	holistic	60	1	1	0.8874416475404542	2.3849514483440784
306	conventional	60	0	0	1.3249243056142779	4.439174281575498
307	holistic	60	1	1	0.8854815456176391	1.8852876392783657
307	conventional	60	0	0	1.2308994284711097	2.4484032466773002
308	holistic	60	1	1	0.8766166498654621	1.750909789984697
308	conventional	60	1	1	1.2623067198497988	3.118144147850645
309	holistic	60	1	1	0.9134416901661511	1.8320799747019252
309	conventional	60	1	1	1.2168731419821817	2.9503808918520424
310	holistic	60	1	1	0.8994545151874144	1.6506967004070323
310	conventional	60	1	1	1.211028945564999	2.8567197036302026
311	holistic	60	1	1	0.9030165956174441	1.6493683915201791
311	conventional	60	1	1	1.1768897366353326	2.787798558916935
312	holistic	60	0	0	0.9013287196081963	1.591706267240931
312	conventional	60	1	1	1.149726246804138	2.377772012394091
313	holistic	60	2	2	0.8571367172155104	1.563600186007215
313	conventional	60	2	2	1.1070411131739062	2.3572321797836504
314	holistic	60	0	0	0.8571930474739027	1.5683020216460744
314	conventional	60	3	3	1.0653401229556507	2.5559477264295225
315	holistic	60	2	2	0.8529086614764901	1.5964762848883904
315	conventional	60	3	3	1.043644038484978	2.445819231717657
316	holistic	60	1	1	0.8367887696277186	1.5464191477579996
316	conventional	60	2	2	0.9926177556649357	2.262834119623199
317	holistic	60	1	1	0.8254592325455824	1.6773388434609093
317	conventional	60	3	3	1.0809015172737257	3.56219254399533
318	holistic	60	2	2	0.8661775876924711	1.7977906990757775
318	conventional	60	3	3	1.086851609308039	2.5723179767481454
319	holistic	60	1	1	0.8782973566558608	1.8249391050010577
319	conventional	60	2	2	1.1083186945137902	3.2081930856483947
320	holistic	60	1	1	0.9065571053776639	1.8837757176482
320	conventional	60	1	1	1.0999682918840168	2.3628528489238168
321	holistic	60	2	2	0.8837160151757223	1.8031521196212856
321	conventional	60	4	4	1.1116941239328424	3.034939617955791
322	holistic	60	2	2	0.995012543999923	5.8318776545145266
322	conventional	60	1	1	1.0659563631764415	2.375820436185147
323	holistic	60	1	1	0.9664178000395051	3.327709444140514
323	conventional	60	1	1	1.0956819244151765	2.3794388006515677
324	holistic	60	3	3	0.9011591550963023	2.496107034948046
324	conventional	60	2	2	1.0361958064620092	2.1101219679623444
325	holistic	60	3	3	0.8545169218799233	1.8295443063933319
325	conventional	60	2	2	0.9912975457149088	2.127750891178433
326	holistic	60	3	3	0.7872972285465807	1.8033291803847098
326	conventional	60	3	3	1.0889217351413878	3.390859422418756
327	holistic	60	1	1	0.8383818606638263	1.873662391057159
327	conventional	60	3	3	1.0058348431752893	2.7559107534272633
328	holistic	60	5	5	0.8696396621543482	2.5405014870106486
328	conventional	60	1	1	1.1441414014532743	3.563609697872768
329	holistic	60	1	1	0.9195684905090854	2.162420208022776
329	conventional	60	1	1	1.1773722129168862	3.5660469132133237
330	holistic	60	4	4	0.9219440932053049	2.3111899847930246
330	conventional	60	2	2	1.1626954396777838	3.385170031644977
331	holistic	60	2	2	0.9418010267190052	3.809805437851888
331	conventional	60	2	2	1.2152187798919576	4.405271326277072
332	holistic	60	2	2	0.9778411072256801	2.8569254512088698
332	conventional	60	2	2	1.1457593238247639	3.363087136781735
333	holistic	60	2	2	0.955990092196739	2.797019679777395
333	conventional	60	6	6	1.1178448863810673	2.898223947038307
334	holistic	60	3	3	0.929105374377497	2.0951762433337735
334	conventional	60	5	5	0.9853012228581653	3.406695730133488
335	holistic	60	1	1	1.0918552497008212	6.801629779697724
335	conventional	60	4	4	1.0967714779224371	3.738144948305394
336	holistic	60	1	1	1.0477258547970554	4.306686580091853
336	conventional	60	4	4	1.0509741252678277	3.553429541525414
337	holistic	60	2	2	1.0384439123836133	2.7991969942744332
337	conventional	60	0	0	1.1546925625279691	5.453627510018401
338	holistic	60	4	4	0.9591931729596432	2.300915830239412
338	conventional	60	3	3	1.1374252802661649	3.5444050442510155
339	holistic	60	0	0	1.0199344356264575	2.0675414919027038
339	conventional	60	0	0	1.200287867513423	5.38212513581486
340	holistic	60	3	3	1.0219924144457442	3.3247493725626387
340	conventional	60	1	1	1.1413458668063787	3.244986722152997
341	holistic	60	2	2	1.024040260147188	2.8261738188621046
341	conventional	60	1	1	1.1182429507761904	3.341055548347508
342	holistic	60	2	2	1.126153589093156	3.3772104188438368
342	conventional	60	4	4	1.0800840182657405	3.5757519492146654
343	holistic	60	0	0	1.1213446040812134	3.390880415884492
343	conventional	60	2	2	1.2157967805042451	4.484892143158054
344	holistic	60	1	1	1.0835921839390297	2.5589813290854653
344	conventional	60	3	3	1.1399449381969546	3.396089092950769
345	holistic	60	1	1	1.0528104545034307	2.3946644172654334
345	conventional	60	1	1	1.1677777562141685	3.256120722956523
346	holistic	60	4	4	1.0631010136077768	2.834601827757969
346	conventional	60	1	1	1.188177523372463	3.193165988851557
347	holistic	60	3	3	1.0437915175097137	3.335769528612268
347	conventional	60	3	3	1.2344138539543537	3.201085827466358
348	holistic	60	1	1	1.053617175435972	3.1697780179973756
348	conventional	60	1	1	1.1901490213052932	3.1017477068165387
349	holistic	60	0	0	1.1112580576527056	2.8370635473151133
349	conventional	60	2	2	1.1741910362794203	3.1694467639441624
350	holistic	60	2	2	1.1283751389054306	2.636477848913467
350	conventional	60	0	0	1.3305997777002279	3.49783025009101
351	holistic	60	0	0	1.1370548476953488	2.495535568135385
351	conventional	60	1	1	1.277765152877034	3.104359818512038
352	holistic	60	1	1	1.1012956925901534	2.3778336831797167
352	conventional	60	3	3	1.2809114399728874	3.113999106160807
353	holistic	60	1	1	1.099106011842061	2.3970116306082008
353	conventional	60	0	0	1.308984303126837	3.4411607569414873
354	holistic	60	0	0	1.1146245230589642	2.7436632184994227
354	conventional	60	1	1	1.242886320460321	3.101993074037341
355	holistic	60	0	0	1.1305254177924873	2.8854359943918473
355	conventional	60	0	0	1.3319207380973377	6.510935698753698
356	holistic	60	1	1	1.110447413684621	2.6972591001330866
356	conventional	60	1	1	1.262381867724158	4.021718918219445
357	holistic	60	0	0	1.1267670634816567	2.7721939468177594
357	conventional	60	0	0	1.235657846833695	3.8274224483491928
358	holistic	60	0	0	1.1210479312172539	2.7787058767089596
358	conventional	60	2	2	1.206129059562077	3.743907993781977
359	holistic	60	0	0	1.119982730112055	2.6744675889171186
359	conventional	60	0	0	1.2627127324084235	3.700756769623048
360	holistic	60	1	1	1.0999960975036545	2.633351160916909
360	conventional	60	0	0	1.238528928263754	3.1587112975023186
361	holistic	60	0	0	1.1190066795673836	2.546916604727072
361	conventional	60	1	1	1.2299041531013901	2.9202125686932314
362	holistic	60	1	1	1.1139063817001527	2.659046992942321
362	conventional	60	0	0	1.2049794373838363	2.9975339728787045
363	holistic	60	0	0	1.1477962918010247	2.8118332299034803
363	conventional	60	1	1	1.203828044683617	2.682932561843364
364	holistic	60	0	0	1.1117920544017523	2.680114347592572
364	conventional	60	3	3	1.1708691779183182	2.8185094764710006
365	holistic	60	0	0	1.1156920531916208	2.6059758333878817
365	conventional	60	2	2	1.179749790298525	2.781057111202187
366	holistic	60	1	1	1.087507307949942	2.577772730084951
366	conventional	60	0	0	1.2363399022242934	2.7713404112964413
367	holistic	60	1	1	1.1052223781330552	2.832391564771953
367	conventional	60	0	0	1.1982009661425876	2.7089876694800825
368	holistic	60	1	1	1.0341885961727195	2.4158859076284256
368	conventional	60	1	1	1.1431292522950192	2.651632666064944
369	holistic	60	1	1	1.0197281376291536	2.4690028310401386
369	conventional	60	2	2	1.099987631087939	2.620710937604396
370	holistic	60	1	1	1.0354565492374586	2.3805635112376726
370	conventional	60	1	1	1.0855472305613254	2.564945036237491
371	holistic	60	1	1	1.0233273283771118	2.497447293163043
371	conventional	60	2	2	1.120890364599625	2.5370553309039825
372	holistic	60	0	0	1.0293165002318836	2.41310086824285
372	conventional	60	1	1	1.1778173850328952	2.488128244762997
373	holistic	60	0	0	1.0096132468971948	2.334411461076848
373	conventional	60	2	2	1.1684504522646795	2.485503146292717
374	holistic	60	0	0	1.013193056755451	2.260554026041852
374	conventional	60	1	1	1.1770721541208313	4.520925837633619
375	holistic	60	5	5	0.9652684291716794	2.2494666312133593
375	conventional	60	1	1	1.1545521497999145	2.5214546821613295
376	holistic	60	1	1	1.059451959575275	2.2105448386855406
376	conventional	60	2	2	1.0729286325486709	2.377333489968353
377	holistic	60	1	1	1.0596202789598461	3.3846819085443647
377	conventional	60	2	2	1.1481270776116774	5.344218080437494
378	holistic	60	1	1	1.0381831284948526	2.8827946154023874
378	conventional	60	2	2	1.1327024497878901	4.272096923831762
379	holistic	60	1	1	1.062253538800666	2.6331512901541485
379	conventional	60	1	1	1.0843236960179878	3.359543244160591
380	holistic	60	0	0	1.0798025462551795	2.3584554890771607
380	conventional	60	1	1	1.0613806664919367	2.604375465906088
381	holistic	60	2	2	1.0311181401460057	2.3720217539638684
381	conventional	60	3	3	1.077923164103145	2.3070920642142565
382	holistic	60	2	2	0.9860174507855367	2.482132063857103
382	conventional	60	0	0	1.0376088053866832	2.2728718030577935
383	holistic	60	1	1	0.9762101387631629	2.4921229764391866
383	conventional	60	0	0	1.0678030239954537	2.2370716826800696
384	holistic	60	1	1	1.0062572395319196	2.455027000244223
384	conventional	60	0	0	1.077985639931513	2.2585437111037416
385	holistic	60	3	3	1.023330292066551	2.8484325318246424
385	conventional	60	3	3	1.0186183010368082	2.2620878342737694
386	holistic	60	3	3	0.9757092123110528	2.363270177258467
386	conventional	60	3	3	1.1904847102772933	7.342480352750158
387	holistic	60	0	0	1.069316487515722	3.306695739594431
387	conventional	60	3	3	1.194639819934816	4.95532720170758
388	holistic	60	5	5	0.9706541255894383	2.2794848617505257
388	conventional	60	1	1	1.129681152197104	4.095122623031886
389	holistic	60	1	1	0.9719440273799257	2.271575513602216
389	conventional	60	1	1	1.129183825995338	4.4013592966742365
390	holistic	60	4	4	1.023132144296476	2.875971847538055
390	conventional	60	1	1	1.1081060289454494	2.9098442628139547
391	holistic	60	2	2	1.0742625565505104	3.374949240800772
391	conventional	60	1	1	1.1970880425598434	6.279005363257374
392	holistic	60	4	4	1.078848557661825	3.2102132565313224
392	conventional	60	1	1	1.132295292541184	3.812340554217725
393	holistic	60	1	1	1.082903721932314	2.930092979390537
393	conventional	60	2	2	1.0685528897249852	2.748227162089236
394	holistic	60	2	2	1.1587121218688863	2.8768017123954306
394	conventional	60	3	3	1.118555073156079	2.4727135382927354
395	holistic	60	2	2	1.0802755799982513	2.8853105404904733
395	conventional	60	2	2	1.0860610375960966	3.269563277723214
396	holistic	60	1	1	1.0837244941401412	2.592066374085494
396	conventional	60	4	4	0.9594934795290365	2.323225079378558
397	holistic	60	3	3	1.12153964634108	3.800531948842132
397	conventional	60	2	2	1.1011668578294036	4.4570766660717185
398	holistic	60	4	4	1.1082123225747291	2.815072177377259
398	conventional	60	5	5	0.9847644235169534	2.459941755633796
399	holistic	60	1	1	1.0277490892387433	2.210105150974121
399	conventional	60	1	1	1.0627844949584562	3.454490357793628
400	holistic	60	4	4	0.9651072871811519	2.2411854960647704
400	conventional	60	1	1	1.0845613794585314	2.9279665183544092
401	holistic	60	2	2	1.0216672279346295	2.904136966203938
401	conventional	60	0	0	1.0962954074185027	2.939885184871228
402	holistic	60	3	3	1.024285739211628	2.462692772543516
402	conventional	60	3	3	1.0676796546339753	2.5309173390065496
403	holistic	60	1	1	1.0416960244253028	2.226442039952089
403	conventional	60	1	1	1.0431561256014572	2.200568376312561
404	holistic	60	0	0	1.0733773197170635	2.09671637192668
404	conventional	60	4	4	1.096751478469719	2.7245934473221456
405	holistic	60	2	2	1.0402206116271988	1.8772115654262116
405	conventional	60	0	0	1.2788380411923654	6.301328985514436
406	holistic	60	3	3	0.9900765938149113	1.874279864314226
406	conventional	60	0	0	1.1794699918892815	3.7795987105441347
407	holistic	60	3	3	0.9696638558866033	1.7909776519191452
407	conventional	60	4	4	1.094172194042528	2.937991903490944
408	holistic	60	1	1	1.1316083848853011	4.914897572158634
408	conventional	60	1	1	1.030369515157487	2.6430489440297142
409	holistic	60	1	1	1.0609315302372504	3.4125922044153922
409	conventional	60	4	4	1.0007091596179052	2.3227401779258754
410	holistic	60	3	3	1.0702587427825	5.244104218423494
410	conventional	60	0	0	0.9848967805428522	2.8740687265302594
411	holistic	60	1	1	1.1240396969437276	4.409118295120852
411	conventional	60	1	1	0.9758843313319875	2.3413152847167304
412	holistic	60	1	1	1.0842097271295885	3.708765761501799
412	conventional	60	2	2	0.9102773903959033	2.128678599068506
413	holistic	60	3	3	1.0168426353873634	3.239611687320615
413	conventional	60	3	3	0.9398052402681711	2.4716967553029057
414	holistic	60	0	0	1.0693765989457362	2.905847998435651
414	conventional	60	1	1	0.945137894924476	2.0911628576298167
415	holistic	60	0	0	1.0083213820672507	2.5300678925007185
415	conventional	60	2	2	0.8985080024320685	2.174174779023738
416	holistic	60	2	2	0.9890666044813035	2.4604786026189513
416	conventional	60	1	1	0.9304151879200523	2.0651099620467117
417	holistic	60	1	1	1.002642800783401	2.204474244500561
417	conventional	60	3	3	0.8975097253735913	1.967015653167029
418	holistic	60	0	0	1.0933166809640624	5.812733418491876
418	conventional	60	2	2	0.922342994584343	4.294689142030874
419	holistic	60	0	0	1.0511956584181112	4.31550666034823
419	conventional	60	1	1	0.8794606093170952	2.025146645746955
420	holistic	60	1	1	1.0086541252369399	3.146757875666676
420	conventional	60	1	1	0.9208079802466272	1.9390700787729291
421	holistic	60	0	0	1.1295064689845067	6.921275019309013
421	conventional	60	1	1	0.9297585823941287	1.8307118072665463
422	holistic	60	1	1	1.0519690806935809	3.9246148546419892
422	conventional	60	0	0	1.0242635967979181	5.577369983540953
423	holistic	60	0	0	1.0374306096589554	2.5903176647762924
423	conventional	60	2	2	0.9907951496926324	4.082692638782677
424	holistic	60	0	0	1.0186361874298042	2.1752764018673143
424	conventional	60	2	2	0.9216706019647057	2.9255323185977953
425	holistic	60	0	0	1.0218055011524754	1.8909968519412121
425	conventional	60	4	4	0.9319430416596554	2.5874112001879985
426	holistic	60	1	1	1.0116261582410495	1.9866263475833468
426	conventional	60	1	1	1.0157953941435447	3.3877452112851847
427	holistic	60	0	0	1.0149001944468772	2.0737846607897015
427	conventional	60	0	0	1.0134763788240182	2.4881926581671534
428	holistic	60	1	1	1.0153258054262817	1.9716006064041018
428	conventional	60	2	2	0.9855987549660902	2.1499878150171776
429	holistic	60	1	1	1.0100122046315114	1.8742226535796016
429	conventional	60	1	1	0.9457409630032765	2.3251147160125747
430	holistic	60	2	2	1.0172260279516039	1.8288855389814032
430	conventional	60	2	2	0.9335243942510597	2.35048842846266
431	holistic	60	0	0	1.0183889008604599	1.7458288215549054
431	conventional	60	1	1	0.9472126321095874	2.0739834882632175
432	holistic	60	0	0	1.0361543102258108	2.183984917656229
432	conventional	60	0	0	0.9466053336422136	2.1214680127514596
433	holistic	60	0	0	1.03365018833308	1.8494345531613166
433	conventional	60	2	2	0.9126657008386189	1.9074034791353272
434	holistic	60	1	1	1.0346365083004574	1.8482002504238284
434	conventional	60	1	1	0.9308890344705864	2.1172572670382976
435	holistic	60	5	5	0.945831671384321	1.7630495232208745
435	conventional	60	1	1	0.8784680306706506	1.9365557722875857
436	holistic	60	1	1	0.979849029274181	2.9340155799969736
436	conventional	60	2	2	0.8739243223597837	1.9804269631958837
437	holistic	60	1	1	0.963950554880976	1.7015790386033107
437	conventional	60	1	1	0.9478142300357575	4.325657622640989
438	holistic	60	2	2	1.0478423774752479	3.9004058296045185
438	conventional	60	1	1	0.9770661010140661	3.324243612536596
439	holistic	60	1	1	1.0718434326318322	4.898784714024675
439	conventional	60	0	0	0.9440022084111543	2.360149236950763
440	holistic	60	0	0	1.0538744951742494	3.564355325521877
440	conventional	60	1	1	0.931605226831924	2.10323668820694
441	holistic	60	1	1	1.0159928636933733	3.150179921071161
441	conventional	60	3	3	0.8748576886570643	1.8858587986130027
442	holistic	60	0	0	1.0191821939237746	2.697756464441913
442	conventional	60	2	2	0.9064681433124256	2.0614490955911915
443	holistic	60	1	1	1.0306873707302286	3.065532099458832
443	conventional	60	1	1	0.9866737136992403	1.9993786244240348
444	holistic	60	1	1	1.0182631573544558	3.3277027670875396
444	conventional	60	0	0	1.0454293068013232	2.7556628596300174
445	holistic	60	3	3	1.0779231198790458	3.6504223748031515
445	conventional	60	4	4	1.0146453116095022	2.25496644535515
446	holistic	60	2	2	0.9833939605033287	3.2373007016645405
446	conventional	60	4	4	0.9310590932193795	2.0200938395722896
447	holistic	60	1	1	0.9784794534494239	3.3030239842499007
447	conventional	60	2	2	0.9775635153712332	2.375612769660795
448	holistic	60	3	3	0.9391173097340789	3.092901468153354
448	conventional	60	2	2	0.9097393753011375	2.0132419002617605
449	holistic	60	3	3	1.0359572976376712	2.9933679170147562
449	conventional	60	5	5	1.0142425856780088	2.373455340803538
450	holistic	60	5	5	0.9611866333065083	2.833142455964679
450	conventional	60	1	1	1.0510339149868897	4.441818303282705
451	holistic	60	1	1	0.9942665177405788	2.839113272079957
451	conventional	60	0	0	1.0562744439320153	3.448856239567074
452	holistic	60	3	3	1.0339810100754787	2.8223702644706323
452	conventional	60	3	3	1.0153452313619777	2.1444049254121977
453	holistic	60	2	2	0.9752763263644659	2.905888578678383
453	conventional	60	2	2	1.0949973044877133	3.2521557510685106
454	holistic	60	3	3	0.9725286104778927	2.6510724359484907
454	conventional	60	2	2	1.0853204900513616	3.479103604107853
455	holistic	60	2	2	0.9807926555280585	2.5208852160388586
455	conventional	60	0	0	1.1640765153219317	3.275224702771689
456	holistic	60	1	1	0.9718241647858926	2.4420515801715013
456	conventional	60	4	4	1.0434947589056458	2.127940212198503
457	holistic	60	4	4	0.9458542190727321	2.4094142299629557
457	conventional	60	1	1	1.0631972874043794	2.109122641615599
458	holistic	60	4	4	1.0447094717634284	2.433556763395754
458	conventional	60	3	3	1.0561597629395185	2.2346804220375063
459	holistic	60	0	0	1.0043586727479716	2.364382868140684
459	conventional	60	1	1	0.9862695518023016	2.102785711328922
460	holistic	60	4	4	0.9743752697705953	2.2569479550267952
460	conventional	60	2	2	1.0089739272588527	2.2507112744063464
461	holistic	60	2	2	1.152237565604704	4.839152781463343
461	conventional	60	0	0	1.0673301916906828	2.250451045327386
462	holistic	60	1	1	1.0490243230435383	2.338241423934869
462	conventional	60	2	2	1.0418386235869586	3.4851832049277442
463	holistic	60	0	0	1.0940609220676112	2.8424392582611895
463	conventional	60	1	1	1.014683843676937	2.408252973147604
464	holistic	60	0	0	1.0710262062437457	2.8415699048209104
464	conventional	60	3	3	1.023453312450363	2.922135163569048
465	holistic	60	3	3	1.0301639531845364	3.0410691781472585
465	conventional	60	2	2	1.0859049887222378	4.2300837378357485
466	holistic	60	2	2	1.0410195978036278	2.6731806259181106
466	conventional	60	0	0	1.2671496534564055	6.372529350165441
467	holistic	60	3	3	0.9595360655589011	2.2688407661676635
467	conventional	60	1	1	1.1089235563519686	3.2387564419105836
468	holistic	60	1	1	0.9832893561995687	2.214356634244873
468	conventional	60	1	1	1.0452272888595504	2.744145256922291
469	holistic	60	0	0	0.9833852843282356	2.063002531723507
469	conventional	60	3	3	0.980845761399369	2.4420742486900946
470	holistic	60	2	2	0.9726581322425794	2.3404765855407765
470	conventional	60	1	1	1.0187388059702018	3.3786459320802043
471	holistic	60	2	2	1.046259266141785	2.5041102036521368
471	conventional	60	2	2	1.0009990114132299	2.3842756319842136
472	holistic	60	0	0	1.012765511268917	2.40301309069883
472	conventional	60	2	2	0.9388275236322042	2.122844409346895
473	holistic	60	2	2	0.981834392204515	2.759451049247906
473	conventional	60	5	5	0.8731951007763157	2.110527362434959
474	holistic	60	0	0	0.9760856738119685	2.5276273340065245
474	conventional	60	2	2	0.8611564245281829	2.059868267509698
475	holistic	60	2	2	0.9758687453001478	2.4385072003047394
475	conventional	60	3	3	0.8439365051503079	2.0114288130789686
476	holistic	60	1	1	0.9877887945493832	2.6030448067084495
476	conventional	60	0	0	0.8686816647102878	2.767164670039788
477	holistic	60	2	2	0.9898100245038762	2.6310039420491615
477	conventional	60	5	5	0.8514038082453895	2.6005968706383795
478	holistic	60	1	1	1.0316441957738909	2.4039551546220284
478	conventional	60	2	2	0.9246606677500401	2.373154051488051
479	holistic	60	0	0	1.0419101982759174	2.951390632052508
479	conventional	60	2	2	0.9429023122480064	2.9009830607175116
480	holistic	60	1	1	0.9899704739090681	2.2831785258854382
480	conventional	60	3	3	0.8803241243635481	1.935253075617187
481	holistic	60	0	0	1.001509655635624	2.238705909324815
481	conventional	60	1	1	0.8977569340724286	1.873834425690122
482	holistic	60	2	2	0.9719631854098787	2.2801682952268196
482	conventional	60	1	1	0.8547559401691238	1.9665484277423348
483	holistic	60	1	1	1.0194930530065816	2.9334071809518925
483	conventional	60	4	4	0.841352739261931	1.7378606190659558
484	holistic	60	2	2	0.9950596372668886	2.4617532027154563
484	conventional	60	0	0	0.7982071011877889	1.7843336688771352
485	holistic	60	0	0	1.0013422432333312	2.499267086500842
485	conventional	60	4	4	0.8217405875388696	1.7380859466781688
486	holistic	60	1	1	1.021687760393383	3.064755472116659
486	conventional	60	0	0	0.8547272602696742	1.789593292613026
487	holistic	60	1	1	1.0152599512548413	2.611568276495265
487	conventional	60	1	1	0.8769248396492315	1.8810133102163746
488	holistic	60	2	2	1.0293676469196804	2.6475881982585157
488	conventional	60	2	2	0.845422397124311	1.7960355551523424
489	holistic	60	1	1	1.0642048403672053	2.9342933280957886
489	conventional	60	0	0	0.9181181481985645	3.2789213152396597
490	holistic	60	2	2	1.0439109063729088	2.603749332779811
490	conventional	60	1	1	0.9122113754199416	3.2639999167202274
491	holistic	60	0	0	1.1726967987520394	8.93901553863484
491	conventional	60	1	1	0.8935674205737817	2.2610320343673522
492	holistic	60	1	1	1.128280891262591	5.446149456861854
492	conventional	60	3	3	0.8821715788795296	1.7611295308822945
493	holistic	60	0	0	1.2377809249051697	6.609813101177305
493	conventional	60	3	3	0.9182305729319135	3.3580417916570333
494	holistic	60	1	1	1.2219728511676915	6.1935079089661365
494	conventional	60	2	2	0.9517529373649112	4.506891350139392
495	holistic	60	5	5	1.2022857286007078	5.746450350374531
495	conventional	60	3	3	0.9718391864556323	2.509602049204911
496	holistic	60	3	3	1.2082085126192106	4.945158103802848
496	conventional	60	2	2	0.9172956446399969	1.7766848549382486
497	holistic	60	1	1	1.220400247214582	5.8574073952681
497	conventional	60	1	1	1.0509235719580905	4.402378518494853
498	holistic	60	2	2	1.1691744023359123	4.194723686618531
498	conventional	60	0	0	0.9929199920483583	1.893269720512432
499	holistic	60	3	3	1.0962586917622665	3.721710900364203
499	conventional	60	0	0	0.9990190929592265	1.8480812985456057
500	holistic	60	0	0	1.1593217004407608	3.3445702260567307
500	conventional	60	0	0	0.9741270770613984	1.8777352347627727
501	holistic	60	0	0	1.2434220187251503	3.8540461996230677
501	conventional	60	1	1	0.9921473934724249	2.580146826855816
502	holistic	60	0	0	1.2035112654941915	3.5282338634714403
502	conventional	60	0	0	0.9955041096642817	2.212708109641233
503	holistic	60	1	1	1.168413778664377	3.3284321513346233
503	conventional	60	2	2	0.9651084469188477	1.9404957077904927
504	holistic	60	1	1	1.1968429726483272	3.229660057003684
504	conventional	60	0	0	1.0472382526323059	3.5069036656006585
505	holistic	60	1	1	1.1851338181725946	3.0768934005690167
505	conventional	60	3	3	1.000670470945769	2.50423956020965
506	holistic	60	2	2	1.2126898063820764	2.943380021628844
506	conventional	60	2	2	0.9920355109532627	1.8298184712184338
507	holistic	60	0	0	1.2302553498389386	3.0013971101640387
507	conventional	60	2	2	0.9371460318045435	2.003359022622364
508	holistic	60	3	3	1.1471807393248576	2.886794500945621
508	conventional	60	1	1	0.9531608142419664	2.507231406063289
509	holistic	60	2	2	1.1204563422376834	2.7321398348357007
509	conventional	60	5	5	0.8699134359453377	2.504222927768756
510	holistic	60	3	3	1.0744133716456736	2.742621911161174
510	conventional	60	1	1	0.8782375877634393	3.1864996263864986
511	holistic	60	1	1	1.2055916642782725	2.7994180932616617
511	conventional	60	1	1	0.9444798426137294	2.1985846360135746
512	holistic	60	2	2	1.1245076037965689	2.7158998589141423
512	conventional	60	3	3	0.9562826876576291	3.365401610766222
513	holistic	60	2	2	1.086644472249767	2.5947403400579376
513	conventional	60	2	2	0.9586481419776007	2.4067562827568754
514	holistic	60	2	2	1.119437900813354	2.6093495510684033
514	conventional	60	3	3	0.9044056675550792	2.0462666788754027
515	holistic	60	3	3	1.1069528158473867	2.5821784884427497
515	conventional	60	1	1	0.990220573238792	2.4472687037904315
516	holistic	60	1	1	1.1662563718417345	2.6726053055128816
516	conventional	60	4	4	0.99841444088769	4.418179270935586
517	holistic	60	3	3	1.1502993604251057	2.6454084924526833
517	conventional	60	2	2	1.0105207547927413	3.2480926007004043
518	holistic	60	4	4	1.0696371846022183	2.583231303689154
518	conventional	60	3	3	0.9371844729878801	2.2481150315467975
519	holistic	60	1	1	1.1193872485932965	2.5965960306934646
519	conventional	60	3	3	0.9346911859985921	2.4729548745933183
520	holistic	60	4	4	1.0446479502158406	2.541227610999806
520	conventional	60	2	2	0.9043658523496743	1.9972086233684838
521	holistic	60	1	1	1.0633171067420628	2.5540396446943467
521	conventional	60	2	2	0.9672029715449837	2.0341684243175218
522	holistic	60	3	3	1.0815360125164384	2.659906080893121
522	conventional	60	1	1	1.0384391675454194	3.250037204583211
523	holistic	60	0	0	1.188074557335199	4.886770038987382
523	conventional	60	0	0	1.0410694602565165	3.2865663348672998
524	holistic	60	2	2	1.1861112308155755	3.8881638689411515
524	conventional	60	2	2	1.0060910272928143	2.6181332328215023
525	holistic	60	2	2	1.2033050162422756	3.88957908075862
525	conventional	60	2	2	0.9869000029110295	2.906016837099341
526	holistic	60	3	3	1.1503452473785045	2.9801202456811033
526	conventional	60	0	0	0.9818737486866367	3.18906531909262
527	holistic	60	1	1	1.1906667282109453	2.84589393359681
527	conventional	60	0	0	1.0249790059667112	3.241124886816329
528	holistic	60	1	1	1.2585286063841639	2.8450656729794366
528	conventional	60	1	1	1.0090721182135425	2.8853431416825615
529	holistic	60	1	1	1.2293722273206003	2.6065638303762415
529	conventional	60	1	1	1.0152836250579222	2.746998797387426
530	holistic	60	1	1	1.3327442292150578	3.301362745423494
530	conventional	60	1	1	0.9849907979844269	2.42823802210198
531	holistic	60	0	0	1.3421209826631295	3.1329818332434667
531	conventional	60	1	1	1.0130776094866625	2.3418851100636906
532	holistic	60	0	0	1.3330722705394293	3.050304587610361
532	conventional	60	0	0	0.95754047067406	2.0969174115898146
533	holistic	60	0	0	1.3251321348463383	2.8034271863451745
533	conventional	60	0	0	0.9384372348120998	2.1284706793616994
534	holistic	60	1	1	1.311486163628439	2.394258393781509
534	conventional	60	2	2	0.9306043485535134	2.161028592880196
535	holistic	60	0	0	1.3408584334740183	2.664457869409489
535	conventional	60	0	0	0.9265707809262572	1.9848970683839542
536	holistic	60	0	0	1.3198324113722082	2.4672930344541277
536	conventional	60	0	0	0.965076137863072	1.8920375495209318
537	holistic	60	2	2	1.2851668715040452	2.8294225759810425
537	conventional	60	5	5	0.9060340903356209	2.162322950622577
538	holistic	60	0	0	1.3178448952415696	2.7084124276947925
538	conventional	60	1	1	0.8381660471816006	2.4020951673147133
539	holistic	60	0	0	1.286993562001596	2.5428055081447414
539	conventional	60	5	5	0.8745618892148401	2.297243250686787
540	holistic	60	1	1	1.287114046541538	2.396368518257954
540	conventional	60	6	6	0.8550944391459575	2.2005626571733794
541	holistic	60	0	0	1.28625257787134	2.3746226874808136
541	conventional	60	1	1	0.8715691170603057	3.2795370555368826
542	holistic	60	2	2	1.247238206459172	2.4048617793189906
542	conventional	60	2	2	0.9613652783401349	3.368909747969638
543	holistic	60	0	0	1.2560629001741555	2.377169218332507
543	conventional	60	4	4	0.9249781770104749	2.152040254067967
544	holistic	60	0	0	1.2255800093695504	2.3321311966281266
544	conventional	60	0	0	0.9434559566041607	3.277218754956259
545	holistic	60	0	0	1.22075953425501	2.288646733468237
545	conventional	60	2	2	0.9114003028056911	2.441624450619802
546	holistic	60	0	0	1.2188949886981857	2.3179287254686045
546	conventional	60	0	0	0.9177947843939279	2.4118267621694263
547	holistic	60	1	1	1.191610345472207	2.381432155042313
547	conventional	60	2	2	0.8702923450215905	1.9841534314005873
548	holistic	60	0	0	1.1903273049412044	2.3566922676298656
548	conventional	60	2	2	0.9164357499493943	3.2288618622687117
549	holistic	60	1	1	1.1959729250950737	2.36668837045461
549	conventional	60	2	2	0.8842725785427205	1.9173664041848684
550	holistic	60	1	1	1.1875969028042532	2.2454744000899116
550	conventional	60	0	0	1.034959457884383	2.450438184112507
551	holistic	60	1	1	1.1659196054007241	2.222629648228778
551	conventional	60	0	0	0.9744764577299722	2.7662060692760297
552	holistic	60	1	1	1.099890105032153	2.249817619217134
552	conventional	60	2	2	0.9505482842442884	2.9261797858409113
553	holistic	60	0	0	1.100573027724754	2.3255468597395286
553	conventional	60	2	2	0.9418179311613935	3.0358257692002604
554	holistic	60	1	1	1.0825110580161426	2.3113486175163453
554	conventional	60	4	4	0.8804328063859271	3.0880186557569598
555	holistic	60	5	5	1.042760386346643	2.5757132095941824
555	conventional	60	3	3	1.0340834746531207	3.306576446599841
556	holistic	60	3	3	1.0081477361289275	2.5283722914889672
556	conventional	60	2	2	0.9315931058852506	2.5621595544466556
557	holistic	60	1	1	1.095623097457928	4.863687349836587
557	conventional	60	2	2	0.9055357726117442	2.1451646268114466
558	holistic	60	1	1	1.0676427750995063	2.872449586269037
558	conventional	60	1	1	0.9191837815661059	1.8496302326510472
559	holistic	60	5	5	1.0019310639734733	2.917592064246713
559	conventional	60	2	2	1.031486995859359	7.470220274055903
560	holistic	60	2	2	1.0682990850978753	2.4352811428986882
560	conventional	60	0	0	1.0262234446016494	5.491321212881026
561	holistic	60	0	0	1.014670909049794	2.3731070067810385
561	conventional	60	2	2	0.977216042221997	4.45728167067497
562	holistic	60	1	1	1.047235191220396	2.3600347989760055
562	conventional	60	0	0	1.1047441733218994	4.224816164707711
563	holistic	60	3	3	1.0848382233536689	2.4387446424936225
563	conventional	60	1	1	1.0610409397321687	3.4131527244297715
564	holistic	60	1	1	1.112234337257284	2.847497435394319
564	conventional	60	0	0	1.092912563811466	3.5901528656856563
565	holistic	60	1	1	1.0849897308626892	2.433977649850875
565	conventional	60	1	1	1.0252597458435737	3.29954524549256
566	holistic	60	1	1	1.0941986402146495	2.4210328136153514
566	conventional	60	1	1	1.0133177496175274	3.5764383728214653
567	holistic	60	1	1	1.0901592134761133	2.4086517619492356
567	conventional	60	1	1	0.988672155268101	3.4579642931343804
568	holistic	60	3	3	1.0853474745039648	2.789249473540942
568	conventional	60	0	0	0.972637069049334	3.26157099267098
569	holistic	60	1	1	1.080799817129666	2.405937860746457
569	conventional	60	2	2	0.9796234275609276	3.2729244604290404
570	holistic	60	2	2	1.0405545519879429	2.3553084381589655
570	conventional	60	1	1	0.9964894164783629	3.0463527314032564
571	holistic	60	0	0	1.0469701927899209	2.5332783279607987
571	conventional	60	1	1	0.9492512807813512	3.0011814254248512
572	holistic	60	4	4	1.033306639172158	2.3830604575959122
572	conventional	60	2	2	1.0279849270772237	3.398767879236297
573	holistic	60	1	1	1.0572847273502997	2.288818755132669
573	conventional	60	1	1	0.9962340453094342	2.670452026062491
574	holistic	60	2	2	1.047923287325472	2.2802343509030667
574	conventional	60	4	4	0.971480856667086	3.303289080318509
575	holistic	60	2	2	1.0424543731320741	2.2900100719586214
575	conventional	60	2	2	0.9461695500750319	3.2695777243549697
576	holistic	60	3	3	1.073001507811133	2.2641647448825024
576	conventional	60	2	2	0.9220099915094326	2.3034304777409274
577	holistic	60	4	4	1.0439954405080805	2.242766799743913
577	conventional	60	2	2	1.0060950030696596	3.4016258977892004
578	holistic	60	3	3	1.0492089019054214	2.2363751367338858
578	conventional	60	3	3	1.006409803147071	4.410853175715078
579	holistic	60	1	1	1.038559702819355	2.8612670364233326
579	conventional	60	1	1	1.0267089158223996	4.449287056323886
580	holistic	60	3	3	1.0346468859975366	2.259080166324694
580	conventional	60	3	3	0.9774575689720224	3.409785812563534
581	holistic	60	1	1	1.110664494845779	2.851621043600198
581	conventional	60	3	3	0.9091142643970814	2.6089928595546956
582	holistic	60	5	5	1.0848835826301255	3.7906512554308125
582	conventional	60	4	4	0.8972253694679313	2.4063212338382107
583	holistic	60	0	0	1.1709645342155097	2.881973933604068
583	conventional	60	2	2	0.9186430679183154	2.3216014494308497
584	holistic	60	1	1	1.1419559186933945	2.113755055797757
584	conventional	60	4	4	0.903749194777759	2.4570620500050557
585	holistic	60	1	1	1.1462850939394917	2.282771626427874
585	conventional	60	4	4	0.9086155168952599	2.3429064964275153
586	holistic	60	2	2	1.1727816813095262	2.349114890896956
586	conventional	60	3	3	0.9398194668135281	2.4445303657658486
587	holistic	60	1	1	1.3112088413722374	4.8164522364020765
587	conventional	60	0	0	1.0651914168822967	3.3499082900521664
588	holistic	60	1	1	1.231390817701597	3.305506856669713
588	conventional	60	2	2	1.0348985402853954	2.682666111150128
589	holistic	60	1	1	1.2165575225788718	3.47245498623521
589	conventional	60	0	0	1.0689349527506473	2.439788504155583
590	holistic	60	0	0	1.1964860504793107	2.8200967599050504
590	conventional	60	1	1	1.0714127104804991	2.753259640801544
591	holistic	60	1	1	1.2001371459975554	2.8201077034620825
591	conventional	60	0	0	1.078007683791086	2.565038551332184
592	holistic	60	0	0	1.1970699193552654	3.653260597911627
592	conventional	60	1	1	1.1003810256850783	2.535363317287912
593	holistic	60	0	0	1.181711729426652	3.678377351635941
593	conventional	60	0	0	1.0830315163118047	2.4569369586823977
594	holistic	60	1	1	1.1391743896007314	3.571674463706655
594	conventional	60	1	1	1.045754289159972	2.3904472993945367
595	holistic	60	2	2	1.1155054930567574	3.2659988162704146
595	conventional	60	1	1	1.0278897568245837	2.399158852117919
596	holistic	60	0	0	1.1616318785419228	3.020743088150872
596	conventional	60	0	0	1.161449360569957	6.289769912197412
597	holistic	60	2	2	1.1312619959589876	3.0025217586460258
597	conventional	60	2	2	1.1057323851756258	2.7693045772701614
598	holistic	60	1	1	1.1499881166643862	3.154328509703999
598	conventional	60	3	3	1.0461414572821555	2.8558045827773775
599	holistic	60	0	0	1.1594850028003303	3.127894917158435
599	conventional	60	0	0	1.0399737505269773	2.732274548463573
