season	population	alive	births	deaths	mean_lifetime_score	best_lifetime_score	mean_age	max_age
0	holistic	60	1	1	0.029703135947878143	2.0	29.2	58
0	conventional	60	1	1	0.05035870449346311	2.5785816708562583	28.983333333333334	59
1	holistic	60	0	0	0.08328087432520781	2.2428126298229705	30.2	59
1	conventional	60	1	1	0.16892102058888303	1.8469546745916932	28.983333333333334	58
2	holistic	60	1	1	0.059910143837956	1.7409017311547725	30.2	59
2	conventional	60	4	4	0.2592547594114719	2.451618323987336	27.316666666666666	57
3	holistic	60	1	1	0.06905629565511481	1.2392482822021031	30.2	59
3	conventional	60	3	3	0.3043641411135099	3.2955835224301557	26.266666666666666	58
4	holistic	60	2	2	0.0819921110512564	1.3389936370725004	29.433333333333334	59
4	conventional	60	5	5	0.40219676250214215	3.837013357895544	26.133333333333333	59
5	holistic	60	3	3	0.06579096400568313	1.0740797208512787	27.433333333333334	59
5	conventional	60	6	6	0.41447848013916766	2.651502927090476	24.55	59
6	holistic	60	3	3	0.07112001603990657	0.8839497777885387	26.45	59
6	conventional	60	6	6	0.42888133643618587	2.83706354524881	23.25	59
7	holistic	60	3	3	0.11570148328144243	1.778171797429829	25.633333333333333	59
7	conventional	60	9	9	0.5181995244572116	3.386893077928211	21.5	59
8	holistic	60	5	5	0.11383649201141109	1.273081560055994	24.45	59
8	conventional	60	10	10	0.5702067064642655	2.5645844986969077	20.783333333333335	59
9	holistic	57	3	6	0.1014891989133949	1.0	23.403508771929825	59
9	conventional	60	3	3	0.6580000496333108	4.389847798088476	19.716666666666665	59
10	holistic	54	2	5	0.18453061678001534	1.0	23.444444444444443	58
10	conventional	60	8	8	0.7189683726975676	2.56742009607832	17.45	58
11	holistic	22	0	32	0.3436469479452728	0.8333333333333334	10.0	53
11	conventional	60	3	3	0.6694157276755168	3.3800766859051787	16.75	59
12	holistic	22	3	3	0.35063365588966994	1.1038973123748692	9.363636363636363	54
12	conventional	60	4	4	0.9321692680702005	10.433710093667703	16.6	59
13	holistic	22	2	2	0.31371149278239246	1.0564258636715016	10.045454545454545	55
13	conventional	60	2	2	0.7819343516334281	4.946323480413046	16.533333333333335	58
14	holistic	24	2	0	0.27699223017944813	1.0207163634237006	10.125	56
14	conventional	60	4	4	0.7501445145706004	3.7749398449319305	17.116666666666667	59
15	holistic	26	4	2	0.3538616284464169	1.9314169481450298	9.576923076923077	57
15	conventional	60	3	3	0.7515337315883105	3.69104515596268	16.2	57
16	holistic	27	4	3	0.4623636715152835	3.784326171689786	9.74074074074074	58
16	conventional	60	3	3	0.7065317014044712	2.8421322997569254	17.0	58
17	holistic	29	4	2	0.41254796655326326	2.783481614017418	9.620689655172415	59
17	conventional	60	4	4	0.7333951836044347	2.4407549268869757	16.816666666666666	59
18	holistic	30	4	3	0.32165745845065413	2.114824771601054	7.9	33
18	conventional	60	4	4	0.7455652337132783	2.537345657757695	15.633333333333333	53
19	holistic	28	2	4	0.328594908049051	1.7807118968035245	8.035714285714286	34
19	conventional	60	4	4	0.6431900910633251	1.9422905345097095	15.766666666666667	54
20	holistic	27	2	3	0.3537967088500165	1.3797969556671894	8.333333333333334	35
20	conventional	60	4	4	0.6264160515891487	1.8909663131544638	16.533333333333335	55
21	holistic	24	2	5	0.5049997898801589	1.7663569617531234	9.541666666666666	36
21	conventional	60	3	3	0.7508661682521771	3.133561746395936	17.383333333333333	56
22	holistic	25	3	2	0.4619066113682754	2.7695549511642046	9.84	37
22	conventional	60	4	4	0.6812366578163471	1.9326048822549031	17.75	57
23	holistic	27	4	2	0.5289139710183131	2.1039429351232353	9.814814814814815	38
23	conventional	60	2	2	0.640319674535069	2.0425639405619385	18.066666666666666	58
24	holistic	30	4	1	0.5016894645699601	2.269088574656723	9.666666666666666	39
24	conventional	60	1	1	0.8858719582341605	4.447033760689666	19.033333333333335	59
25	holistic	40	11	1	0.40045818123339405	1.9692981856653344	7.425	40
25	conventional	60	3	3	0.7503656739370057	2.787277927923299	18.6	51
26	holistic	45	5	0	0.3296279094724298	1.9368297578671203	7.488888888888889	41
26	conventional	60	1	1	0.7869619112889159	3.474256222747825	19.5	52
27	holistic	51	11	5	0.36066503001431804	1.7700359254352394	7.196078431372549	42
27	conventional	60	2	2	0.7482862041193996	2.2515358473019127	20.416666666666668	53
28	holistic	57	11	5	0.41918960116366677	2.7706414700138646	7.0701754385964914	43
28	conventional	60	1	1	0.7404496379454717	2.3016654231831195	21.216666666666665	54
29	holistic	59	7	5	0.40697700890587774	1.7693611815670947	7.440677966101695	44
29	conventional	60	4	4	0.7135677468425551	1.9105981258648488	21.75	55
30	holistic	60	8	7	0.543644480543931	3.767291763504919	7.766666666666667	45
30	conventional	60	0	0	0.7407841130208044	1.8956404091860768	22.75	56
31	holistic	60	3	3	0.623761831111749	1.8597645466504398	8.25	46
31	conventional	60	2	2	0.7802727600693485	2.559827792542516	23.683333333333334	57
32	holistic	60	5	5	0.6182044756695397	1.8940362459432742	8.75	47
32	conventional	60	2	2	0.7274414583426664	2.2480578890305454	24.166666666666668	58
33	holistic	60	3	3	0.6970840632225913	2.67800823884844	9.483333333333333	48
33	conventional	60	1	1	0.7596729737288236	2.0086873589019056	25.133333333333333	59
34	holistic	60	4	4	0.6894430839396768	2.17757010507213	10.15	49
34	conventional	60	2	2	0.7080448213974911	1.802974409135521	25.083333333333332	59
35	holistic	60	0	0	0.6769182427423015	2.3436320157921844	11.15	50
35	conventional	60	2	2	0.7169619272107496	2.5927421112847227	25.05	58
36	holistic	60	5	5	0.7412625290604201	1.9737983850617087	11.766666666666667	51
36	conventional	60	2	2	0.7009936096096984	1.7973690875894754	25.7	59
37	holistic	60	2	2	0.7392541982174468	2.0714172666482815	12.166666666666666	52
37	conventional	60	4	4	0.7106648696543597	1.7073581142902625	24.85	59
38	holistic	60	1	1	0.8325789596492047	2.7692178628023716	13.1	53
38	conventional	60	4	4	0.7344436126509225	2.4805923220286736	22.65	58
39	holistic	60	1	1	0.8403544521280631	2.2704149505633033	13.95	54
39	conventional	60	2	2	0.7235690572177107	1.6762936051461652	23.566666666666666	59
40	holistic	60	1	1	0.8198246372872103	2.4124499312676093	14.883333333333333	55
40	conventional	60	1	1	0.7120641025781256	1.8258856276450581	23.566666666666666	58
41	holistic	60	0	0	0.7934117457638242	2.34119688812058	15.883333333333333	56
41	conventional	60	3	3	0.7676883312701022	1.9141067433856538	24.1	59
42	holistic	60	0	0	0.8334033604517874	2.175647089069405	16.883333333333333	57
42	conventional	60	2	2	0.8173228934765963	1.9118696417986332	24.05	59
43	holistic	60	1	1	0.8188737974876105	2.041746051643796	17.616666666666667	58
43	conventional	60	2	2	0.8270283605980902	1.9161829849295113	24.016666666666666	56
44	holistic	60	0	0	0.8120044571259425	1.8422639353315147	18.616666666666667	59
44	conventional	60	2	2	0.7651702901816831	1.5829722767634407	24.6	57
45	holistic	60	1	1	0.8089527364018749	1.9256161190721939	18.616666666666667	56
45	conventional	60	3	3	0.7812431387677498	1.793801786499399	25.5	58
46	holistic	60	0	0	0.804352331729657	1.7656854200260454	19.616666666666667	57
46	conventional	60	1	1	0.8064989325926425	1.7158514631476014	26.483333333333334	59
47	holistic	60	1	1	0.8171302023770679	1.7717404717575804	20.55	58
47	conventional	60	1	1	0.7624590236622919	1.5938942163109786	26.483333333333334	59
48	holistic	60	0	0	0.8247933553231096	1.6470662227039194	21.55	59
48	conventional	60	1	1	0.7621989670626292	1.5679186535585712	26.483333333333334	58
49	holistic	60	1	1	0.8305916700317971	1.6912102896599932	21.55	44
49	conventional	60	1	1	0.7820830803424468	1.628286004783902	27.45	59
50	holistic	60	0	0	0.8913164880858677	2.772780151246215	22.55	45
50	conventional	60	2	2	0.7682805560400863	1.5656666417665148	27.416666666666668	55
51	holistic	60	1	1	0.8496310033057637	1.6671633561173609	23.483333333333334	46
51	conventional	60	2	2	0.8331336993528382	3.5431794994155505	28.3	56
52	holistic	60	1	1	0.8482802348319375	1.6402160282836824	24.066666666666666	47
52	conventional	60	1	1	0.7804924708765075	1.6991576319907626	28.85	57
53	holistic	60	0	0	0.8396505469565408	1.678927934619902	25.066666666666666	48
53	conventional	60	1	1	0.8267782547505572	1.9721297380094078	29.6	58
54	holistic	60	0	0	0.8353930115764772	1.7150641083752163	26.066666666666666	49
54	conventional	60	0	0	0.8264583647259365	1.764623943386085	30.6	59
55	holistic	60	0	0	0.8490022999209429	1.6580988309023084	27.066666666666666	50
55	conventional	60	1	1	0.8583876474604263	2.7083852719754997	30.6	54
56	holistic	60	1	1	0.8441410222720672	1.6046072664286528	28.0	51
56	conventional	60	1	1	0.8507938641373717	2.208728688062202	31.516666666666666	55
57	holistic	60	0	0	0.8277951477223133	1.5539448141531114	29.0	52
57	conventional	60	1	1	0.853738258906313	2.52991602671098	32.31666666666667	56
58	holistic	60	1	1	0.811452920853176	1.506188005241424	29.883333333333333	53
58	conventional	60	0	0	0.8297680200430348	2.2487625607892285	33.31666666666667	57
59	holistic	60	1	1	0.8364783467371645	1.7769116520636117	30.833333333333332	54
59	conventional	60	1	1	0.8389329113732623	2.3915317480044944	34.28333333333333	58
60	holistic	60	0	0	0.856974722031883	1.6680648717654405	31.833333333333332	55
60	conventional	60	0	0	0.812176000395285	2.5064158728192156	35.28333333333333	59
61	holistic	60	0	0	0.8412560793165134	1.4804526166567837	32.833333333333336	56
61	conventional	60	2	2	0.7862396569170527	2.4115872768534126	35.25	59
62	holistic	60	0	0	0.8457813039421146	1.6673016532926364	33.833333333333336	57
62	conventional	60	1	1	0.7482176956902258	2.2544243918399416	35.25	58
63	holistic	60	0	0	0.843616181292316	1.427630421196537	34.833333333333336	58
63	conventional	60	1	1	0.7785754606247041	2.196510713735374	36.083333333333336	59
64	holistic	60	0	0	0.8494450262230173	1.5315387065055261	35.833333333333336	59
64	conventional	60	3	3	0.7678090001677932	2.0753771970978696	34.71666666666667	59
65	holistic	60	1	1	0.8306759069315465	1.4775963685071658	35.833333333333336	59
65	conventional	60	3	3	0.7987262485080623	2.129926391780193	33.68333333333333	59
66	holistic	60	3	3	0.8158451142267359	1.6491078942631099	33.833333333333336	59
66	conventional	60	4	4	0.7411105629733377	1.8736800892028294	31.666666666666668	59
67	holistic	60	1	1	0.9041653798467918	3.549619434801552	33.833333333333336	52
67	conventional	60	5	5	0.7509959857450014	4.446903703589555	29.433333333333334	59
68	holistic	60	0	0	0.9505830987498535	3.547162890466726	34.833333333333336	53
68	conventional	60	5	5	0.7007846158923416	2.4161892096851574	26.416666666666668	59
69	holistic	60	0	0	0.9047895919337202	2.5489002674899908	35.833333333333336	54
69	conventional	60	4	4	0.7709279650485742	2.3803705285844634	26.3	59
70	holistic	60	0	0	0.8803495248992622	2.3000530618319153	36.833333333333336	55
70	conventional	60	5	5	0.6722801485296128	1.873419987161805	25.05	59
71	holistic	60	0	0	0.8674518305241526	1.7499807980297262	37.833333333333336	56
71	conventional	60	5	5	0.7484887356695381	2.529252462071627	24.783333333333335	59
72	holistic	60	0	0	0.8726282702653932	2.0428271889693765	38.833333333333336	57
72	conventional	60	1	1	0.898868928076615	2.391435852054243	24.783333333333335	58
73	holistic	60	0	0	0.8647627329417616	1.7550100361381933	39.833333333333336	58
73	conventional	60	1	1	0.9004048682174013	2.7919524879989908	25.75	59
74	holistic	60	0	0	0.8759106992218523	1.5297826635980476	40.833333333333336	59
74	conventional	60	4	4	0.947880744784049	3.710119047901829	24.616666666666667	59
75	holistic	60	2	2	0.8565334417544587	1.552155921194864	40.7	59
75	conventional	60	2	2	0.996391209839748	2.941659940767767	23.616666666666667	58
76	holistic	60	2	2	0.8953074580735975	1.795303720757034	40.25	59
76	conventional	60	0	0	0.9682974508436651	2.6370054616406557	24.616666666666667	59
77	holistic	60	1	1	0.8448395952908564	1.500901029500395	40.25	59
77	conventional	60	3	3	0.8935173192414518	2.272419700845387	23.566666666666666	59
78	holistic	60	2	2	0.8625116795074589	2.4613912430466836	39.25	58
78	conventional	60	2	2	0.975802288217965	7.370990422784049	23.55	58
79	holistic	60	0	0	0.8684905738010098	1.794642217677386	40.25	59
79	conventional	60	0	0	0.9620242724121228	3.878386071591693	24.55	59
80	holistic	60	2	2	0.8117655657973383	1.5048674654102372	39.25	59
80	conventional	60	2	2	0.8788338443175957	3.063284510788479	24.466666666666665	58
81	holistic	60	2	2	0.8734441774676955	3.818564621355307	39.18333333333333	59
81	conventional	60	0	0	0.8720817729258186	2.1361917659745884	25.466666666666665	59
82	holistic	60	3	3	0.8712216286193647	3.314504851130444	38.11666666666667	59
82	conventional	60	2	2	0.840615108710203	1.838144276472045	25.4	59
83	holistic	60	3	3	0.822201354562229	2.1471381251035564	37.0	59
83	conventional	60	3	3	0.7989529315602215	1.7650892402793468	24.35	57
84	holistic	60	1	1	0.7980362178361754	1.5641046594877215	37.0	59
84	conventional	60	2	2	0.7546580981916299	1.661952808165587	25.15	58
85	holistic	60	2	2	0.7735153002198081	2.217319221820039	36.93333333333333	59
85	conventional	60	3	3	0.765045687597153	1.5849620077968392	26.0	59
86	holistic	60	3	3	0.7491097711184277	2.24319196871261	34.93333333333333	59
86	conventional	60	4	4	0.7578186201114764	1.694639809088804	25.65	59
87	holistic	60	7	7	0.7554211974367517	2.5702200169972165	31.65	59
87	conventional	60	2	2	0.7680959466413714	2.5394518005097217	24.65	58
88	holistic	60	5	5	0.6920544745575838	2.7026347373517687	29.533333333333335	59
88	conventional	60	2	2	0.7810179812090917	1.7661260705641166	25.533333333333335	59
89	holistic	60	4	4	0.7099606553185929	2.723415207373762	26.533333333333335	59
89	conventional	60	3	3	0.7800200935422519	1.840445970302819	24.5	57
90	holistic	60	7	7	0.6785835157522995	2.401097478535946	23.366666666666667	59
90	conventional	60	2	2	0.7491134666670274	2.014761619133009	25.35	58
91	holistic	60	2	2	0.7785457615402216	2.911047687008001	22.366666666666667	59
91	conventional	60	4	4	0.7399137392509589	1.7134138467633648	26.116666666666667	59
92	holistic	60	6	6	0.7562177477358494	2.204478241060313	19.216666666666665	59
92	conventional	60	3	3	0.8152473025768411	2.7170472430104065	26.016666666666666	58
93	holistic	60	4	4	0.7776524942596377	2.32507897396003	18.083333333333332	59
93	conventional	60	1	1	0.756152629844657	1.6233302401028218	26.1	59
94	holistic	60	5	5	0.7982405013311128	2.9583315189102706	16.916666666666668	58
94	conventional	60	5	5	0.7612334335736347	1.5659697702907676	25.85	59
95	holistic	60	1	1	0.8402610456674734	2.0375763611563618	17.85	59
95	conventional	60	3	3	0.7854304455416085	3.2901105386810734	25.766666666666666	59
96	holistic	60	6	6	0.8290956354566782	2.587225463966335	14.733333333333333	59
96	conventional	60	3	3	0.8824184079556154	7.528004406946914	25.616666666666667	59
97	holistic	60	5	5	0.785739980178416	2.923530761635216	13.433333333333334	59
97	conventional	60	4	4	0.7978845796968902	4.0280126267462135	23.566666666666666	59
98	holistic	60	3	3	0.8672843596277474	2.4980851728793185	13.3	59
98	conventional	60	4	4	0.7558145069846626	2.5284556930444366	22.166666666666668	57
99	holistic	60	2	2	0.8893390935543101	2.882071714858493	13.266666666666667	59
99	conventional	60	2	2	0.8166767891899838	2.5227844847758147	23.1	58
100	holistic	60	3	3	0.8460252043415267	2.120423658441783	13.133333333333333	55
100	conventional	60	1	1	0.8024948811338389	2.107459189435824	24.066666666666666	59
101	holistic	60	0	0	0.8491442469249789	1.93648938187982	14.133333333333333	56
101	conventional	60	3	3	0.7900100971966164	1.8440922341513784	23.95	58
102	holistic	60	1	1	0.8959556990241764	2.972343569539339	15.066666666666666	57
102	conventional	60	1	1	0.8153137122604791	2.0844512959245534	24.55	59
103	holistic	60	1	1	0.8656201694690763	2.31239925910314	15.916666666666666	58
103	conventional	60	1	1	0.8092539659552849	2.139709988640037	24.55	59
104	holistic	60	1	1	0.9368447396585216	3.565430002453034	16.85	59
104	conventional	60	2	2	0.8154398773181396	2.1522121783386603	24.433333333333334	59
105	holistic	60	1	1	0.8816083236362845	1.9337706044418248	16.85	47
105	conventional	60	2	2	0.7860643103436564	1.8081721564365973	24.4	55
106	holistic	60	1	1	0.8976526874258407	1.8969888114138715	17.783333333333335	48
106	conventional	60	0	0	0.8158278152417886	1.873307921942856	25.4	56
107	holistic	60	0	0	0.9161417277988841	1.8532161875920596	18.783333333333335	49
107	conventional	60	1	1	0.8341294819202049	2.2497889371221302	26.366666666666667	57
108	holistic	60	0	0	0.9131453318347167	2.076569285312183	19.783333333333335	50
108	conventional	60	0	0	0.8325046252387648	1.824116750369759	27.366666666666667	58
109	holistic	60	0	0	0.9353273646032745	2.2430871844062197	20.783333333333335	51
109	conventional	60	0	0	0.8568482961412127	1.8792119544671755	28.366666666666667	59
110	holistic	60	0	0	0.9407578519667286	2.3269722993939066	21.783333333333335	52
110	conventional	60	2	2	0.8394696283972874	1.8974039975110408	27.366666666666667	59
111	holistic	60	0	0	0.9367430136626751	1.791155115315653	22.783333333333335	53
111	conventional	60	2	2	0.8284670373461641	1.8317093566189737	27.35	59
112	holistic	60	0	0	0.8968679919544656	1.7841024020814038	23.783333333333335	54
112	conventional	60	2	2	0.7772860108088293	1.7364122551864962	27.333333333333332	56
113	holistic	60	1	1	0.8766931735449084	1.7872634505569722	24.35	55
113	conventional	60	1	1	0.8419006075871401	1.7350038185090042	28.3	57
114	holistic	60	0	0	0.9141292362805913	2.506631083360878	25.35	56
114	conventional	60	0	0	0.8283666804833523	1.671153075845616	29.3	58
115	holistic	60	1	1	0.9007163519641079	2.0035473763436262	25.983333333333334	57
115	conventional	60	0	0	0.8538408847214612	1.6634810199541488	30.3	59
116	holistic	60	0	0	0.9235897959409901	1.8105017652713289	26.983333333333334	58
116	conventional	60	1	1	0.8426040003833168	2.0620057480068064	30.3	55
117	holistic	60	0	0	0.9195387162317893	2.319488299630719	27.983333333333334	59
117	conventional	60	0	0	0.8944943915080935	3.3286731440659327	31.3	56
118	holistic	60	1	1	0.8857410178952911	1.8185361226120567	27.983333333333334	59
118	conventional	60	0	0	0.8537684786872893	2.325257623911374	32.3	57
119	holistic	60	1	1	0.8521117040299123	1.6675744698703314	27.983333333333334	54
119	conventional	60	1	1	0.831814376499558	1.9905295950406838	33.18333333333333	58
120	holistic	60	0	0	0.8785923286811085	1.8199156297372485	28.983333333333334	55
120	conventional	60	0	0	0.8407744599787961	1.4380212376906063	34.18333333333333	59
121	holistic	60	0	0	0.8634097943743307	1.6427236383370125	29.983333333333334	56
121	conventional	60	1	1	0.8085120683487019	1.5270221644102127	34.18333333333333	59
122	holistic	60	1	1	0.8712964604690607	1.7456682611671777	30.916666666666668	57
122	conventional	60	1	1	0.7784611218172209	1.4827069945284985	34.18333333333333	58
123	holistic	60	0	0	0.9153953938013403	2.6820188733902537	31.916666666666668	58
123	conventional	60	1	1	0.8259751048749417	1.44837708009825	35.15	59
124	holistic	60	0	0	0.9011880268129195	2.084819776093378	32.916666666666664	59
124	conventional	60	2	2	0.7815939016217798	1.502896302370896	34.15	59
125	holistic	60	1	1	0.8576206419837465	2.3494998302647514	32.916666666666664	59
125	conventional	60	3	3	0.7445249921744624	1.4959764497431627	34.1	59
126	holistic	60	3	3	0.8613394276938309	2.684083476086972	30.916666666666668	51
126	conventional	60	3	3	0.7629913146996614	2.434547986939756	33.083333333333336	59
127	holistic	60	0	0	0.946039239987266	2.724810680663385	31.916666666666668	52
127	conventional	60	3	3	0.8376927828212785	3.5340149343415135	33.016666666666666	59
128	holistic	60	0	0	0.8935745424694711	2.351412730803775	32.916666666666664	53
128	conventional	60	4	4	0.7444811979976398	3.031556903125483	31.7	59
129	holistic	60	0	0	0.924882808179694	2.484384631833637	33.916666666666664	54
129	conventional	60	5	5	0.7447659229112342	2.487977590597816	29.633333333333333	59
130	holistic	60	1	1	0.9487575944385956	2.5014984774744224	34.85	55
130	conventional	60	5	5	0.7910842470926258	4.552394584970449	26.616666666666667	59
131	holistic	60	0	0	0.9475726108960807	2.515954510523343	35.85	56
131	conventional	60	8	8	0.7047817517504663	3.0548806154321446	23.533333333333335	58
132	holistic	60	0	0	0.9782156242233521	2.2985421693710033	36.85	57
132	conventional	60	3	3	0.6673491262342741	2.5624423424547826	24.4	59
133	holistic	60	0	0	0.9582977673667565	2.2549202666963764	37.85	58
133	conventional	60	1	1	0.7925526395142217	3.2549478325264363	24.4	59
134	holistic	60	0	0	0.9676305870255637	2.08429061323614	38.85	59
134	conventional	60	4	4	0.8008386589403573	2.550972684637179	23.233333333333334	59
135	holistic	60	2	2	0.9486908523570946	1.9346228584582095	37.85	59
135	conventional	60	2	2	0.7910756304552222	4.48332637179346	23.166666666666668	58
136	holistic	60	1	1	1.0312575230813608	4.858366622308388	37.85	56
136	conventional	60	1	1	0.8250812671997383	2.9684241569608596	24.083333333333332	59
137	holistic	60	0	0	0.9688582184139889	2.3530261083912603	38.85	57
137	conventional	60	3	3	0.7203413231632549	1.7978066778917656	23.616666666666667	54
138	holistic	60	0	0	0.9627585602035909	1.9495911334909686	39.85	58
138	conventional	60	1	1	0.722660324169108	1.713899528247175	24.583333333333332	55
139	holistic	60	1	1	0.9458439503467371	1.887053776207967	40.78333333333333	59
139	conventional	60	2	2	0.7416238714340538	1.5172156715807914	25.516666666666666	56
140	holistic	60	3	3	0.9346213325341455	1.878144446491677	39.71666666666667	59
140	conventional	60	0	0	0.7812382489849111	1.803266601915888	26.516666666666666	57
141	holistic	60	1	1	0.9024303313376925	1.8238823670909043	39.71666666666667	59
141	conventional	60	0	0	0.8022539283274231	1.9861035724293914	27.516666666666666	58
142	holistic	60	3	3	0.8650383598475455	1.7310143579692991	37.71666666666667	59
142	conventional	60	2	2	0.7967609810560999	1.9570099085207715	28.35	59
143	holistic	60	2	2	0.891141300989812	1.7293177955891001	37.65	58
143	conventional	60	2	2	0.7519901971808337	1.873586041358822	28.216666666666665	57
144	holistic	60	0	0	1.051329195533127	4.581978694314383	38.65	59
144	conventional	60	1	1	0.748294912303006	1.7439924724308935	29.183333333333334	58
145	holistic	60	2	2	0.957019043911591	2.586044233584963	38.583333333333336	59
145	conventional	60	0	0	0.7868086528833941	2.3742667858631323	30.183333333333334	59
146	holistic	60	1	1	0.9363628799061245	1.7698898305103523	38.583333333333336	59
146	conventional	60	2	2	0.7505204293495734	1.7722498804727462	29.183333333333334	58
147	holistic	60	4	4	0.8683568769531057	2.270574457121386	35.583333333333336	59
147	conventional	60	0	0	0.794851052299629	1.6656098383351028	30.183333333333334	59
148	holistic	60	5	5	0.9138981196063535	1.9297936240750726	32.53333333333333	59
148	conventional	60	1	1	0.7613168885816235	1.750691727655672	30.183333333333334	58
149	holistic	60	1	1	1.0371464690288945	3.7362010053025916	32.53333333333333	59
149	conventional	60	0	0	0.7615206605866279	1.6544702329524663	31.183333333333334	59
150	holistic	60	5	5	0.9948903381803959	2.899946710686859	28.533333333333335	59
150	conventional	60	1	1	0.7527681045833999	2.029640587015894	31.183333333333334	59
151	holistic	60	2	2	0.9669525350326953	2.650774372196752	28.466666666666665	59
151	conventional	60	3	3	0.7777657584289182	1.831884276630894	29.183333333333334	58
152	holistic	60	4	4	0.9358291455959481	2.4996574236833253	26.4	59
152	conventional	60	2	2	0.8044147749512184	2.011883612278194	30.0	59
153	holistic	60	2	2	0.9666123537947519	2.925356872925251	26.366666666666667	59
153	conventional	60	1	1	0.7427824820414552	1.7551224521388111	30.0	59
154	holistic	60	3	3	0.8989031547548337	2.042874200980872	25.3	59
154	conventional	60	3	3	0.6889183096425643	1.726940125554131	28.966666666666665	59
155	holistic	60	1	1	0.8673345951256866	2.053780158904916	25.3	59
155	conventional	60	4	4	0.6521266072945927	1.5375140185849656	27.85	59
156	holistic	60	4	4	0.9625079310215905	6.860787822589187	22.3	59
156	conventional	60	5	5	0.6518125560979565	1.4517007227192158	26.733333333333334	59
157	holistic	60	6	6	0.8393131173919622	4.362701004605203	19.116666666666667	59
157	conventional	60	5	5	0.6074190921186897	1.397617921814666	26.216666666666665	59
158	holistic	60	3	3	0.8448364889391904	2.862815495379962	18.05	59
158	conventional	60	3	3	0.5997379417274018	1.518600716247606	24.216666666666665	59
159	holistic	60	2	2	0.8321602627828159	2.1119580941064715	17.05	59
159	conventional	60	5	5	0.6046765651553737	2.393840563702909	23.666666666666668	59
160	holistic	60	3	3	0.8367055582662208	2.2649032215631575	15.983333333333333	57
160	conventional	60	2	2	0.7146247741215844	4.587560637939967	23.566666666666666	59
161	holistic	60	3	3	0.8224074950895014	2.032049108357445	16.783333333333335	58
161	conventional	60	7	7	0.6763311491413883	2.5800742977041566	21.016666666666666	59
162	holistic	60	0	0	0.8386573961644194	1.7553475878533675	17.783333333333335	59
162	conventional	60	3	3	0.8684927386763915	6.401403423105496	20.383333333333333	58
163	holistic	60	3	3	0.8573469051296494	1.712809968280311	17.65	59
163	conventional	60	4	4	0.7959179401879835	3.868122966031864	21.216666666666665	59
164	holistic	60	4	4	0.8665269875181966	1.86738750635686	17.383333333333333	59
164	conventional	60	4	4	0.8454500658537133	4.321161646660524	20.133333333333333	59
165	holistic	60	1	1	0.8402419874303692	1.7698273565165936	17.383333333333333	59
165	conventional	60	1	1	0.7890625319996563	3.3187017206900737	20.133333333333333	58
166	holistic	60	1	1	0.8301664159303985	1.6216418057637112	17.383333333333333	53
166	conventional	60	4	4	0.8687877691132461	2.768683146756781	20.95	59
167	holistic	60	2	2	0.8566660011073878	1.7488335436817986	18.166666666666668	54
167	conventional	60	1	1	0.794341606203454	2.5459940861264485	20.95	54
168	holistic	60	1	1	0.8319151568367074	1.7330782896216528	19.05	55
168	conventional	60	3	3	0.7715384480755709	2.5008816495092363	21.75	55
169	holistic	60	3	3	0.8770660363532949	1.9433556339716322	19.633333333333333	56
169	conventional	60	1	1	0.9124042252330383	4.418898297966027	22.7	56
170	holistic	60	2	2	0.9251331956756937	1.8004616142891732	20.35	57
170	conventional	60	1	1	0.8146002175038836	2.4239888262425797	23.583333333333332	57
171	holistic	60	1	1	0.9120620613353694	1.8509776651217136	21.283333333333335	58
171	conventional	60	2	2	0.811820137615798	2.029568014338865	24.416666666666668	58
172	holistic	60	4	4	0.9102041210293573	1.9441592848822742	22.016666666666666	59
172	conventional	60	0	0	0.8157997558162421	2.376705681529817	25.416666666666668	59
173	holistic	60	1	1	0.9638757832758275	2.611148667860231	22.016666666666666	58
173	conventional	60	2	2	0.8308592371665632	2.652572946527367	25.066666666666666	57
174	holistic	60	0	0	0.9484284184634914	2.1098253987672138	23.016666666666666	59
174	conventional	60	0	0	0.8332142438821754	2.305693073048139	26.066666666666666	58
175	holistic	60	1	1	0.9213684595078213	2.611466545276501	23.016666666666666	56
175	conventional	60	1	1	0.7905450800592013	2.1284587055609	27.033333333333335	59
176	holistic	60	1	1	0.936992121599265	2.1106881274023737	23.95	57
176	conventional	60	1	1	0.8053147992632338	2.0738745435919665	27.033333333333335	57
177	holistic	60	0	0	0.9396954512774912	2.011209641828061	24.95	58
177	conventional	60	1	1	0.7553040673826596	2.0281788187342635	27.716666666666665	58
178	holistic	60	0	0	0.9334378641245389	2.0100214386784923	25.95	59
178	conventional	60	0	0	0.7641516337239121	1.9134607480596029	28.716666666666665	59
179	holistic	60	3	3	0.8939255176824982	2.0056788417104974	25.666666666666668	57
179	conventional	60	2	2	0.7738687057878593	1.8190900582190301	28.683333333333334	57
180	holistic	60	0	0	0.9143753381823714	2.178294473168033	26.666666666666668	58
180	conventional	60	1	1	0.7705326607164515	1.9325830039875318	29.616666666666667	58
181	holistic	60	0	0	0.9021876479215685	2.054165395644174	27.666666666666668	59
181	conventional	60	0	0	0.8040736092418406	2.3749764866129524	30.616666666666667	59
182	holistic	60	1	1	0.8971289251664064	2.1008589388181282	27.666666666666668	57
182	conventional	60	2	2	0.7906533466936366	2.003088664043767	30.566666666666666	57
183	holistic	60	1	1	0.9034829695063529	1.9928647639848542	28.6	58
183	conventional	60	0	0	0.8190684385464306	1.973501390825139	31.566666666666666	58
184	holistic	60	0	0	0.8946060810191713	1.9905034401739534	29.6	59
184	conventional	60	1	1	0.8319877985292445	1.8535680782063702	32.53333333333333	59
185	holistic	60	1	1	0.8899672684054348	1.8973208755557034	29.6	59
185	conventional	60	1	1	0.8579979408536128	3.486590825399751	32.53333333333333	59
186	holistic	60	3	3	0.865769464473838	1.9862346335984735	28.533333333333335	56
186	conventional	60	2	2	0.8610214345865559	4.029636966889323	31.533333333333335	58
187	holistic	60	0	0	0.938242342167659	3.7445383101374685	29.533333333333335	57
187	conventional	60	1	1	0.8441263618078456	2.506870268099171	32.516666666666666	59
188	holistic	60	0	0	0.90136877259747	1.9429526371934611	30.533333333333335	58
188	conventional	60	3	3	0.8232984148954132	2.260672388394549	30.516666666666666	59
189	holistic	60	0	0	0.8853627941434122	1.8660096642005433	31.533333333333335	59
189	conventional	60	1	1	0.8423843440086736	1.9908432308898674	30.516666666666666	58
190	holistic	60	1	1	0.8602842040903804	1.868859905027579	31.533333333333335	55
190	conventional	60	0	0	0.8986181407457443	1.9723811725216978	31.516666666666666	59
191	holistic	60	1	1	0.9008924567013392	2.531843427091468	32.333333333333336	56
191	conventional	60	5	5	0.788961764479732	1.9166993771967031	27.516666666666666	59
192	holistic	60	0	0	0.9341318316478945	3.0319838682233575	33.333333333333336	57
192	conventional	60	3	3	0.8023665281031664	1.9394614501186194	25.516666666666666	58
193	holistic	60	0	0	0.9159897034858155	1.8656309096667743	34.333333333333336	58
193	conventional	60	1	1	0.8598717819547091	1.85314226098396	26.483333333333334	59
194	holistic	60	1	1	0.9283679408229927	1.7173098778132871	35.28333333333333	59
194	conventional	60	4	4	0.8061323579853678	1.9064056962586244	24.433333333333334	57
195	holistic	60	1	1	0.8969133370874989	1.7240086696876282	35.28333333333333	55
195	conventional	60	2	2	0.8747382207046699	4.487286632702507	25.033333333333335	58
196	holistic	60	0	0	0.8773276853896131	1.7939026706531556	36.28333333333333	56
196	conventional	60	1	1	0.8552075734152772	4.983623888285356	25.966666666666665	59
197	holistic	60	1	1	0.887219633699432	1.8609742520359185	37.233333333333334	57
197	conventional	60	3	3	0.7860555100949186	3.1544590829937618	25.85	59
198	holistic	60	1	1	0.8811674641933817	1.8743475498694084	38.21666666666667	58
198	conventional	60	4	4	0.7648852757648147	2.485230024203742	25.766666666666666	55
199	holistic	60	1	1	0.924880578002086	1.918882128273665	39.15	59
199	conventional	60	3	3	0.9030968026140921	5.341906819184827	26.6	56
200	holistic	60	3	3	0.8701037300356776	1.9134500364486202	37.15	58
200	conventional	60	2	2	0.8719317127817677	2.837417494445588	27.55	57
201	holistic	60	0	0	0.8555000935496171	1.912555264186265	38.15	59
201	conventional	60	0	0	0.8684660177642077	2.022414541576904	28.55	58
202	holistic	60	4	4	0.8524974140022785	1.9140282428464581	35.35	59
202	conventional	60	1	1	0.8570741525086724	2.080188744550162	29.416666666666668	59
203	holistic	60	2	2	0.8212760613647228	1.6391810346748994	34.35	58
203	conventional	60	2	2	0.8214769665061207	1.73592033708276	28.416666666666668	59
204	holistic	60	2	2	0.8193746943044116	1.664273348858784	35.25	59
204	conventional	60	1	1	0.8128270054119532	1.6884692044593792	28.416666666666668	58
205	holistic	60	1	1	0.8232991356085125	1.6684361798678318	35.25	59
205	conventional	60	1	1	0.8297588495872149	1.9424589016825988	29.316666666666666	59
206	holistic	60	2	2	0.8637404472980392	1.9352201186977047	35.18333333333333	59
206	conventional	60	3	3	0.8173642711348461	1.9873637516823062	28.066666666666666	58
207	holistic	60	3	3	0.784300867801065	1.8037666056289001	33.18333333333333	59
207	conventional	60	1	1	0.8104902729999709	2.0294676302210535	29.033333333333335	59
208	holistic	60	5	5	0.8066923409593324	5.897918000761221	30.15	59
208	conventional	60	2	2	0.8310550921592554	2.2748243355566817	28.95	57
209	holistic	60	2	2	0.8083155299734598	2.8977314777813574	30.116666666666667	59
209	conventional	60	1	1	0.8772123067067563	2.3418129269190153	29.916666666666668	58
210	holistic	60	4	4	0.7975887390198101	1.9012479903997879	28.816666666666666	59
210	conventional	60	1	1	0.8813788310882962	1.8471324052062057	30.85	59
211	holistic	60	3	3	0.862371630513316	3.8783354463177067	28.6	59
211	conventional	60	1	1	0.8876185498324768	3.299216627039704	30.85	57
212	holistic	60	8	8	0.792471736746881	1.9277646546377065	25.3	59
212	conventional	60	1	1	0.8927895426154979	2.7755378292712862	31.65	58
213	holistic	60	1	1	0.803288237750682	2.1938895964772023	25.3	59
213	conventional	60	0	0	0.8955502282137673	3.5972168623128575	32.65	59
214	holistic	60	3	3	0.785094511058784	1.8634549375907585	25.233333333333334	59
214	conventional	60	2	2	0.8681906982290587	2.792659654928221	31.65	58
215	holistic	60	4	4	0.8262384455884475	2.9443805991900374	25.05	59
215	conventional	60	0	0	0.8618575934123842	2.105898335916056	32.65	59
216	holistic	60	4	4	0.8821919036266483	1.944352916911574	23.916666666666668	59
216	conventional	60	3	3	0.8461365138635367	1.8116906413145502	31.583333333333332	59
217	holistic	60	2	2	0.8392240489476879	3.7449012999425575	22.916666666666668	59
217	conventional	60	4	4	0.7573069800142676	1.446538906054755	30.383333333333333	59
218	holistic	60	2	2	0.8324006418421912	1.9603205603133964	21.916666666666668	58
218	conventional	60	4	4	0.8915945215799259	4.422341792985659	29.316666666666666	59
219	holistic	60	3	3	0.8677755667983987	3.9006613834794663	22.666666666666668	59
219	conventional	60	6	6	0.866723713179295	3.4204016603419163	27.25	59
220	holistic	60	2	2	0.9110827965745991	3.1109676949773046	22.6	59
220	conventional	60	2	2	0.9100950170125155	2.8500424288458768	27.2	59
221	holistic	60	3	3	0.8954459485773335	2.9107609333964444	21.483333333333334	58
221	conventional	60	4	4	0.8915712358495295	2.719150524505458	26.15	59
222	holistic	60	0	0	0.8792709537703545	2.910416841609886	22.483333333333334	59
222	conventional	60	5	5	0.8633842796783465	2.601262386812821	26.05	59
223	holistic	60	4	4	0.846271305801644	2.6605656971584555	21.083333333333332	59
223	conventional	60	2	2	0.8544176562134542	2.1538217053272377	25.05	59
224	holistic	60	4	4	0.814238666312388	2.3544718651901775	19.016666666666666	55
224	conventional	60	3	3	0.8018843920658731	2.231572642554066	24.983333333333334	59
225	holistic	60	2	2	0.9391880236643487	3.6114536847588896	19.883333333333333	56
225	conventional	60	2	2	0.7842561212029936	2.0715311011074893	24.95	59
226	holistic	60	0	0	0.9395459035898948	2.182214177568847	20.883333333333333	57
226	conventional	60	2	2	0.8147387512986369	2.423323279915709	24.883333333333333	59
227	holistic	60	0	0	0.9158082756931546	2.076095013382928	21.883333333333333	58
227	conventional	60	4	4	0.8527608255991304	3.2950211027188216	24.716666666666665	59
228	holistic	60	0	0	0.9172543236685912	2.063149317198669	22.883333333333333	59
228	conventional	60	2	2	0.8124319561417669	3.3051969008820987	23.716666666666665	59
229	holistic	60	4	4	0.8685280472165473	1.9803121895945441	21.683333333333334	58
229	conventional	60	4	4	0.753049975158415	2.6408052891588967	23.033333333333335	59
230	holistic	60	2	2	0.9237502831570209	2.7800739506393337	22.383333333333333	59
230	conventional	60	4	4	0.6975239316402327	2.2996107058224005	22.383333333333333	59
231	holistic	60	1	1	0.9337627452086973	2.8316344085442697	22.383333333333333	59
231	conventional	60	4	4	0.8188362885464111	3.2181690751059175	21.3	56
232	holistic	60	4	4	0.9316402367831358	2.836422720066921	21.3	59
232	conventional	60	2	2	0.7636274918791865	2.5030654970765616	22.2	57
233	holistic	60	1	1	0.9761176557499811	2.5032457843604057	21.3	58
233	conventional	60	1	1	0.8384365284116011	2.0103193895220586	23.183333333333334	58
234	holistic	60	0	0	0.981136566767285	2.7071034871886552	22.3	59
234	conventional	60	1	1	0.7926640209928875	2.170802437287562	24.133333333333333	59
235	holistic	60	1	1	0.9432914539850893	2.035572100701592	22.3	59
235	conventional	60	3	3	0.8040415575845316	2.627689500757798	23.75	56
236	holistic	60	3	3	0.9287211400627906	2.004883525724308	22.166666666666668	57
236	conventional	60	1	1	0.908451981280124	3.2468753970331337	24.716666666666665	57
237	holistic	60	1	1	0.9481897960953606	1.8938689037879124	23.1	58
237	conventional	60	0	0	0.8626019090025311	2.4774334162328153	25.716666666666665	58
238	holistic	60	0	0	0.9212745697591912	1.9603745795303693	24.1	59
238	conventional	60	2	2	0.851697100361174	2.374154215675613	26.616666666666667	59
239	holistic	60	2	2	0.9016826039320319	1.8568613457966245	24.033333333333335	56
239	conventional	60	1	1	0.8115273637904821	2.5227391812714854	26.616666666666667	59
240	holistic	60	1	1	0.9698141323594649	2.812144523635857	24.966666666666665	57
240	conventional	60	2	2	0.8092679731771246	2.29102595112639	26.55	58
241	holistic	60	0	0	0.9699218156533308	1.9732064013992776	25.966666666666665	58
241	conventional	60	2	2	0.8703148420375242	4.282512294706363	27.45	59
242	holistic	60	0	0	0.9555597382957243	1.828505299827536	26.966666666666665	59
242	conventional	60	3	3	0.952514218415125	3.198284106769314	27.183333333333334	58
243	holistic	60	2	2	0.9304441898837507	1.7816583318189492	26.9	58
243	conventional	60	1	1	0.8967064263889316	2.3458337298166865	28.116666666666667	59
244	holistic	60	0	0	1.013078504729915	3.9236422142902456	27.9	59
244	conventional	60	2	2	0.8861452171008032	2.2086590481918944	28.083333333333332	59
245	holistic	60	1	1	0.9662467235436949	2.419837019225144	27.9	59
245	conventional	60	3	3	0.8444281389884783	2.0891639746248862	28.016666666666666	59
246	holistic	60	3	3	0.9389842841248477	2.9166385154605634	25.9	56
246	conventional	60	2	2	0.9760690879852949	3.3474642248350843	28.0	59
247	holistic	60	1	1	0.9162617984652315	2.166515958217791	26.6	57
247	conventional	60	3	3	0.9109779633334097	2.204365541874086	27.916666666666668	59
248	holistic	60	0	0	0.9488345015584603	2.2893997807641178	27.6	58
248	conventional	60	3	3	0.8791882584071673	2.2071983407561997	25.916666666666668	59
249	holistic	60	2	2	0.9424710913145836	1.8637448688670792	28.483333333333334	59
249	conventional	60	1	1	1.0129236724750654	5.3512734253448055	25.916666666666668	58
250	holistic	60	1	1	0.9189214509348644	2.0642972990374	28.483333333333334	52
250	conventional	60	3	3	0.8694741915888234	2.852395559026435	26.633333333333333	59
251	holistic	60	2	2	0.9503540561166129	2.2963461799191043	29.383333333333333	53
251	conventional	60	5	5	0.8551335799107712	2.354776986573675	25.516666666666666	59
252	holistic	60	1	1	0.9346410547464643	2.1432375910954473	30.333333333333332	54
252	conventional	60	3	3	0.8571606159041352	2.311274989261999	25.483333333333334	58
253	holistic	60	1	1	1.0256650025027965	3.629354137531227	31.3	55
253	conventional	60	2	2	0.8299258068665323	1.8222439130124564	26.433333333333334	59
254	holistic	60	0	0	1.061920430627729	4.131603303002236	32.3	56
254	conventional	60	5	5	0.816130276979992	1.986706117053939	25.233333333333334	56
255	holistic	60	1	1	1.0666807940587197	3.9642470533738092	33.233333333333334	57
255	conventional	60	0	0	0.8135117060400566	2.0765415549175867	26.233333333333334	57
256	holistic	60	0	0	1.0972625776265608	3.8817757697982307	34.233333333333334	58
256	conventional	60	0	0	0.8795756569364023	1.7590552453701747	27.233333333333334	58
257	holistic	60	0	0	1.0754814664769872	3.2319938545407156	35.233333333333334	59
257	conventional	60	0	0	0.8998787676371428	2.3284600468223555	28.233333333333334	59
258	holistic	60	1	1	1.0627271736338408	3.1316214868289407	35.233333333333334	59
258	conventional	60	3	3	0.8778872036804813	2.329469467361934	26.233333333333334	59
259	holistic	60	1	1	1.0457506747129155	2.631749339509432	35.233333333333334	59
259	conventional	60	1	1	0.8818053281118711	3.3579494926750524	26.233333333333334	57
260	holistic	60	1	1	1.0346011413939993	2.575926498782241	35.233333333333334	57
260	conventional	60	1	1	0.8959738858722144	1.99250325163311	27.2	58
261	holistic	60	1	1	1.0531555322969461	2.344358421615414	35.266666666666666	57
261	conventional	60	1	1	0.8681439839609227	1.9267087199855506	28.183333333333334	59
262	holistic	60	1	1	1.051247926805705	2.1636853682125246	36.21666666666667	58
262	conventional	60	1	1	0.9285617825224316	2.293008766383754	28.183333333333334	59
263	holistic	60	0	0	1.0672175228339429	2.0681496779716566	37.21666666666667	59
263	conventional	60	1	1	0.8805081380892532	1.6083834400710724	28.183333333333334	59
264	holistic	60	1	1	1.0467806084619296	2.012631431172501	37.21666666666667	59
264	conventional	60	1	1	0.9616028133446315	5.361405618095544	28.183333333333334	58
265	holistic	60	1	1	1.0351630588615646	2.0540230714432703	37.21666666666667	59
265	conventional	60	0	0	0.9010952253383169	2.3599145796539838	29.183333333333334	59
266	holistic	60	2	2	0.9983196241217871	1.9608277041153868	37.15	59
266	conventional	60	4	4	0.8163504361530236	1.5728509316187742	28.033333333333335	57
267	holistic	60	1	1	1.0611187439863516	1.9812516565667444	37.15	59
267	conventional	60	1	1	0.8812683500323855	2.2125490960876166	29.016666666666666	58
268	holistic	60	4	4	1.009615388842685	2.3541836743895734	35.1	59
268	conventional	60	0	0	0.8641152621332192	1.7291673045574318	30.016666666666666	59
269	holistic	60	2	2	1.0104676768070746	2.5205913771115482	34.1	59
269	conventional	60	2	2	0.8452465545823188	1.63362095782397	29.966666666666665	59
270	holistic	60	3	3	0.9515138046482124	2.6037002441649357	32.1	58
270	conventional	60	1	1	0.8816617360548052	2.7270104217495987	29.966666666666665	59
271	holistic	60	1	1	0.9863353517597816	2.8547506223818537	33.03333333333333	59
271	conventional	60	4	4	0.8937638693220451	3.367952742106789	29.783333333333335	57
272	holistic	60	3	3	0.9530325653599053	2.52252257521695	31.033333333333335	59
272	conventional	60	1	1	0.9147508493165091	2.3859076280518225	30.466666666666665	58
273	holistic	60	2	2	0.9607191696384506	2.7827742826623805	30.966666666666665	59
273	conventional	60	0	0	0.9279485895630518	2.3865746066230096	31.466666666666665	59
274	holistic	60	3	3	0.9637072148471605	2.2299067506938304	29.9	59
274	conventional	60	1	1	0.9363078406083388	2.0233736881348454	31.466666666666665	57
275	holistic	60	3	3	0.8739774303315055	2.188915838475177	27.9	59
275	conventional	60	0	0	0.9474946574102311	1.710589571775881	32.46666666666667	58
276	holistic	60	5	5	0.8729484134325458	2.0565877423194214	26.716666666666665	59
276	conventional	60	0	0	0.9490772919815705	2.2584884853555782	33.46666666666667	59
277	holistic	60	2	2	0.905115746975386	1.947884464120071	25.716666666666665	59
277	conventional	60	2	2	0.8928130788493207	1.7933985300647393	32.46666666666667	59
278	holistic	60	2	2	0.9243047461909527	1.7919837589300258	25.65	59
278	conventional	60	2	2	0.8344354843249029	1.7441187891071177	31.466666666666665	59
279	holistic	60	3	3	0.895169630835327	1.7229363175812258	24.6	59
279	conventional	60	5	5	0.8577912440568032	4.40381434656183	29.416666666666668	58
280	holistic	60	2	2	0.9333043572551926	1.938517246320316	24.533333333333335	57
280	conventional	60	0	0	0.8780933016501766	3.3124704334126127	30.416666666666668	59
281	holistic	60	0	0	1.0688032601002064	3.5953824652129645	25.533333333333335	58
281	conventional	60	3	3	0.8787211938878521	2.3150839853166163	30.316666666666666	59
282	holistic	60	0	0	1.0580125447855813	2.5981456661610913	26.533333333333335	59
282	conventional	60	1	1	0.887685938894743	1.9913723642127008	30.316666666666666	59
283	holistic	60	5	5	0.9746990010931936	2.180018231478172	23.466666666666665	59
283	conventional	60	2	2	0.8813313156719785	2.0724368405882894	30.283333333333335	59
284	holistic	60	3	3	1.0344763570732098	4.818553497510696	21.466666666666665	59
284	conventional	60	2	2	0.8950965647409326	2.4134612740626613	29.283333333333335	59
285	holistic	60	1	1	1.0897239679359911	6.825996566004806	21.466666666666665	56
285	conventional	60	1	1	0.8791340296238473	2.2533679475701303	29.283333333333335	59
286	holistic	60	0	0	1.0996867611936267	5.487201639205679	22.466666666666665	57
286	conventional	60	2	2	0.8775108375736523	2.2823575143940236	28.283333333333335	59
287	holistic	60	1	1	1.064578372033636	4.317314735436994	23.4	58
287	conventional	60	1	1	0.7980220425847301	1.817088454978338	28.283333333333335	58
288	holistic	60	0	0	1.136926719088202	4.651397746947774	24.4	59
288	conventional	60	0	0	0.8151289574609044	2.291144626577954	29.283333333333335	59
289	holistic	60	2	2	1.1012381493138	3.485224006710462	23.4	59
289	conventional	60	2	2	0.7902652872297753	1.6212948425142033	29.2	59
290	holistic	60	1	1	1.0942257423905521	3.2466512130658716	23.4	59
290	conventional	60	4	4	0.7857866619681523	3.49189330478049	26.2	59
291	holistic	60	2	2	1.0293140120633677	2.943616020191723	23.266666666666666	59
291	conventional	60	6	6	0.7482117836938768	2.4822824141645636	23.95	59
292	holistic	60	2	2	1.0120390445173397	2.8190577105159234	22.266666666666666	56
292	conventional	60	2	2	0.8400812171483928	4.305459037183297	23.85	59
293	holistic	60	2	2	0.9686157599589434	2.618763007668241	23.066666666666666	57
293	conventional	60	4	4	0.754250225854395	1.9858707328254959	23.733333333333334	58
294	holistic	60	0	0	1.1288268389439307	4.8630640345826714	24.066666666666666	58
294	conventional	60	1	1	0.759653398682836	3.187327387497621	24.616666666666667	59
295	holistic	60	0	0	1.041344724358661	2.3964208084616128	25.066666666666666	59
295	conventional	60	2	2	0.8098341877349161	2.187800817690845	24.533333333333335	55
296	holistic	60	2	2	0.9845659282528035	2.285208597926922	24.066666666666666	59
296	conventional	60	0	0	0.789766418562518	1.8664358711029727	25.533333333333335	56
297	holistic	60	1	1	0.9715707402730414	2.395835916348605	24.066666666666666	58
297	conventional	60	1	1	0.8147045298997952	1.8548675878185392	26.466666666666665	57
298	holistic	60	0	0	0.9541426359542918	2.2958298511921544	25.066666666666666	59
298	conventional	60	0	0	0.8958804402315211	2.381864934015461	27.466666666666665	58
299	holistic	60	2	2	0.9234378301085079	2.141355202579297	24.95	59
299	conventional	60	1	1	0.8657449238137148	2.213648006784914	28.133333333333333	59
300	holistic	60	4	4	0.9638676064407913	3.461784593918027	24.766666666666666	57
300	conventional	60	1	1	0.8337548158198794	2.093979994845307	28.133333333333333	59
301	holistic	60	1	1	1.0214839028110496	2.4688021827343656	25.733333333333334	58
301	conventional	60	5	5	0.7916508503589721	1.9945179168815244	26.816666666666666	56
302	holistic	60	0	0	1.0479253127018564	2.037514147219811	26.733333333333334	59
302	conventional	60	1	1	0.9831333600256265	5.369515689941039	27.8	57
303	holistic	60	2	2	0.961648316580529	1.9768789719545103	25.733333333333334	57
303	conventional	60	2	2	0.904349969566777	2.3778290507416227	28.566666666666666	58
304	holistic	60	0	0	0.9798327520448308	1.9698813337644598	26.733333333333334	58
304	conventional	60	1	1	0.8696774674980496	2.525159876037949	29.55	59
305	holistic	60	0	0	0.9968783741958097	2.0093548126441076	27.733333333333334	59
305	conventional	60	2	2	0.8641665157100785	2.365974124157017	28.55	59
306	holistic	60	3	3	0.9259197757332683	1.914249485236398	26.283333333333335	56
306	conventional	60	2	2	0.8416886043556396	2.36080158008169	28.483333333333334	58
307	holistic	60	0	0	0.9630058976955514	1.952043860173289	27.283333333333335	57
307	conventional	60	1	1	0.942706784853622	3.1954920535890716	29.433333333333334	59
308	holistic	60	1	1	0.9910939078026083	1.947063976169462	28.15	58
308	conventional	60	3	3	0.8543769566970922	2.177211379897025	27.433333333333334	58
309	holistic	60	0	0	0.9686885416002987	2.019925910022958	29.15	59
309	conventional	60	0	0	0.8671434678830063	3.330167630543448	28.433333333333334	59
310	holistic	60	1	1	0.978733706486076	2.1861616707029983	29.15	58
310	conventional	60	2	2	0.8078972258572655	2.0315208839649483	27.433333333333334	59
311	holistic	60	0	0	1.0197762508418395	2.4943005644109095	30.15	59
311	conventional	60	3	3	0.8386421551550425	2.362016878255727	27.283333333333335	59
312	holistic	60	2	2	0.9704788451536973	1.995806738342762	30.083333333333332	59
312	conventional	60	4	4	0.8249717046148424	1.913943792302963	27.083333333333332	59
313	holistic	60	1	1	0.9045362785042603	1.7933721340712774	30.083333333333332	58
313	conventional	60	1	1	0.8751777919962151	1.8399781594045401	27.083333333333332	59
314	holistic	60	0	0	0.9357039299941513	1.7621730928504182	31.083333333333332	59
314	conventional	60	5	5	0.7958622931861361	1.9218380016817282	23.083333333333332	56
315	holistic	60	1	1	0.9093513640190184	1.764628839370122	31.083333333333332	57
315	conventional	60	0	0	0.8413146001839173	3.7561608154444666	24.083333333333332	57
316	holistic	60	2	2	0.9004380780891003	1.7963239791471044	31.95	58
316	conventional	60	0	0	0.894757314012039	2.671328717605606	25.083333333333332	58
317	holistic	60	0	0	0.9044404266827437	1.826277976631044	32.95	59
317	conventional	60	2	2	0.9061277064846056	2.61866822672254	25.983333333333334	59
318	holistic	60	1	1	0.8961159831247205	1.828088769453523	32.95	58
318	conventional	60	2	2	0.8505613501744413	2.253964254076315	24.983333333333334	57
319	holistic	60	1	1	0.9081010751615625	1.881920624892109	33.88333333333333	59
319	conventional	60	1	1	0.9660244653304827	3.4483005718163127	25.95	58
320	holistic	60	1	1	0.8955310688718895	2.043351978224139	33.88333333333333	59
320	conventional	60	0	0	0.8677734681685643	2.1746530111960807	26.95	59
321	holistic	60	1	1	0.8879242515786537	2.1621903608156923	33.88333333333333	57
321	conventional	60	2	2	0.9005763268815543	2.5767607435232414	26.916666666666668	59
322	holistic	60	0	0	0.8914475760316501	2.0788350992076294	34.88333333333333	58
322	conventional	60	1	1	0.8915950830983814	1.7466734055553435	26.916666666666668	59
323	holistic	60	1	1	0.8794419142733431	2.004871691213971	35.81666666666667	59
323	conventional	60	2	2	0.8716986615545657	1.7787644797488278	26.05	57
324	holistic	60	2	2	0.8603019188186345	1.8840840648446755	35.75	58
324	conventional	60	0	0	0.8209181179932759	1.6692062119308593	27.05	58
325	holistic	60	0	0	0.8562483011506303	1.9220904860787902	36.75	59
325	conventional	60	0	0	0.9083766061873741	3.2042823610388513	28.05	59
326	holistic	60	2	2	0.8306408427274634	2.0786501321844484	35.75	58
326	conventional	60	1	1	0.9091380446564362	2.2116134366683364	28.05	57
327	holistic	60	2	2	0.8243637294078214	2.209699870954067	36.28333333333333	59
327	conventional	60	0	0	0.9186587356799855	2.7088861470352903	29.05	58
328	holistic	60	6	6	0.7804347215321741	2.237893085803841	33.18333333333333	59
328	conventional	60	0	0	0.8961853373070271	2.415414077420762	30.05	59
329	holistic	60	2	2	0.8283709722801273	2.2636255007593875	33.05	59
329	conventional	60	1	1	0.89139974010884	1.87830808582555	30.05	59
330	holistic	60	3	3	0.8065605469831448	2.2902568172927116	31.983333333333334	59
330	conventional	60	1	1	0.8668200332433813	1.7566735399240936	30.05	59
331	holistic	60	2	2	0.7870846871988008	2.1913601778287433	31.933333333333334	59
331	conventional	60	3	3	0.8031302720455963	1.9769915222060273	28.05	59
332	holistic	60	3	3	0.7578059494834745	2.100794428338075	31.833333333333332	59
332	conventional	60	3	3	0.831648999837877	2.000558538121732	27.983333333333334	58
333	holistic	60	1	1	0.7707204935696537	2.016260875589821	31.833333333333332	59
333	conventional	60	0	0	0.855638205281808	1.7310988621534178	28.983333333333334	59
334	holistic	60	4	4	0.7577796724569101	1.999058199733039	30.7	59
334	conventional	60	2	2	0.8236235261342021	1.6905156685573692	28.95	56
335	holistic	60	4	4	0.7653877016181851	1.9595556368219134	28.65	59
335	conventional	60	1	1	0.8458577198658308	1.7271127336956982	29.383333333333333	57
336	holistic	60	4	4	0.7593120200934151	1.9760027533662619	26.583333333333332	59
336	conventional	60	0	0	0.8194822902266171	1.6725922591484454	30.383333333333333	58
337	holistic	60	3	3	0.7110407631285113	1.9589920354104862	25.516666666666666	59
337	conventional	60	2	2	0.8283271786684242	1.6859150254187416	31.166666666666668	59
338	holistic	60	4	4	0.6556519591157696	1.956511675997136	24.383333333333333	59
338	conventional	60	3	3	0.7971164930905991	1.6563894975707727	31.133333333333333	59
339	holistic	60	2	2	0.7528381161917496	2.594294767048682	24.35	59
339	conventional	60	2	2	0.8753229794485424	4.439906291863304	30.133333333333333	58
340	holistic	60	4	4	0.7834823027434041	1.9503584193064991	23.25	57
340	conventional	60	1	1	0.9120878788190568	4.943178026393845	31.033333333333335	59
341	holistic	60	1	1	0.792740609737369	1.9469596953810968	24.183333333333334	58
341	conventional	60	3	3	0.8653168090925927	4.436175248366095	29.983333333333334	59
342	holistic	60	1	1	0.8547878919832408	2.9580818837734983	25.116666666666667	59
342	conventional	60	2	2	0.8724831806820216	3.4433935627757237	29.966666666666665	59
343	holistic	60	3	3	0.8084045690543277	2.1038517266640517	23.116666666666667	59
343	conventional	60	2	2	0.8424613589323211	3.8462982306441775	28.966666666666665	59
344	holistic	60	3	3	0.7991468014648299	2.254672777835218	22.05	59
344	conventional	60	3	3	0.8290106213223244	3.116856012764558	28.883333333333333	59
345	holistic	60	2	2	0.8323092760170765	2.794918418524498	21.966666666666665	58
345	conventional	60	2	2	0.9114656861770969	3.3510203965419243	28.85	59
346	holistic	60	0	0	0.9211353174449829	2.4623880496121604	22.966666666666665	59
346	conventional	60	2	2	0.8960318509856411	2.451225788908732	28.766666666666666	57
347	holistic	60	3	3	0.8640727214390985	2.7958103689001415	22.833333333333332	58
347	conventional	60	2	2	0.9081178188233859	2.562684039722206	29.683333333333334	58
348	holistic	60	0	0	0.9932998959394553	3.790622308578868	23.833333333333332	59
348	conventional	60	1	1	0.9208658343057725	2.5507769006669667	30.616666666666667	59
349	holistic	60	2	2	0.9461408640927093	2.960925775897349	22.833333333333332	58
349	conventional	60	2	2	0.9378287328334066	2.450821883778372	30.583333333333332	58
350	holistic	60	0	0	0.9287726006760225	2.8172001813688237	23.833333333333332	59
350	conventional	60	1	1	0.9884461726992388	4.217061417408073	31.566666666666666	59
351	holistic	60	4	4	0.8765601990140124	2.817409966750878	22.5	59
351	conventional	60	5	5	0.8841774553092854	3.2207390385075287	27.566666666666666	58
352	holistic	60	3	3	0.9232400362476757	2.8609105475423293	22.316666666666666	59
352	conventional	60	0	0	1.1236995451698066	6.4668820001601475	28.566666666666666	59
353	holistic	60	2	2	0.855098423116457	2.544094590289643	21.316666666666666	54
353	conventional	60	4	4	0.9835228771291525	4.3725064941221286	26.483333333333334	58
354	holistic	60	1	1	0.8902700865888071	2.8158460663033775	22.266666666666666	55
354	conventional	60	0	0	1.0640344409838571	4.130862274903231	27.483333333333334	59
355	holistic	60	1	1	0.8948634882152592	2.8267791903615045	23.2	56
355	conventional	60	2	2	0.9839445466963082	2.204912897531768	26.483333333333334	58
356	holistic	60	1	1	0.8932513292201045	2.5025962607277648	24.133333333333333	57
356	conventional	60	0	0	0.9094781429892457	1.8971715494897639	27.483333333333334	59
357	holistic	60	0	0	0.9144091427621172	2.094999007816479	25.133333333333333	58
357	conventional	60	3	3	0.8841298610181755	2.020998415809485	27.416666666666668	56
358	holistic	60	1	1	0.9324195806641927	2.1290194554569464	26.033333333333335	59
358	conventional	60	2	2	0.8782546329187003	2.161705763489771	28.216666666666665	57
359	holistic	60	2	2	0.8845875077952127	2.1104828151255086	25.916666666666668	59
359	conventional	60	3	3	0.8644574063588812	1.8330606803020468	29.116666666666667	58
360	holistic	60	3	3	0.871138106289476	2.2054360036966028	23.916666666666668	59
360	conventional	60	0	0	0.9550238185385805	3.1372998773464773	30.116666666666667	59
361	holistic	60	2	2	0.9081107744423158	2.1851139825782533	23.866666666666667	58
361	conventional	60	4	4	0.8668234162884185	2.0172327957075566	27.383333333333333	56
362	holistic	60	0	0	0.9137735203375229	2.2665383515099413	24.866666666666667	59
362	conventional	60	3	3	0.861630649737699	1.9093965923587068	28.0	57
363	holistic	60	2	2	0.9014217073008854	2.1971988749503093	24.8	57
363	conventional	60	3	3	0.8410448426863663	2.2133358403206684	28.6	58
364	holistic	60	1	1	0.8940233506809626	2.270745851543486	25.733333333333334	58
364	conventional	60	1	1	0.9783635811234953	6.384535711714295	29.516666666666666	59
365	holistic	60	4	4	0.8496926595984342	2.164105445921735	25.616666666666667	59
365	conventional	60	23	23	0.5860457380391695	3.222094637109601	18.666666666666668	57
366	holistic	60	4	4	0.7614244170679388	2.107790043818199	23.583333333333332	56
366	conventional	60	2	2	0.8803932323161465	5.295639722469316	19.633333333333333	58
367	holistic	60	2	2	0.8502361058301595	2.9345898755478137	24.45	57
367	conventional	60	7	7	0.814987412679131	2.6118260664231268	20.4	59
368	holistic	60	1	1	0.8507925897022705	2.268118196368079	24.916666666666668	58
368	conventional	60	3	3	0.8712003020416361	3.2834076003630446	19.366666666666667	58
369	holistic	60	1	1	0.9018703310625164	2.682899792470191	25.85	59
369	conventional	60	3	3	0.7820512095093769	1.9225282798006609	20.2	59
370	holistic	60	3	3	0.9451116558098823	2.9408683922700747	25.633333333333333	57
370	conventional	60	4	4	0.8862391930734661	2.9199790239436587	20.1	59
371	holistic	60	0	0	0.994675759933841	2.766438412787324	26.633333333333333	58
371	conventional	60	3	3	0.8721624879635553	2.4009281171140926	19.066666666666666	59
372	holistic	60	0	0	0.9828723106921322	2.504366387693138	27.633333333333333	59
372	conventional	60	5	5	0.8753517524606192	4.442869769993954	16.933333333333334	58
373	holistic	60	1	1	0.9615676622766833	2.4335113602395615	27.633333333333333	57
373	conventional	60	1	1	0.9568510086563194	3.4407557023173925	17.9	59
374	holistic	60	1	1	0.9452113210989823	2.174954320900242	28.566666666666666	58
374	conventional	60	3	3	0.8120918606812624	2.713149868745184	15.9	56
375	holistic	60	1	1	0.957640325559084	2.1632139241988755	29.433333333333334	59
375	conventional	60	1	1	0.9286419868746827	2.542625671014984	16.783333333333335	57
376	holistic	60	2	2	0.9355935271401722	2.1526566383890833	28.433333333333334	58
376	conventional	60	2	2	0.8690319868233704	2.2393640356080198	17.616666666666667	58
377	holistic	60	0	0	0.9941533791081494	2.1430853964166863	29.433333333333334	59
377	conventional	60	0	0	0.8794722576065721	2.0987249728922754	18.616666666666667	59
378	holistic	60	2	2	0.9719820488060947	2.134528547096946	29.366666666666667	54
378	conventional	60	1	1	0.9267582922650919	2.283169229988098	18.616666666666667	57
379	holistic	60	0	0	0.9853740795484136	2.0830947949575385	30.366666666666667	55
379	conventional	60	0	0	0.8977133213703269	2.068079642668571	19.616666666666667	58
380	holistic	60	1	1	0.983901653485447	2.1072405162282863	31.333333333333332	56
380	conventional	60	1	1	0.9269957621867336	2.31278641687497	20.366666666666667	59
381	holistic	60	0	0	1.0565382662319742	2.9430872650694204	32.333333333333336	57
381	conventional	60	1	1	0.8877231660646425	2.0583536114381884	20.366666666666667	50
382	holistic	60	1	1	1.0592989205184873	2.4021687006089127	33.233333333333334	58
382	conventional	60	1	1	0.9239767978265062	2.488756379509071	21.1	51
383	holistic	60	0	0	1.0565303163524342	2.375536711515499	34.233333333333334	59
383	conventional	60	0	0	0.9695400719530678	2.514158507113076	22.1	52
384	holistic	60	1	1	1.023471390223688	2.405321720066527	34.233333333333334	57
384	conventional	60	0	0	1.006973059172096	3.893378375780784	23.1	53
385	holistic	60	0	0	1.028597347409123	2.2813836977639097	35.233333333333334	58
385	conventional	60	0	0	0.9761205508398395	3.0640387137119593	24.1	54
386	holistic	60	1	1	1.0264697105438363	2.4077209062081275	36.166666666666664	59
386	conventional	60	0	0	0.9287309050123791	2.1483559011910476	25.1	55
387	holistic	60	2	2	1.0652829802276242	4.327066348326259	35.166666666666664	59
387	conventional	60	1	1	0.9111573045146216	2.0006697519588377	25.833333333333332	56
388	holistic	60	3	3	1.0088629872136852	2.82581635131685	33.166666666666664	59
388	conventional	60	0	0	0.8631746378212827	1.7310016302060436	26.833333333333332	57
389	holistic	60	2	2	0.9856171758902192	2.515015534378486	32.166666666666664	58
389	conventional	60	1	1	0.8618470913750205	1.6862416621353458	27.8	58
390	holistic	60	0	0	1.0142754977487405	2.5878307298300403	33.166666666666664	59
390	conventional	60	0	0	0.8554753074847825	1.525989101439377	28.8	59
391	holistic	60	3	3	0.9524704985810631	2.431508150755455	32.1	59
391	conventional	60	1	1	0.865421189062579	1.922465784295202	28.8	59
392	holistic	60	2	2	1.0346985229549588	4.851419897792333	32.03333333333333	58
392	conventional	60	2	2	0.9227676739799981	3.272324961486609	28.533333333333335	58
393	holistic	60	0	0	1.067293681881502	3.8529871087434	33.03333333333333	59
393	conventional	60	0	0	0.9151493278324759	2.2304961832873644	29.533333333333335	59
394	holistic	60	2	2	1.0693927084823285	3.8554432730672965	32.03333333333333	59
394	conventional	60	1	1	0.878682601701224	1.8843707416054318	29.533333333333335	56
395	holistic	60	3	3	1.0315753796265965	2.860437550403089	30.033333333333335	59
395	conventional	60	1	1	0.8741477747591425	1.7122281600481386	30.483333333333334	57
396	holistic	60	2	2	0.9810384811432142	2.2546605188062903	29.033333333333335	59
396	conventional	60	1	1	0.9433645205966695	4.427899315939197	31.45	58
397	holistic	60	1	1	0.9541193919476467	2.354759961375636	29.033333333333335	59
397	conventional	60	0	0	0.9473599746566891	2.4248437819321005	32.45	59
398	holistic	60	3	3	0.9545282774224362	2.2948958342122587	27.983333333333334	59
398	conventional	60	2	2	0.9093296502445118	3.33968734388531	31.45	59
399	holistic	60	3	3	0.8913069194832368	2.2844474346959163	26.916666666666668	59
399	conventional	60	4	4	0.9083251807622205	2.3496259922626694	29.633333333333333	59
400	holistic	60	2	2	0.8656828429917728	2.2459563981993496	25.916666666666668	59
400	conventional	60	3	3	0.9482035195634065	2.8503768956539473	29.283333333333335	58
401	holistic	60	2	2	0.8475892008183112	2.209364049128995	25.866666666666667	59
401	conventional	60	0	0	0.9350753636926454	2.038953439832556	30.283333333333335	59
402	holistic	60	2	2	0.8139488611356398	2.147750631842525	25.816666666666666	59
402	conventional	60	2	2	0.9086361098434812	2.534861329709589	30.25	58
403	holistic	60	2	2	0.7685010240095959	2.142045659021011	25.733333333333334	59
403	conventional	60	0	0	0.9478647034128158	1.9595958642341729	31.25	59
404	holistic	60	4	4	0.7850275031917526	2.2389701842130987	24.633333333333333	59
404	conventional	60	1	1	0.9394033512880615	1.9917598558231133	31.25	59
405	holistic	60	4	4	0.8246160001414705	4.888151558797189	24.35	58
405	conventional	60	1	1	0.9137775414225293	2.0285869428212333	31.25	58
406	holistic	60	1	1	0.8392865460882838	3.888339781768927	25.283333333333335	59
406	conventional	60	1	1	0.8980749992865399	2.0513252940334596	32.21666666666667	59
407	holistic	60	5	5	0.8038209942723281	2.8898452746485734	24.033333333333335	58
407	conventional	60	2	2	0.9305032660995777	2.380563198252342	32.18333333333333	58
408	holistic	60	1	1	0.8134118156801591	2.6383937284988224	24.966666666666665	59
408	conventional	60	1	1	1.0017476485355667	4.382609317917563	33.166666666666664	59
409	holistic	60	4	4	0.8230256631254139	2.2867225921642476	24.766666666666666	58
409	conventional	60	1	1	0.9590401684677575	1.8720281139282182	33.166666666666664	59
410	holistic	60	1	1	0.9102632414404251	4.869077708396761	25.716666666666665	59
410	conventional	60	1	1	0.9235823171144125	1.6631521867062526	33.166666666666664	59
411	holistic	60	3	3	0.9084887022926871	4.865996730423512	24.65	58
411	conventional	60	3	3	0.9205603888573239	2.2033766180683543	32.11666666666667	58
412	holistic	60	1	1	0.9265753087889816	3.5295860676109876	25.6	59
412	conventional	60	0	0	1.0448095202107173	5.451850511882703	33.11666666666667	59
413	holistic	60	2	2	0.9102612227497869	3.114553361231766	24.6	59
413	conventional	60	4	4	0.9607879159432329	2.9521856539451026	31.083333333333332	55
414	holistic	60	1	1	0.9200769783820104	2.861206442834148	24.6	59
414	conventional	60	1	1	0.9713088349036796	3.4454290325336694	32.06666666666667	56
415	holistic	60	3	3	0.9156711886942086	3.3622340107021045	24.466666666666665	59
415	conventional	60	0	0	0.9385030973616001	2.4422961585101217	33.06666666666667	57
416	holistic	60	2	2	0.9451488085909481	2.8600749063822914	24.4	56
416	conventional	60	2	2	0.9143617670683397	1.8442933004548034	33.983333333333334	58
417	holistic	60	1	1	0.9574596850659567	2.484528113712712	25.333333333333332	57
417	conventional	60	0	0	0.9031892896781204	1.6518621200216446	34.983333333333334	59
418	holistic	60	0	0	0.9683327730225476	2.3048267583593325	26.333333333333332	58
418	conventional	60	1	1	0.892845956411239	1.5397195702270359	34.983333333333334	59
419	holistic	60	2	2	0.9455228277817326	2.1537046428537407	27.0	59
419	conventional	60	2	2	0.9145122009344715	3.4362683046607962	34.93333333333333	58
420	holistic	60	2	2	0.9256982853509019	2.1314313114578183	26.0	55
420	conventional	60	0	0	0.9521106672136467	2.433239490639396	35.93333333333333	59
421	holistic	60	0	0	0.9557145550928284	2.109921792949222	27.0	56
421	conventional	60	1	1	0.9614452198902478	3.091468015289399	35.93333333333333	59
422	holistic	60	0	0	0.9397231192225796	2.0892010850811262	28.0	57
422	conventional	60	2	2	0.9102218777222766	2.437852474027207	35.833333333333336	57
423	holistic	60	2	2	0.9680343299783636	2.9274123524359736	28.883333333333333	58
423	conventional	60	0	0	0.9933778389760609	4.205782378943191	36.833333333333336	58
424	holistic	60	1	1	0.9470027869094302	2.730711561014672	29.766666666666666	59
424	conventional	60	1	1	0.9223041443095913	1.703342712372447	37.75	59
425	holistic	60	3	3	0.8891580426455421	2.764023918079529	27.766666666666666	59
425	conventional	60	11	11	0.7635726584078276	2.3351938839616317	27.75	58
426	holistic	60	4	4	0.9370462192865253	2.9646588132636156	25.716666666666665	59
426	conventional	60	2	2	0.8967728223541268	3.4168690662004524	28.666666666666668	59
427	holistic	60	1	1	0.9165457430450253	2.9622040345978204	25.716666666666665	59
427	conventional	60	7	7	0.834369763366849	2.9356611980417897	25.566666666666666	59
428	holistic	60	2	2	0.9127839406093128	2.919014169048479	25.65	59
428	conventional	60	1	1	0.9031686728864086	4.299851879261029	25.566666666666666	58
429	holistic	60	2	2	0.8941063977383934	2.4300602570474577	25.583333333333332	59
429	conventional	60	1	1	0.9116394680783722	2.801285427686472	26.533333333333335	59
430	holistic	60	3	3	0.9214277946629823	2.9615954389479517	24.516666666666666	57
430	conventional	60	6	6	0.8835704529870461	2.50306569749911	24.3	59
431	holistic	60	0	0	0.8938231219650229	2.179883465523811	25.516666666666666	58
431	conventional	60	1	1	0.9652025098607893	2.4749798279851305	24.3	59
432	holistic	60	1	1	0.871673010327392	2.0067785476069284	26.45	59
432	conventional	60	4	4	0.8307429158305254	2.3306386428699697	21.3	59
433	holistic	60	2	2	0.9063298220777756	2.882863338649475	26.333333333333332	58
433	conventional	60	2	2	0.8936230004846414	2.064118071041577	21.216666666666665	59
434	holistic	60	1	1	0.8702701173109947	2.3828620206981097	27.266666666666666	59
434	conventional	60	3	3	0.8018163793592218	1.9348112026205944	19.216666666666665	59
435	holistic	60	1	1	0.8521018388072062	1.824531013908871	27.266666666666666	59
435	conventional	60	2	2	0.8564225760804985	2.465256467246528	19.183333333333334	59
436	holistic	60	2	2	0.8590128692820839	2.382918060277241	27.233333333333334	58
436	conventional	60	1	1	0.9019260936788825	2.2563022881391697	19.183333333333334	58
437	holistic	60	2	2	0.9081682204516889	1.9300619793853577	28.1	59
437	conventional	60	4	4	0.9274240988463708	2.122896073007759	19.383333333333333	59
438	holistic	60	1	1	0.9381354777767184	3.833506897247012	28.1	58
438	conventional	60	2	2	0.8325028377738132	2.031201424662486	19.35	57
439	holistic	60	0	0	0.9220285964015191	2.0030489732318486	29.1	59
439	conventional	60	1	1	0.8588725106677599	1.8373339595634908	20.25	58
440	holistic	60	1	1	0.898836510739505	2.169178715811489	29.1	56
440	conventional	60	1	1	0.9017955200943303	3.3412266234096104	21.216666666666665	59
441	holistic	60	1	1	0.8854434749040053	1.9702088516306495	30.033333333333335	57
441	conventional	60	1	1	1.0084941450454221	3.3275088956820937	21.216666666666665	59
442	holistic	60	0	0	0.8838328828895523	1.994598161137071	31.033333333333335	58
442	conventional	60	1	1	0.9086636406103933	2.6639697889551424	21.216666666666665	53
443	holistic	60	0	0	0.8889070102046894	2.0430420425109386	32.03333333333333	59
443	conventional	60	0	0	0.953740743215065	3.3283999998554545	22.216666666666665	54
444	holistic	60	1	1	0.8892192564860014	2.1335709924566117	32.03333333333333	58
444	conventional	60	0	0	0.9567985068589997	2.9213738413028976	23.216666666666665	55
445	holistic	60	1	1	0.8964179946605603	2.430385107958704	32.96666666666667	59
445	conventional	60	1	1	0.9539531153466524	3.821767115088997	24.166666666666668	56
446	holistic	60	1	1	0.9034140171790123	2.1304130091022064	32.96666666666667	59
446	conventional	60	0	0	0.9587259365885193	3.4445936864489606	25.166666666666668	57
447	holistic	60	1	1	0.8960424467594632	2.018415720998664	32.96666666666667	59
447	conventional	60	0	0	0.9341693416641218	3.3040470669324744	26.166666666666668	58
448	holistic	60	3	3	0.8868212615320293	2.072942584966744	31.9	59
448	conventional	60	2	2	0.9187748722940534	2.973027637779975	26.95	59
449	holistic	60	2	2	0.873597693740793	1.9561554004032329	30.9	58
449	conventional	60	1	1	0.9671368773548239	4.470033386859355	26.95	58
450	holistic	60	1	1	0.8946239889439649	2.336222293114374	31.866666666666667	59
450	conventional	60	1	1	0.9335350425387863	2.5841802783484384	27.933333333333334	59
451	holistic	60	4	4	0.8494303204064302	1.91026265813823	29.8	59
451	conventional	60	1	1	0.9624772333423469	2.4781603214685872	27.933333333333334	59
452	holistic	60	3	3	0.9700420998147482	5.9352643723614085	28.733333333333334	58
452	conventional	60	1	1	0.9080600711806294	2.4654446461271666	27.933333333333334	57
453	holistic	60	1	1	1.0104803190506437	3.431585563943464	29.666666666666668	59
453	conventional	60	1	1	0.92538082260066	2.2408474887422023	28.9	58
454	holistic	60	2	2	0.9818449410245513	2.934504765018394	28.666666666666668	59
454	conventional	60	0	0	0.956085727002388	2.1965175244224784	29.9	59
455	holistic	60	1	1	0.9902331921170643	2.186354780537189	28.666666666666668	59
455	conventional	60	2	2	0.928876292385125	2.0968615797768626	29.866666666666667	59
456	holistic	60	1	1	0.9808303889538271	2.1393442511281036	28.666666666666668	59
456	conventional	60	1	1	1.0373662417378227	4.261940657794973	29.866666666666667	58
457	holistic	60	1	1	0.9578771956804185	2.175541802799661	28.666666666666668	59
457	conventional	60	1	1	1.0587930420113785	3.535942723338141	30.783333333333335	59
458	holistic	60	2	2	0.9764120685593053	2.1893650404188816	28.6	59
458	conventional	60	3	3	1.003418980610501	2.5428095057787097	30.716666666666665	59
459	holistic	60	1	1	0.9411843078353327	2.263046244888348	28.6	59
459	conventional	60	2	2	1.0140673986096254	2.5178942856257387	29.716666666666665	59
460	holistic	60	2	2	0.9677429782395442	2.235678245184697	28.533333333333335	56
460	conventional	60	3	3	1.0491368948510618	2.778713735266295	28.683333333333334	58
461	holistic	60	0	0	0.9985976865479874	2.209400486345535	29.533333333333335	57
461	conventional	60	1	1	1.2060376124436538	4.3931750078240555	29.65	59
462	holistic	60	1	1	0.9612205031122911	2.203203363960708	30.416666666666668	58
462	conventional	60	2	2	1.002952465154611	2.1351865460858566	28.65	56
463	holistic	60	0	0	0.9581244108041219	2.1967591431957825	31.416666666666668	59
463	conventional	60	1	1	1.0476622881210416	3.605130534917658	29.616666666666667	57
464	holistic	60	2	2	0.8902927070479625	2.1904528296439767	30.416666666666668	59
464	conventional	60	2	2	0.9788577436005315	1.7421264803471839	30.516666666666666	58
465	holistic	60	1	1	0.8793913498196433	2.2201716975003927	30.416666666666668	59
465	conventional	60	1	1	0.955086552585134	1.5335725586947513	31.483333333333334	59
466	holistic	60	1	1	0.9275914502725264	2.1787983862432214	30.416666666666668	59
466	conventional	60	1	1	0.9441546118543386	2.0768731572569012	31.483333333333334	59
467	holistic	60	3	3	0.9059020596496002	2.413313366794867	28.416666666666668	59
467	conventional	60	3	3	0.9092746341989001	1.5731616968076405	31.383333333333333	58
468	holistic	60	2	2	0.9744409562503671	2.849431851495091	28.15	59
468	conventional	60	0	0	0.9695770467296181	3.4543323587130867	32.38333333333333	59
469	holistic	60	3	3	0.871385426928393	1.9362801293249978	26.15	59
469	conventional	60	3	3	0.9620664166880185	2.462877634133024	32.3	59
470	holistic	60	1	1	0.8847450350990651	2.184805241979189	26.15	59
470	conventional	60	1	1	0.9070494510413503	1.666759928033735	32.3	59
471	holistic	60	4	4	0.854911297830217	1.8889391424194188	26.016666666666666	58
471	conventional	60	3	3	0.886465099795466	1.6588106487153382	31.233333333333334	58
472	holistic	60	1	1	0.8944595217390015	1.8489577859206985	26.95	59
472	conventional	60	0	0	1.0049531460072898	3.550130313276624	32.233333333333334	59
473	holistic	60	1	1	0.9350863029274998	2.9401379702111976	26.95	59
473	conventional	60	4	4	0.9353417948588291	2.560812169961082	31.116666666666667	55
474	holistic	60	1	1	0.8734181132946183	1.9925258446429608	26.95	59
474	conventional	60	3	3	0.8734371052242661	1.8682145828746954	31.85	56
475	holistic	60	4	4	0.8499550943623652	1.871869722271251	25.7	59
475	conventional	60	1	1	0.8752075221082939	1.7922581569587819	32.833333333333336	57
476	holistic	60	3	3	0.8265182773590531	2.8934239124021666	24.5	57
476	conventional	60	1	1	1.0040639000887572	4.515419161858114	33.8	58
477	holistic	60	1	1	0.9685873441149292	3.226903774513778	25.433333333333334	58
477	conventional	60	1	1	0.9281829525672881	2.0141198480462403	34.75	59
478	holistic	60	0	0	1.0148435509562523	3.4344669383305737	26.433333333333334	59
478	conventional	60	2	2	0.9287656997278577	1.9447549333463228	34.71666666666667	59
479	holistic	60	2	2	0.9732838541267718	2.969230525467864	26.366666666666667	59
479	conventional	60	2	2	0.8348912441664459	1.6341503025625206	34.7	58
480	holistic	60	2	2	0.9708424832889743	2.9328617951744436	26.066666666666666	57
480	conventional	60	0	0	0.9222435008606488	1.6193993800242465	35.7	59
481	holistic	60	0	0	1.0272601701303778	2.934077689088812	27.066666666666666	58
481	conventional	60	1	1	0.9486669823452715	2.9719944362833024	35.7	57
482	holistic	60	0	0	1.0255692658599058	2.6046300560308726	28.066666666666666	59
482	conventional	60	0	0	0.9659647014167033	3.4712433932954405	36.7	58
483	holistic	60	1	1	0.9944105378069215	2.65264084193439	28.066666666666666	58
483	conventional	60	0	0	0.9848650208776528	2.7232543567169256	37.7	59
484	holistic	60	1	1	0.9914610188939182	2.310757652682888	29.0	59
484	conventional	60	1	1	0.969165018878079	2.67551859699348	37.7	59
485	holistic	60	2	2	0.965147197208979	2.2687369062491394	28.0	59
485	conventional	60	7	7	0.8924640682439016	2.3070262769904315	31.7	59
486	holistic	60	2	2	1.0634230040619987	6.895744601378838	27.0	59
486	conventional	60	2	2	0.8350543962395999	1.903135451501663	30.7	59
487	holistic	60	2	2	1.0665864634229647	4.396424227207765	26.7	59
487	conventional	60	4	4	0.7995512005997135	1.8306983108843125	27.7	58
488	holistic	60	1	1	0.9723848851409329	3.5631712217696716	26.7	59
488	conventional	60	1	1	0.8159744338095544	1.6820725651792696	28.65	59
489	holistic	60	3	3	0.9839768968136101	2.8961412414459766	25.633333333333333	59
489	conventional	60	4	4	0.786735214610886	2.7554590184780285	28.5	59
490	holistic	60	3	3	0.9408982286611358	2.2958233210473233	24.583333333333332	58
490	conventional	60	10	10	0.6932860375384067	2.325461762629823	23.316666666666666	59
491	holistic	60	0	0	0.9599141025760628	2.0668829335390786	25.583333333333332	59
491	conventional	60	2	2	0.923526227754456	2.5591656373942295	23.233333333333334	59
492	holistic	60	2	2	0.9497227946549116	1.9955718896082286	25.55	57
492	conventional	60	6	6	0.8846156046396211	2.853011982739017	21.066666666666666	58
493	holistic	60	1	1	0.9519977222524968	1.9651888999584353	26.5	58
493	conventional	60	0	0	1.0747823236594523	5.376325964564997	22.066666666666666	59
494	holistic	60	0	0	0.9747905933914722	1.89590394627765	27.5	59
494	conventional	60	4	4	0.9948896573765791	3.8775863958882377	20.966666666666665	59
495	holistic	60	1	1	0.9502029622822735	1.9588852482474512	27.5	59
495	conventional	60	1	1	0.974662203761995	2.372442742590415	20.966666666666665	58
496	holistic	60	4	4	0.9511814934179502	1.9860488508363603	26.366666666666667	59
496	conventional	60	1	1	0.9816943262630816	2.7226878003927935	21.933333333333334	59
497	holistic	60	2	2	0.9523292112514395	1.9095063306896811	26.3	59
497	conventional	60	4	4	0.9287510663670145	2.9742174222538127	18.933333333333334	58
498	holistic	60	1	1	0.994930260359571	2.048789075953292	26.3	58
498	conventional	60	1	1	1.072699577990361	2.875906779990444	19.816666666666666	59
499	holistic	60	0	0	0.9729932351667236	1.9662622395863196	27.3	59
499	conventional	60	2	2	1.0789389851024942	2.735345554405263	19.783333333333335	59
500	holistic	60	3	3	0.9552083142618425	1.8673751199464634	27.15	55
500	conventional	60	1	1	1.0920656718938095	2.7021231898122853	19.783333333333335	59
501	holistic	60	1	1	1.0032769426620274	2.9039186439300213	28.083333333333332	56
501	conventional	60	2	2	1.1101809192294358	2.9284536725840233	19.75	53
502	holistic	60	1	1	1.0130648620214664	2.9002004429282584	29.016666666666666	57
502	conventional	60	0	0	1.2019094643147834	3.4743997686370385	20.75	54
503	holistic	60	0	0	0.9977479477204614	2.901609772121091	30.016666666666666	58
503	conventional	60	0	0	1.147768384432289	2.2362398105968633	21.75	55
504	holistic	60	2	2	0.9916149028759814	2.1520033561371466	30.883333333333333	59
504	conventional	60	0	0	1.104297908918914	2.629594883408492	22.75	56
505	holistic	60	2	2	0.9907439751371786	2.5002803626719308	30.816666666666666	59
505	conventional	60	0	0	1.130541542420889	2.6016028396587387	23.75	57
506	holistic	60	2	2	0.9625460294594391	2.7327580655628316	30.75	58
506	conventional	60	0	0	1.0855722107301475	2.3801584545169536	24.75	58
507	holistic	60	0	0	0.9727582518046664	2.613319734215891	31.75	59
507	conventional	60	0	0	1.096159441531597	2.2882843792842467	25.75	59
508	holistic	60	2	2	0.988593898929111	2.5235940275477	31.683333333333334	59
508	conventional	60	2	2	1.0460313024944898	2.2964057704051	24.75	58
509	holistic	60	2	2	1.0064655562976177	2.4532113816503016	31.616666666666667	59
509	conventional	60	0	0	1.0166010081031198	2.0709686946018744	25.75	59
510	holistic	60	2	2	1.0606515511069725	2.435102508528092	31.55	59
510	conventional	60	3	3	1.0370114728825703	2.0123822883289093	25.55	55
511	holistic	60	4	4	1.0877964984431874	3.8456788817817382	28.55	59
511	conventional	60	0	0	1.0798365612534093	2.0339010349528768	26.55	56
512	holistic	60	3	3	1.0545789376606398	2.8461895175219856	27.483333333333334	59
512	conventional	60	0	0	1.0556171998481934	2.0058364863204865	27.55	57
513	holistic	60	1	1	1.0366160007191325	2.3589498948795127	27.483333333333334	59
513	conventional	60	1	1	1.0438334090891552	2.025924747318476	28.5	58
514	holistic	60	1	1	1.1000670368182734	2.6117545015346337	27.483333333333334	57
514	conventional	60	0	0	1.071769476617227	1.9898267506482168	29.5	59
515	holistic	60	0	0	1.1909186554763633	2.6307784957849196	28.483333333333334	58
515	conventional	60	1	1	1.0442760911389042	1.9572395376311866	29.5	59
516	holistic	60	0	0	1.1522936637615389	2.6476987740934583	29.483333333333334	59
516	conventional	60	1	1	1.0348314107443524	2.413144230715699	29.5	58
517	holistic	60	1	1	1.111153080986585	2.6038583418386443	29.483333333333334	59
517	conventional	60	0	0	0.9791549070915183	1.8069244037258247	30.5	59
518	holistic	60	2	2	1.0581978515821708	2.452670751834899	28.483333333333334	59
518	conventional	60	2	2	0.9328826385014023	1.8334265894394277	29.5	59
519	holistic	60	1	1	1.0811301645828169	2.4760480368843996	28.483333333333334	59
519	conventional	60	2	2	1.0160198428816378	3.2542768841181733	29.45	59
520	holistic	60	2	2	1.031229048245681	2.4974010531599466	27.483333333333334	55
520	conventional	60	1	1	0.9796984583382113	3.397668649587996	29.45	58
521	holistic	60	1	1	1.0832314307834219	2.421013951495673	28.416666666666668	56
521	conventional	60	0	0	0.9428943684254821	1.6836336995450512	30.45	59
522	holistic	60	0	0	1.0675975910778128	2.30656643785592	29.416666666666668	57
522	conventional	60	2	2	0.9832017750813482	2.0374188718235637	30.416666666666668	57
523	holistic	60	0	0	1.0626831029678334	2.201861035802092	30.416666666666668	58
523	conventional	60	0	0	1.1777771439810631	8.365052098979636	31.416666666666668	58
524	holistic	60	0	0	1.083743450739821	2.355913518034819	31.416666666666668	59
524	conventional	60	0	0	1.1441080289619023	4.3603281076466756	32.416666666666664	59
525	holistic	60	2	2	1.0814562695069094	2.297546044029856	31.35	59
525	conventional	60	1	1	1.1133276333088686	2.6983278841731906	32.416666666666664	58
526	holistic	60	1	1	1.0920551909383291	2.8549225021265627	31.35	59
526	conventional	60	0	0	1.0796183458965916	1.913828831526574	33.416666666666664	59
527	holistic	60	2	2	1.0191701265968516	2.19338148926219	30.35	58
527	conventional	60	1	1	1.0734351697528757	2.394361491902013	33.416666666666664	58
528	holistic	60	0	0	1.0217335571831776	2.147297676426951	31.35	59
528	conventional	60	1	1	1.1357815439809806	3.2802936128287077	34.36666666666667	59
529	holistic	60	3	3	1.0127237200789512	2.447388280375411	30.283333333333335	58
529	conventional	60	2	2	1.0318300597395733	2.2834015250420205	33.36666666666667	58
530	holistic	60	1	1	1.0333528398348126	2.0634444914713677	31.216666666666665	59
530	conventional	60	1	1	1.1129999529196521	2.4324702680523997	34.333333333333336	59
531	holistic	60	3	3	0.995553249254987	2.154801161466642	29.216666666666665	59
531	conventional	60	3	3	1.0093257073339919	2.048824630006165	32.333333333333336	58
532	holistic	60	2	2	1.0434786294241365	2.084221351115516	29.183333333333334	58
532	conventional	60	1	1	1.083906027537547	2.0982326777452283	33.166666666666664	59
533	holistic	60	1	1	1.0777677193031052	2.347563121553538	30.116666666666667	59
533	conventional	60	3	3	1.1028851990828747	2.4299296447602416	32.13333333333333	58
534	holistic	60	1	1	1.060283807988013	2.5189466197171515	30.116666666666667	59
534	conventional	60	0	0	1.1017634733421557	2.0278280040994177	33.13333333333333	59
535	holistic	60	4	4	0.9846316690198876	1.9823690918223815	28.05	59
535	conventional	60	1	1	1.0889709218413564	1.8593749482662658	33.13333333333333	58
536	holistic	60	5	5	0.9671895698291697	2.0411916672566046	25.916666666666668	59
536	conventional	60	0	0	1.0533942324310246	1.8485584837461075	34.13333333333333	59
537	holistic	60	1	1	0.909921210434381	2.007106719747561	25.916666666666668	58
537	conventional	60	1	1	1.055369656354271	1.914133752008932	34.13333333333333	59
538	holistic	60	1	1	0.931256655087352	1.9862245515663604	26.85	59
538	conventional	60	2	2	1.065077680612497	1.8837694437203587	34.05	59
539	holistic	60	2	2	0.9257670023975996	1.973730260297412	25.85	59
539	conventional	60	2	2	1.0141804796064995	1.7971749865659246	33.05	58
540	holistic	60	3	3	0.9252359304754411	2.177024370118042	25.716666666666665	57
540	conventional	60	0	0	1.0734536032975537	1.7692437423722367	34.05	59
541	holistic	60	0	0	0.954007237618527	1.9424593854573682	26.716666666666665	58
541	conventional	60	2	2	1.0070382965715923	1.8236584951782457	34.016666666666666	57
542	holistic	60	0	0	0.9797415642942905	1.9318642188062745	27.716666666666665	59
542	conventional	60	0	0	1.0343577834028008	1.781381902603736	35.016666666666666	58
543	holistic	60	2	2	0.9367720687544677	1.8403964625575497	27.65	59
543	conventional	60	1	1	1.031471380692917	1.804256095203087	35.93333333333333	59
544	holistic	60	2	2	0.9561561628273179	2.160532359946734	27.583333333333332	59
544	conventional	60	2	2	0.999238474183881	1.864158175513713	35.85	59
545	holistic	60	1	1	0.9373334706179232	1.9099170464634228	27.583333333333332	59
545	conventional	60	4	4	0.9880580484178945	1.8342564117714535	32.85	58
546	holistic	60	2	2	0.9312028032067673	2.2432200173978303	26.583333333333332	59
546	conventional	60	0	0	1.080313860228824	3.3454030907821055	33.85	59
547	holistic	60	1	1	0.9597296792131705	2.1963799244938493	26.583333333333332	59
547	conventional	60	1	1	1.0796476919117823	2.355103785050405	33.85	58
548	holistic	60	1	1	0.9910221271586909	2.1616171564314177	26.583333333333332	59
548	conventional	60	0	0	1.1081603779340023	3.3874361099759396	34.85	59
549	holistic	60	3	3	0.9844128335576964	2.133333093244442	24.583333333333332	59
549	conventional	60	2	2	1.0517819763283998	1.8803287431889744	33.85	59
550	holistic	60	2	2	1.055628949146353	3.9124319650222867	24.516666666666666	54
550	conventional	60	9	9	0.9704046096149501	2.3839636308607095	26.833333333333332	59
551	holistic	60	0	0	1.0802733779975533	3.788802465923443	25.516666666666666	55
551	conventional	60	1	1	1.1028104292005763	4.262508309383286	26.833333333333332	59
552	holistic	60	1	1	1.069698093697391	2.788069987774293	26.45	56
552	conventional	60	6	6	1.0130458782639502	2.242784796916415	22.8	58
553	holistic	60	1	1	1.0461131094599043	2.2926522295938323	27.383333333333333	57
553	conventional	60	0	0	1.1263084710546873	3.261469147648133	23.8	59
554	holistic	60	1	1	1.0954709033195595	2.5944379447374835	28.35	58
554	conventional	60	3	3	1.089792888917579	2.7514843182213804	21.8	59
555	holistic	60	0	0	1.068091276180187	2.7958849026827863	29.35	59
555	conventional	60	2	2	0.9696973969008746	2.2541368044772723	21.75	59
556	holistic	60	3	3	1.0104388423246478	2.6531756030211233	27.35	59
556	conventional	60	4	4	1.0309292782549755	2.423763688663041	21.65	59
557	holistic	60	1	1	1.0266530399537286	2.5479136287784065	27.35	57
557	conventional	60	3	3	1.0173262747529173	2.307117252544935	19.65	59
558	holistic	60	0	0	1.0524809210218637	3.9794132911134157	28.35	58
558	conventional	60	3	3	0.8957797067471335	2.305220638363961	19.583333333333332	59
559	holistic	60	1	1	1.0352956179820416	2.4833024960170778	28.95	59
559	conventional	60	1	1	0.8895610551022645	2.367208194947588	19.583333333333332	58
560	holistic	60	2	2	0.9872915157471912	1.9824491198037222	28.883333333333333	56
560	conventional	60	1	1	0.932970797277327	2.154838654905366	20.533333333333335	59
561	holistic	60	0	0	1.0256803320950154	1.9139132039699533	29.883333333333333	57
561	conventional	60	6	6	0.8899899832865112	2.2544274965174016	19.233333333333334	53
562	holistic	60	0	0	1.0227669141848055	1.9363048065151796	30.883333333333333	58
562	conventional	60	1	1	1.0148046943270654	3.280907196420553	20.216666666666665	54
563	holistic	60	1	1	1.0076292265642446	1.8706267845604625	31.816666666666666	59
563	conventional	60	0	0	0.9275354736777713	2.2543815210071867	21.216666666666665	55
564	holistic	60	1	1	1.0034346525485218	1.8727075145606615	31.816666666666666	59
564	conventional	60	1	1	0.9441096983117307	2.3264545153365224	22.166666666666668	56
565	holistic	60	1	1	1.0165058125373485	1.93290028027664	31.816666666666666	59
565	conventional	60	0	0	1.0208405932359021	4.356336712506528	23.166666666666668	57
566	holistic	60	1	1	0.9710255623419529	1.816455662415718	31.816666666666666	58
566	conventional	60	0	0	0.9652911707071329	2.849709008448673	24.166666666666668	58
567	holistic	60	1	1	0.9700423087753184	1.9457642500922536	32.75	59
567	conventional	60	0	0	0.9153640088101666	2.4331159541210106	25.166666666666668	59
568	holistic	60	1	1	0.9788532716180846	1.9288766103317785	32.75	59
568	conventional	60	1	1	0.8932533814631377	2.3670909014821677	25.166666666666668	58
569	holistic	60	3	3	0.9221016752093004	1.9451707354673904	31.683333333333334	59
569	conventional	60	0	0	0.9189578310620494	2.25606944191053	26.166666666666668	59
570	holistic	60	4	4	0.9139584386263259	1.944871919458151	30.416666666666668	59
570	conventional	60	2	2	0.8446218418226407	2.1551488915132504	25.166666666666668	57
571	holistic	60	4	4	0.9178348834476732	4.8839897601187765	27.416666666666668	59
571	conventional	60	1	1	0.8802792761539128	2.112164568805833	26.15	58
572	holistic	60	4	4	0.9354027594737637	3.8937387097295133	25.366666666666667	59
572	conventional	60	0	0	0.8530377048438325	2.0732388501006844	27.15	59
573	holistic	60	2	2	0.8971154699150876	3.3977650468604423	25.316666666666666	59
573	conventional	60	3	3	0.8536930693914828	1.9939210273075954	26.866666666666667	58
574	holistic	60	2	2	0.9289846831596997	2.22696548640077	25.25	56
574	conventional	60	0	0	0.9348282723213379	2.45548080858811	27.866666666666667	59
575	holistic	60	1	1	0.9455219693965787	2.394816958827588	26.183333333333334	57
575	conventional	60	1	1	0.9258650809395292	2.014472412890317	27.866666666666667	57
576	holistic	60	0	0	0.9219743051546614	2.494481695758056	27.183333333333334	58
576	conventional	60	0	0	1.0168477118780768	3.1455457771857476	28.866666666666667	58
577	holistic	60	0	0	0.9298283715024348	2.2279786962910264	28.183333333333334	59
577	conventional	60	0	0	0.9544373611541204	2.686140272159117	29.866666666666667	59
578	holistic	60	4	4	0.8958185643995449	2.0382731053595173	27.016666666666666	59
578	conventional	60	2	2	0.9135221915213549	2.2494937003543685	28.866666666666667	59
579	holistic	60	1	1	0.9742985642381573	2.9440980091088114	27.016666666666666	59
579	conventional	60	2	2	1.045396345759873	5.208168690033402	27.866666666666667	57
580	holistic	60	3	3	0.9619669542345778	2.9469215748827784	25.883333333333333	55
580	conventional	60	0	0	1.019162526651426	3.253786544515002	28.866666666666667	58
581	holistic	60	1	1	0.9793312719162162	2.9459287395155815	26.75	56
581	conventional	60	0	0	0.9647974610021003	3.693257500055854	29.866666666666667	59
582	holistic	60	2	2	1.0050702155977356	2.842531775973687	27.616666666666667	57
582	conventional	60	1	1	0.8952557482541058	2.700623326040661	29.866666666666667	55
583	holistic	60	0	0	1.0774477867345993	2.884680014574298	28.616666666666667	58
583	conventional	60	0	0	0.9882498373227645	3.235640100578151	30.866666666666667	56
584	holistic	60	1	1	1.0189277279025657	1.9467999758669852	29.55	59
584	conventional	60	0	0	0.9191923716712356	2.0498181305451	31.866666666666667	57
585	holistic	60	2	2	1.0250941337057382	2.379427679987426	28.583333333333332	58
585	conventional	60	0	0	0.9268347618292394	1.8541608012962358	32.86666666666667	58
586	holistic	60	0	0	1.066179364986635	2.8829007732631733	29.583333333333332	59
586	conventional	60	0	0	0.9285273318492873	1.8435899510506741	33.86666666666667	59
587	holistic	60	2	2	1.0023467308313048	1.745143588715273	28.85	58
587	conventional	60	1	1	0.9007352965609706	1.794246621980225	33.86666666666667	58
588	holistic	60	0	0	1.0741454503893724	1.8566763065310499	29.85	59
588	conventional	60	0	0	0.9051337836279262	2.014061479770324	34.86666666666667	59
589	holistic	60	3	3	1.0177909193808712	2.131858138473187	28.783333333333335	58
589	conventional	60	3	3	0.8496819903604623	1.9420925114898275	33.416666666666664	59
590	holistic	60	0	0	1.0837517285863434	3.77236620303758	29.783333333333335	59
590	conventional	60	1	1	0.8920409407489787	4.262339720656706	33.416666666666664	59
591	holistic	60	3	3	1.0298051667350567	2.276124870410547	28.75	58
591	conventional	60	3	3	0.8915857536620864	3.266047375387594	32.38333333333333	59
592	holistic	60	0	0	1.1153633844820485	3.9094191770376647	29.75	59
592	conventional	60	1	1	0.8991509028809317	3.930520744438104	32.38333333333333	59
593	holistic	60	1	1	1.0951926905117781	2.9049859780263794	29.75	58
593	conventional	60	3	3	0.9521191124495499	4.25931526268835	31.35	58
594	holistic	60	0	0	1.0576836997280392	1.9054421021614327	30.75	59
594	conventional	60	0	0	0.8932053595861785	3.664286534625375	32.35	59
595	holistic	60	4	4	1.0031947192802682	1.8464205040556436	28.683333333333334	59
595	conventional	60	1	1	0.8778608865339854	3.263535394090704	32.35	58
596	holistic	60	3	3	1.1019353454336138	6.895318460714471	26.683333333333334	59
596	conventional	60	1	1	0.934016554507197	2.695239201799247	33.266666666666666	59
597	holistic	60	2	2	1.0384367821235974	4.397625016989406	26.55	59
597	conventional	60	1	1	0.8630019174693705	2.3911514371296234	33.266666666666666	59
598	holistic	60	1	1	1.1083418042841846	3.8975113050812955	26.55	59
598	conventional	60	2	2	0.9070861896054382	2.2703982730206893	33.233333333333334	57
599	holistic	60	2	2	1.0866969346863629	2.8956620824422514	26.483333333333334	59
599	conventional	60	1	1	0.899008795183093	1.9821827707511648	34.21666666666667	58
