season	population	alive	births	deaths	mean_lifetime_score	best_lifetime_score
0	holistic	60	0	0	-0.0033393450941671355	0.9789833924032516
0	conventional	60	0	0	0.01669554063442066	4.194286118010786
1	holistic	60	0	0	0.014371300587722007	0.5
1	conventional	60	2	2	-0.11018611097707758	2.6757083011977416
2	holistic	60	0	0	0.014467273716733207	0.6469752329921726
2	conventional	60	9	9	0.06258948317803716	1.8755413531026264
3	holistic	60	1	1	0.018696057718769643	0.7204321686277708
3	conventional	60	11	11	0.3370873403472354	5.122526794739262
4	holistic	60	2	2	0.023804045564155902	0.7808876618437915
4	conventional	60	10	10	0.41727564986800114	5.127340264321519
5	holistic	57	2	5	0.05640400923686532	1.9629609627362803
5	conventional	60	9	9	0.47597644762019714	5.152833880291727
6	holistic	55	2	4	0.07924683932613293	2.9644270280691156
6	conventional	60	11	11	0.4663710486117181	3.3770848003594693
7	holistic	53	1	3	0.11125672800517228	2.9644217124654344
7	conventional	60	9	9	0.4885479824801635	2.7274611789375824
8	holistic	55	2	0	0.08739715552458487	2.2151429577799178
8	conventional	60	11	11	0.509314677387671	3.1268528634687494
9	holistic	55	2	2	0.0847166661719992	1.768293469130723
9	conventional	57	10	13	0.45626601115694093	2.652428660054735
10	holistic	54	2	3	0.0884051205807481	1.6343259769173362
10	conventional	60	12	9	0.4641758856363365	3.2447019887114807
11	holistic	19	1	36	0.22419843381458454	1.5385653140101148
11	conventional	55	9	14	0.5152106890999111	4.193753092993695
12	holistic	19	3	3	0.19543418373100774	1.3421273136823306
12	conventional	60	13	8	0.563349714526045	3.2639913495530384
13	holistic	17	1	3	0.2622953369256994	1.1891658201827784
13	conventional	60	9	9	0.9275775530832211	8.239749695132073
14	holistic	16	1	2	0.24803534099770172	1.0702492381645006
14	conventional	60	8	8	0.768444202611364	4.7454813557001625
15	holistic	16	3	3	0.3259216346876507	0.9803284870350361
15	conventional	60	13	13	0.7418926254604652	3.252333634684845
16	holistic	17	4	3	0.33897835564868944	1.4823922712146482
16	conventional	60	11	11	0.9116131982623904	3.2081776097383194
17	holistic	19	3	1	0.3612560263823846	1.6486757306054383
17	conventional	60	8	8	0.7711517449004359	2.347049497747752
18	holistic	21	3	1	0.3289763126731726	1.73260985654928
18	conventional	60	6	6	0.8100887852368268	3.1790104524226317
19	holistic	24	6	3	0.328427743573636	1.383261622732827
19	conventional	60	8	8	0.7340997000745563	2.1745878447936104
20	holistic	27	5	2	0.3086363581158118	1.650184393522868
20	conventional	60	9	9	0.6521594791619161	2.6193577628981095
21	holistic	31	6	2	0.6097474907132868	5.985623119022523
21	conventional	60	11	11	0.7383403893952978	2.4753300953172883
22	holistic	36	7	2	0.6162741117765484	3.4827460698998562
22	conventional	60	4	4	0.9456557914831261	3.1885953544987276
23	holistic	40	9	5	0.45769569189659814	2.6489854969872666
23	conventional	60	4	4	0.7828738103538407	2.7591004836387225
24	holistic	52	14	2	0.6764657293656882	5.986931434469333
24	conventional	60	2	2	1.0028282307129979	5.120309909250747
25	holistic	60	11	3	0.5580061627171581	3.4858124440113367
25	conventional	60	2	2	0.9342865885331381	3.122543355302863
26	holistic	60	5	5	0.47592967074545806	2.3195774469312602
26	conventional	60	3	3	0.9469765560542307	6.121162658896832
27	holistic	60	7	7	0.5819759122166668	2.212915173241747
27	conventional	60	2	2	0.8935579853227776	2.611820647670139
28	holistic	60	6	6	0.6251266186716549	2.434317666010167
28	conventional	60	0	0	0.8926004777439219	2.508740094248714
29	holistic	60	7	7	0.645959243038268	2.2625937759960357
29	conventional	60	0	0	0.8461510640786705	2.249873881985958
30	holistic	60	2	2	0.5956363762418172	2.0529720909568523
30	conventional	60	3	3	0.7858483888368187	2.106481469964764
31	holistic	60	5	5	0.6013330908779284	1.9615232077612117
31	conventional	60	2	2	0.8239790666462381	5.179524754225009
32	holistic	60	5	5	0.6902950414063845	2.937563529414278
32	conventional	60	0	0	0.8018492473307702	4.180677155295047
33	holistic	60	8	8	0.643344163768747	2.2333770892153266
33	conventional	60	1	1	0.7957941057152066	3.1822476451081356
34	holistic	60	0	0	0.7624321360520717	3.9480707836112336
34	conventional	60	0	0	0.7906107417143635	2.9315473947726622
35	holistic	60	3	3	0.781621808381639	2.448652027524476
35	conventional	60	2	2	0.8286635848522395	2.383521975417877
36	holistic	60	3	3	0.7808121495046592	2.031804545160782
36	conventional	60	0	0	0.8685275362782015	2.251639517500511
37	holistic	60	4	4	0.7863721998775595	2.1322703088829025
37	conventional	60	3	3	0.8251496766461539	1.938986675651445
38	holistic	60	0	0	0.7926061550293392	1.9502028444094481
38	conventional	60	1	1	0.8916364294075514	4.216564675926594
39	holistic	60	2	2	0.8368380931232976	2.026853720400734
39	conventional	60	0	0	0.8617000911833507	3.752204654573144
40	holistic	60	2	2	0.8164855877480607	1.949045090534548
40	conventional	60	0	0	0.854253790174679	2.2467252492935135
41	holistic	60	2	2	0.816476812766692	1.870694878065448
41	conventional	60	0	0	0.8237246035362554	2.0548863763014116
42	holistic	60	0	0	0.8465088624927619	1.7876729432136498
42	conventional	60	0	0	0.8301796647767817	1.9443261097033782
43	holistic	60	1	1	0.8819085983300939	2.4990185731557446
43	conventional	60	1	1	0.8344140429419746	1.8788786182070791
44	holistic	60	2	2	0.852025424200279	2.30462632563086
44	conventional	60	0	0	0.8219719128427394	2.0321526539120045
45	holistic	60	2	2	0.8379056267923151	2.156784455403757
45	conventional	60	1	1	0.8232512993738729	1.9328708513679294
46	holistic	60	0	0	0.8527473262497415	1.9349307941426246
46	conventional	60	0	0	0.8108864786451632	2.0409524849886704
47	holistic	60	0	0	0.8420638789722168	2.0212756579432383
47	conventional	60	2	2	0.805057098315302	1.9809550301854013
48	holistic	60	3	3	0.8278466232831104	1.8528360197813019
48	conventional	60	3	3	0.7881897046663303	1.98678085437834
49	holistic	60	2	2	0.8757756007739889	1.9965654964834731
49	conventional	60	3	3	0.8070522896672142	1.9623953777201457
50	holistic	60	0	0	0.8492118225065988	1.7812315225614561
50	conventional	60	1	1	0.8111276238943159	1.9682087592366775
51	holistic	60	0	0	0.8501122082593743	1.7186414317718397
51	conventional	60	0	0	0.9336288259103892	5.179357975193089
52	holistic	60	2	2	0.8611727796955725	1.6932288746283215
52	conventional	60	0	0	0.9064098728005855	2.511779539805378
53	holistic	60	4	4	0.8738239348058905	1.6372776436282004
53	conventional	60	0	0	0.9267641764835972	3.8164130875831517
54	holistic	60	0	0	0.858624992501752	1.6844222341016357
54	conventional	60	0	0	0.890541010879577	2.648409875197738
55	holistic	60	1	1	0.846063924539774	1.7294318766791714
55	conventional	60	0	0	0.8821835261496618	2.7460375287183694
56	holistic	60	0	0	0.8395616860573775	1.642960282845213
56	conventional	60	1	1	0.8818734402688325	2.6465450884583652
57	holistic	60	3	3	0.8348769900441322	1.5868814206950619
57	conventional	60	1	1	0.8491396427936277	2.2898723111184007
58	holistic	60	1	1	0.8471866267471373	1.652745668928777
58	conventional	60	0	0	0.8478484136210638	1.8971957943410442
59	holistic	60	1	1	0.8761219542990909	1.9848292425061917
59	conventional	60	0	0	0.8340195814624835	1.8473594603677945
60	holistic	60	4	4	0.8468579649701865	1.709887767440498
60	conventional	60	1	1	0.8230163646139446	1.8095630056176852
61	holistic	60	1	1	0.8488722570606506	1.663431564060925
61	conventional	60	0	0	0.8513026337387777	2.136206354379383
62	holistic	60	0	0	0.9594255762878571	3.964151070271171
62	conventional	60	3	3	0.7905481429117729	1.8470908909393489
63	holistic	60	0	0	0.9268223229020391	1.9691149060257946
63	conventional	60	3	3	0.7728184084540115	1.8326738654080434
64	holistic	60	3	3	0.9067881980233191	1.6936074428164385
64	conventional	60	4	4	0.7603982070467782	1.7764211195707487
65	holistic	60	1	1	0.938254223003334	1.691469305163656
65	conventional	60	2	2	0.8239726185612504	2.2242629731998376
66	holistic	60	0	0	0.9248354237782181	1.6978649522211893
66	conventional	60	1	1	0.8444898425062992	4.135821923728322
67	holistic	60	0	0	0.9156036039103461	1.6584095035882627
67	conventional	60	2	2	0.8256469941427498	3.6354724914385645
68	holistic	60	1	1	0.9348143146205988	1.6630002511926938
68	conventional	60	1	1	0.8115602476316448	3.1391179521482626
69	holistic	60	1	1	0.9369500985850578	1.6696414699131228
69	conventional	60	5	5	0.7619198674434525	3.138948824661229
70	holistic	60	3	3	0.9002224363104098	1.654272829869082
70	conventional	60	7	7	0.7205541422358291	2.3402597769752886
71	holistic	60	0	0	0.9065579922291794	1.7033480438238173
71	conventional	60	7	7	0.7634666868572051	2.2197505683430725
72	holistic	60	1	1	0.9247236213906457	1.7596902048279819
72	conventional	60	8	8	0.8330090176796049	3.2290953973367005
73	holistic	60	0	0	0.9966316386101397	2.960186673754991
73	conventional	60	5	5	0.7764920082824379	2.6751879802923795
74	holistic	60	2	2	0.9442077375773615	1.9549485592552978
74	conventional	60	6	6	0.7597676986889202	2.5122955245706624
75	holistic	60	1	1	0.9084006622900955	1.702504170408725
75	conventional	60	9	9	0.6403171970131488	2.15315030198263
76	holistic	60	1	1	0.8722723138721428	1.6317979234334072
76	conventional	60	11	11	0.7381982131432375	3.1774722888407885
77	holistic	60	1	1	0.8711106606673101	1.638003266190612
77	conventional	60	10	10	0.8034838475551486	3.239085570826004
78	holistic	60	3	3	0.857186306212017	1.6904965769914253
78	conventional	60	6	6	0.8770304901460129	3.1664102727867247
79	holistic	60	3	3	0.9151029267923859	3.9480919450677803
79	conventional	60	7	7	0.9357905399804859	2.5547692036928087
80	holistic	60	1	1	0.9348622735474693	3.4602041312508005
80	conventional	60	5	5	0.985411422748013	2.6792740345274946
81	holistic	60	1	1	0.933931143779907	3.6283699158425704
81	conventional	60	6	6	1.0340431470779594	4.179226030249759
82	holistic	60	4	4	0.8499344464832231	2.719266183457558
82	conventional	60	6	6	0.9238202748913626	2.677325634635563
83	holistic	60	4	4	0.8659212132994781	2.3643542514342273
83	conventional	60	4	4	1.0017050550432738	4.1893504389724825
84	holistic	60	4	4	0.7700231124960062	1.9620803268332245
84	conventional	60	7	7	0.8853002065584566	2.0312155978383233
85	holistic	60	4	4	0.7990265732132554	1.9398667815917126
85	conventional	60	3	3	0.941747253732206	2.1980210985190314
86	holistic	60	4	4	0.8147300990885055	2.284554663887739
86	conventional	60	5	5	0.8683188520584653	3.2681270213886444
87	holistic	60	4	4	0.7843288772939236	1.990873529621366
87	conventional	60	3	3	0.8611721018203755	1.8642801715764696
88	holistic	60	5	5	0.712979612359424	1.6546709678199372
88	conventional	60	3	3	0.8883172851891185	2.3089068179388343
89	holistic	60	3	3	0.707974970032796	1.6624290175618524
89	conventional	60	2	2	0.8841124733496393	1.8143645410058218
90	holistic	60	2	2	0.703328750825986	1.7836981301570312
90	conventional	60	6	6	0.8483096588373376	1.8234974609395205
91	holistic	60	5	5	0.7142790187819147	1.9641445476616346
91	conventional	60	1	1	0.9334386954007547	3.3583013063591096
92	holistic	60	5	5	0.6793542168981026	1.8097376114891968
92	conventional	60	1	1	0.9604518180578957	2.3303157302531035
93	holistic	60	6	6	0.6771260942526112	2.2973929917322518
93	conventional	60	1	1	0.9330129392315386	1.9337455355774604
94	holistic	60	1	1	0.6892272049449261	1.9640885824777248
94	conventional	60	1	1	0.9278688443501533	2.198142789186936
95	holistic	60	3	3	0.6732632392177529	1.666890866209384
95	conventional	60	0	0	0.9006452163990679	1.968548298718116
96	holistic	60	5	5	0.701157500545207	2.963402397400403
96	conventional	60	2	2	0.8754832666120058	1.6721936779872497
97	holistic	60	5	5	0.6858800703607361	2.9933459016717454
97	conventional	60	1	1	0.817783222294312	1.698799091464246
98	holistic	60	0	0	0.6638877015606526	2.1368965714578514
98	conventional	60	5	5	0.7911686573237013	1.6214348605259012
99	holistic	60	2	2	0.6798541153714412	2.052895358738476
99	conventional	60	2	2	0.8662081815938952	2.199729832632582
100	holistic	60	4	4	0.6833252893851895	1.6352225283216544
100	conventional	60	4	4	0.8169509243494334	2.1814675982985294
101	holistic	60	4	4	0.7354765542401613	2.9876690896673725
101	conventional	60	4	4	0.8215750799706218	1.64313831967769
102	holistic	60	0	0	0.7845039648721618	1.9208460251288524
102	conventional	60	0	0	0.9892062302008601	4.1945980670800225
103	holistic	60	1	1	0.7617373631652059	2.4207074045821333
103	conventional	60	1	1	0.8826270001077817	2.169028174354638
104	holistic	60	2	2	0.8110404454326456	2.9203089694805073
104	conventional	60	1	1	0.901734715571767	2.836806569896673
105	holistic	60	2	2	0.8351847467093123	2.917446286299418
105	conventional	60	1	1	0.927017244115407	2.656443760103558
106	holistic	60	0	0	0.8089520676618199	2.3189161864071246
106	conventional	60	2	2	0.920678193748818	2.3574284910202152
107	holistic	60	0	0	0.8374384329581406	2.5608380323629327
107	conventional	60	0	0	1.011063133242921	4.185177817833195
108	holistic	60	3	3	0.8228130243410944	2.3984383267013683
108	conventional	60	0	0	0.9852257147514999	3.6865003886585206
109	holistic	60	2	2	0.8504864753581626	1.893973886851136
109	conventional	60	1	1	0.9274154228103398	2.8541357223979684
110	holistic	60	0	0	0.8340986564162355	1.8303823760253377
110	conventional	60	3	3	0.8903874449223041	2.4371924885825287
111	holistic	60	0	0	0.8487872765096636	1.9281677027083979
111	conventional	60	0	0	0.997210880288041	5.209455846948168
112	holistic	60	1	1	0.8353027502698926	1.7771436865983865
112	conventional	60	0	0	0.9850165813142758	4.716006679111917
113	holistic	60	2	2	0.8111130676900803	2.2724619353769526
113	conventional	60	1	1	0.9596458327578642	3.216911758461412
114	holistic	60	0	0	0.8496575896481378	2.0393748579181343
114	conventional	60	0	0	0.9563368973487016	2.218966879622033
115	holistic	60	3	3	0.8725351925139919	2.3013607523823234
115	conventional	60	0	0	0.9636380829341392	2.615443819608076
116	holistic	60	0	0	0.861544402850004	2.247793812937254
116	conventional	60	0	0	0.9193525122400815	2.3768250589582527
117	holistic	60	1	1	0.8234113031597994	2.3173455834897414
117	conventional	60	0	0	0.9099372235259493	2.3520672949458548
118	holistic	60	1	1	0.8169291090995376	2.2731622891641474
118	conventional	60	1	1	0.8936954258342202	2.2104433278845033
119	holistic	60	3	3	0.8277310875504134	2.2369323501141913
119	conventional	60	1	1	0.8924185047068622	1.874181270275278
120	holistic	60	2	2	0.825183372737158	2.206602205083231
120	conventional	60	1	1	0.864917626050667	1.760337503935796
121	holistic	60	1	1	0.8780602724429841	3.7449848285228384
121	conventional	60	1	1	0.8977289825485495	2.2452868196175713
122	holistic	60	0	0	0.9950179533388102	5.930569496850139
122	conventional	60	2	2	0.8389449817676599	1.5441644780479047
123	holistic	60	3	3	0.9197713285528525	4.480830033902157
123	conventional	60	1	1	0.8517392093990318	1.5940758945544184
124	holistic	60	2	2	0.9369864357402296	3.93306157701355
124	conventional	60	2	2	0.8841203502324799	1.5954944103747186
125	holistic	60	0	0	0.9028534457346942	3.2775513141779586
125	conventional	60	1	1	0.9525248766873997	6.186245997253758
126	holistic	60	1	1	0.8897298836874213	2.8093296978668216
126	conventional	60	0	0	0.9542354218547957	3.2204481141495953
127	holistic	60	1	1	0.9168462658280588	3.050963449076045
127	conventional	60	1	1	0.9712323112861785	4.729131515796404
128	holistic	60	0	0	0.9151550770106234	2.711967510289818
128	conventional	60	3	3	0.9133021901568829	3.2237894044746693
129	holistic	60	1	1	0.9046789212982748	2.614039875287232
129	conventional	60	1	1	0.9147599280574364	2.7248705222905745
130	holistic	60	1	1	0.9109300736180591	2.3763998866247564
130	conventional	60	2	2	0.871737488601448	2.826300641919816
131	holistic	60	1	1	0.9038260843321285	2.2400352146524454
131	conventional	60	7	7	0.8044272082292502	2.5582795390498014
132	holistic	60	1	1	0.8941068856759175	2.354655787769574
132	conventional	60	4	4	0.8437867772067954	3.182158107004457
133	holistic	60	0	0	0.9307094743276194	2.1778519908617087
133	conventional	60	4	4	0.8940327624696162	2.1777724925872715
134	holistic	60	0	0	0.910449280292472	2.0151470644602796
134	conventional	60	5	5	0.8563759942986273	2.6782396562480755
135	holistic	60	1	1	0.9157874709065885	1.9144440103837777
135	conventional	60	8	8	0.8598317722889828	3.1748977083226735
136	holistic	60	1	1	0.893677360976481	1.9702027628007912
136	conventional	60	8	8	0.939799546405245	4.145510789121473
137	holistic	60	1	1	0.8955793878392664	1.9763412480116647
137	conventional	60	5	5	0.8149731417045073	2.06407441796755
138	holistic	60	2	2	0.8950040127934229	2.128723905258914
138	conventional	60	7	7	0.8320083805096398	3.3030777791487647
139	holistic	60	3	3	0.8587684024684508	1.9513302464873377
139	conventional	60	9	9	0.7786651870586044	4.303447715368351
140	holistic	60	1	1	0.847787079556303	1.8417464874817164
140	conventional	60	7	7	0.8706600479670131	3.962943775416265
141	holistic	60	0	0	0.8823891062141891	2.8334640990928266
141	conventional	60	6	6	0.9113357575727314	4.039585712610502
142	holistic	60	3	3	0.8452970159525963	2.334259111842865
142	conventional	60	6	6	1.0149374906985125	3.6870654900455406
143	holistic	60	4	4	0.8203579152991184	2.063090396521759
143	conventional	60	3	3	0.9619533205141996	3.2896758165700244
144	holistic	60	2	2	0.7700275385754725	1.929146549640456
144	conventional	60	6	6	0.8551393007251819	3.644269755078838
145	holistic	60	2	2	0.7781723314550153	1.8219717413270975
145	conventional	60	2	2	0.9802602873800358	4.180493773463688
146	holistic	60	5	5	0.7927525008152007	2.993079211177983
146	conventional	60	4	4	0.8986855302505605	2.6492681555975923
147	holistic	60	4	4	0.8535282536624658	2.4933204696814126
147	conventional	60	3	3	0.9305287019904999	2.396985820656038
148	holistic	60	3	3	0.8677008608720608	2.9820131109832264
148	conventional	60	3	3	0.9110453421038025	2.5897971444626338
149	holistic	60	2	2	0.8711184569277947	4.290506575650392
149	conventional	60	1	1	0.9334338194122613	2.6221310376586295
150	holistic	60	4	4	0.8136402726114181	3.125919026822024
150	conventional	60	4	4	0.8772184507533628	2.596328787036869
151	holistic	60	4	4	0.9059698732892103	3.9333806935218227
151	conventional	60	4	4	0.9080429755091148	3.1750192365056567
152	holistic	60	2	2	0.8989168625566512	4.931869932109967
152	conventional	60	6	6	0.879609071287859	2.762439873042653
153	holistic	60	3	3	0.9227368777165007	3.9325352917268255
153	conventional	60	2	2	0.9777656326738919	4.166110428651564
154	holistic	60	4	4	0.852351949801135	3.181488041104853
154	conventional	60	2	2	0.9530487978597774	3.1762002128583844
155	holistic	60	4	4	0.8485897973296048	2.931618996073886
155	conventional	60	4	4	0.9164883037556741	2.522095061098539
156	holistic	60	3	3	0.8016034314247357	3.0979551743135114
156	conventional	60	2	2	1.055068136727224	6.1629215915695355
157	holistic	60	3	3	0.8041197837021266	2.645721946938038
157	conventional	60	2	2	0.9838544805570021	3.6573916815025918
158	holistic	60	3	3	0.8445157811100205	2.9318923492617155
158	conventional	60	0	0	0.9803432718658731	2.488050665692796
159	holistic	60	3	3	0.8798858622783693	2.8907454413262816
159	conventional	60	0	0	0.991851910572781	2.657208737498033
160	holistic	60	1	1	0.9653211857588863	2.890897659428814
160	conventional	60	3	3	0.9201293350950474	2.4603419715108203
161	holistic	60	3	3	1.001617404610258	2.659145003468168
161	conventional	60	6	6	0.8510613528838711	2.450242939108944
162	holistic	60	0	0	0.997209156021658	2.935578946646566
162	conventional	60	4	4	0.8443018450400049	2.523264901383279
163	holistic	60	2	2	0.9863277410197006	2.9406146476551136
163	conventional	60	3	3	0.9026166380747559	2.4719376462373033
164	holistic	60	1	1	0.9686283971408456	2.8059295193233567
164	conventional	60	3	3	0.9822960634567706	3.1771986479876198
165	holistic	60	2	2	0.979197118812647	2.4743227340997107
165	conventional	60	0	0	1.0093574752498522	2.459384229788205
166	holistic	60	0	0	0.9830672268227152	2.7445612686427427
166	conventional	60	2	2	0.8970806009464316	2.523125867837715
167	holistic	60	1	1	1.0059784340057332	2.6243280017043307
167	conventional	60	6	6	0.9638242373425984	4.139809109867626
168	holistic	60	2	2	1.0216938770230006	2.4737657987203003
168	conventional	60	2	2	1.0343287931586282	3.177067197983238
169	holistic	60	1	1	0.9695328422432873	2.7296967128394303
169	conventional	60	1	1	1.0443121158874855	3.1810788145720275
170	holistic	60	0	0	1.0146208204332208	2.520914305202798
170	conventional	60	4	4	0.9937920414914156	3.048589166508438
171	holistic	60	1	1	1.0374360197286443	4.983841681029432
171	conventional	60	1	1	0.966834025481966	2.773676548094169
172	holistic	60	1	1	0.9905864105444128	3.3171321426904146
172	conventional	60	1	1	0.9645265007100468	2.636910722643086
173	holistic	60	2	2	0.9278449097503472	2.4842620995897913
173	conventional	60	3	3	0.9235259035770217	2.425180976558539
174	holistic	60	0	0	0.9527405349371331	2.584332382026191
174	conventional	60	2	2	0.910080399889599	2.3415453608244503
175	holistic	60	1	1	0.9487508317786293	2.3858881607372
175	conventional	60	1	1	0.9373445201511846	2.4710534166555145
176	holistic	60	1	1	1.0008575539929059	2.4129523026427777
176	conventional	60	1	1	0.9643032932097004	2.3888256650327313
177	holistic	60	2	2	0.9912387884218954	2.7343105092951916
177	conventional	60	0	0	0.9722542042656214	2.525704405249724
178	holistic	60	0	0	1.016045679581077	2.5397921445888922
178	conventional	60	0	0	0.9589581055047691	2.393959117912839
179	holistic	60	1	1	0.9604072195471346	2.2858129301300028
179	conventional	60	1	1	0.9433164380724447	2.3865769703795516
180	holistic	60	3	3	0.9592523294549586	2.1673659124957534
180	conventional	60	1	1	0.935300289960685	2.3282337199382392
181	holistic	60	1	1	0.9530355745856399	2.866866555704655
181	conventional	60	2	2	0.9227795105160553	2.4750409303551746
182	holistic	60	0	0	0.9500775281670266	2.1881776119701835
182	conventional	60	2	2	0.9182339703565409	2.420176508323591
183	holistic	60	2	2	0.9061367359395816	2.099833075848831
183	conventional	60	2	2	0.9434877622740259	2.440635117541378
184	holistic	60	5	5	0.9042337809970843	2.1602510422230092
184	conventional	60	2	2	0.9619590592923635	2.4584216553125375
185	holistic	60	0	0	0.9318581595356236	2.3506936252575588
185	conventional	60	3	3	0.8829688289777969	2.484159340851766
186	holistic	60	0	0	0.8934084323242227	2.0436690877175816
186	conventional	60	1	1	0.8703241712190818	2.6786722205590356
187	holistic	60	1	1	0.8928155313288085	2.147111766065776
187	conventional	60	2	2	0.9507118007234145	3.326666141242897
188	holistic	60	4	4	0.8813304221380505	2.172079803046136
188	conventional	60	0	0	1.0313470701355103	3.1785178062790447
189	holistic	60	2	2	0.9271243235798547	2.4455204079474484
189	conventional	60	0	0	0.979667920067559	2.892689461768882
190	holistic	60	1	1	0.8983588787115764	2.218210105259574
190	conventional	60	0	0	0.9640773921788165	2.6781422175197767
191	holistic	60	0	0	0.963236008958925	3.86524674440566
191	conventional	60	1	1	0.9412841409381162	2.622527034121645
192	holistic	60	3	3	0.925467200441768	2.3588934407159936
192	conventional	60	2	2	0.896159846738816	2.4302042341110495
193	holistic	60	0	0	0.9588538289988314	2.9056712155314246
193	conventional	60	1	1	0.9061572808862347	2.410624006125284
194	holistic	60	0	0	0.9111346179435758	2.062606724970245
194	conventional	60	3	3	0.8709403369987896	2.4788773565199635
195	holistic	60	0	0	0.9198241401756838	2.0012074883253876
195	conventional	60	5	5	0.8360307169882523	2.5274607981253583
196	holistic	60	3	3	0.9222463217641514	2.1077303300577146
196	conventional	60	4	4	0.8224335771356406	2.523315079485383
197	holistic	60	1	1	0.9003224000734247	2.1024745419881343
197	conventional	60	2	2	0.8442671493170887	2.4330228659127107
198	holistic	60	0	0	0.9182685931178483	2.1499739219741403
198	conventional	60	3	3	0.8476586008134872	2.4019666796425065
199	holistic	60	2	2	0.9141781983944849	2.0924039672074306
199	conventional	60	5	5	0.7708043738048668	2.3719876107465563
200	holistic	60	2	2	0.9064594686779038	2.037810525338618
200	conventional	60	8	8	0.7497229327371859	2.4716250399251645
201	holistic	60	0	0	0.9677558892662387	2.9618445496692027
201	conventional	60	3	3	0.9235220684945266	3.1891739478764136
202	holistic	60	0	0	0.974911844459387	2.0781044713434547
202	conventional	60	5	5	0.8374448742304234	2.411557717980422
203	holistic	60	2	2	0.9606774444028843	2.0742107560782066
203	conventional	60	2	2	0.902245739272637	2.455978068905343
204	holistic	60	2	2	1.020239382092648	4.864102115188093
204	conventional	60	4	4	0.7873811320403712	2.4047419439517848
205	holistic	60	1	1	1.0312632996317506	4.38872593300407
205	conventional	60	5	5	0.8480055298499262	2.696810858694771
206	holistic	60	3	3	1.0083576812338342	3.2188290627638803
206	conventional	60	4	4	0.9108064996295938	2.678550717134444
207	holistic	60	3	3	1.000270557321047	2.8891116521030518
207	conventional	60	1	1	0.8439310797890889	2.245004477728333
208	holistic	60	1	1	0.9961664495365311	2.284829085112347
208	conventional	60	2	2	0.8261709279563598	2.2669935622824404
209	holistic	60	3	3	0.9333015663232894	2.0466086147941973
209	conventional	60	5	5	0.8311425095240705	2.243365714168142
210	holistic	60	2	2	0.9585513534490733	2.9500137208642547
210	conventional	60	3	3	0.8363920475185613	2.3254722794061444
211	holistic	60	3	3	0.8974711507054427	2.0086082367533784
211	conventional	60	5	5	0.8129422498792216	3.25314303695429
212	holistic	60	1	1	0.9564644127073499	2.9564531549469195
212	conventional	60	4	4	0.8451174272348806	2.58428619173475
213	holistic	60	3	3	0.9190979210955716	1.9270481608257881
213	conventional	60	4	4	0.9062443513657267	3.134711718915753
214	holistic	60	3	3	0.9005152784358771	1.9080510664436867
214	conventional	60	0	0	0.9833216855662766	3.6591362068600675
215	holistic	60	2	2	0.8902705555370077	1.8712007668184558
215	conventional	60	5	5	0.875820563198536	2.4320286760932857
216	holistic	60	5	5	0.8447955681396019	2.1112816575418427
216	conventional	60	3	3	0.8974526531874175	3.1762565261770925
217	holistic	60	5	5	0.9216616807212018	3.939497120771079
217	conventional	60	2	2	0.8913336607924794	2.355667546947884
218	holistic	60	3	3	0.9210374598084439	3.911774704462802
218	conventional	60	1	1	0.9020705187256074	2.301843903930334
219	holistic	60	4	4	0.8739702414560792	3.268393030949255
219	conventional	60	0	0	0.9079993702675241	2.284351385758466
220	holistic	60	3	3	0.9969521573641633	4.946510162659848
220	conventional	60	2	2	0.8895519622693666	2.284219561153325
221	holistic	60	3	3	0.9293141398432427	3.410035637892435
221	conventional	60	1	1	0.8467646221082361	2.2574575704346476
222	holistic	60	3	3	0.9515812534579612	2.908197455486661
222	conventional	60	2	2	0.7824249540627503	2.0284473178412643
223	holistic	60	1	1	0.9717555689102757	3.811636757714808
223	conventional	60	3	3	0.7560191881591373	1.974659728201442
224	holistic	60	3	3	0.9595079738076497	2.8115578542423862
224	conventional	60	4	4	0.7396795705082473	1.8087993995683245
225	holistic	60	4	4	0.9368328817636138	3.4778312918926098
225	conventional	60	1	1	0.753825412705985	1.9733429420344433
226	holistic	60	0	0	1.0070951905910053	3.060508817056761
226	conventional	60	3	3	0.7711261637882494	1.9839623353583933
227	holistic	60	2	2	0.9641129775437135	2.610467909463867
227	conventional	60	6	6	0.8304775073553107	4.146378197283506
228	holistic	60	2	2	1.0391772232402632	4.8831389657889535
228	conventional	60	3	3	0.9764971461907486	3.179065373803424
229	holistic	60	2	2	1.0145206571426921	2.523603905459364
229	conventional	60	1	1	0.8115224427307692	1.7735485055705502
230	holistic	60	0	0	1.0152159999594228	2.3094112717722046
230	conventional	60	4	4	0.808323410404796	1.6261407145868323
231	holistic	60	2	2	1.0450748432041672	2.3648653598988365
231	conventional	60	4	4	0.7777172112131094	1.6181317066880556
232	holistic	60	0	0	1.046225607723685	2.461018230507131
232	conventional	60	5	5	0.8041963555697599	2.1808325248537015
233	holistic	60	1	1	1.0347345347207477	2.6861486977269786
233	conventional	60	1	1	0.8750742137326101	3.1498885342137917
234	holistic	60	0	0	1.0850896947969715	2.8401523398296504
234	conventional	60	3	3	0.9472542761568032	5.18682812852107
235	holistic	60	2	2	1.052670717872928	2.220066133473084
235	conventional	60	5	5	0.8779682654569316	3.1924754886526543
236	holistic	60	0	0	1.0050632601210834	2.080879491415926
236	conventional	60	1	1	0.897441240554141	2.5300355797251126
237	holistic	60	2	2	1.0039647176828348	2.0260302480939734
237	conventional	60	1	1	0.8407566842777184	1.945946203438346
238	holistic	60	0	0	1.020956285257997	2.241901372939961
238	conventional	60	2	2	0.820928856801246	1.595734417153627
239	holistic	60	2	2	0.9942144327961878	2.0705245230403455
239	conventional	60	3	3	0.8281159490988468	1.5011215837467504
240	holistic	60	0	0	1.033561393938563	2.579127024921395
240	conventional	60	0	0	0.9467804635707393	5.178291287488418
241	holistic	60	2	2	1.0650804333295623	3.4506716668055137
241	conventional	60	2	2	0.8875290516106537	3.1785067333636148
242	holistic	60	0	0	1.0739887441702083	2.618677730662403
242	conventional	60	1	1	0.8780743488908181	2.5096398644026245
243	holistic	60	2	2	1.0314875130405572	2.7021791560377677
243	conventional	60	3	3	0.8205020884875842	1.927020385232296
244	holistic	60	1	1	1.1114698956257867	2.8825072284225857
244	conventional	60	1	1	0.9789152540975653	6.197034724842313
245	holistic	60	2	2	1.1066980516351739	2.1191939513094744
245	conventional	60	2	2	0.8758445679730482	3.185649915839226
246	holistic	60	0	0	1.0683096760951407	1.9806361277828575
246	conventional	60	4	4	0.7830154052010594	1.8696649059961343
247	holistic	60	1	1	1.0533096801666588	2.1758824742685254
247	conventional	60	6	6	0.7377410839915527	1.4274847010204113
248	holistic	60	3	3	1.0527632906927837	2.125583850505584
248	conventional	60	6	6	0.8100509211233622	3.1661143254212734
249	holistic	60	2	2	1.01886280114513	2.0650688517061586
249	conventional	60	2	2	0.9084814928442746	3.3733822779314577
250	holistic	60	1	1	0.9992739975695547	2.058033548478709
250	conventional	60	1	1	0.9788660822374056	3.267303865500141
251	holistic	60	0	0	1.0452840490711859	2.5445156173102204
251	conventional	60	3	3	0.97622368140893	2.7743552907117506
252	holistic	60	1	1	1.061565528878739	2.62868190098167
252	conventional	60	2	2	0.9703099372557035	2.845829097563192
253	holistic	60	1	1	1.1398437204688718	3.8333570666136936
253	conventional	60	1	1	0.9577254166984933	2.678736296856631
254	holistic	60	1	1	1.1071523735658388	2.8270512067297293
254	conventional	60	3	3	0.8907314533146279	1.9788923238358123
255	holistic	60	0	0	1.1340727612008168	2.744726957793881
255	conventional	60	2	2	0.9078933367384959	2.178234508182457
256	holistic	60	1	1	1.139119094961708	2.511503679875251
256	conventional	60	2	2	0.8739064880609014	1.7005734631910805
257	holistic	60	1	1	1.0972724377742336	2.4381306250148027
257	conventional	60	2	2	0.8522630990166504	1.4937073905404845
258	holistic	60	1	1	1.0708780150500614	2.071851341331994
258	conventional	60	2	2	0.8581153885055439	1.6782719903714738
259	holistic	60	3	3	1.0357719478339245	2.247985982982152
259	conventional	60	3	3	0.8374936473331859	1.7494252789132667
260	holistic	60	2	2	1.051082780736533	2.975185494265381
260	conventional	60	4	4	0.8481772955960897	2.189095192855355
261	holistic	60	0	0	1.067689853397873	2.2567111768293273
261	conventional	60	1	1	0.8900035483394859	2.1836691299362143
262	holistic	60	2	2	1.0945017733026117	2.3074157046783363
262	conventional	60	2	2	0.884219007478494	3.1885435706931586
263	holistic	60	3	3	1.1011723336014825	2.962040473035176
263	conventional	60	1	1	0.8939966503611009	2.1885262929527616
264	holistic	60	1	1	1.0370128337401472	2.10592230518429
264	conventional	60	3	3	0.8433202588292189	1.6697059791374995
265	holistic	60	2	2	0.9861301922439482	2.321927167290173
265	conventional	60	2	2	0.8695683543157806	2.180964941955324
266	holistic	60	3	3	0.9335321865941884	2.2150153153622703
266	conventional	60	3	3	0.9382160874459534	2.1773142368727174
267	holistic	60	3	3	0.9107996040235035	2.1168849971080492
267	conventional	60	3	3	0.9123831188081155	2.1777796127997524
268	holistic	60	2	2	0.9652800770546054	2.9204698460131175
268	conventional	60	1	1	0.8885556190871645	1.844788129951484
269	holistic	60	3	3	0.913435303257989	2.0846142498909956
269	conventional	60	4	4	0.8486431351713433	1.9282734804655794
270	holistic	60	2	2	0.9704924031946159	3.2545484062444454
270	conventional	60	3	3	0.9128272795084179	4.147837601935841
271	holistic	60	3	3	0.9255170243242143	2.421693380551156
271	conventional	60	2	2	0.9199028848698966	2.6457624322526025
272	holistic	60	2	2	0.9467034163169878	2.0902566645113265
272	conventional	60	2	2	0.834409645437596	2.178678193030284
273	holistic	60	2	2	0.9339441495221011	2.6394482853287777
273	conventional	60	6	6	0.8265910554775855	3.403942961140291
274	holistic	60	5	5	0.924053901046043	2.0897703015232865
274	conventional	60	1	1	0.882413007332977	3.177562672604884
275	holistic	60	1	1	0.9982818084206427	2.18002603580258
275	conventional	60	5	5	0.8106213538629843	1.8978034858082204
276	holistic	60	4	4	0.951823249722617	2.2564775439798423
276	conventional	60	2	2	0.8430083027122132	1.7400657085919915
277	holistic	60	4	4	0.986447456935291	2.2804335046160076
277	conventional	60	2	2	0.800533593062239	1.7851931839941153
278	holistic	60	2	2	0.9638915130917697	2.447841122482232
278	conventional	60	1	1	0.8255382724735056	2.179294698241086
279	holistic	60	5	5	0.9290011077811603	2.5481859033392693
279	conventional	60	2	2	0.7422152157244377	1.6856758365703355
280	holistic	60	2	2	1.0309190022254273	2.3835814314208346
280	conventional	60	3	3	0.7904913584069188	1.66951159663513
281	holistic	60	3	3	1.0667184132423277	2.7073169401855113
281	conventional	60	1	1	0.9849457821761625	7.15442937806424
282	holistic	60	3	3	1.0400053857217129	2.8644025575803
282	conventional	60	2	2	0.8377012112448287	3.1552376825087896
283	holistic	60	2	2	1.0060019287894648	2.2141873251169844
283	conventional	60	4	4	0.8187534305834787	2.256395181871767
284	holistic	60	2	2	0.994979053460051	2.099743855274377
284	conventional	60	2	2	0.9088835568436685	3.143167059250005
285	holistic	60	3	3	0.9856868964703958	3.9186568476536596
285	conventional	60	1	1	0.8018268512787112	1.4726659915572446
286	holistic	60	0	0	1.074469703884011	3.417453470726205
286	conventional	60	1	1	0.8165836010123765	1.6484945622178142
287	holistic	60	3	3	0.9693561893951006	2.9195202850324384
287	conventional	60	4	4	0.8102934904683576	3.231767506675359
288	holistic	60	1	1	1.0418007076328104	4.7934571241048864
288	conventional	60	4	4	0.8630005374337305	3.0704744897633285
289	holistic	60	5	5	0.9829369716047228	4.298481235937765
289	conventional	60	1	1	0.9018696846020595	3.184127927609465
290	holistic	60	0	0	1.015608512537918	3.4656798929877617
290	conventional	60	3	3	0.8931128030195163	2.4780571252634624
291	holistic	60	1	1	1.025200006093752	2.798911694225892
291	conventional	60	2	2	0.9016490098182461	3.1642963145134724
292	holistic	60	1	1	0.9966551497951583	2.202435289136533
292	conventional	60	5	5	0.8738778528113783	2.769682521545882
293	holistic	60	2	2	0.9815400163198772	2.464160082522245
293	conventional	60	3	3	0.9336475430394765	3.1746867684806346
294	holistic	60	1	1	1.0359704365004532	2.8414158200992303
294	conventional	60	2	2	0.8756529368067372	2.749988242889235
295	holistic	60	2	2	1.0578452536260181	4.931893652158755
295	conventional	60	3	3	0.8462132224395845	2.4303154669807108
296	holistic	60	1	1	1.060440846892887	3.430597140196811
296	conventional	60	2	2	0.8656323305598488	2.405317500943209
297	holistic	60	1	1	1.0455788071212175	2.9293885057955715
297	conventional	60	1	1	0.8361529512370129	2.0844903752489565
298	holistic	60	0	0	1.0532227932508738	2.4289918392755006
298	conventional	60	1	1	0.8924042291904397	2.183933111841949
299	holistic	60	5	5	0.9862162512506667	2.2962673162077527
299	conventional	60	2	2	0.8490114964358515	1.8548294077993734
300	holistic	60	1	1	1.0768051252730935	2.8896646227000145
300	conventional	60	0	0	0.9046016541910434	1.712150222584037
301	holistic	60	1	1	1.012354535729032	2.187861530803665
301	conventional	60	0	0	0.8603830059582581	1.746977902809879
302	holistic	60	0	0	1.0334053234478005	2.3032945907215554
302	conventional	60	0	0	0.838664921979031	1.7099436133646775
303	holistic	60	3	3	1.0097231750943954	2.2625002421470346
303	conventional	60	5	5	0.8434565417472927	1.759700496469526
304	holistic	60	1	1	1.0136487481947825	2.229922085696624
304	conventional	60	2	2	0.873951926829277	3.139271224140656
305	holistic	60	2	2	0.9782573221942003	2.14986270086736
305	conventional	60	2	2	0.8957001558255943	1.6307306569563218
306	holistic	60	0	0	0.9900489802834688	2.108334475033765
306	conventional	60	2	2	0.8492801023947312	2.1787027876172775
307	holistic	60	1	1	0.996563680497549	2.1438885450700993
307	conventional	60	3	3	0.8666416401596773	1.5827918839672228
308	holistic	60	2	2	0.98462600405784	2.227861693433895
308	conventional	60	3	3	0.8307315440033005	2.185403071484918
309	holistic	60	2	2	0.9863025989523722	2.1931822566832553
309	conventional	60	6	6	0.9020496851699439	5.159670396053467
310	holistic	60	0	0	1.0251803350055702	2.5621891601400435
310	conventional	60	2	2	0.8827264004123873	3.6503967037568312
311	holistic	60	1	1	0.9954820016276806	2.3956222129452907
311	conventional	60	3	3	0.8456733620671457	2.4804734202972556
312	holistic	60	2	2	0.9709617957475236	2.2956767852085154
312	conventional	60	1	1	0.8318148040614105	2.1785792231298022
313	holistic	60	2	2	1.0005009802878049	2.8952913868041237
313	conventional	60	2	2	0.8062138835754191	1.6747879253729443
314	holistic	60	0	0	1.0356420663716437	2.8694892534512775
314	conventional	60	4	4	0.8059109122142928	2.1755345260404
315	holistic	60	1	1	1.0016732894734812	2.2708840185430113
315	conventional	60	3	3	0.8384972079792047	2.3264458050585057
316	holistic	60	2	2	0.9875368161468424	2.1297493067864286
316	conventional	60	3	3	0.7690410344223858	1.4512860742073435
317	holistic	60	1	1	1.0538310206345012	2.9500719254959575
317	conventional	60	2	2	0.8501300550994645	3.1422814198899403
318	holistic	60	0	0	1.0683563942319496	2.9510911929608885
318	conventional	60	1	1	0.8401394521883639	2.642951025758451
319	holistic	60	2	2	1.023719415272489	2.283425428996126
319	conventional	60	4	4	0.771414547850172	1.844739407203085
320	holistic	60	2	2	1.082377153520318	3.8787358780022796
320	conventional	60	2	2	0.8961540331108055	5.177829552451996
321	holistic	60	0	0	1.1484374962739732	2.9165345328513914
321	conventional	60	1	1	0.840382098723492	2.2158953605397693
322	holistic	60	1	1	1.0842016748175682	2.1553050573912786
322	conventional	60	2	2	0.8309663542301522	1.8698809177427795
323	holistic	60	2	2	1.0748326888127633	2.1446715524993607
323	conventional	60	0	0	0.9265344325818962	3.166920734762148
324	holistic	60	1	1	1.1461375488265513	3.8949747198546727
324	conventional	60	0	0	0.9184367697094596	3.658900456552697
325	holistic	60	1	1	1.1625681854116081	3.8913009572481654
325	conventional	60	1	1	0.9025749338956237	3.4923554998168993
326	holistic	60	1	1	1.1721543684204108	4.224616382059474
326	conventional	60	3	3	0.8592492038682487	2.9019243176347627
327	holistic	60	2	2	1.1047984211497763	3.1415154811781854
327	conventional	60	2	2	0.813881478759916	2.7490136850945297
328	holistic	60	1	1	1.087560870769575	2.4921972157662564
328	conventional	60	1	1	0.8550739708923892	2.315341333062594
329	holistic	60	2	2	1.052129879154798	2.342636247753466
329	conventional	60	3	3	0.8110812669940842	2.291684406600054
330	holistic	60	2	2	1.0473613804042254	2.5945985698181455
330	conventional	60	3	3	0.8106076202508129	2.1489684867059986
331	holistic	60	3	3	1.0258158136756435	2.5038621943679082
331	conventional	60	2	2	0.8018593369209381	1.9280102258437744
332	holistic	60	1	1	1.058576236665195	2.3722733872169623
332	conventional	60	3	3	0.7473052957860422	1.746534941904748
333	holistic	60	2	2	1.0484149926442474	2.2535869779579207
333	conventional	60	5	5	0.8059480689956907	2.142945861770765
334	holistic	60	5	5	0.9837294858603772	2.145367909058784
334	conventional	60	0	0	0.933939762918433	4.141108236542382
335	holistic	60	1	1	1.0303839529677257	2.2318631668420768
335	conventional	60	3	3	0.9567849569446767	4.679172119019022
336	holistic	60	3	3	1.029117064969562	2.484981179485509
336	conventional	60	5	5	0.8667681237598686	3.5104064799045296
337	holistic	60	1	1	1.0884250835383464	2.9042665045010203
337	conventional	60	3	3	0.906386696815063	2.6717669687785532
338	holistic	60	2	2	1.0957632738569345	2.344227517244629
338	conventional	60	0	0	0.9776061711379956	4.141341350923007
339	holistic	60	4	4	1.0915969852808975	3.5158022025364897
339	conventional	60	1	1	0.9907350556108641	2.507766746927022
340	holistic	60	3	3	1.1784871629355071	2.8720075428006218
340	conventional	60	1	1	1.004184228535731	2.4606890284141434
341	holistic	60	2	2	1.11003930663018	2.4546824675898415
341	conventional	60	1	1	0.9819883581014092	2.3004425325629456
342	holistic	60	2	2	1.115703944198409	2.23294393029718
342	conventional	60	0	0	0.9556107099532855	2.1759089653916757
343	holistic	60	1	1	1.1373002323212198	2.265104531574644
343	conventional	60	4	4	0.8799618021625529	2.176357307800785
344	holistic	60	3	3	1.050671054090843	2.2960717683363443
344	conventional	60	4	4	0.8638314029002573	2.1765481715851007
345	holistic	60	1	1	1.1447045298067995	2.899606372796266
345	conventional	60	2	2	0.9622026494219345	5.158463744596006
346	holistic	60	0	0	1.1284397459661208	2.379101550770864
346	conventional	60	4	4	0.8882132315622463	2.1621527383567245
347	holistic	60	4	4	1.0735600845980597	2.308090312873998
347	conventional	60	5	5	0.8568360588968247	1.9333023210051659
348	holistic	60	1	1	1.231097516021356	2.9884395851918084
348	conventional	60	4	4	0.8795616725013429	2.177168607434664
349	holistic	60	3	3	1.2023554516739847	2.9043528816677116
349	conventional	60	3	3	0.8942934972658944	1.8916096081404183
350	holistic	60	1	1	1.1772543551347574	2.4120598685579404
350	conventional	60	3	3	0.9294739756286212	2.8095353435573824
351	holistic	60	1	1	1.2119584943013246	2.3108341376250694
351	conventional	60	0	0	0.9872350283138983	1.951664998471169
352	holistic	60	0	0	1.2004499243936977	2.2861634959861186
352	conventional	60	3	3	0.9213949919194057	2.159822697975956
353	holistic	60	3	3	1.1842644718379622	2.712408887930946
353	conventional	60	4	4	0.9005159215830641	2.178674571462521
354	holistic	60	1	1	1.175149728557175	3.7352721112921605
354	conventional	60	2	2	0.9072020791105925	2.0747444922814013
355	holistic	60	1	1	1.1647211461721745	3.8772652561614662
355	conventional	60	5	5	0.8494849944252533	1.6469946235552861
356	holistic	60	1	1	1.172984994169647	3.4317514971261733
356	conventional	60	1	1	1.0287545682423942	6.180285553840781
357	holistic	60	1	1	1.160756854196701	3.0763871502383755
357	conventional	60	3	3	0.9571111243734074	3.6795238023986205
358	holistic	60	0	0	1.1562088086420277	2.875922052120117
358	conventional	60	2	2	0.9490800514864118	3.1798650565320505
359	holistic	60	3	3	1.1051791432652935	2.9588722144256216
359	conventional	60	3	3	0.8855207396443466	2.1771428499116645
360	holistic	60	0	0	1.2491292343650438	4.889166478087999
360	conventional	60	0	0	0.8869537582026474	1.7792332239261772
361	holistic	60	1	1	1.2024762256911472	2.88951875259039
361	conventional	60	1	1	0.8949050888720201	1.6784967079864708
362	holistic	60	0	0	1.1846107366435012	2.5562974031517247
362	conventional	60	2	2	0.9041615141359325	1.5119870644855293
363	holistic	60	1	1	1.1781900304883133	2.439294842945952
363	conventional	60	5	5	0.8592739842747464	1.9286619035642094
364	holistic	60	1	1	1.1769035542766066	2.465182497358988
364	conventional	60	1	1	0.8827831865140149	1.578667362935932
365	holistic	60	2	2	1.148939492725666	2.4884558567231143
365	conventional	60	1	1	0.8592523486098844	1.3624072317815743
366	holistic	60	0	0	1.1811409477301684	2.875224800082551
366	conventional	60	0	0	0.8551116107228469	1.325281586330447
367	holistic	60	2	2	1.1677335277928118	2.9997411448777243
367	conventional	60	2	2	0.8585150828687885	2.1775609620726635
368	holistic	60	2	2	1.1841412600562289	2.9853628333536197
368	conventional	60	3	3	0.8515877190154236	1.4276202052105584
369	holistic	60	1	1	1.2481511067128819	3.9171057450578792
369	conventional	60	3	3	0.9208589814861596	4.139097872930148
370	holistic	60	0	0	1.2566618340181832	3.414485681685311
370	conventional	60	1	1	0.9537904695733714	2.184007088678723
371	holistic	60	2	2	1.2297417503670827	3.5797877632861606
371	conventional	60	4	4	0.9016529908565926	1.9245873952676624
372	holistic	60	1	1	1.2189847813007595	3.6648775804199856
372	conventional	60	2	2	0.964438816039621	3.163282664784312
373	holistic	60	2	2	1.2053306844993268	3.7148602873576437
373	conventional	60	1	1	0.9812507362918331	3.1411756689566084
374	holistic	60	0	0	1.2359259017703474	3.4152770580028755
374	conventional	60	2	2	0.9822506246004692	2.4726413394012807
375	holistic	60	0	0	1.2427482869969217	3.1243863315958387
375	conventional	60	3	3	0.9517393055329744	2.511475760912619
376	holistic	60	4	4	1.1913093522789993	3.1690277640237725
376	conventional	60	3	3	0.9455943402029093	2.428155299391434
377	holistic	60	0	0	1.229412095025385	2.986556213974567
377	conventional	60	0	0	0.9033279031946243	2.0285838654867936
378	holistic	60	0	0	1.2776859993901655	3.437984396867794
378	conventional	60	2	2	0.9012655133412633	2.1396868121447903
379	holistic	60	2	2	1.2458683214591957	3.889610410258141
379	conventional	60	5	5	0.8805157530314766	1.8674641472481062
380	holistic	60	3	3	1.2374353275107504	3.139105498802185
380	conventional	60	5	5	0.9296481497904445	1.893461661469326
381	holistic	60	0	0	1.2442540628237404	2.83803051994779
381	conventional	60	4	4	1.1304938482305462	6.138738961232216
382	holistic	60	0	0	1.2751842284941943	2.6578110197429257
382	conventional	60	3	3	1.2132523339584311	5.178020759432972
383	holistic	60	2	2	1.2348991548613106	2.625282670922518
383	conventional	60	1	1	1.2046449260420704	3.6785020900898555
384	holistic	60	3	3	1.2054028054022408	2.5153462035228547
384	conventional	60	0	0	1.1295071546776019	3.395788324461017
385	holistic	60	0	0	1.2966136028685968	2.8598712257854606
385	conventional	60	1	1	1.0745561605958034	2.9418852048791946
386	holistic	60	0	0	1.323407288104131	2.9400808799196625
386	conventional	60	3	3	1.0337792035726905	2.9750873645489193
387	holistic	60	0	0	1.2969151337276705	2.49546204061196
387	conventional	60	3	3	0.9964149268132743	2.427257575654885
388	holistic	60	1	1	1.2674715936009413	2.5665066214220813
388	conventional	60	1	1	1.08549759416165	4.146856553110167
389	holistic	60	1	1	1.2495433946901815	2.4884559658127814
389	conventional	60	3	3	1.044952343293567	3.16090152480729
390	holistic	60	1	1	1.2299234729789845	2.462090444856489
390	conventional	60	1	1	1.0196785601579756	2.1537242934262095
391	holistic	60	1	1	1.2164276778529974	2.438496755530932
391	conventional	60	3	3	0.988276444363735	1.871685849540909
392	holistic	60	1	1	1.2486254149417333	2.6251620721074747
392	conventional	60	2	2	1.0261436576265714	3.169483441412366
393	holistic	60	2	2	1.2216593497414152	2.6768409996817426
393	conventional	60	4	4	0.9288040717144725	2.159567321603365
394	holistic	60	4	4	1.1566545733216311	2.801137667529469
394	conventional	60	4	4	1.0277823821583025	5.17937857480555
395	holistic	60	1	1	1.2962523401423356	2.9122826662265733
395	conventional	60	1	1	1.0360532993319713	4.187968860554772
396	holistic	60	3	3	1.2920760465130734	2.883234668385049
396	conventional	60	4	4	0.9871406190597062	3.6875295142105813
397	holistic	60	1	1	1.328431842758547	2.8773049387394183
397	conventional	60	2	2	1.0158260511803248	3.3020326028982665
398	holistic	60	1	1	1.3772586825461597	2.879692801840764
398	conventional	60	0	0	1.0483539033969291	2.3925263748481607
399	holistic	60	3	3	1.2899571995605954	2.880060024325753
399	conventional	60	1	1	0.9875721968635597	2.96808318918859
400	holistic	60	2	2	1.3212721284070434	2.628123485622988
400	conventional	60	2	2	0.9931703823388729	2.7920812221582025
401	holistic	60	2	2	1.2340155724261908	2.6131646087023173
401	conventional	60	0	0	0.9794812653091369	2.8887366524893037
402	holistic	60	1	1	1.275455685807685	2.9613854678913127
402	conventional	60	0	0	0.9836914155076625	2.6120891383522316
403	holistic	60	1	1	1.2381970551957466	2.6586914088695983
403	conventional	60	2	2	0.9745018287068149	2.562821082305336
404	holistic	60	2	2	1.257943704923483	3.120321768762423
404	conventional	60	2	2	0.9687609596223354	2.147681655587175
405	holistic	60	2	2	1.1964784313899017	3.08741041533971
405	conventional	60	1	1	0.9959937750433606	2.218900382103988
406	holistic	60	0	0	1.243139428923996	2.7772816432016407
406	conventional	60	1	1	1.0046177197790445	1.8691109092256788
407	holistic	60	3	3	1.1552131258589198	2.6814077882828484
407	conventional	60	1	1	0.9499456680947199	1.8095130323607784
408	holistic	60	4	4	1.1053051158800988	2.6505392257090907
408	conventional	60	1	1	0.935962655757275	1.8103053545817909
409	holistic	60	2	2	1.09510821269274	2.541901862654905
409	conventional	60	4	4	0.948463002686284	2.1786275739381242
410	holistic	60	2	2	1.1027548540602647	2.64660805264089
410	conventional	60	4	4	1.0047656154202704	3.145166508240779
411	holistic	60	2	2	1.12918570889375	2.636473433231535
411	conventional	60	1	1	0.972614959305624	2.4765155236662317
412	holistic	60	3	3	1.1525807608844056	2.597358907624244
412	conventional	60	2	2	0.9487664195845185	2.6419499748403465
413	holistic	60	3	3	1.1734799346590894	2.626603356220686
413	conventional	60	4	4	0.9281263174944285	2.0184407685336763
414	holistic	60	4	4	1.1744906745947175	2.567640760806949
414	conventional	60	0	0	0.9225950981690396	2.0522941106155037
415	holistic	60	1	1	1.298353435852635	2.970759702243002
415	conventional	60	5	5	0.945149404989781	1.9961232012801744
416	holistic	60	2	2	1.3167040297417314	2.5195949354720666
416	conventional	60	0	0	1.0385814367209525	2.1746070105932658
417	holistic	60	3	3	1.371558875921137	3.391011434728818
417	conventional	60	2	2	1.0231305335686314	3.168266805139655
418	holistic	60	1	1	1.4222903715105213	2.906157484600454
418	conventional	60	2	2	1.025477511088186	2.8144331129360878
419	holistic	60	2	2	1.379273631805659	4.404099126980235
419	conventional	60	3	3	0.9824376165010896	2.3767911849928742
420	holistic	60	1	1	1.3801228934237644	3.570207847252919
420	conventional	60	2	2	1.0393156966420651	2.179789268668008
421	holistic	60	1	1	1.3747154989636257	3.151521103014695
421	conventional	60	1	1	1.052618408270217	2.1792566337567774
422	holistic	60	0	0	1.3293700615230968	2.572064810921614
422	conventional	60	2	2	0.9811931076237117	2.001670484892975
423	holistic	60	1	1	1.2803476798726465	2.470249855396489
423	conventional	60	4	4	0.9357616094646514	1.8576916060198034
424	holistic	60	0	0	1.3400448821921969	2.5080240383103924
424	conventional	60	1	1	0.9710680345422387	2.1559063017846896
425	holistic	60	3	3	1.272344423134657	2.5605165645020307
425	conventional	60	3	3	0.9634494277456119	2.6531264154257235
426	holistic	60	0	0	1.3225477701595443	3.947493251417749
426	conventional	60	3	3	1.030492716440819	4.180146352970958
427	holistic	60	2	2	1.31429349505908	2.5914371573879245
427	conventional	60	4	4	1.0122762861634824	3.1489538175155185
428	holistic	60	2	2	1.2444616914296758	2.612530741010018
428	conventional	60	5	5	0.9231336095777974	2.1779798811712183
429	holistic	60	0	0	1.3574218900696837	4.8980902838971465
429	conventional	60	5	5	0.9182244255476691	2.1815892780879205
430	holistic	60	0	0	1.4011142196104316	6.397731600588721
430	conventional	60	1	1	0.9983864444632213	3.141050596074472
431	holistic	60	2	2	1.3582683100238586	4.899736885000336
431	conventional	60	4	4	1.0774100835619072	4.665227847753075
432	holistic	60	0	0	1.3963617023415218	3.6464677913792958
432	conventional	60	2	2	1.118162235377773	3.4964347055989395
433	holistic	60	2	2	1.3588897007331753	3.6954558376699422
433	conventional	60	1	1	1.071247677345307	3.1422575589149044
434	holistic	60	0	0	1.4519656860955272	3.0645448332043213
434	conventional	60	2	2	1.0849936772772142	3.1416238278713005
435	holistic	60	0	0	1.4323539782212553	2.7640256882333083
435	conventional	60	2	2	1.1446499946965238	3.238145717176395
436	holistic	60	2	2	1.376444897293791	2.8783530413632277
436	conventional	60	1	1	1.1719512828964678	3.164989321951285
437	holistic	60	0	0	1.3680522969823392	2.627963211479362
437	conventional	60	1	1	1.0929149256721913	3.2683826380735064
438	holistic	60	0	0	1.3703727230215028	2.47778771440758
438	conventional	60	2	2	1.0837140513783927	3.1429246695936968
439	holistic	60	1	1	1.3369848896241772	2.3472591847255364
439	conventional	60	2	2	1.0864553284231797	2.7425712929785595
440	holistic	60	3	3	1.3253859990654648	2.3539771302835137
440	conventional	60	2	2	1.066316681887721	2.779161160473942
441	holistic	60	0	0	1.383413249300012	2.4425755788213532
441	conventional	60	3	3	1.082734808385028	3.228362617802097
442	holistic	60	0	0	1.366395827667526	2.4585019647967568
442	conventional	60	2	2	1.1170355151059042	4.18118823835455
443	holistic	60	2	2	1.3452405463089636	2.441533905013721
443	conventional	60	1	1	1.092543803334466	3.1429772230659165
444	holistic	60	3	3	1.3143794082560578	2.4878065206140905
444	conventional	60	0	0	1.1555767216414028	2.943538752363766
445	holistic	60	0	0	1.3233655239309468	2.4708905737364937
445	conventional	60	0	0	1.0759833602169984	2.7057407573827374
446	holistic	60	0	0	1.327740841398459	2.5432406714629305
446	conventional	60	1	1	1.0803727964098948	2.6147275037767495
447	holistic	60	1	1	1.339135132409749	2.4687083026249805
447	conventional	60	1	1	1.0846380573765004	2.4217217589447397
448	holistic	60	2	2	1.3308855592573992	2.4258246123782583
448	conventional	60	0	0	1.1040155813724923	3.2907908143883287
449	holistic	60	1	1	1.315755227652944	2.466315816555125
449	conventional	60	1	1	1.0486556558502822	2.2441516150693896
450	holistic	60	1	1	1.3326302842650515	2.5047223535006933
450	conventional	60	1	1	1.0672295257953028	3.1685766496582795
451	holistic	60	0	0	1.3429501502175543	2.4641817733293534
451	conventional	60	3	3	1.01828157956667	2.6559197404884296
452	holistic	60	1	1	1.3211368462843338	2.475643118382002
452	conventional	60	0	0	1.1362622391994077	3.237992054649411
453	holistic	60	2	2	1.312111791641992	2.4622191405458596
453	conventional	60	2	2	1.043022219760422	1.8484199812250532
454	holistic	60	4	4	1.3066492919315607	4.906164374923345
454	conventional	60	5	5	0.9488272663190138	2.0581300959787554
455	holistic	60	1	1	1.3238138208611585	2.8395774361040536
455	conventional	60	4	4	0.9487267262843637	2.072032697354784
456	holistic	60	3	3	1.2467133742364471	2.575095023560491
456	conventional	60	5	5	0.9183021549176557	2.175497514253318
457	holistic	60	1	1	1.257051847180275	2.907914964443254
457	conventional	60	2	2	0.9695730305172908	2.1759142209254696
458	holistic	60	0	0	1.2648982062980998	2.5081023525600363
458	conventional	60	0	0	0.9705145611679622	1.7644922987180618
459	holistic	60	3	3	1.215526195724279	3.3418164021162644
459	conventional	60	0	0	0.9482090303762607	1.6879755781488872
460	holistic	60	3	3	1.2246781211266695	2.831888431279644
460	conventional	60	1	1	0.9058460081194164	1.9303132409530794
461	holistic	60	3	3	1.162922025634638	2.3339652369273023
461	conventional	60	2	2	0.8908940943046371	1.734101965997742
462	holistic	60	0	0	1.228100687855599	2.926671804056255
462	conventional	60	1	1	0.9286426603407546	3.2140825435745635
463	holistic	60	2	2	1.1523440904234024	2.541314076321408
463	conventional	60	2	2	0.9472015232391577	1.703158552157641
464	holistic	60	2	2	1.0837650920383333	2.4981706082505326
464	conventional	60	2	2	0.9887704531541799	4.225806685915914
465	holistic	60	3	3	1.1327598237979017	2.774761790495798
465	conventional	60	2	2	1.0222597141118803	3.711851433735581
466	holistic	60	0	0	1.2442445455157234	6.857569814496535
466	conventional	60	2	2	1.03826881732353	3.888620038267659
467	holistic	60	2	2	1.127788315001454	3.358093806207509
467	conventional	60	1	1	1.036793242511084	3.4708340174641426
468	holistic	60	0	0	1.1590584376897632	2.524971036400933
468	conventional	60	2	2	0.9899227498131318	3.012964824898073
469	holistic	60	2	2	1.093347849770074	2.3988058113546114
469	conventional	60	4	4	0.946485406390394	3.216202408727074
470	holistic	60	0	0	1.173022331914313	2.8817568669515397
470	conventional	60	4	4	1.03108704258067	3.184871888969878
471	holistic	60	2	2	1.1263471020055482	2.3272971581489825
471	conventional	60	2	2	1.009905332215311	2.2204460470938088
472	holistic	60	3	3	1.0340510853521456	2.450244462941284
472	conventional	60	1	1	1.0152893163086854	2.181351145466964
473	holistic	60	1	1	1.1293290385843224	3.954726523287666
473	conventional	60	1	1	1.0095779051935383	1.8254137437655693
474	holistic	60	3	3	1.0328153025588016	2.418972854445107
474	conventional	60	1	1	1.0030748031457448	1.5939288766029145
475	holistic	60	2	2	1.0689377586251974	2.9107889900813824
475	conventional	60	5	5	0.9761681588132286	3.1786340949285594
476	holistic	60	2	2	1.0398832668120686	2.417679437356346
476	conventional	60	3	3	0.9942512265864674	2.5116366412031987
477	holistic	60	3	3	1.0622852847641218	2.486635880865473
477	conventional	60	0	0	1.0411846588821565	4.179093544730316
478	holistic	60	1	1	1.0904991099554586	2.5193136080233147
478	conventional	60	2	2	1.0161211750862889	3.1792674482378334
479	holistic	60	1	1	1.06271182500424	2.4986498371709107
479	conventional	60	1	1	1.0438189408877139	4.284784268698577
480	holistic	60	1	1	1.070046164859136	2.511549839866722
480	conventional	60	0	0	1.0079833728229441	2.778953778375338
481	holistic	60	1	1	1.0998128633770277	2.5236876747540604
481	conventional	60	1	1	1.0033179941846009	2.6787850007178875
482	holistic	60	0	0	1.112873648840506	2.474243912500635
482	conventional	60	1	1	0.9772589834411753	2.321951063917725
483	holistic	60	1	1	1.059662019605367	2.4280311917581052
483	conventional	60	2	2	1.0105912344969497	5.166393658205296
484	holistic	60	0	0	1.0345438888062526	2.527200848870173
484	conventional	60	1	1	0.9873421231597217	3.1686350963164376
485	holistic	60	5	5	1.0149654483588693	2.537432015168506
485	conventional	60	2	2	0.9223503876480755	1.834326570791977
486	holistic	60	0	0	1.1388122398610634	2.976572586235018
486	conventional	60	2	2	0.9284448666695106	2.1611928185266374
487	holistic	60	2	2	1.0781198683305233	3.4752752996343714
487	conventional	60	2	2	0.8814552486819949	1.5608113738274478
488	holistic	60	3	3	1.005768827725087	2.6385965956792385
488	conventional	60	3	3	0.8787581644031639	1.506985566599133
489	holistic	60	1	1	1.0064363495108795	2.593849793333499
489	conventional	60	8	8	0.7617487322987501	1.7238564645496208
490	holistic	60	0	0	1.0439152388760298	2.642701920721932
490	conventional	60	1	1	0.9021927645260616	3.1813716022600405
491	holistic	60	4	4	1.0020496898675992	2.731277455129939
491	conventional	60	3	3	0.8908522011919735	3.1779918090787915
492	holistic	60	1	1	1.0654607555676587	2.6734520341548986
492	conventional	60	4	4	0.9131352519061536	2.5114912870794464
493	holistic	60	3	3	1.0857342327398551	3.280270725889178
493	conventional	60	4	4	0.9725064413439565	4.152790576585904
494	holistic	60	0	0	1.3280530576004645	5.920634683642881
494	conventional	60	4	4	0.9598626244676746	3.151038970204197
495	holistic	60	1	1	1.1980695117362268	3.890577526466119
495	conventional	60	3	3	1.0092500519462468	3.378583362110333
496	holistic	60	1	1	1.1437513501073064	3.549664881047583
496	conventional	60	2	2	1.0341502545181858	3.229700427081825
497	holistic	60	0	0	1.1461368183543135	2.6338127459839047
497	conventional	60	2	2	1.0147709451913807	3.274103017847404
498	holistic	60	1	1	1.1310379830357509	2.588763361031195
498	conventional	60	5	5	0.956463010842414	2.2716209501291735
499	holistic	60	2	2	1.1181702199782704	2.576274833406639
499	conventional	60	3	3	1.0248495604377446	2.9285100170615808
500	holistic	60	3	3	1.0537843531990543	2.5642843487924036
500	conventional	60	4	4	1.0160971818144617	2.578827468337215
501	holistic	60	0	0	1.132652548525697	4.86608399541577
501	conventional	60	1	1	1.0019809989721054	4.178998385969947
502	holistic	60	0	0	1.1200877756390555	4.370105597509663
502	conventional	60	1	1	0.9401449334401405	2.2572962575226345
503	holistic	60	3	3	1.05493637498822	3.2004693781913645
503	conventional	60	0	0	0.9303720347658382	2.0377068650131736
504	holistic	60	5	5	1.0300717890751305	3.1170159111025373
504	conventional	60	1	1	0.9554642056680525	2.4314398565061293
505	holistic	60	1	1	1.1752957483429514	3.8193973505632086
505	conventional	60	0	0	0.9352739173508487	2.055336963465092
506	holistic	60	0	0	1.1668041385784416	2.7397963071958253
506	conventional	60	3	3	0.9287142884904286	2.1799618461379415
507	holistic	60	2	2	1.1069665542483142	2.3640584803637394
507	conventional	60	1	1	0.9343370782003031	2.2912737626208113
508	holistic	60	2	2	1.0929714802561963	2.5089388268555366
508	conventional	60	2	2	0.8764912216968438	2.127077557160443
509	holistic	60	2	2	1.1326013948034408	2.9244983986274264
509	conventional	60	5	5	0.8758071745073657	2.0294068642601415
510	holistic	60	1	1	1.1661204501594657	2.4291467946526386
510	conventional	60	2	2	0.8406907077069672	1.9414581670738567
511	holistic	60	0	0	1.1746671532458361	2.9321890287626364
511	conventional	60	4	4	0.8129190750104472	1.8614874021734584
512	holistic	60	0	0	1.2014849987269003	2.9326941057387765
512	conventional	60	3	3	0.887597695917517	3.6684804805065867
513	holistic	60	1	1	1.1356051580239543	2.333203702077708
513	conventional	60	6	6	0.8566742760673501	3.1683268301646863
514	holistic	60	4	4	1.0687110780702944	2.8277128957856945
514	conventional	60	3	3	0.9256658088439909	3.176858910475209
515	holistic	60	1	1	1.066828716819087	2.3312411546194793
515	conventional	60	1	1	0.9921028955951825	3.178322175678185
516	holistic	60	1	1	1.0845287818822562	2.3745265332928285
516	conventional	60	6	6	0.8572245819678604	2.841474264783639
517	holistic	60	1	1	1.0967790370619854	2.27036313770371
517	conventional	60	6	6	0.8582847186527476	2.472081758520067
518	holistic	60	0	0	1.0571689492719134	2.2460558507828057
518	conventional	60	5	5	0.8680757837720119	2.384669237056697
519	holistic	60	1	1	1.077023640962591	2.3146911329678317
519	conventional	60	2	2	0.966510783313688	2.844059930633735
520	holistic	60	2	2	1.0549951133545725	2.4731901231202658
520	conventional	60	0	0	0.9924682845927824	2.1866155421089326
521	holistic	60	2	2	1.0504203367834613	2.466936340903566
521	conventional	60	3	3	0.923863865649926	2.1817368660510876
522	holistic	60	0	0	1.1453884762600908	2.7922723058692913
522	conventional	60	1	1	0.9901046368818047	4.178585246223039
523	holistic	60	0	0	1.1394975075254252	2.5325678446197544
523	conventional	60	2	2	0.9848143299724732	2.674617562490276
524	holistic	60	3	3	1.0767898465210812	2.4349584062520284
524	conventional	60	3	3	0.9197290510253507	2.5295571955474836
525	holistic	60	3	3	1.0058706141180271	2.3725606525838474
525	conventional	60	1	1	0.9182121539457294	2.220694255917242
526	holistic	60	0	0	1.0638973189713943	2.591421932888965
526	conventional	60	4	4	0.8662331228180576	1.9612390733194127
527	holistic	60	2	2	1.0967498093943833	2.958246543675846
527	conventional	60	1	1	0.8654925978654212	1.973619323188177
528	holistic	60	0	0	1.154702924466398	2.931202269887603
528	conventional	60	3	3	0.8603190657492564	1.841445838123105
529	holistic	60	2	2	1.117631745375353	2.2903643291074385
529	conventional	60	3	3	0.9540398366518624	3.177958350650919
530	holistic	60	0	0	1.0781553619088453	2.2353035385956557
530	conventional	60	5	5	0.8902061557006832	2.186149652189003
531	holistic	60	1	1	1.0513789727009561	2.231626596888368
531	conventional	60	2	2	0.8067067654232148	1.8002872209299448
532	holistic	60	4	4	1.0021380416929484	2.1544537696704595
532	conventional	60	5	5	0.8443767035873876	2.185335051744165
533	holistic	60	0	0	1.0471147899373798	2.176585827898776
533	conventional	60	3	3	0.8920486429247323	4.217578501622095
534	holistic	60	3	3	0.9735518239065138	2.167932526380961
534	conventional	60	6	6	0.8615438809724962	2.7304729105418284
535	holistic	60	3	3	0.9894306218464385	2.220794501854145
535	conventional	60	5	5	0.8100486930943803	1.9391068757485344
536	holistic	60	2	2	0.9540649151282713	2.192536023382299
536	conventional	60	3	3	0.9146569949663342	4.159060355497706
537	holistic	60	0	0	1.0493225243840127	3.7975723455918438
537	conventional	60	2	2	0.972788863184925	4.156563836711694
538	holistic	60	2	2	0.9921142112352034	2.224119281704232
538	conventional	60	3	3	0.913477307742679	2.819118412897415
539	holistic	60	1	1	1.0168678113612108	2.2429855672814467
539	conventional	60	3	3	0.8754874411636296	2.6575785167851573
540	holistic	60	1	1	1.053544061957497	2.2878940140339847
540	conventional	60	2	2	0.9449325836531834	2.49848429730926
541	holistic	60	1	1	1.0413210436771003	2.277865118205979
541	conventional	60	1	1	0.9334722867249144	2.167458961196306
542	holistic	60	0	0	1.02873151215188	2.2688417229020112
542	conventional	60	1	1	0.8997225192103764	3.510289424807208
543	holistic	60	1	1	1.0481393231177245	2.259669774666668
543	conventional	60	2	2	0.9229056204544929	2.4366751030241254
544	holistic	60	1	1	1.0526375932601424	2.3002533779118983
544	conventional	60	1	1	0.9109056376750863	1.9848347335291536
545	holistic	60	4	4	1.0287688513331774	2.3626197548170436
545	conventional	60	3	3	0.9219560948935526	3.1552177953444733
546	holistic	60	1	1	1.1814209187652909	5.954394146199405
546	conventional	60	3	3	0.9034243869436299	2.1458190369725623
547	holistic	60	0	0	1.0910203621915027	3.952616482882513
547	conventional	60	2	2	0.8808989590728393	1.6487442442755293
548	holistic	60	1	1	1.0863609127889584	3.619626615828056
548	conventional	60	3	3	0.8249803763032727	1.536404297111376
549	holistic	60	1	1	1.0910699601090825	2.7028476498905096
549	conventional	60	5	5	0.8776440612986126	3.16842992356396
550	holistic	60	0	0	1.138345464694758	2.9571823689854924
550	conventional	60	1	1	0.9945585282309898	2.6706978330945743
551	holistic	60	3	3	1.0713705774156823	3.1228704095229514
551	conventional	60	4	4	0.9859237940778187	4.178058899346481
552	holistic	60	1	1	1.0343730033781213	2.6699617353324947
552	conventional	60	4	4	1.0811757358836653	4.233431926922448
553	holistic	60	3	3	0.9766758532512847	2.45596256205987
553	conventional	60	2	2	1.0075799023944145	3.220052967978477
554	holistic	60	0	0	1.0266015268503532	2.1778345639739416
554	conventional	60	1	1	1.0254281369896558	2.8902292590053165
555	holistic	60	1	1	1.0077815657494684	2.1420321764110555
555	conventional	60	3	3	1.016896221565085	2.479799704924231
556	holistic	60	1	1	1.021885741031444	2.046357148513924
556	conventional	60	1	1	1.1366599658929493	5.179365352007599
557	holistic	60	1	1	1.023914848438365	2.0784268438064024
557	conventional	60	2	2	1.0380978755210224	3.171617390817606
558	holistic	60	1	1	1.0818869206231427	3.9756176275078077
558	conventional	60	1	1	1.0347265047380614	2.5092289331225466
559	holistic	60	3	3	1.0181822216887992	1.9987578112295619
559	conventional	60	2	2	0.936175032409498	1.9330154679235507
560	holistic	60	2	2	0.9930253853697381	1.9971741511801877
560	conventional	60	2	2	0.9820518048851258	3.17860925780698
561	holistic	60	0	0	0.9912287976670331	2.0129014334627238
561	conventional	60	1	1	0.9224746752996713	1.8260658577442557
562	holistic	60	1	1	1.007159427375961	2.0620379230865193
562	conventional	60	1	1	0.9108964851560953	1.7987996755810993
563	holistic	60	2	2	0.9705257146479914	1.9500022035417066
563	conventional	60	0	0	0.9364982151794459	2.196837026594535
564	holistic	60	4	4	0.9184531111433462	2.785645984683293
564	conventional	60	1	1	0.8833545261864612	1.8416323693276047
565	holistic	60	0	0	0.9430457973469315	2.7817571763643274
565	conventional	60	1	1	0.8978893351326557	1.874892770207899
566	holistic	60	1	1	0.9321653901487452	2.7896687069774475
566	conventional	60	1	1	0.8956690610610435	1.8119368272780803
567	holistic	60	4	4	0.8870322832475777	2.812337721184378
567	conventional	60	0	0	0.9143598665517129	1.8425573439254535
568	holistic	60	5	5	0.8284407044479526	2.5800671944063263
568	conventional	60	1	1	0.8896144902958427	1.7378419879835714
569	holistic	60	2	2	0.95653546492767	5.784009965741145
569	conventional	60	2	2	0.8550687766302592	1.7511882465203148
570	holistic	60	3	3	0.9441879572268447	3.7893203453470576
570	conventional	60	3	3	0.8755515228060945	3.151031486250392
571	holistic	60	2	2	0.9100783945187477	3.1183641290816926
571	conventional	60	3	3	0.8551484518295287	2.1583857995557727
572	holistic	60	1	1	0.9099686498608931	2.534294544429347
572	conventional	60	1	1	0.8816103941553411	4.144692127658097
573	holistic	60	1	1	0.910500810725477	2.409554820169624
573	conventional	60	3	3	0.8211716992042727	1.6679068340720762
574	holistic	60	4	4	0.9097344498437417	2.6394186854176085
574	conventional	60	3	3	0.8166868668264554	2.1785177661962174
575	holistic	60	1	1	0.8897215480475953	2.801127220564321
575	conventional	60	2	2	0.8251684094439421	2.189341553569311
576	holistic	60	1	1	0.9033640251748057	2.9028481485193294
576	conventional	60	4	4	0.8193600639835308	2.04330117099147
577	holistic	60	0	0	0.8703634344386659	2.685891217600716
577	conventional	60	4	4	0.8291128205626032	1.9339326099281609
578	holistic	60	3	3	0.9045519275390004	2.4948934654277277
578	conventional	60	7	7	0.7504828962966172	1.6245460499596873
579	holistic	60	2	2	0.9611463239195088	3.8024784762520305
579	conventional	60	6	6	0.8793080959891607	5.21011340669067
580	holistic	60	1	1	0.9720280172530493	2.7627332375076232
580	conventional	60	0	0	0.9430086168169721	3.129551323029126
581	holistic	60	3	3	0.8866030808237788	2.5619431154507266
581	conventional	60	2	2	0.8898987595204546	3.2038173389943423
582	holistic	60	1	1	0.9713814529485908	3.8800165394875354
582	conventional	60	0	0	0.8973123250627991	2.2109459492226726
583	holistic	60	1	1	0.9688200346315322	3.4032402606276273
583	conventional	60	1	1	0.9074456033765933	2.0023065328506133
584	holistic	60	2	2	0.9073806621746067	2.8515195706991667
584	conventional	60	2	2	0.8760719526748113	1.7007742894794242
585	holistic	60	2	2	0.9416850480525544	2.882217810941552
585	conventional	60	2	2	0.9008942114306234	2.1485831905645836
586	holistic	60	0	0	0.917828653353444	2.7324434390964356
586	conventional	60	2	2	0.8786243131248138	2.1797956019800666
587	holistic	60	2	2	0.8879529445598789	2.840302143516047
587	conventional	60	0	0	0.9298091541325996	2.211212378014347
588	holistic	60	0	0	0.8755384445648953	2.6871598668268595
588	conventional	60	2	2	0.8930407234260206	2.213263842253065
589	holistic	60	0	0	0.869202717282865	2.548770638207797
589	conventional	60	4	4	0.8589181839425054	1.6251709188879555
590	holistic	60	1	1	0.8912356859295011	2.615860143252076
590	conventional	60	2	2	0.9536972073894899	3.177690159775846
591	holistic	60	0	0	0.9327107333796739	2.783044518575344
591	conventional	60	2	2	0.9045114228831023	2.6766831286879613
592	holistic	60	3	3	0.9003343170613979	3.1569453212926426
592	conventional	60	2	2	0.8829975842305348	2.514406639823085
593	holistic	60	0	0	0.9941547889864617	3.969452574917944
593	conventional	60	2	2	0.8692214960883068	1.7991284558936502
594	holistic	60	3	3	0.9382307521507722	2.982356517606697
594	conventional	60	2	2	0.8589651889366107	1.8535933906834055
595	holistic	60	2	2	0.8913530666371082	2.782012795605404
595	conventional	60	3	3	0.885462692631734	1.8273803796658505
596	holistic	60	1	1	0.9261026227824694	3.7476000663773505
596	conventional	60	0	0	0.9186291426558888	2.1735442302863737
597	holistic	60	0	0	0.8997313062302226	2.7438173439521516
597	conventional	60	1	1	0.8699884200616563	1.8902548392154839
598	holistic	60	3	3	0.8807139226774914	2.7110648696962825
598	conventional	60	0	0	0.9222229085425551	2.8474169402528755
599	holistic	60	2	2	0.910487384495776	2.5158718558580855
599	conventional	60	3	3	0.8515692858906921	2.466592794577781
