season	population	alive	births	deaths	mean_lifetime_score	best_lifetime_score	mean_age	max_age
0	holistic	60	0	0	0.039169246012567834	1.9113405008528297	30.616666666666667	59
0	conventional	60	0	0	0.36078432239806507	5.406370128278837	32.61666666666667	59
1	holistic	60	1	1	0.023575746366249966	1.0	30.616666666666667	59
1	conventional	60	1	1	0.2996179050011366	3.4067795432741743	32.61666666666667	59
2	holistic	60	1	1	0.03440020826742306	0.8640193706995954	30.616666666666667	59
2	conventional	60	3	3	0.2708952065420443	2.049821483292798	31.316666666666666	59
3	holistic	60	2	2	0.04976718978328818	0.8633473875371592	29.616666666666667	59
3	conventional	60	8	8	0.3542035494515653	1.914270020602928	25.866666666666667	57
4	holistic	60	2	2	0.052161627391294235	1.0637682023894706	28.616666666666667	59
4	conventional	60	4	4	0.3209914521351874	1.6173131417158373	25.266666666666666	58
5	holistic	60	2	2	0.0737518384830631	1.5303481843502302	28.55	57
5	conventional	60	5	5	0.5793666753944142	3.5787499725496916	26.1	59
6	holistic	59	4	5	0.12143775035844648	1.7209057444182438	28.983050847457626	58
6	conventional	60	3	3	0.5427441061385	2.514138864686671	25.683333333333334	58
7	holistic	60	3	2	0.1590948829371475	3.9260058173863563	29.366666666666667	59
7	conventional	60	3	3	0.5071237759024607	2.0128712934523847	25.583333333333332	58
8	holistic	60	3	3	0.1141858808717384	1.9296965490149869	28.033333333333335	59
8	conventional	60	6	6	0.46628038029941055	2.3566402947125753	24.0	59
9	holistic	60	4	4	0.16147690575868018	2.791950576652477	26.0	59
9	conventional	60	9	9	0.47367133461941363	1.9902230748585419	20.566666666666666	57
10	holistic	56	4	8	0.17368780217965324	3.124463639341162	22.875	59
10	conventional	60	3	3	0.5014332015212997	1.9197731046849569	20.416666666666668	58
11	holistic	28	4	32	0.3580625345536475	2.539387801197917	12.75	55
11	conventional	60	8	8	0.5270516966972857	1.8065848509271671	19.95	59
12	holistic	27	4	5	0.5103601105290428	2.7846069933703927	12.407407407407407	56
12	conventional	60	5	5	0.5355409266618113	2.4821460478212036	18.75	59
13	holistic	30	6	3	0.47005124200865084	2.7891931723177925	11.4	57
13	conventional	60	2	2	0.592584655931411	2.4357617411315937	18.716666666666665	59
14	holistic	35	8	3	0.5579761357440639	2.7768654256316196	8.8	51
14	conventional	60	7	7	0.5912253664297519	1.5155449446194118	16.483333333333334	58
15	holistic	40	8	3	0.41793242056931207	2.1623642867003827	7.1	52
15	conventional	60	2	2	0.6171789569754337	1.4407661245775976	17.35	59
16	holistic	46	9	3	0.5243918003924497	2.8024842075261676	6.8478260869565215	53
16	conventional	60	3	3	0.5817660058855002	1.884776406828037	16.316666666666666	59
17	holistic	54	10	2	0.4110157277940684	2.296067086512429	6.537037037037037	54
17	conventional	60	4	4	0.7002648702875037	5.147811160988543	16.016666666666666	59
18	holistic	58	7	3	0.41448785572627633	2.1284945019840342	6.775862068965517	55
18	conventional	60	4	4	0.6459632729513951	3.67670324741897	15.316666666666666	58
19	holistic	60	5	3	0.5887406342627647	5.857229587929616	7.316666666666666	56
19	conventional	60	1	1	0.6266703986172986	2.549470766433249	16.3	59
20	holistic	60	3	3	0.4747866660431897	3.350665247593857	8.116666666666667	57
20	conventional	60	6	6	0.5905419634493385	2.2445111584487996	15.833333333333334	56
21	holistic	60	9	9	0.4974727827050663	2.851100892233449	8.516666666666667	58
21	conventional	60	1	1	0.6927231534285097	3.3764717598955083	16.783333333333335	57
22	holistic	60	4	4	0.5436568742049617	2.6014369809733258	9.266666666666667	59
22	conventional	60	3	3	0.67316073650403	2.416175708962183	17.4	58
23	holistic	60	6	6	0.5976483824127053	2.7041575398784756	8.866666666666667	49
23	conventional	60	2	2	0.6622932998355704	1.9613754755162283	17.2	59
24	holistic	60	5	5	0.5837351896978317	1.9254178968094695	9.35	50
24	conventional	60	4	4	0.7977071864911155	6.392555090135026	17.033333333333335	56
25	holistic	60	5	5	0.6340536221936799	2.81627593616781	10.033333333333333	51
25	conventional	60	0	0	0.7635229166373402	2.8965091999536003	18.033333333333335	57
26	holistic	60	1	1	0.5468533111526956	1.7617451966866042	10.983333333333333	52
26	conventional	60	3	3	0.6662698689613041	2.067349093302224	18.183333333333334	58
27	holistic	60	4	4	0.611662369690725	1.9615243423013986	11.0	53
27	conventional	60	3	3	0.6270238740158196	1.7005559556808356	19.0	59
28	holistic	60	2	2	0.6651091379176386	1.9430661123098891	11.866666666666667	54
28	conventional	60	3	3	0.6418332723793657	1.616998790763704	18.9	54
29	holistic	60	7	7	0.6642805563296115	2.2950828148670968	11.933333333333334	55
29	conventional	60	1	1	0.6931684591228747	2.5155328338295253	19.883333333333333	55
30	holistic	60	2	2	0.7033614916857793	1.7764577762343843	12.533333333333333	56
30	conventional	60	2	2	0.6710469911999114	1.7875028899337357	20.566666666666666	56
31	holistic	60	3	3	0.719324102907894	1.9631999896455348	12.733333333333333	57
31	conventional	60	2	2	0.704943888014311	1.9504377582642414	21.483333333333334	57
32	holistic	60	2	2	0.7374093218984418	2.3332247266460726	13.6	58
32	conventional	60	0	0	0.6682045543303364	1.9151562484972615	22.483333333333334	58
33	holistic	60	5	5	0.7380855807777735	1.920198618195421	14.266666666666667	59
33	conventional	60	2	2	0.6714011990595061	1.7813844457216905	22.7	59
34	holistic	60	3	3	0.7370961894151866	1.671878798336826	13.2	28
34	conventional	60	3	3	0.6621742663996455	1.7086579601481664	21.566666666666666	55
35	holistic	60	2	2	0.7456478238791728	1.6507351157308532	14.066666666666666	29
35	conventional	60	2	2	0.6275997255918415	1.5973377168201108	21.616666666666667	56
36	holistic	60	1	1	0.7909228359835072	2.803651796480701	15.016666666666667	30
36	conventional	60	1	1	0.7128853568744212	3.3512417446994727	22.233333333333334	57
37	holistic	60	2	2	0.7844954254446626	1.5618303679018921	15.883333333333333	31
37	conventional	60	0	0	0.7428152474780941	1.8853750713478092	23.233333333333334	58
38	holistic	60	2	2	0.7835222363400303	1.6668003736990566	16.7	32
38	conventional	60	0	0	0.7087204254010516	2.060365927533746	24.233333333333334	59
39	holistic	60	0	0	0.8275722309326814	2.7985835413906566	17.7	33
39	conventional	60	2	2	0.7468061312498231	2.358941404473387	23.816666666666666	59
40	holistic	60	2	2	0.8272910827014912	2.796543960552518	18.55	34
40	conventional	60	1	1	0.7997966656450136	2.5172592631334436	23.816666666666666	59
41	holistic	60	2	2	0.7997391100639389	2.4667065545130273	19.433333333333334	35
41	conventional	60	1	1	0.6963674622801527	2.1322127844003025	23.816666666666666	58
42	holistic	60	0	0	0.8707295679669954	2.3698606895184104	20.433333333333334	36
42	conventional	60	2	2	0.7263078213669781	2.541457456350859	24.55	59
43	holistic	60	0	0	0.8471507271100028	2.0485712314023266	21.433333333333334	37
43	conventional	60	2	2	0.686903882840587	1.885942539895049	24.433333333333334	53
44	holistic	60	2	2	0.8296739920905001	2.241666006850962	22.3	38
44	conventional	60	0	0	0.725321285632432	1.6439149904952721	25.433333333333334	54
45	holistic	60	0	0	0.8527349146877382	1.99670845972366	23.3	39
45	conventional	60	1	1	0.7304697133006428	1.6377842190980167	26.2	55
46	holistic	60	0	0	0.8559573769596226	1.8859674081505424	24.3	40
46	conventional	60	1	1	0.7119147179341286	1.55533414148451	26.6	56
47	holistic	60	0	0	0.8430336541843068	1.7952250367170288	25.3	41
47	conventional	60	1	1	0.7318642830257229	1.4704435498002242	27.466666666666665	57
48	holistic	60	0	0	0.8495069083067072	1.6406795671649876	26.3	42
48	conventional	60	1	1	0.6962694644576979	1.6923631083778725	28.366666666666667	58
49	holistic	60	0	0	0.8506469588958231	1.5807208330306055	27.3	43
49	conventional	60	3	3	0.668000265922326	1.479634527870417	29.0	59
50	holistic	60	0	0	0.8434467340951297	1.4920840040056422	28.3	44
50	conventional	60	2	2	0.6696623523095374	1.6667517782090573	28.883333333333333	57
51	holistic	60	0	0	0.8589293602128097	1.562394199081625	29.3	45
51	conventional	60	2	2	0.7774745986257187	3.4280046654119243	29.816666666666666	58
52	holistic	60	0	0	0.8593131118349167	1.575939008121113	30.3	46
52	conventional	60	0	0	0.8233842185270092	2.432405793170023	30.816666666666666	59
53	holistic	60	0	0	0.8669410362250182	1.492758696412332	31.3	47
53	conventional	60	2	2	0.7686115348202173	1.8404659953990257	30.75	59
54	holistic	60	1	1	0.8709658228209438	1.5532214739812076	32.13333333333333	48
54	conventional	60	3	3	0.7412063276607265	1.9457447705806306	30.216666666666665	53
55	holistic	60	0	0	0.8851675021762213	1.5341963526354547	33.13333333333333	49
55	conventional	60	2	2	0.7506199037101312	1.8486350079286613	31.183333333333334	54
56	holistic	60	0	0	0.8598132610698505	1.4637370043611329	34.13333333333333	50
56	conventional	60	3	3	0.8434685174869826	6.447897879128742	32.016666666666666	55
57	holistic	60	0	0	0.8635031332086253	1.4821300956517633	35.13333333333333	51
57	conventional	60	1	1	0.803040771775069	3.449628974510204	32.983333333333334	56
58	holistic	60	0	0	0.8617908959662784	1.4491406149369068	36.13333333333333	52
58	conventional	60	2	2	0.7873878977910862	2.78903351305932	33.916666666666664	57
59	holistic	60	0	0	0.8644962421922934	1.4222598196155236	37.13333333333333	53
59	conventional	60	1	1	0.7799070725431909	1.9755777731913415	34.88333333333333	58
60	holistic	60	0	0	0.8613985747491826	1.4429547404766023	38.13333333333333	54
60	conventional	60	1	1	0.7471227801623218	1.8083674834343793	35.85	59
61	holistic	60	0	0	0.8646718118578108	1.4470013000146242	39.13333333333333	55
61	conventional	60	2	2	0.7360614876989179	1.8616712413372558	35.81666666666667	59
62	holistic	60	0	0	0.8694213323244693	1.426563834792812	40.13333333333333	56
62	conventional	60	5	5	0.7151829009143346	1.916541845478901	34.21666666666667	59
63	holistic	60	0	0	0.8648160222301886	1.4067643243821613	41.13333333333333	57
63	conventional	60	2	2	0.7921215834802762	3.922221792009501	34.18333333333333	59
64	holistic	60	0	0	0.8592128826212798	1.37583181183695	42.13333333333333	58
64	conventional	60	6	6	0.7762840436174773	2.7518762435486344	31.383333333333333	59
65	holistic	60	0	0	0.8877554463558829	1.4222818268548871	43.13333333333333	59
65	conventional	60	1	1	0.978058664886611	4.5986626684699745	31.383333333333333	59
66	holistic	60	2	2	0.8522265535164443	1.431848314248149	42.13333333333333	59
66	conventional	60	4	4	0.8583498726812111	3.1383944595147555	29.4	58
67	holistic	60	1	1	0.8878216975941996	3.810704820471333	42.13333333333333	58
67	conventional	60	1	1	0.8196944805960383	2.5817853865102802	30.25	59
68	holistic	60	0	0	0.893815746436727	2.8135665628485547	43.13333333333333	59
68	conventional	60	6	6	0.8293032789163252	2.5572689941280315	29.016666666666666	59
69	holistic	60	1	1	0.8800913127870185	1.8162873510346138	43.13333333333333	59
69	conventional	60	2	2	0.8251599624427032	2.4155435059188433	28.95	58
70	holistic	60	2	2	0.8590467934423565	2.067023958088654	42.13333333333333	59
70	conventional	60	0	0	0.9803017188657693	3.389725229236736	29.95	59
71	holistic	60	2	2	0.8879599854526248	2.416840675176927	41.13333333333333	59
71	conventional	60	3	3	0.9268155332121288	2.573213782438915	27.95	59
72	holistic	60	1	1	0.8476885962243508	1.9818692833014115	41.13333333333333	59
72	conventional	60	3	3	0.8201456273066081	2.082108460146517	26.2	59
73	holistic	60	3	3	0.8043892089944528	2.1009175949131325	39.13333333333333	59
73	conventional	60	3	3	0.8094604482814244	2.166992942988625	26.083333333333332	59
74	holistic	60	5	5	0.7863487277931277	1.8146191942058676	35.13333333333333	59
74	conventional	60	3	3	0.847090104968442	1.9557203815575865	25.033333333333335	59
75	holistic	60	6	6	0.7068268888851627	1.8153290987277921	31.933333333333334	59
75	conventional	60	5	5	0.8121237607247974	1.8151408455020475	23.95	59
76	holistic	60	4	4	0.6144427760445738	1.7160719894376257	29.816666666666666	59
76	conventional	60	3	3	0.7220213320654082	1.6344151884621754	21.95	59
77	holistic	60	3	3	0.6587082508628852	1.8158903051972275	27.883333333333333	59
77	conventional	60	6	6	0.6944065274276983	1.7087485223321117	19.833333333333332	59
78	holistic	60	7	7	0.6292817359391111	1.649286117957274	25.616666666666667	58
78	conventional	60	4	4	0.8332766556175261	4.476287862775495	19.733333333333334	59
79	holistic	60	1	1	0.626066874453169	1.52434853560661	26.55	59
79	conventional	60	4	4	0.858413947223257	2.481083434801105	19.483333333333334	59
80	holistic	60	4	4	0.6265337642512672	1.6016515982953403	26.316666666666666	59
80	conventional	60	1	1	0.8202018469477589	2.2458968290769694	19.483333333333334	58
81	holistic	60	5	5	0.6565362072103166	1.8610498410471055	25.066666666666666	59
81	conventional	60	1	1	0.88861739611219	2.3698332264382085	20.433333333333334	59
82	holistic	60	8	8	0.6954626368631255	2.006521076488919	23.683333333333334	59
82	conventional	60	2	2	0.9227086522824645	2.8608744041352745	20.383333333333333	59
83	holistic	60	5	5	0.6775452327292546	1.988488992060882	21.433333333333334	59
83	conventional	60	1	1	0.9477520811956375	2.4138367471495963	20.383333333333333	57
84	holistic	60	3	3	0.7970845839939862	5.769972414836669	20.366666666666667	59
84	conventional	60	2	2	0.9536308002120315	3.124119436431412	21.25	58
85	holistic	60	3	3	0.8198526844613246	2.7504761400596065	20.233333333333334	59
85	conventional	60	0	0	0.9123643307535085	2.771573789185809	22.25	59
86	holistic	60	5	5	0.7029876065311484	2.082991257627171	19.966666666666665	59
86	conventional	60	2	2	0.9121313955489714	3.529790052473693	22.216666666666665	59
87	holistic	60	5	5	0.7745621186312425	1.9391783747218458	18.816666666666666	58
87	conventional	60	2	2	0.8905133370067538	3.5063639822154613	22.066666666666666	57
88	holistic	60	2	2	0.8876869701316257	2.7733837530873617	19.633333333333333	59
88	conventional	60	1	1	0.8982168916018783	2.991027732559765	22.883333333333333	58
89	holistic	60	3	3	0.8683579240869256	2.790629920547877	18.566666666666666	59
89	conventional	60	0	0	0.9714581997440853	2.6972614413691827	23.883333333333333	59
90	holistic	60	2	2	0.8448340282032658	2.1918714789254445	18.5	58
90	conventional	60	2	2	0.9328422456553466	2.3641000875516966	23.833333333333332	57
91	holistic	60	3	3	0.919409854064618	2.82306993296442	18.533333333333335	59
91	conventional	60	1	1	0.9137482369340997	2.1856264195076727	24.75	58
92	holistic	60	3	3	0.8820797587550708	2.280189138354892	17.466666666666665	59
92	conventional	60	0	0	0.921269762732308	2.123496640116819	25.75	59
93	holistic	60	3	3	0.817641006582495	2.9477917995229492	16.4	59
93	conventional	60	2	2	0.8967311660247558	1.9136459697766595	25.7	59
94	holistic	60	3	3	0.7835375552896593	2.54756706417917	15.166666666666666	59
94	conventional	60	3	3	0.8115233659728812	1.7316128352142441	24.416666666666668	59
95	holistic	60	4	4	0.764887941468303	2.613019077196725	14.983333333333333	58
95	conventional	60	2	2	0.8740095583546986	2.705023789597706	23.416666666666668	56
96	holistic	60	1	1	0.7580467980500479	2.374429490331361	15.916666666666666	59
96	conventional	60	1	1	0.8249270744471277	1.701421038484551	24.383333333333333	57
97	holistic	60	1	1	0.759703191921935	2.1957904331367333	15.916666666666666	59
97	conventional	60	3	3	0.8961931439204758	3.463101238897343	25.266666666666666	58
98	holistic	60	3	3	0.7654528285712997	2.0574188261585302	15.783333333333333	57
98	conventional	60	0	0	0.9170439730802948	3.589400477191412	26.266666666666666	59
99	holistic	60	5	5	0.7587127680325774	1.8463898245046457	16.433333333333334	58
99	conventional	60	4	4	0.8645643470172525	1.628175848203152	25.566666666666666	58
100	holistic	60	2	2	0.8447998930377135	2.8887558175101913	17.283333333333335	59
100	conventional	60	1	1	0.9140546964584622	2.3994045163772597	26.033333333333335	59
101	holistic	60	1	1	0.8846819205884977	2.834096752610768	17.283333333333335	57
101	conventional	60	2	2	0.8343249054219946	1.898258715142641	26.0	58
102	holistic	60	0	0	0.8198690198846065	1.6794723544300176	18.283333333333335	58
102	conventional	60	2	2	0.8625342051569738	2.274585050242027	26.916666666666668	59
103	holistic	60	4	4	0.8008075217963334	1.6500633014335326	18.95	59
103	conventional	60	2	2	0.8461365661571516	2.4122753431453714	26.516666666666666	57
104	holistic	60	1	1	0.7979864925493757	1.5969576850277047	18.95	50
104	conventional	60	1	1	0.960528317039707	3.1584733245180914	27.4	58
105	holistic	60	1	1	0.8383237856698875	1.648302483873121	19.883333333333333	51
105	conventional	60	0	0	0.9335236924932975	2.5817101093436015	28.4	59
106	holistic	60	0	0	0.8770758933682204	2.183551868574919	20.883333333333333	52
106	conventional	60	2	2	0.9190519745604828	2.557635444952551	28.333333333333332	57
107	holistic	60	1	1	0.8696904149176808	1.8486475767288026	21.816666666666666	53
107	conventional	60	0	0	0.9123756098623037	2.4143808749970566	29.333333333333332	58
108	holistic	60	1	1	0.8831454584610595	1.8642633191099502	22.75	54
108	conventional	60	1	1	0.9226044221638612	2.4145026623081582	30.25	59
109	holistic	60	0	0	0.869968280336466	1.783843773897405	23.75	55
109	conventional	60	2	2	0.9530716767044909	2.1139938771548805	29.25	59
110	holistic	60	0	0	0.8699679366108785	1.7097326466401672	24.75	56
110	conventional	60	2	2	0.9208103993234321	1.9292235900443215	28.766666666666666	59
111	holistic	60	0	0	0.8524700776682388	1.6767526207357297	25.75	57
111	conventional	60	3	3	0.9025374128100263	1.8472318276969262	28.716666666666665	56
112	holistic	60	0	0	0.868738519998066	1.6460723022553743	26.75	58
112	conventional	60	1	1	0.8956933911206184	1.8016235805169134	29.683333333333334	57
113	holistic	60	0	0	0.8679337748191809	1.6835831991247943	27.75	59
113	conventional	60	1	1	0.885031330020556	1.7580936845656254	30.65	58
114	holistic	60	1	1	0.8788364834846752	1.7189807752925537	27.75	48
114	conventional	60	0	0	0.9453578809301558	1.8014312151477219	31.65	59
115	holistic	60	0	0	0.879203650691628	1.7522151332382074	28.75	49
115	conventional	60	2	2	0.9332139397624805	1.8416732585405404	31.583333333333332	59
116	holistic	60	0	0	0.8919431573946248	1.692500986825207	29.75	50
116	conventional	60	1	1	0.9030601034125394	1.8294072908609464	31.583333333333332	55
117	holistic	60	0	0	0.8828077946686991	1.6362839891873826	30.75	51
117	conventional	60	2	2	0.9191866911763052	1.8170570075648582	32.516666666666666	56
118	holistic	60	0	0	0.8722268736848541	1.6405643692539835	31.75	52
118	conventional	60	2	2	0.9044898389261546	1.7767270310449648	33.46666666666667	57
119	holistic	60	0	0	0.8730883609667685	1.5889059458637862	32.75	53
119	conventional	60	1	1	0.9113024406928012	1.741446608748598	34.43333333333333	58
120	holistic	60	1	1	0.8755340298740403	1.5671546949051613	33.55	54
120	conventional	60	1	1	0.9592164316639858	2.003620081244418	35.4	59
121	holistic	60	0	0	0.9500499233216895	4.87687307039699	34.55	55
121	conventional	60	1	1	0.9265876253839915	1.7273084213188101	35.4	59
122	holistic	60	0	0	0.9059010899038518	2.8822176931371377	35.55	56
122	conventional	60	2	2	0.901162995500458	1.6450404527982179	35.38333333333333	59
123	holistic	60	0	0	0.8886391970424001	1.8778806699717858	36.55	57
123	conventional	60	3	3	0.8580703842185796	1.6627981005180807	34.13333333333333	59
124	holistic	60	0	0	0.8862734845275781	1.624728940906859	37.55	58
124	conventional	60	5	5	0.7723554190222311	1.6328252985694973	30.133333333333333	58
125	holistic	60	0	0	0.8797357011528892	1.6760259082478033	38.55	59
125	conventional	60	1	1	0.8472261724325381	2.4328815655209635	31.083333333333332	59
126	holistic	60	2	2	0.8486953046608606	1.7078070661136862	37.55	56
126	conventional	60	3	3	0.8374083852810096	2.170239101663686	30.033333333333335	59
127	holistic	60	0	0	0.8579520772960355	1.5869521901393955	38.55	57
127	conventional	60	2	2	0.930092409154193	3.2798582486841585	29.966666666666665	59
128	holistic	60	0	0	0.8684609177706133	1.6217414281190174	39.55	58
128	conventional	60	4	4	0.853020159317389	1.773467835044798	27.95	59
129	holistic	60	0	0	0.863286557522992	1.5187567180600268	40.55	59
129	conventional	60	1	1	0.8426653512334926	1.76365079366616	27.95	58
130	holistic	60	3	3	0.8216668768115423	1.5037858695186095	39.483333333333334	59
130	conventional	60	3	3	0.832326448032269	1.7933225551786867	28.866666666666667	59
131	holistic	60	1	1	0.8556602269531932	1.8370847747489674	39.483333333333334	58
131	conventional	60	3	3	0.8800824108273863	2.371682840927627	28.633333333333333	59
132	holistic	60	0	0	0.9121740215535296	3.7657396644168326	40.483333333333334	59
132	conventional	60	6	6	0.8893630232124579	2.378484640911478	26.516666666666666	59
133	holistic	60	2	2	0.9107609990260586	3.2644587497075657	39.483333333333334	59
133	conventional	60	1	1	0.9450438155058737	2.3773991943942927	26.516666666666666	59
134	holistic	60	2	2	0.8631913390249593	2.4301262878597116	39.35	59
134	conventional	60	2	2	0.9199280512705188	2.131106297443327	26.383333333333333	59
135	holistic	60	4	4	0.8054827233771437	1.762950056669801	36.35	59
135	conventional	60	3	3	0.948042194294611	2.1760623893184343	25.3	59
136	holistic	60	2	2	0.7592853179342555	1.6170014883359678	35.35	59
136	conventional	60	1	1	0.9391829907280752	2.209397591625774	25.3	59
137	holistic	60	2	2	0.7379789928130419	1.763702711732429	34.35	57
137	conventional	60	3	3	0.8965842756603777	2.0942708157725707	24.25	59
138	holistic	60	2	2	0.8099448277360817	3.6710078107886144	35.21666666666667	58
138	conventional	60	4	4	0.9673554080017114	5.295984188446335	24.083333333333332	59
139	holistic	60	4	4	0.8550466341757388	2.733942816553628	35.95	59
139	conventional	60	2	2	1.018444180742622	3.317338678168924	23.083333333333332	59
140	holistic	60	3	3	0.805643078381645	1.672547785629438	34.88333333333333	59
140	conventional	60	1	1	0.9625268105460613	3.284580276121848	23.083333333333332	58
141	holistic	60	3	3	0.7998320288959095	2.7879269970237575	33.81666666666667	59
141	conventional	60	3	3	0.9245765031745524	2.7443337941808976	23.966666666666665	59
142	holistic	60	5	5	0.7885073832431224	2.2951919806326226	30.75	59
142	conventional	60	3	3	0.8582055534089703	2.8942042829231105	23.933333333333334	59
143	holistic	60	5	5	0.6791108820266062	1.7910252792820944	27.683333333333334	59
143	conventional	60	2	2	0.9334037183136098	2.4956465458090444	23.9	59
144	holistic	60	3	3	0.7117044995538702	1.791294853375711	27.55	59
144	conventional	60	2	2	0.9272739272817181	2.3520013040867163	23.733333333333334	58
145	holistic	60	2	2	0.7560128213766759	1.9894077854276937	27.5	59
145	conventional	60	1	1	0.8860006342577208	2.3696470229917814	24.616666666666667	59
146	holistic	60	6	6	0.7409014398218524	1.878405565591604	24.366666666666667	59
146	conventional	60	4	4	0.8927069236599139	2.0476179274752964	24.516666666666666	59
147	holistic	60	8	8	0.8446734084461524	3.837741875532367	21.75	59
147	conventional	60	2	2	0.9315732350691291	4.556252917461963	24.433333333333334	59
148	holistic	60	2	2	0.8625972129935884	1.8888314026339716	21.683333333333334	59
148	conventional	60	1	1	0.940267687134212	3.062014973984283	24.433333333333334	57
149	holistic	60	2	2	0.8347604714647393	1.870661097458051	20.683333333333334	59
149	conventional	60	1	1	0.9630515981881114	2.312559225407336	25.4	58
150	holistic	60	5	5	0.8078911078352307	1.8997053868050766	19.483333333333334	59
150	conventional	60	1	1	0.9192117146450836	2.063461518109448	26.0	59
151	holistic	60	4	4	0.8176503478485292	1.890895685701157	19.283333333333335	59
151	conventional	60	1	1	0.9079298389924186	2.1641819282869057	26.0	58
152	holistic	60	1	1	0.9257774225787218	1.9044865997515004	19.283333333333335	59
152	conventional	60	2	2	0.869634083419312	1.8981448122123397	26.416666666666668	59
153	holistic	60	3	3	0.9382177540862323	3.3656669058849946	19.15	59
153	conventional	60	6	6	0.8250001766996106	1.9929991036469918	25.083333333333332	59
154	holistic	60	3	3	0.8990881201795846	2.8641018889376872	19.016666666666666	57
154	conventional	60	1	1	0.9321770311624643	3.3841356812148264	25.083333333333332	58
155	holistic	60	1	1	0.884021530517339	2.6393616603947208	19.75	58
155	conventional	60	3	3	0.9100469013414328	2.2905533856287343	25.916666666666668	59
156	holistic	60	0	0	0.9250145472336212	3.1506887751738946	20.75	59
156	conventional	60	5	5	0.9215125507729578	3.42531354573174	25.483333333333334	59
157	holistic	60	3	3	0.8658123509066614	2.6496410618558683	20.616666666666667	59
157	conventional	60	1	1	0.9073036954979586	2.7010740539951184	25.483333333333334	58
158	holistic	60	3	3	0.8289268522264795	2.1521714047005442	19.55	59
158	conventional	60	3	3	0.8775292109809706	2.1907581235523814	26.266666666666666	59
159	holistic	60	3	3	1.0016259799537612	6.678851947526782	18.416666666666668	59
159	conventional	60	5	5	0.8316173976633664	1.8992001555881601	25.166666666666668	58
160	holistic	60	2	2	0.9389225541873277	4.295485505132189	17.416666666666668	57
160	conventional	60	2	2	0.8326929275019297	2.138930908435437	26.1	59
161	holistic	60	1	1	0.9535149834898277	4.7946703831573485	18.35	58
161	conventional	60	3	3	0.8350063880838847	2.73871863726086	25.066666666666666	59
162	holistic	60	0	0	0.9026877187614596	3.5419671914345527	19.35	59
162	conventional	60	5	5	0.8308559161421705	2.813584302552858	24.15	59
163	holistic	60	5	5	0.8389005552473262	2.7914045803809135	17.216666666666665	58
163	conventional	60	3	3	0.7726334581558141	2.7600154923187215	24.033333333333335	59
164	holistic	60	0	0	0.8265197126077566	2.2863659086062045	18.216666666666665	59
164	conventional	60	2	2	0.8000553027346162	2.617546798250248	23.983333333333334	58
165	holistic	60	1	1	0.8283697777950333	2.0705425439427976	18.216666666666665	58
165	conventional	60	2	2	0.841108090375324	2.587192053149801	24.9	59
166	holistic	60	1	1	0.8266103363332943	1.9095519531300462	19.166666666666668	59
166	conventional	60	3	3	0.8422419547666794	2.48703098640139	23.783333333333335	57
167	holistic	60	4	4	0.8212274065138937	1.9000795157876027	18.966666666666665	53
167	conventional	60	1	1	0.9204920514432949	4.407083116116698	24.716666666666665	58
168	holistic	60	0	0	0.8305273850000385	1.9872229638211567	19.966666666666665	54
168	conventional	60	2	2	0.938856810949985	3.923139031329378	25.583333333333332	59
169	holistic	60	2	2	0.8424979890805777	1.967266383562607	20.85	55
169	conventional	60	3	3	0.9173573260869844	2.7558497334828886	25.45	58
170	holistic	60	1	1	0.8539708956564446	1.8483128557136286	21.8	56
170	conventional	60	1	1	0.9115354724859416	2.6817345338196237	26.433333333333334	59
171	holistic	60	0	0	0.9400000374231304	2.5841031745868484	22.8	57
171	conventional	60	2	2	0.904663843846929	2.426796464945685	26.333333333333332	59
172	holistic	60	0	0	0.9172599807451076	1.8473593739707486	23.8	58
172	conventional	60	2	2	0.9169562832530017	2.3552262536964026	26.3	59
173	holistic	60	1	1	0.9169152244776257	1.6146209720242104	24.733333333333334	59
173	conventional	60	1	1	0.9514912507941318	2.5423110417403194	26.3	55
174	holistic	60	1	1	0.9435869400373053	1.9044736619009714	24.733333333333334	54
174	conventional	60	0	0	1.0444708272225045	3.5917759442274257	27.3	56
175	holistic	60	0	0	0.9380953300169708	2.3911950200315175	25.733333333333334	55
175	conventional	60	0	0	0.9852392585353483	2.584873997902993	28.3	57
176	holistic	60	0	0	0.9391993786578371	1.721617869142945	26.733333333333334	56
176	conventional	60	0	0	0.9637790748479815	2.121293816653887	29.3	58
177	holistic	60	0	0	0.9573545897944998	1.6138782583526647	27.733333333333334	57
177	conventional	60	1	1	0.9561813887129721	2.1398333284332427	30.2	59
178	holistic	60	0	0	0.9543268226495614	1.5169026800730543	28.733333333333334	58
178	conventional	60	1	1	0.92363996038081	1.937239561259141	30.2	59
179	holistic	60	0	0	0.9580378207123186	1.5458186638482971	29.733333333333334	59
179	conventional	60	1	1	1.025475919612192	3.201042151632756	30.2	59
180	holistic	60	1	1	0.9299905660650574	1.5202413943184738	29.733333333333334	50
180	conventional	60	1	1	1.0287489659794842	3.3704805370085857	30.2	58
181	holistic	60	0	0	0.9370721827081973	1.5744022346657898	30.733333333333334	51
181	conventional	60	0	0	1.0449647579500563	2.877161755195443	31.2	59
182	holistic	60	0	0	0.937713873661288	1.5841242568963705	31.733333333333334	52
182	conventional	60	1	1	1.0347768244054059	2.9102125266278804	31.2	59
183	holistic	60	0	0	0.9200668060086967	1.5163344789172086	32.733333333333334	53
183	conventional	60	1	1	0.9688240436854229	1.9917563528108984	31.2	59
184	holistic	60	0	0	0.927393850670165	1.4906158011595865	33.733333333333334	54
184	conventional	60	3	3	0.9050065004661262	1.8709632537136425	29.2	59
185	holistic	60	0	0	0.9321010631216619	1.5025199025511922	34.733333333333334	55
185	conventional	60	1	1	0.9049889648611954	3.335124331146698	29.2	59
186	holistic	60	0	0	0.9260021686944608	1.4486280550341133	35.733333333333334	56
186	conventional	60	2	2	0.9059848435281679	3.911251801700173	29.166666666666668	59
187	holistic	60	0	0	0.9176553443203922	1.5279188805446917	36.733333333333334	57
187	conventional	60	3	3	0.8580414221879639	2.7043923772694995	29.05	57
188	holistic	60	0	0	0.9155786752268449	1.537280198796118	37.733333333333334	58
188	conventional	60	3	3	0.9008034843795265	2.164993450284426	29.916666666666668	58
189	holistic	60	0	0	0.9155970723875977	1.5461242849018217	38.733333333333334	59
189	conventional	60	0	0	0.9481582462967298	2.3576558679464203	30.916666666666668	59
190	holistic	60	2	2	0.8865262036847933	1.523851331519312	37.733333333333334	59
190	conventional	60	1	1	0.932842518004396	2.223104969774719	30.916666666666668	59
191	holistic	60	1	1	0.9189524366414886	2.8628715053182123	37.733333333333334	58
191	conventional	60	2	2	0.8966936902199865	2.1203867068889997	29.916666666666668	59
192	holistic	60	0	0	0.9463598373724715	2.363833622211108	38.733333333333334	59
192	conventional	60	6	6	0.8000563226878677	2.0317409446525847	25.9	57
193	holistic	60	2	2	0.8876843268733625	1.65977814208519	37.733333333333334	57
193	conventional	60	2	2	0.8405885656665403	2.509355520528324	26.766666666666666	58
194	holistic	60	0	0	0.9213216642585722	2.958520065298583	38.733333333333334	58
194	conventional	60	3	3	0.852480255847951	2.2269545955723897	27.666666666666668	59
195	holistic	60	0	0	0.8901305827112572	1.563323437458007	39.733333333333334	59
195	conventional	60	2	2	0.9409095231826687	4.309573524157388	26.666666666666668	58
196	holistic	60	1	1	0.9005184877162993	1.544427278991444	39.733333333333334	59
196	conventional	60	4	4	0.8871736972419616	3.3154403091490505	26.916666666666668	59
197	holistic	60	2	2	0.8672522419694119	1.5014837042048617	39.666666666666664	59
197	conventional	60	4	4	0.8599528334318616	2.3266562327545195	25.85	59
198	holistic	60	2	2	0.8958054326312476	1.790526705096159	39.63333333333333	59
198	conventional	60	2	2	0.8309564678505076	2.0833671277386223	24.85	58
199	holistic	60	1	1	0.861849529988244	1.4452920222656378	39.63333333333333	59
199	conventional	60	3	3	0.9773696311721722	6.491064542782618	25.733333333333334	59
200	holistic	60	1	1	0.9050519769382764	2.9551350459222556	39.63333333333333	59
200	conventional	60	1	1	0.9980808566764201	4.483777128449529	25.733333333333334	58
201	holistic	60	4	4	0.8261679929926145	1.4850877718911664	37.56666666666667	59
201	conventional	60	2	2	0.8976170295736182	2.8369978233275757	26.5	59
202	holistic	60	3	3	0.8153450283974253	1.799788502244559	36.5	59
202	conventional	60	4	4	0.8205324447785479	2.2630383877051834	25.45	58
203	holistic	60	2	2	0.8008147844129445	1.8089396499178367	35.5	59
203	conventional	60	3	3	0.861095026789669	1.91813568185619	26.383333333333333	59
204	holistic	60	3	3	0.7471026865624244	1.5279532798353859	34.43333333333333	59
204	conventional	60	1	1	0.863601110703382	1.6902161794403794	26.383333333333333	58
205	holistic	60	5	5	0.7406376144802517	1.8121355247335067	33.266666666666666	59
205	conventional	60	1	1	0.9305072690311894	2.588271971623503	27.35	59
206	holistic	60	5	5	0.7660494045604658	2.562456112146208	31.05	59
206	conventional	60	2	2	0.8765099950580173	1.784761925791164	27.333333333333332	58
207	holistic	60	6	6	0.9093014394119154	3.7953818602988854	26.983333333333334	59
207	conventional	60	2	2	0.8889188283175858	1.8990050708126383	28.183333333333334	59
208	holistic	60	3	3	0.8048889183410605	2.9770434215306056	25.916666666666668	58
208	conventional	60	2	2	0.848111513702433	1.8095902236916959	28.1	55
209	holistic	60	1	1	0.8260722397143107	2.953322517544026	26.85	59
209	conventional	60	2	2	0.9823325937761385	3.387846159892621	29.016666666666666	56
210	holistic	60	4	4	0.8243423610725723	2.936153381001658	24.766666666666666	59
210	conventional	60	0	0	1.025040891320222	3.374455437105023	30.016666666666666	57
211	holistic	60	5	5	0.7880305227810546	2.811300102465621	22.633333333333333	59
211	conventional	60	0	0	1.0108946438283035	1.902223465669728	31.016666666666666	58
212	holistic	60	2	2	0.782534281886733	2.911878768016005	22.566666666666666	59
212	conventional	60	0	0	0.9996510802357672	2.058290518651779	32.016666666666666	59
213	holistic	60	2	2	0.8053366756406157	2.832947529701256	22.5	59
213	conventional	60	3	3	0.9291779030042214	2.340928855746171	30.016666666666666	59
214	holistic	60	3	3	0.7807429673076169	2.7283955400350997	21.433333333333334	59
214	conventional	60	1	1	0.8806776292159593	1.7699071840150224	30.016666666666666	59
215	holistic	60	4	4	0.7279803144039395	2.5041326143486904	21.233333333333334	58
215	conventional	60	3	3	0.8500372411724447	1.6521183139920625	28.983333333333334	59
216	holistic	60	1	1	0.7342085604112562	2.526032376056442	22.033333333333335	59
216	conventional	60	3	3	0.7590119352059325	1.6266228526672177	26.983333333333334	57
217	holistic	60	3	3	0.7486203022391564	2.4115997381102314	20.966666666666665	59
217	conventional	60	3	3	0.8013859982843076	1.7141223032174397	27.85	58
218	holistic	60	5	5	0.7011237083116808	2.249129572529707	18.766666666666666	59
218	conventional	60	0	0	0.9756452044020272	3.6015386167604593	28.85	59
219	holistic	60	2	2	0.6925614441133373	2.3414614547913777	18.7	59
219	conventional	60	2	2	0.9118333080793622	2.131141563777894	28.8	58
220	holistic	60	2	2	0.7210871949415504	2.4791333178985897	17.7	59
220	conventional	60	2	2	0.870139955623353	1.7237190453424727	29.7	59
221	holistic	60	3	3	0.7264134298420243	2.338630279723405	17.566666666666666	58
221	conventional	60	3	3	0.8385368556385947	1.6992879563546113	28.666666666666668	59
222	holistic	60	5	5	0.7676760993147176	2.262232299531754	18.066666666666666	59
222	conventional	60	2	2	0.7954539378905707	1.6762970478800003	27.666666666666668	59
223	holistic	60	2	2	0.9069921049796181	3.894529790068129	18.0	56
223	conventional	60	3	3	0.7913929265018605	1.7090969551643695	27.583333333333332	59
224	holistic	60	1	1	0.8902895373872836	2.5874727671780327	18.833333333333332	57
224	conventional	60	4	4	0.9224427739287496	7.430790893268799	26.516666666666666	58
225	holistic	60	2	2	0.8859728881844178	2.5556637650810754	19.55	58
225	conventional	60	1	1	0.9686169514605016	4.399465358616178	27.483333333333334	59
226	holistic	60	1	1	0.9268370758084862	2.1855179409032095	20.483333333333334	59
226	conventional	60	4	4	0.9084069478961534	3.893972961895132	26.416666666666668	59
227	holistic	60	3	3	0.9227222413797975	2.8611470062496154	18.483333333333334	58
227	conventional	60	1	1	0.9985498361037923	4.514136821359662	26.416666666666668	59
228	holistic	60	0	0	0.8744496585172444	2.1991954026799205	19.483333333333334	59
228	conventional	60	2	2	0.8698404313783391	3.881797355664155	26.35	59
229	holistic	60	2	2	0.8806968288703207	2.1256878726287534	19.416666666666668	59
229	conventional	60	6	6	0.9838021429693569	3.7792776262856265	25.066666666666666	58
230	holistic	60	2	2	0.9186782968763596	2.853937419775874	19.366666666666667	57
230	conventional	60	0	0	0.923471063076483	3.0508422933585275	26.066666666666666	59
231	holistic	60	1	1	0.8940109799135583	2.0488428493472908	20.3	58
231	conventional	60	3	3	0.9146008690882224	2.83096352353156	26.0	59
232	holistic	60	0	0	0.9143247832838506	1.946894714613678	21.3	59
232	conventional	60	3	3	0.9114908386273228	2.512609805115666	24.95	59
233	holistic	60	2	2	0.8992626262811262	1.913402682976652	21.233333333333334	59
233	conventional	60	2	2	0.8334197958406173	2.3881467853826917	24.883333333333333	56
234	holistic	60	1	1	0.9222860900460538	3.699160620193345	21.233333333333334	54
234	conventional	60	1	1	0.8658382178988454	2.533810367362939	25.85	57
235	holistic	60	0	0	0.9058873961358097	1.9375693231471756	22.233333333333334	55
235	conventional	60	2	2	0.9278116553476081	4.473561929563816	26.483333333333334	58
236	holistic	60	0	0	0.8870294134072729	1.8750220144879866	23.233333333333334	56
236	conventional	60	0	0	0.9451012232464036	4.411462963115227	27.483333333333334	59
237	holistic	60	1	1	0.8888447852601279	1.9591830238537125	24.166666666666668	57
237	conventional	60	2	2	0.9245990730512867	4.37289699970081	27.4	59
238	holistic	60	0	0	0.8568597201838257	1.9271887051165488	25.166666666666668	58
238	conventional	60	3	3	0.8925668769351945	3.732997120882615	27.183333333333334	59
239	holistic	60	0	0	0.885354423447285	1.8702618647695466	26.166666666666668	59
239	conventional	60	1	1	1.019872584108304	5.228529860104472	27.183333333333334	59
240	holistic	60	1	1	0.8505258954501219	1.9477256897647053	26.166666666666668	50
240	conventional	60	1	1	0.9007863029699824	2.415865201937954	27.183333333333334	57
241	holistic	60	0	0	0.8433653451319719	1.8930138390867761	27.166666666666668	51
241	conventional	60	0	0	0.8935125375535138	1.8341763704882705	28.183333333333334	58
242	holistic	60	0	0	0.8513267945841768	1.8408276534072041	28.166666666666668	52
242	conventional	60	0	0	0.8450977985022632	1.8752688933313129	29.183333333333334	59
243	holistic	60	0	0	0.8327967777341784	1.8159427845298115	29.166666666666668	53
243	conventional	60	1	1	0.8227350283890206	1.9301751989343836	29.183333333333334	59
244	holistic	60	1	1	0.8433281691606693	1.7681991006832294	30.1	54
244	conventional	60	1	1	0.8351785715418902	1.8390601473491646	29.183333333333334	57
245	holistic	60	0	0	0.8791251548867266	1.912324288176703	31.1	55
245	conventional	60	2	2	0.8345653224871091	1.858282358890637	29.9	58
246	holistic	60	0	0	0.8743615497595757	1.747497548086547	32.1	56
246	conventional	60	0	0	0.9073725699270392	3.3829599640334083	30.9	59
247	holistic	60	0	0	0.8651067078288206	1.7044649275509616	33.1	57
247	conventional	60	2	2	0.8248690483079285	1.8725076635098232	29.9	59
248	holistic	60	0	0	0.8860972182861969	1.706793966780712	34.1	58
248	conventional	60	2	2	0.7996740745776673	1.6899731875784771	28.9	56
249	holistic	60	0	0	0.8738510862335025	1.666472201683973	35.1	59
249	conventional	60	0	0	0.8086518048783041	2.2209519157030098	29.9	57
250	holistic	60	2	2	0.8744664470241863	1.6695834518433335	34.1	59
250	conventional	60	2	2	0.8239998268079186	1.7330005565586084	30.816666666666666	58
251	holistic	60	1	1	0.8494668988177847	1.631525744386631	34.1	58
251	conventional	60	1	1	0.863723712580312	2.6507774849766843	31.7	59
252	holistic	60	0	0	0.8655274442704675	1.6752572420909349	35.1	59
252	conventional	60	3	3	0.8578071454122242	3.488666557112309	29.7	58
253	holistic	60	1	1	0.8516325424025538	1.6778695445822647	35.1	55
253	conventional	60	0	0	0.8491835885920004	2.503991962787248	30.7	59
254	holistic	60	0	0	0.8764842626885235	1.7396141086376669	36.1	56
254	conventional	60	5	5	0.766112549801978	1.6687811151269407	28.45	58
255	holistic	60	0	0	0.888624457233877	1.703271999687496	37.1	57
255	conventional	60	1	1	0.7934137366201995	1.6093233683804857	29.4	59
256	holistic	60	0	0	0.8974765311167662	1.6868540463315154	38.1	58
256	conventional	60	6	6	0.7717942582203321	1.598210330489892	27.266666666666666	59
257	holistic	60	1	1	0.9292634699376653	2.411145069035236	39.03333333333333	59
257	conventional	60	4	4	0.8075862993468791	2.425460812648166	25.75	59
258	holistic	60	2	2	0.8978314675460461	2.19784357510092	38.9	59
258	conventional	60	6	6	0.8744217790790321	2.93901566207754	25.516666666666666	59
259	holistic	60	1	1	0.9083812973068749	2.1627389003497495	38.9	58
259	conventional	60	3	3	0.8314825427832484	2.1037297216683584	23.516666666666666	57
260	holistic	60	0	0	0.9454217303807374	2.467499837380544	39.9	59
260	conventional	60	3	3	0.891703498312867	2.9375733988593007	24.433333333333334	58
261	holistic	60	2	2	0.9248282222097566	2.31146831687039	38.9	59
261	conventional	60	2	2	0.9401191993552129	2.6353636597469063	25.35	59
262	holistic	60	3	3	0.8870557435739062	2.2764222386499666	37.833333333333336	58
262	conventional	60	2	2	0.9184757190274833	2.2674299565320424	25.316666666666666	58
263	holistic	60	0	0	0.9588076566008774	3.6852632602549065	38.833333333333336	59
263	conventional	60	2	2	0.8952972997671476	2.1999818291940763	26.2	59
264	holistic	60	1	1	0.9156125421082653	2.690392050760388	38.833333333333336	59
264	conventional	60	2	2	0.8721755969380856	1.9370884590794062	26.116666666666667	58
265	holistic	60	4	4	0.8562229425697977	1.9839430850313404	36.766666666666666	59
265	conventional	60	1	1	0.9296685666341379	2.8683734755677803	26.966666666666665	59
266	holistic	60	6	6	0.8242571962641155	2.0502312332303365	32.7	59
266	conventional	60	3	3	0.9391354192070911	2.038451119219556	26.866666666666667	59
267	holistic	60	4	4	0.8147559650829386	2.115248181898669	29.7	59
267	conventional	60	2	2	0.9075404083380352	1.8017126902877962	26.833333333333332	59
268	holistic	60	3	3	0.8581532203667055	2.047161775551288	29.583333333333332	58
268	conventional	60	2	2	0.8903080420707657	1.8961542396365942	25.833333333333332	59
269	holistic	60	3	3	0.8649989878737776	1.9174669264785795	30.4	59
269	conventional	60	4	4	0.9282700489155176	2.382570624070751	24.783333333333335	56
270	holistic	60	3	3	0.7758901292928161	1.81182808410024	29.333333333333332	59
270	conventional	60	0	0	0.8898901888561519	1.6289467202421735	25.783333333333335	57
271	holistic	60	4	4	0.7223011852007105	1.7165437833347386	28.166666666666668	59
271	conventional	60	1	1	0.8788906886256048	1.8334181081714387	26.75	58
272	holistic	60	2	2	0.754319898922212	2.3718793819846034	28.1	59
272	conventional	60	1	1	0.880282451381465	1.6622750580756687	27.583333333333332	59
273	holistic	60	5	5	0.805975701398518	2.818106424403191	27.85	59
273	conventional	60	3	3	0.8513518711972774	1.8303325234327694	27.483333333333334	59
274	holistic	60	2	2	0.9041092557838248	2.9158401178317472	27.733333333333334	59
274	conventional	60	1	1	0.8966185263756403	2.507527067214013	27.483333333333334	58
275	holistic	60	6	6	0.9112937395426516	2.3599985790185185	25.466666666666665	59
275	conventional	60	2	2	0.8975478877980752	1.9982573084710138	28.4	59
276	holistic	60	2	2	0.9746723186393665	2.915109070429952	25.416666666666668	59
276	conventional	60	2	2	0.9536098031157773	4.400663226654616	27.4	59
277	holistic	60	1	1	0.9064372675335323	2.9846976440939255	25.416666666666668	59
277	conventional	60	3	3	0.8429645009268497	1.8851208135433963	26.383333333333333	57
278	holistic	60	1	1	0.9274663802595625	3.8300858556372535	25.416666666666668	59
278	conventional	60	3	3	0.9092660996191244	2.0671253973599906	27.316666666666666	58
279	holistic	60	4	4	0.8962465888723802	2.8415489042571123	24.95	59
279	conventional	60	0	0	0.9104660760326057	1.8931470370720842	28.316666666666666	59
280	holistic	60	3	3	0.9029023650611314	3.2627743433269663	23.883333333333333	59
280	conventional	60	1	1	0.9054122569167197	1.6573194715615842	28.316666666666666	58
281	holistic	60	2	2	0.955543215231531	3.417223447854364	22.883333333333333	59
281	conventional	60	0	0	0.9387703013379027	1.888685541902375	29.316666666666666	59
282	holistic	60	4	4	0.8550602257506059	3.1814223478268544	19.883333333333333	59
282	conventional	60	2	2	0.8720375965587439	1.6786419761923845	28.316666666666666	59
283	holistic	60	5	5	0.8734056673502176	2.984531661629571	18.683333333333334	59
283	conventional	60	2	2	0.8576056262100472	1.898594785654074	28.233333333333334	59
284	holistic	60	1	1	0.9663488245118332	4.7801770494020435	18.683333333333334	59
284	conventional	60	5	5	0.8121657509254288	1.845480384209854	28.1	58
285	holistic	60	2	2	0.9552909971486356	4.280914527609099	18.616666666666667	59
285	conventional	60	0	0	0.964759611463019	3.324631593127795	29.1	59
286	holistic	60	2	2	1.0062922751070036	3.7820084061664168	18.566666666666666	59
286	conventional	60	2	2	0.9337141766933228	2.2564898810854666	28.1	58
287	holistic	60	2	2	1.0698628160435648	3.2809701707889216	18.5	58
287	conventional	60	0	0	1.0104411586693607	2.258167416997256	29.1	59
288	holistic	60	1	1	1.0327456063153322	3.381150293852051	19.433333333333334	59
288	conventional	60	1	1	0.9673025299212441	2.508216879139594	29.1	59
289	holistic	60	2	2	1.0159857050944145	2.781550320306495	19.166666666666668	59
289	conventional	60	2	2	0.9242786536261488	2.4580633198708717	28.1	58
290	holistic	60	3	3	1.0314614549749987	2.554464373680199	18.1	59
290	conventional	60	1	1	0.9667470012158683	2.7589381807846785	29.066666666666666	59
291	holistic	60	1	1	1.036252761076501	2.567040208966487	18.1	58
291	conventional	60	2	2	0.9096664471379319	2.2590502510064727	28.066666666666666	59
292	holistic	60	0	0	1.015305110363493	2.578884602689092	19.1	59
292	conventional	60	1	1	0.9877675780421442	5.507997298064043	28.066666666666666	59
293	holistic	60	2	2	1.008082361154772	2.6349339935678278	19.033333333333335	59
293	conventional	60	1	1	0.9740556178526051	3.505728573943246	28.066666666666666	59
294	holistic	60	3	3	0.9842742732135131	2.642760073273445	18.9	57
294	conventional	60	1	1	0.8944033629393876	2.8400240626633533	28.066666666666666	59
295	holistic	60	2	2	1.069877003115647	2.8546231979744996	19.5	58
295	conventional	60	2	2	0.8446471997524744	2.2558878520796184	27.066666666666666	58
296	holistic	60	0	0	1.1157586550253744	3.7686712545042265	20.5	59
296	conventional	60	2	2	0.8280466318997756	2.0885126000000116	27.966666666666665	59
297	holistic	60	2	2	1.0810818131554472	2.7771064494530573	20.25	53
297	conventional	60	2	2	0.8980197305201586	2.029225987182119	27.833333333333332	59
298	holistic	60	1	1	1.0571483630591911	2.6675821635552706	21.183333333333334	54
298	conventional	60	3	3	0.9397875490838498	3.375456250766713	25.833333333333332	59
299	holistic	60	0	0	1.077397563733521	2.6374615189446806	22.183333333333334	55
299	conventional	60	1	1	0.9456390136387471	3.4379747611290212	25.833333333333332	54
300	holistic	60	0	0	1.0746511502154752	2.54029707177643	23.183333333333334	56
300	conventional	60	0	0	0.9545088700227867	3.1873967925092215	26.833333333333332	55
301	holistic	60	2	2	1.0654232794956777	2.482890188194659	23.916666666666668	57
301	conventional	60	3	3	0.9230671568814167	2.433017712307449	27.633333333333333	56
302	holistic	60	1	1	1.147603142103726	3.858431735601548	24.85	58
302	conventional	60	0	0	0.9591960701322261	3.546147051390085	28.633333333333333	57
303	holistic	60	0	0	1.1451560965577534	3.353666584209255	25.85	59
303	conventional	60	1	1	1.0022485413622975	2.8583940947495354	29.6	58
304	holistic	60	1	1	1.0901456306956745	2.519298620054544	25.85	54
304	conventional	60	0	0	1.021932876361053	4.019989459280189	30.6	59
305	holistic	60	0	0	1.0884836252468886	2.257528735136823	26.85	55
305	conventional	60	2	2	0.9786802822368891	3.1043545849785206	29.6	58
306	holistic	60	0	0	1.095013014131697	2.3305207841364153	27.85	56
306	conventional	60	0	0	0.9515599461623352	2.554979375698044	30.6	59
307	holistic	60	0	0	1.0880423608920728	2.343946422371471	28.85	57
307	conventional	60	2	2	0.939103617175686	2.3553650450958803	30.566666666666666	59
308	holistic	60	0	0	1.0930332742070081	2.302585674447478	29.85	58
308	conventional	60	1	1	0.9998833202442551	3.4751823175101766	30.566666666666666	58
309	holistic	60	0	0	1.088508760171136	2.2896963196035713	30.85	59
309	conventional	60	0	0	0.9910604869631581	2.7830291623024523	31.566666666666666	59
310	holistic	60	1	1	1.0694317766143682	2.2777359815350717	30.85	59
310	conventional	60	1	1	0.9517042938123882	2.301242736946242	31.566666666666666	58
311	holistic	60	1	1	1.0349926239578493	2.2410338632523437	30.85	54
311	conventional	60	0	0	0.9264426580348263	2.475834971932179	32.56666666666667	59
312	holistic	60	0	0	1.040784078650032	2.1819374110692165	31.85	55
312	conventional	60	3	3	0.9028269500298165	1.8765203038759288	32.38333333333333	58
313	holistic	60	0	0	1.046664499362487	2.125630814074802	32.85	56
313	conventional	60	0	0	0.8583026986872155	1.7123002445149196	33.38333333333333	59
314	holistic	60	0	0	1.0439553536424133	2.0719372400670366	33.85	57
314	conventional	60	3	3	0.8498203657546808	1.8718207317233786	31.383333333333333	58
315	holistic	60	1	1	1.0540242337876735	2.1113977734207516	34.78333333333333	58
315	conventional	60	0	0	0.8627988498855068	2.6844864430997384	32.38333333333333	59
316	holistic	60	0	0	1.137192037475118	3.7840844526507067	35.78333333333333	59
316	conventional	60	4	4	0.8443272404605451	1.8498269410569212	31.316666666666666	59
317	holistic	60	1	1	1.0790632777421991	2.283310768543603	35.78333333333333	59
317	conventional	60	3	3	0.947624606322066	3.415233466260874	30.15	59
318	holistic	60	1	1	1.1048092176162971	2.91990409509754	35.78333333333333	57
318	conventional	60	5	5	0.979985692091957	4.528989419124569	28.05	59
319	holistic	60	0	0	1.1310910053332865	2.8960186814344984	36.78333333333333	58
319	conventional	60	1	1	1.0298536918496695	4.42378313986646	28.05	59
320	holistic	60	0	0	1.1121783779266663	2.0734153270710336	37.78333333333333	59
320	conventional	60	2	2	0.9658237389554784	4.432237200878824	28.016666666666666	59
321	holistic	60	1	1	1.1298269240758116	2.893018023627086	37.78333333333333	59
321	conventional	60	2	2	0.9733826827776455	3.9343468961596857	27.983333333333334	58
322	holistic	60	2	2	1.1201538477855846	2.1438503164174145	36.78333333333333	57
322	conventional	60	1	1	0.963672738440729	3.8319845576326133	28.883333333333333	59
323	holistic	60	0	0	1.1373445698212674	2.862147085896855	37.78333333333333	58
323	conventional	60	4	4	0.9401590839737656	3.0793797967925425	27.766666666666666	59
324	holistic	60	0	0	1.1489655854776144	3.356595165377038	38.78333333333333	59
324	conventional	60	1	1	0.8920776843704531	3.4975591923598017	27.766666666666666	58
325	holistic	60	1	1	1.1500213634184757	3.5237635803878686	38.78333333333333	59
325	conventional	60	4	4	0.9046178062481781	2.78656081880462	28.466666666666665	59
326	holistic	60	2	2	1.1266289104564753	4.35785104948021	37.78333333333333	59
326	conventional	60	4	4	0.879087106346716	2.406169467836998	26.4	59
327	holistic	60	2	2	1.0964635419959352	3.8587033035440728	36.78333333333333	59
327	conventional	60	2	2	0.9085076873043988	3.404877283906022	26.3	59
328	holistic	60	2	2	1.0838824523536248	3.523786766172417	35.78333333333333	58
328	conventional	60	1	1	0.9172602348288835	2.4041859517234854	26.3	59
329	holistic	60	1	1	1.133969344202532	2.999792253435639	36.71666666666667	59
329	conventional	60	3	3	0.8964898032123777	2.321430391605129	25.25	56
330	holistic	60	2	2	1.0687079630554774	2.607120609932398	35.71666666666667	59
330	conventional	60	2	2	0.8900139459627997	2.484636597708087	25.633333333333333	57
331	holistic	60	3	3	1.0775243817478009	2.6538327554736174	34.68333333333333	59
331	conventional	60	2	2	0.9337501026332279	2.3057065172457945	26.583333333333332	58
332	holistic	60	2	2	1.0658787603806084	3.303412014189378	33.68333333333333	59
332	conventional	60	1	1	0.9767040698409666	2.9196471279627456	27.483333333333334	59
333	holistic	60	3	3	1.0103624967285243	2.9020155877113276	31.683333333333334	59
333	conventional	60	2	2	1.0231182742510272	4.266709076047023	26.483333333333334	59
334	holistic	60	2	2	1.024839909407933	2.4731350881303618	30.683333333333334	59
334	conventional	60	1	1	0.9759989694449566	4.787085855736333	26.483333333333334	59
335	holistic	60	4	4	1.0546614882261587	2.7151993677399267	28.616666666666667	59
335	conventional	60	4	4	0.9678711140855101	3.945727874614748	25.416666666666668	58
336	holistic	60	2	2	1.0317855256575899	2.345118055908169	28.55	59
336	conventional	60	0	0	0.974461824124535	3.0440292109562677	26.416666666666668	59
337	holistic	60	2	2	1.055922502887645	2.4008563333273023	28.483333333333334	59
337	conventional	60	2	2	0.9951762576423451	2.6980758972115835	26.383333333333333	59
338	holistic	60	2	2	1.0610371695182768	2.9592734969202743	28.416666666666668	59
338	conventional	60	2	2	0.9514174853109549	2.5780988978515533	25.383333333333333	56
339	holistic	60	3	3	1.0680043497955471	3.0822853079572874	28.283333333333335	59
339	conventional	60	0	0	1.03153102934552	4.285121299172961	26.383333333333333	57
340	holistic	60	3	3	1.2099396540943546	5.824365463393476	26.283333333333335	59
340	conventional	60	2	2	1.0768446520673274	5.281280090227929	27.233333333333334	58
341	holistic	60	2	2	1.1623956348270075	4.490222193649345	26.216666666666665	59
341	conventional	60	0	0	1.0423468383121157	3.2792051134839877	28.233333333333334	59
342	holistic	60	3	3	1.0694924814528366	3.820726094727029	24.216666666666665	59
342	conventional	60	2	2	0.9980889642431502	2.531344121725394	28.2	58
343	holistic	60	3	3	0.9807064877802906	3.0201504196910243	22.216666666666665	58
343	conventional	60	0	0	0.9649188361263917	2.0934223120796487	29.2	59
344	holistic	60	2	2	1.0086037231002714	3.3311830650606744	23.116666666666667	59
344	conventional	60	5	5	0.8788673151909788	1.626147183824857	25.2	58
345	holistic	60	2	2	0.96691145631971	3.1154171647369138	22.116666666666667	59
345	conventional	60	0	0	0.9180407904603669	2.394857988196807	26.2	59
346	holistic	60	1	1	0.9866186925996792	2.7054128831983184	22.116666666666667	59
346	conventional	60	3	3	0.8747715197832254	1.7149233144260274	25.166666666666668	57
347	holistic	60	2	2	1.0145622289585043	2.5615151589319867	21.116666666666667	59
347	conventional	60	0	0	0.9522762331698902	3.1496848702643163	26.166666666666668	58
348	holistic	60	1	1	0.9942345539852355	2.519281642676537	21.116666666666667	58
348	conventional	60	0	0	0.9294434950475263	1.89211684277715	27.166666666666668	59
349	holistic	60	1	1	1.0188218581871553	2.6273029016038856	22.05	59
349	conventional	60	2	2	0.930432156232875	1.8840785310222392	26.966666666666665	59
350	holistic	60	2	2	1.008116414347282	2.5523215307346323	21.983333333333334	57
350	conventional	60	1	1	0.9054678495100226	1.794326072586916	26.966666666666665	59
351	holistic	60	1	1	1.0497209745197664	2.483486802201678	22.916666666666668	58
351	conventional	60	5	5	0.8675470916226273	1.7685386793151203	25.75	58
352	holistic	60	0	0	1.057985382090014	2.499976939862305	23.916666666666668	59
352	conventional	60	0	0	0.9125593227596742	1.8174850050925446	26.75	59
353	holistic	60	3	3	1.0260078493080063	2.66897743942795	22.85	59
353	conventional	60	1	1	0.8353894034931961	1.6425858459515947	26.75	58
354	holistic	60	3	3	0.9899617323976655	2.566657776290103	21.783333333333335	59
354	conventional	60	4	4	0.8766701531956549	2.3014540779243187	27.466666666666665	59
355	holistic	60	4	4	1.0648036454247418	2.926190907559178	20.683333333333334	58
355	conventional	60	2	2	0.8955177917850183	2.8104925321564354	26.466666666666665	59
356	holistic	60	1	1	1.1442547137870451	2.873267886509375	21.633333333333333	59
356	conventional	60	2	2	0.8370545931418484	1.8180888498006917	26.383333333333333	59
357	holistic	60	1	1	1.2061808819981379	4.329852293186901	21.633333333333333	56
357	conventional	60	3	3	0.8213951463252013	1.6471569099846892	26.3	59
358	holistic	60	0	0	1.170965803314729	2.830149639106257	22.633333333333333	57
358	conventional	60	4	4	0.801054302205102	1.5703606076713934	25.733333333333334	59
359	holistic	60	0	0	1.1487978761773823	2.3372856219737885	23.633333333333333	58
359	conventional	60	2	2	0.8193145645549783	1.5209876760595646	25.683333333333334	58
360	holistic	60	20	20	0.8279596575781466	3.6635809049875796	14.983333333333333	59
360	conventional	60	22	22	0.5655279144747087	1.6607725682241827	18.216666666666665	59
361	holistic	60	2	2	1.0830813297258752	3.9121239345717385	14.916666666666666	44
361	conventional	60	2	2	0.7555699138959511	3.3813349167570252	17.216666666666665	56
362	holistic	60	1	1	1.0696179588776304	2.857014096338017	15.883333333333333	45
362	conventional	60	5	5	0.8816194391677769	3.278054071947987	18.033333333333335	57
363	holistic	60	0	0	1.1689538547532912	2.4848520564373	16.883333333333333	46
363	conventional	60	3	3	1.0060530828093768	3.443536617053392	18.9	58
364	holistic	60	4	4	1.1365419112793513	2.496303389395709	17.616666666666667	47
364	conventional	60	0	0	1.0007031286442294	3.509747393981036	19.9	59
365	holistic	60	0	0	1.1697927496954466	3.843606848382512	18.616666666666667	48
365	conventional	60	4	4	0.9203110772987582	2.776608106194658	19.766666666666666	58
366	holistic	60	1	1	1.1085293670323457	2.428463976910816	19.516666666666666	49
366	conventional	60	1	1	0.9963215542279538	3.3331790216786708	20.666666666666668	59
367	holistic	60	1	1	1.1408310763703873	2.170640271369942	20.466666666666665	50
367	conventional	60	1	1	1.008329390223092	3.3393693822974186	20.666666666666668	59
368	holistic	60	0	0	1.1618250079231573	2.0803323209508497	21.466666666666665	51
368	conventional	60	2	2	0.9678486704408419	2.6955663911451864	20.616666666666667	56
369	holistic	60	0	0	1.129912894539166	2.1009084311084103	22.466666666666665	52
369	conventional	60	0	0	1.0176980138417624	3.4202072894184705	21.616666666666667	57
370	holistic	60	0	0	1.111457507704791	2.2283283991044134	23.466666666666665	53
370	conventional	60	1	1	0.9486640319113928	2.9593810821742386	22.566666666666666	58
371	holistic	60	1	1	1.109793832686145	2.2146847166017944	24.283333333333335	54
371	conventional	60	0	0	0.9461989291606572	2.527662965503015	23.566666666666666	59
372	holistic	60	0	0	1.0976598681810723	2.201851720886706	25.283333333333335	55
372	conventional	60	3	3	0.8812361776856766	2.36404037379408	22.533333333333335	56
373	holistic	60	0	0	1.0933086698147119	2.2299170877086087	26.283333333333335	56
373	conventional	60	1	1	0.8624291490458511	2.118664510017401	23.166666666666668	57
374	holistic	60	1	1	1.0876577416647906	2.140654977584332	27.05	57
374	conventional	60	2	2	0.8771265748586604	1.8129766941933074	23.6	58
375	holistic	60	1	1	1.0813855608786085	2.2062018271664825	27.983333333333334	58
375	conventional	60	1	1	0.9132875114314196	1.6713295355832103	24.566666666666666	59
376	holistic	60	0	0	1.0756449101829477	2.231112675959879	28.983333333333334	59
376	conventional	60	1	1	0.9698367561203295	4.30535272867163	24.566666666666666	59
377	holistic	60	1	1	1.0703572054593447	2.187866421524746	28.983333333333334	59
377	conventional	60	3	3	0.9560469184013616	4.807235223072933	23.516666666666666	57
378	holistic	60	2	2	1.1115630808939703	2.895201606662324	28.916666666666668	57
378	conventional	60	1	1	1.0097775981624264	5.31443833331712	24.35	58
379	holistic	60	1	1	1.1132668647107051	2.4281378746181685	29.85	58
379	conventional	60	0	0	0.9456710520438167	4.071881545583926	25.35	59
380	holistic	60	0	0	1.1065608784746002	2.5604273403989097	30.85	59
380	conventional	60	1	1	0.9388556478299862	3.5384078923954334	25.35	57
381	holistic	60	1	1	1.0994693742159305	2.3055667345340614	30.85	59
381	conventional	60	0	0	0.9468991541605859	3.0045512064551723	26.35	58
382	holistic	60	3	3	1.1075828021662966	2.2642725369969092	30.716666666666665	56
382	conventional	60	0	0	0.9580314226434852	2.6216052683516726	27.35	59
383	holistic	60	0	0	1.1690334822678046	2.377155230356094	31.716666666666665	57
383	conventional	60	1	1	0.938461182818248	2.334622915835072	27.35	59
384	holistic	60	0	0	1.200313473846086	2.4188007234008766	32.71666666666667	58
384	conventional	60	1	1	0.9248334653321638	2.1108591896174738	27.35	59
385	holistic	60	0	0	1.1979465052862346	2.257670766518729	33.71666666666667	59
385	conventional	60	3	3	0.9491869556187852	2.4156662989268565	26.233333333333334	59
386	holistic	60	2	2	1.173780934539137	2.227006261545764	32.71666666666667	59
386	conventional	60	1	1	0.9991012952991439	2.430234830272699	26.233333333333334	59
387	holistic	60	1	1	1.2372478225364465	3.910090400337828	32.71666666666667	59
387	conventional	60	2	2	0.9823269498362807	3.3890345031462994	25.233333333333334	58
388	holistic	60	2	2	1.166275980812841	2.900845341988435	31.716666666666665	58
388	conventional	60	0	0	0.9857368652038552	2.4567312124929166	26.233333333333334	59
389	holistic	60	0	0	1.250346930976025	4.829124535935627	32.71666666666667	59
389	conventional	60	4	4	0.9323949876142998	2.9697818497603716	25.083333333333332	58
390	holistic	60	3	3	1.2100524175333407	3.3286213313768505	31.283333333333335	59
390	conventional	60	0	0	0.936499029999462	2.4704051450874105	26.083333333333332	59
391	holistic	60	1	1	1.2079879694007691	3.166496690735224	31.283333333333335	59
391	conventional	60	2	2	0.9182728042522857	2.220746268491401	25.083333333333332	56
392	holistic	60	1	1	1.246455969507768	3.8260331195969717	31.283333333333335	59
392	conventional	60	0	0	0.9736537087613172	2.097378226770451	26.083333333333332	57
393	holistic	60	1	1	1.2437203868151778	2.4294170960581147	31.283333333333335	59
393	conventional	60	0	0	0.9626723581636845	2.1393402204963192	27.083333333333332	58
394	holistic	60	3	3	1.2647216476563308	2.88936884368789	31.15	59
394	conventional	60	0	0	0.9421528886176909	1.8222954307908958	28.083333333333332	59
395	holistic	60	1	1	1.1908383042236634	2.357059393431351	31.15	59
395	conventional	60	3	3	0.9248392983236582	1.978554639903895	27.916666666666668	57
396	holistic	60	2	2	1.1992232257838595	2.427940810533805	30.15	58
396	conventional	60	1	1	0.930601989834598	1.8229040719488585	28.833333333333332	58
397	holistic	60	0	0	1.2205647943049955	2.496056716175348	31.15	59
397	conventional	60	1	1	0.8994296799117378	1.7463026910925734	29.8	59
398	holistic	60	3	3	1.1922095176406355	2.2896773890326405	30.083333333333332	58
398	conventional	60	1	1	0.9112659346042401	1.724520707450406	29.8	58
399	holistic	60	0	0	1.1939206384915864	2.341204325722271	31.083333333333332	59
399	conventional	60	1	1	0.9030047744114535	1.7045927226604467	30.733333333333334	59
400	holistic	60	3	3	1.1448938233351293	2.2944494868475553	30.016666666666666	59
400	conventional	60	2	2	0.8815787958984594	1.6428580719243917	30.716666666666665	58
401	holistic	60	2	2	1.092858874650062	2.287162094356728	29.016666666666666	59
401	conventional	60	1	1	0.8426540837538042	1.5876525774322339	31.633333333333333	59
402	holistic	60	4	4	1.036401600831826	2.2804345997113202	28.75	59
402	conventional	60	4	4	0.8045414723859245	1.5757625376173399	31.5	58
403	holistic	60	1	1	1.0744908250787975	2.8146551016105734	28.75	59
403	conventional	60	0	0	0.8676714381374466	2.3350049881536568	32.5	59
404	holistic	60	5	5	1.0172469135331974	2.289372467227658	27.55	59
404	conventional	60	5	5	0.780667576119022	1.5483999458069875	30.416666666666668	58
405	holistic	60	3	3	1.1068086668182104	3.8465295499225545	27.416666666666668	58
405	conventional	60	2	2	0.9750676037985316	4.2162706525606115	30.816666666666666	59
406	holistic	60	2	2	1.1604026107272705	2.8442399754922074	28.283333333333335	59
406	conventional	60	1	1	0.9320876148000994	2.2166411874567613	30.816666666666666	53
407	holistic	60	2	2	1.1396712163517033	2.198200170855533	28.216666666666665	59
407	conventional	60	3	3	0.9584851519590075	2.5661109168144822	30.866666666666667	54
408	holistic	60	1	1	1.1372083075553765	2.8749171809357854	28.216666666666665	55
408	conventional	60	0	0	0.9760095289795326	2.913402139133556	31.866666666666667	55
409	holistic	60	1	1	1.2462349448264394	3.553488798661425	29.15	56
409	conventional	60	1	1	0.9839467333005774	3.414047435355504	32.833333333333336	56
410	holistic	60	0	0	1.297473454428007	2.881686729796652	30.15	57
410	conventional	60	1	1	0.9878515998837101	3.4123256267738955	33.78333333333333	57
411	holistic	60	0	0	1.2874089950660024	2.8052560714453176	31.15	58
411	conventional	60	0	0	1.0466047315733666	4.376531492915645	34.78333333333333	58
412	holistic	60	0	0	1.2813750544399016	2.2431118875677356	32.15	59
412	conventional	60	0	0	1.0112423590492428	3.7455036572352305	35.78333333333333	59
413	holistic	60	1	1	1.2218460278171854	2.446538885080375	32.15	59
413	conventional	60	1	1	0.9733830198609777	3.5548357498647967	35.78333333333333	59
414	holistic	60	2	2	1.2021068122261436	2.1260908616625023	31.15	59
414	conventional	60	1	1	0.9288545633350945	3.2844036366689418	35.78333333333333	58
415	holistic	60	3	3	1.0933191130367257	2.0498410684595423	29.15	59
415	conventional	60	2	2	0.969712056259551	3.077740167610175	36.38333333333333	59
416	holistic	60	1	1	1.0678758963053843	2.006070930484839	29.15	56
416	conventional	60	1	1	0.9783199067960315	2.710335924397781	36.38333333333333	59
417	holistic	60	1	1	1.1454821462919262	3.776496937499445	30.1	57
417	conventional	60	1	1	1.063346307312986	3.508219771880739	36.38333333333333	57
418	holistic	60	1	1	1.125678727746589	2.12730945014637	31.033333333333335	58
418	conventional	60	0	0	1.0155263227328344	2.160202723311596	37.38333333333333	58
419	holistic	60	2	2	1.143393128787759	2.0854142416592616	31.9	59
419	conventional	60	0	0	1.0145716778566	1.9482833036780012	38.38333333333333	59
420	holistic	60	12	12	0.9103778334180085	2.1342887105829655	20.9	59
420	conventional	60	14	14	0.7733871649638109	1.837788499773533	25.383333333333333	59
421	holistic	60	2	2	0.9114365497376007	2.0606786536612054	19.9	59
421	conventional	60	3	3	0.9662248141618075	3.3865353532821807	25.3	59
422	holistic	60	2	2	0.9255948232065102	2.380287361376897	19.833333333333332	58
422	conventional	60	6	6	0.8511053901752461	1.7433624531081422	23.216666666666665	59
423	holistic	60	0	0	1.005542310892345	2.5344578018500057	20.833333333333332	59
423	conventional	60	2	2	0.929261008007478	1.77122324668856	22.216666666666665	58
424	holistic	60	6	6	0.9560024520190125	2.3767065875555122	19.566666666666666	58
424	conventional	60	0	0	0.9360007364042874	3.8734556418581327	23.216666666666665	59
425	holistic	60	1	1	1.122456359220295	3.8582206159964207	20.5	59
425	conventional	60	5	5	0.8614194212829219	3.054630460496883	21.133333333333333	59
426	holistic	60	2	2	1.1295717596218133	3.35188573492504	20.433333333333334	59
426	conventional	60	2	2	0.9773643289282542	2.3066589907199515	21.066666666666666	58
427	holistic	60	1	1	1.2130152753412915	5.265183285432079	20.433333333333334	50
427	conventional	60	1	1	1.031929487242054	2.6400845235726838	21.866666666666667	59
428	holistic	60	1	1	1.1631929945935506	3.431222327303344	21.366666666666667	51
428	conventional	60	2	2	0.9246344902944472	1.8855938244489439	21.833333333333332	56
429	holistic	60	0	0	1.1811642441864634	2.9180186697850385	22.366666666666667	52
429	conventional	60	1	1	0.9748857887397951	4.2555328681399205	22.733333333333334	57
430	holistic	60	0	0	1.160665152852674	2.5859702787833725	23.366666666666667	53
430	conventional	60	2	2	0.9862221065701405	2.762709488850177	23.166666666666668	58
431	holistic	60	0	0	1.1650956387810107	2.4719706650337603	24.366666666666667	54
431	conventional	60	2	2	0.9811310845781761	3.4015554511662125	23.9	59
432	holistic	60	1	1	1.14238528550673	2.5269935265026193	25.166666666666668	55
432	conventional	60	2	2	1.0094928325521833	4.400715714620092	22.9	58
433	holistic	60	0	0	1.1723219711018005	2.4626286725970745	26.166666666666668	56
433	conventional	60	1	1	1.0203989348375258	3.068664841092691	23.85	59
434	holistic	60	0	0	1.1472395083152505	2.365918275689161	27.166666666666668	57
434	conventional	60	2	2	0.9699487614992172	2.9059416695263174	23.816666666666666	59
435	holistic	60	0	0	1.1453859778071023	2.4902786217302473	28.166666666666668	58
435	conventional	60	2	2	1.0625063652828068	5.46658344404563	23.8	59
436	holistic	60	0	0	1.1539147622771635	2.5028999691478244	29.166666666666668	59
436	conventional	60	1	1	1.038347234556523	2.4564882061537507	23.8	59
437	holistic	60	1	1	1.1282619134327438	2.4477577019541688	29.166666666666668	58
437	conventional	60	3	3	1.0009779903123865	2.4582767528001295	21.8	57
438	holistic	60	0	0	1.105580225411003	2.3960126882353405	30.166666666666668	59
438	conventional	60	2	2	0.9669983316679486	2.243549218919546	22.566666666666666	58
439	holistic	60	1	1	1.082234460258295	2.316890070558108	30.166666666666668	58
439	conventional	60	1	1	0.9267808267638292	1.9545000882992893	23.5	59
440	holistic	60	0	0	1.0875097610723192	2.2422218004273273	31.166666666666668	59
440	conventional	60	2	2	0.9748221248420426	2.309879527212024	23.466666666666665	56
441	holistic	60	1	1	1.0809645041845704	2.230632520495735	31.166666666666668	59
441	conventional	60	1	1	0.9538435967477525	1.859328880651599	24.366666666666667	57
442	holistic	60	4	4	1.0372910849575072	2.219855592980763	29.083333333333332	56
442	conventional	60	2	2	0.9624150262588345	2.301089737369957	25.266666666666666	58
443	holistic	60	1	1	1.0607540368291608	2.153907623949863	30.016666666666666	57
443	conventional	60	2	2	0.9772646066429149	2.0501888626174973	26.2	59
444	holistic	60	0	0	1.065488053884713	2.0917326150809945	31.016666666666666	58
444	conventional	60	2	2	0.997778597434141	2.779094737849789	26.15	59
445	holistic	60	0	0	1.0617476638973762	2.0589252080426674	32.016666666666666	59
445	conventional	60	4	4	0.9335614449435712	1.9466232218935329	24.133333333333333	58
446	holistic	60	6	6	1.017245761416985	2.1393211860105925	29.966666666666665	59
446	conventional	60	1	1	0.9995866825844744	3.2647319469752487	25.083333333333332	59
447	holistic	60	2	2	1.098865372720962	2.064178845728967	29.9	59
447	conventional	60	2	2	0.9876885727153911	2.2791523251748695	24.083333333333332	58
448	holistic	60	2	2	1.0783972030888476	2.870196760171401	28.9	58
448	conventional	60	1	1	1.0156230105225026	2.114235253879675	25.066666666666666	59
449	holistic	60	0	0	1.1179744343943245	2.883170375635938	29.9	59
449	conventional	60	4	4	0.92220709694313	1.9955596610557347	23.0	54
450	holistic	60	1	1	1.0844626672996198	3.100088768182289	29.9	59
450	conventional	60	2	2	0.9455063738916306	2.3569568472449673	23.916666666666668	55
451	holistic	60	2	2	1.0642605582909908	3.249577531147742	29.833333333333332	59
451	conventional	60	0	0	0.9015580548976471	1.9265713838227132	24.916666666666668	56
452	holistic	60	1	1	1.019069841866115	2.850869200152651	29.833333333333332	59
452	conventional	60	1	1	0.8987972229024774	1.903102505023648	25.866666666666667	57
453	holistic	60	2	2	1.0234704647125372	2.5658064018761415	29.8	59
453	conventional	60	0	0	0.9693243634895157	2.32726941753108	26.866666666666667	58
454	holistic	60	1	1	1.0094225158896992	2.474876373682786	29.8	58
454	conventional	60	0	0	0.9254340270279974	1.737105846794229	27.866666666666667	59
455	holistic	60	1	1	1.0243630049891963	2.295415746824767	30.733333333333334	59
455	conventional	60	2	2	0.916065015673663	2.0033192686891197	27.7	53
456	holistic	60	1	1	1.1041782316767068	4.944242124655108	30.733333333333334	58
456	conventional	60	1	1	0.9238518804855613	2.1448143003007454	28.683333333333334	54
457	holistic	60	1	1	1.1087623485382747	2.4396410680475737	31.666666666666668	59
457	conventional	60	1	1	0.9023027265215873	1.9493426016434137	29.65	55
458	holistic	60	2	2	1.1186055948094293	2.6049077844867266	31.6	56
458	conventional	60	2	2	0.9084494644786482	2.0339210752724086	30.416666666666668	56
459	holistic	60	0	0	1.2164591359074948	2.8244444681792826	32.6	57
459	conventional	60	0	0	1.0082141339949775	2.1669559408051877	31.416666666666668	57
460	holistic	60	0	0	1.237728849797201	4.814252082874605	33.6	58
460	conventional	60	0	0	0.9904689934570321	2.0620221421887126	32.416666666666664	58
461	holistic	60	0	0	1.2052979555841636	4.479662867691268	34.6	59
461	conventional	60	0	0	0.9484068639938492	2.1285001098698486	33.416666666666664	59
462	holistic	60	3	3	1.1335625579106958	3.5657586753636474	33.53333333333333	58
462	conventional	60	1	1	0.9446754498675436	2.1917133111530047	33.416666666666664	58
463	holistic	60	0	0	1.1330981704429846	3.016239524249316	34.53333333333333	59
463	conventional	60	0	0	0.9099583509405769	1.859338114879407	34.416666666666664	59
464	holistic	60	5	5	1.027202291937575	2.647477757854867	30.533333333333335	59
464	conventional	60	5	5	0.853353671987006	1.87940080484238	31.383333333333333	59
465	holistic	60	2	2	0.9960489149724998	2.241951359897655	29.533333333333335	59
465	conventional	60	1	1	0.8379014155957761	2.413674513660446	31.383333333333333	59
466	holistic	60	2	2	0.9648920132609949	2.188464210427936	28.533333333333335	59
466	conventional	60	1	1	0.8650038498036242	2.310069019487473	31.383333333333333	59
467	holistic	60	2	2	0.9737885318832972	2.146174379605166	27.533333333333335	59
467	conventional	60	3	3	0.8541045265338055	2.544324592729668	31.283333333333335	57
468	holistic	60	3	3	0.9439434296042227	2.214865542532989	27.1	59
468	conventional	60	0	0	0.9037097392843472	2.644379052269908	32.28333333333333	58
469	holistic	60	3	3	0.9123830697568415	2.1556478417883027	26.966666666666665	56
469	conventional	60	0	0	0.9391544365674925	2.2530813521632655	33.28333333333333	59
470	holistic	60	0	0	0.9598945547624875	2.14299319369397	27.966666666666665	57
470	conventional	60	1	1	0.9477698469494579	2.0200535024929285	33.28333333333333	57
