# garden MERGED J=32 from parts 0..15, 16..31: garden fresh-shift-12-conventional-d110 seed 12 conventional season 470 n=60 J=16 worlds=0..15 run=/tmp/rbt107-hrep/shift-12 work_cost=0.03 (92 s, workers 4) | garden fresh-shift-12-conventional-d110 seed 12 conventional season 470 n=60 J=16 worlds=16..31 run=/tmp/rbt107-hrep/shift-12 work_cost=0.03 (91 s, workers 4)
fresh-shift-12-conventional-d110	12	conventional	470	ce845	0.7576	0.5727	1.1562	0.9688	13286.1875	13199.4664	0	0
fresh-shift-12-conventional-d110	12	conventional	470	ce846	0.4676	0.1147	1.0000	0.6562	17749.0903	18052.4327	0	0
fresh-shift-12-conventional-d110	12	conventional	470	ce847	2.3875	1.6633	3.0625	2.3438	22500.7717	22679.0979	0	0
fresh-shift-12-conventional-d110	12	conventional	470	ce849	2.4448	1.5949	3.1250	2.2500	22670.9529	21835.4564	0	0
fresh-shift-12-conventional-d110	12	conventional	470	ce852	1.3649	0.8042	2.0625	1.5000	23252.2621	23195.5301	0	0
fresh-shift-12-conventional-d110	12	conventional	470	ce854	0.3256	-0.0485	0.9375	0.5625	20394.9359	20364.5506	0	0
fresh-shift-12-conventional-d110	12	conventional	470	ce855	0.9955	0.2786	1.4688	0.7500	15773.0321	15716.1298	0	0
fresh-shift-12-conventional-d110	12	conventional	470	ce858	1.1167	0.3668	1.6875	0.9375	19026.8901	19022.6752	0	0
fresh-shift-12-conventional-d110	12	conventional	470	ce859	1.3257	0.4596	1.7812	0.9062	15185.6853	14888.1499	0	0
fresh-shift-12-conventional-d110	12	conventional	470	ce860	1.3544	1.1074	1.9688	1.7188	20477.7555	20378.9443	0	0
fresh-shift-12-conventional-d110	12	conventional	470	ce861	0.8702	0.6492	1.1875	0.9688	10577.3688	10653.4086	0	0
fresh-shift-12-conventional-d110	12	conventional	470	ce862	2.4943	0.9345	2.9375	1.3750	14771.8358	14683.0050	0	0
fresh-shift-12-conventional-d110	12	conventional	470	ce863	0.8345	0.4942	1.3750	1.0312	18019.5074	17901.3062	0	0
fresh-shift-12-conventional-d110	12	conventional	470	ce864	1.2055	0.6082	1.7188	1.1250	17109.1500	17224.9431	0	0
fresh-shift-12-conventional-d110	12	conventional	470	ce865	1.4380	1.2943	1.9688	1.8125	17692.9429	17273.9345	0	0
fresh-shift-12-conventional-d110	12	conventional	470	ce866	1.1339	0.7524	1.6562	1.2812	17412.4088	17628.5066	0	0
fresh-shift-12-conventional-d110	12	conventional	470	ce869	1.0365	0.7007	1.8125	1.4688	25867.1750	25599.3356	0	0
fresh-shift-12-conventional-d110	12	conventional	470	ce870	1.2811	0.8131	2.0000	1.5312	23962.8697	23940.5475	0	0
fresh-shift-12-conventional-d110	12	conventional	470	ce871	0.3704	0.2433	0.9688	0.7812	19944.7012	17933.8631	0	0
fresh-shift-12-conventional-d110	12	conventional	470	ce873	0.9146	0.1766	1.6875	0.9062	25761.8976	24322.6866	0	0
fresh-shift-12-conventional-d110	12	conventional	470	ce874	1.6806	0.9064	2.1875	1.4062	16894.9460	16661.8530	0	0
fresh-shift-12-conventional-d110	12	conventional	470	ce875	1.4897	1.0619	2.1562	1.7188	22221.4382	21894.5684	0	0
fresh-shift-12-conventional-d110	12	conventional	470	ce876	0.7525	0.4667	1.3125	1.0312	18668.5215	18815.7332	0	0
fresh-shift-12-conventional-d110	12	conventional	470	ce879	2.4072	1.3240	2.8750	1.7812	15590.9252	15242.2368	0	0
fresh-shift-12-conventional-d110	12	conventional	470	ce880	2.2858	1.1257	2.9375	1.7812	21722.1759	21852.7360	0	0
fresh-shift-12-conventional-d110	12	conventional	470	ce881	2.2397	1.4603	2.8125	2.0000	19090.5087	17989.4627	0	0
fresh-shift-12-conventional-d110	12	conventional	470	ce883	1.6326	0.6027	2.3125	1.2812	22663.0363	22618.1803	0	0
fresh-shift-12-conventional-d110	12	conventional	470	ce884	0.7963	0.5438	1.4062	1.1562	20332.2466	20415.3508	0	0
fresh-shift-12-conventional-d110	12	conventional	470	ce885	1.8681	0.7762	2.5625	1.4688	23144.7931	23083.2892	0	0
fresh-shift-12-conventional-d110	12	conventional	470	ce887	1.2635	0.7110	1.7812	1.2188	17258.8626	16923.3378	0	0
fresh-shift-12-conventional-d110	12	conventional	470	ce889	1.1435	0.4904	1.7188	1.0625	19175.3567	19066.7885	0	0
fresh-shift-12-conventional-d110	12	conventional	470	ce891	0.7519	0.5418	1.4688	1.2500	23897.0392	23606.9217	0	0
fresh-shift-12-conventional-d110	12	conventional	470	ce893	0.8533	0.2588	1.5625	0.9688	23642.8835	23665.1894	0	0
fresh-shift-12-conventional-d110	12	conventional	470	ce894	0.8628	0.3816	1.5000	1.0000	21243.0454	20611.3727	0	1
fresh-shift-12-conventional-d110	12	conventional	470	ce895	1.2078	0.6062	1.8125	1.1875	20157.5314	19373.7810	0	0
fresh-shift-12-conventional-d110	12	conventional	470	ce896	1.3019	0.7086	2.0938	1.5000	26393.4467	26382.5593	0	0
fresh-shift-12-conventional-d110	12	conventional	470	ce897	2.2846	1.1413	2.9062	1.7500	20723.3702	20290.3596	0	0
fresh-shift-12-conventional-d110	12	conventional	470	ce898	1.6775	0.8191	2.2500	1.4062	19083.3013	19571.7988	0	0
fresh-shift-12-conventional-d110	12	conventional	470	ce899	0.7601	0.1217	1.4062	0.7812	21538.9079	21984.1489	0	0
fresh-shift-12-conventional-d110	12	conventional	470	ce900	0.9627	0.3954	1.3438	0.7500	12703.2954	11818.0468	0	0
fresh-shift-12-conventional-d110	12	conventional	470	ce901	1.3009	1.0502	2.0312	1.7812	24347.1130	24367.6374	0	0
fresh-shift-12-conventional-d110	12	conventional	470	ce902	1.4615	0.8852	2.0625	1.4688	20034.9748	19452.1433	0	0
fresh-shift-12-conventional-d110	12	conventional	470	ce904	1.1416	0.7593	1.6562	1.2812	17155.9328	17397.0917	0	0
fresh-shift-12-conventional-d110	12	conventional	470	ce905	3.3112	0.6178	4.0312	1.3438	24003.3802	24199.8983	0	0
fresh-shift-12-conventional-d110	12	conventional	470	ce906	2.5674	1.1987	3.0938	1.7188	17544.6448	17334.1136	0	0
fresh-shift-12-conventional-d110	12	conventional	470	ce907	1.0902	1.0337	1.7188	1.6562	20952.5336	20751.7882	0	0
fresh-shift-12-conventional-d110	12	conventional	470	ce908	2.9069	1.1979	3.6250	1.9062	23937.8642	23613.0230	0	0
fresh-shift-12-conventional-d110	12	conventional	470	ce909	0.7818	0.3388	1.3750	0.9062	19772.7943	18915.7565	0	0
fresh-shift-12-conventional-d110	12	conventional	470	ce910	1.2051	0.7222	1.9375	1.4062	24412.8638	22803.7323	0	0
fresh-shift-12-conventional-d110	12	conventional	470	ce911	1.7675	1.0709	2.3750	1.6875	20247.9398	20556.4225	0	0
fresh-shift-12-conventional-d110	12	conventional	470	ce912	0.4396	0.0693	1.1250	0.7500	22847.9362	22688.2593	0	0
fresh-shift-12-conventional-d110	12	conventional	470	ce913	1.3209	1.1659	1.7500	1.5938	14302.4686	14261.9436	0	0
fresh-shift-12-conventional-d110	12	conventional	470	ce914	1.5164	0.4637	2.2188	1.1562	23410.4100	23083.9590	0	0
fresh-shift-12-conventional-d110	12	conventional	470	ce915	2.6160	1.3158	3.0625	1.7500	14884.4198	14473.2371	0	0
fresh-shift-12-conventional-d110	12	conventional	470	ce916	0.7417	0.5894	1.2500	1.0938	16942.3105	16811.0864	0	0
fresh-shift-12-conventional-d110	12	conventional	470	ce917	0.9003	0.4647	1.6875	1.2500	26239.7843	26178.4652	0	0
fresh-shift-12-conventional-d110	12	conventional	470	ce918	1.1703	1.0543	1.8438	1.7188	22449.7184	22150.5008	0	0
fresh-shift-12-conventional-d110	12	conventional	470	ce919	1.8921	0.3780	2.5625	1.0312	22348.5491	21774.6259	0	0
fresh-shift-12-conventional-d110	12	conventional	470	ce920	-0.0911	-0.2125	0.7500	0.6250	28035.9951	27915.8576	0	0
fresh-shift-12-conventional-d110	12	conventional	470	ce921	-0.1726	-0.3341	0.5000	0.3438	22421.9716	22594.1608	0	0
