# garden MERGED J=32 from parts 0..15, 16..31: garden fresh-cull20-21-holistic-d110 seed 21 holistic season 470 n=60 J=16 worlds=0..15 run=/tmp/rbt107-hrep/cull20-21 work_cost=0.03 (143 s, workers 4) | garden fresh-cull20-21-holistic-d110 seed 21 holistic season 470 n=60 J=16 worlds=16..31 run=/tmp/rbt107-hrep/cull20-21 work_cost=0.03 (140 s, workers 4)
fresh-cull20-21-holistic-d110	21	holistic	470	he746	1.7631	1.7722	1.8438	1.8438	2689.3434	2385.5537	0	0
fresh-cull20-21-holistic-d110	21	holistic	470	he747	0.9083	1.4106	1.0625	1.5625	5138.1986	5063.6094	0	0
fresh-cull20-21-holistic-d110	21	holistic	470	he748	0.9731	1.0644	1.1250	1.2188	5061.9264	5143.6223	0	0
fresh-cull20-21-holistic-d110	21	holistic	470	he749	1.6462	1.2774	1.7812	1.4062	4501.3681	4293.5989	0	0
fresh-cull20-21-holistic-d110	21	holistic	470	he751	1.4005	0.9965	1.6250	1.2188	7483.6830	7408.0435	0	0
fresh-cull20-21-holistic-d110	21	holistic	470	he752	1.5450	1.3264	1.6562	1.4375	3708.0889	3702.8938	0	0
fresh-cull20-21-holistic-d110	21	holistic	470	he756	1.3371	1.1244	1.5938	1.3750	8554.0835	8351.1423	0	0
fresh-cull20-21-holistic-d110	21	holistic	470	he759	1.1799	1.1442	1.2500	1.2188	2336.0844	2484.9651	0	0
fresh-cull20-21-holistic-d110	21	holistic	470	he760	2.6766	1.4646	2.8125	1.5938	4529.2903	4305.0725	0	0
fresh-cull20-21-holistic-d110	21	holistic	470	he763	0.9986	0.8192	1.2500	1.0625	8382.5085	8109.3110	0	1
fresh-cull20-21-holistic-d110	21	holistic	470	he764	1.1862	0.8141	1.4375	1.0625	8378.0811	8281.2201	0	0
fresh-cull20-21-holistic-d110	21	holistic	470	he766	2.2632	2.0803	2.4062	2.2188	4769.0196	4613.4093	0	0
fresh-cull20-21-holistic-d110	21	holistic	470	he767	1.2236	0.9909	1.2812	1.0625	1921.9508	2385.0812	0	0
fresh-cull20-21-holistic-d110	21	holistic	470	he769	1.3378	1.2185	1.5625	1.4375	7488.8927	7301.0595	0	0
fresh-cull20-21-holistic-d110	21	holistic	470	he771	1.0830	0.5837	1.0938	0.5938	358.5085	334.6557	0	0
fresh-cull20-21-holistic-d110	21	holistic	470	he772	1.9259	1.4658	2.0312	1.5625	3510.6962	3223.0289	0	1
fresh-cull20-21-holistic-d110	21	holistic	470	he773	0.8833	0.9475	1.0625	1.1250	5971.0115	5918.0108	0	0
fresh-cull20-21-holistic-d110	21	holistic	470	he775	0.3459	0.2511	0.3750	0.2812	968.5683	1004.2196	0	0
fresh-cull20-21-holistic-d110	21	holistic	470	he776	1.5997	1.3607	1.7188	1.4688	3967.1859	3604.4711	0	0
fresh-cull20-21-holistic-d110	21	holistic	470	he777	1.8085	1.2771	2.0000	1.4688	6385.8793	6390.2699	0	0
fresh-cull20-21-holistic-d110	21	holistic	470	he778	1.2587	1.0413	1.4688	1.2500	7001.7503	6956.2711	0	0
fresh-cull20-21-holistic-d110	21	holistic	470	he779	2.2630	1.9834	2.4688	2.1875	6859.6678	6803.7442	0	0
fresh-cull20-21-holistic-d110	21	holistic	470	he781	1.8825	1.4453	2.0000	1.5625	3916.5443	3908.5255	0	0
fresh-cull20-21-holistic-d110	21	holistic	470	he784	0.7639	0.7117	0.8438	0.7812	2660.1362	2317.1608	0	0
fresh-cull20-21-holistic-d110	21	holistic	470	he785	1.5477	1.4153	1.6875	1.5625	4659.3041	4907.1007	0	0
fresh-cull20-21-holistic-d110	21	holistic	470	he788	1.7929	2.0736	1.9375	2.2188	4819.7333	4837.7455	0	0
fresh-cull20-21-holistic-d110	21	holistic	470	he789	2.1688	1.5777	2.5000	1.9062	11039.1318	10952.5056	0	0
fresh-cull20-21-holistic-d110	21	holistic	470	he790	2.3614	2.4576	2.4688	2.5625	3579.2711	3496.5316	0	0
fresh-cull20-21-holistic-d110	21	holistic	470	he791	1.4294	0.9630	1.5625	1.0938	4437.8884	4357.7157	0	0
fresh-cull20-21-holistic-d110	21	holistic	470	he793	1.3190	1.4217	1.5625	1.6562	8117.4582	7816.9830	0	0
fresh-cull20-21-holistic-d110	21	holistic	470	he794	1.2785	1.3427	1.5000	1.5625	7383.6928	7326.8115	0	0
fresh-cull20-21-holistic-d110	21	holistic	470	he797	1.8140	1.4988	1.9688	1.6562	5157.1743	5247.9073	0	0
fresh-cull20-21-holistic-d110	21	holistic	470	he798	1.0223	0.8670	1.0625	0.9062	1342.0772	1308.9153	0	0
fresh-cull20-21-holistic-d110	21	holistic	470	he799	1.7073	1.8620	1.8438	2.0000	4549.6637	4598.8773	0	0
fresh-cull20-21-holistic-d110	21	holistic	470	he800	1.3310	1.2063	1.4062	1.2812	2507.0417	2500.0177	0	0
fresh-cull20-21-holistic-d110	21	holistic	470	he801	0.5634	0.6823	0.5938	0.7188	1011.7573	1215.7500	0	0
fresh-cull20-21-holistic-d110	21	holistic	470	he802	1.8384	1.3975	1.9062	1.4688	2264.3672	2375.5730	0	0
fresh-cull20-21-holistic-d110	21	holistic	470	he803	0.9174	0.7936	1.0312	0.9062	3794.2600	3754.8805	0	0
fresh-cull20-21-holistic-d110	21	holistic	470	he804	0.8217	0.7322	0.9062	0.8125	2816.7410	2674.4893	0	0
fresh-cull20-21-holistic-d110	21	holistic	470	he805	1.3738	0.8512	1.4375	0.9062	2124.5403	1836.6732	0	0
fresh-cull20-21-holistic-d110	21	holistic	470	he806	1.2592	0.9360	1.4375	1.0938	5942.6681	5259.1613	0	0
fresh-cull20-21-holistic-d110	21	holistic	470	he807	1.8055	1.2782	1.9688	1.4375	5439.9200	5311.1915	0	0
fresh-cull20-21-holistic-d110	21	holistic	470	he810	1.6538	1.5590	1.9062	1.8125	8416.6304	8451.6044	0	0
fresh-cull20-21-holistic-d110	21	holistic	470	he812	0.3841	0.1655	0.4062	0.1875	741.3388	733.7526	0	0
fresh-cull20-21-holistic-d110	21	holistic	470	he814	1.3979	1.3365	1.5938	1.5312	6528.4786	6491.5471	0	0
fresh-cull20-21-holistic-d110	21	holistic	470	he816	1.7000	1.2628	1.9688	1.5312	8959.4531	8949.1063	0	0
fresh-cull20-21-holistic-d110	21	holistic	470	he817	1.3584	1.4511	1.5938	1.6875	7845.1025	7879.8962	0	0
fresh-cull20-21-holistic-d110	21	holistic	470	he818	2.0186	1.3527	2.1562	1.4688	4589.3796	3868.2519	0	1
fresh-cull20-21-holistic-d110	21	holistic	470	he819	1.3679	1.0895	1.7812	1.5000	13777.3799	13684.8205	0	0
fresh-cull20-21-holistic-d110	21	holistic	470	he821	2.2153	2.2467	2.4062	2.4375	6365.6900	6360.3372	0	0
fresh-cull20-21-holistic-d110	21	holistic	470	he822	1.6496	1.4338	1.7188	1.5000	2306.8116	2207.5354	0	0
fresh-cull20-21-holistic-d110	21	holistic	470	he823	1.8501	1.2909	1.9375	1.3750	2912.5561	2803.3863	0	0
fresh-cull20-21-holistic-d110	21	holistic	470	he824	0.1364	0.1681	0.1562	0.1875	661.4602	649.7884	0	0
fresh-cull20-21-holistic-d110	21	holistic	470	he825	1.4464	0.8855	1.5938	1.0312	4911.0407	4859.2636	0	0
fresh-cull20-21-holistic-d110	21	holistic	470	he826	1.7924	1.3234	1.9062	1.4375	3793.5659	3803.9212	0	0
fresh-cull20-21-holistic-d110	21	holistic	470	he827	-0.0081	0.0236	0.0000	0.0312	269.9076	256.9588	0	0
fresh-cull20-21-holistic-d110	21	holistic	470	he828	0.2525	0.3458	0.2812	0.3750	956.4406	972.2117	0	0
fresh-cull20-21-holistic-d110	21	holistic	470	he829	1.5987	1.5191	1.7188	1.6250	4002.6965	3530.1539	0	0
fresh-cull20-21-holistic-d110	21	holistic	470	he830	0.0000	0.0000	0.0000	0.0000	0.0000	0.0000	0	0
fresh-cull20-21-holistic-d110	21	holistic	470	he831	1.4390	1.1904	1.5625	1.3125	4116.6735	4070.1227	0	0
