# garden MERGED J=32 from parts 0..15, 16..31: garden fresh-cull20-16-holistic-d110 seed 16 holistic season 470 n=60 J=16 worlds=0..15 run=/tmp/rbt107-hrep/cull20-16 work_cost=0.03 (71 s, workers 4) | garden fresh-cull20-16-holistic-d110 seed 16 holistic season 470 n=60 J=16 worlds=16..31 run=/tmp/rbt107-hrep/cull20-16 work_cost=0.03 (70 s, workers 4)
fresh-cull20-16-holistic-d110	16	holistic	470	he718	0.9342	0.7172	0.9688	0.7500	1153.6076	1093.2688	0	0
fresh-cull20-16-holistic-d110	16	holistic	470	he719	1.8436	1.3817	1.9375	1.4688	3129.2677	2901.1029	0	0
fresh-cull20-16-holistic-d110	16	holistic	470	he722	2.3245	2.0142	2.4688	2.1562	4805.4394	4734.1217	0	0
fresh-cull20-16-holistic-d110	16	holistic	470	he726	1.5175	0.8922	1.9062	1.2812	12959.5973	12967.4303	0	0
fresh-cull20-16-holistic-d110	16	holistic	470	he727	1.0025	0.8784	1.2188	1.0938	7208.1943	7176.8386	0	0
fresh-cull20-16-holistic-d110	16	holistic	470	he728	0.9295	0.9597	1.4062	1.4375	15892.8787	15926.5521	0	0
fresh-cull20-16-holistic-d110	16	holistic	470	he729	0.6928	1.0046	1.1875	1.5000	16491.4616	16515.0876	0	0
fresh-cull20-16-holistic-d110	16	holistic	470	he732	1.5114	1.2599	1.6875	1.4375	5870.0881	5919.2908	0	0
fresh-cull20-16-holistic-d110	16	holistic	470	he733	1.6265	1.7208	1.9375	2.0312	10367.3282	10347.7150	0	0
fresh-cull20-16-holistic-d110	16	holistic	470	he735	0.9601	0.7109	1.0000	0.7500	1331.1347	1302.0650	0	0
fresh-cull20-16-holistic-d110	16	holistic	470	he736	0.9864	0.6113	1.3750	1.0000	12954.7093	12959.3311	0	0
fresh-cull20-16-holistic-d110	16	holistic	470	he737	0.3102	0.3436	0.3438	0.3750	1119.4117	1048.6548	0	0
fresh-cull20-16-holistic-d110	16	holistic	470	he738	1.3323	1.1421	1.4062	1.2188	2465.7716	2556.9671	0	0
fresh-cull20-16-holistic-d110	16	holistic	470	he739	0.9027	0.8716	0.9062	0.8750	117.1650	114.2614	0	0
fresh-cull20-16-holistic-d110	16	holistic	470	he740	0.6712	0.7637	1.0000	1.0938	10962.3129	11002.4267	0	0
fresh-cull20-16-holistic-d110	16	holistic	470	he741	2.1709	1.6428	2.2188	1.6875	1592.6370	1488.0851	0	0
fresh-cull20-16-holistic-d110	16	holistic	470	he744	1.1976	1.1665	1.4062	1.3750	6954.5716	6949.3552	0	0
fresh-cull20-16-holistic-d110	16	holistic	470	he746	1.4885	0.8943	1.5625	0.9688	2466.8916	2481.2290	0	0
fresh-cull20-16-holistic-d110	16	holistic	470	he747	0.8129	0.8749	1.1250	1.1875	10404.6966	10419.9178	0	0
fresh-cull20-16-holistic-d110	16	holistic	470	he748	1.2906	1.1031	1.5000	1.3125	6978.3555	6981.3516	0	0
fresh-cull20-16-holistic-d110	16	holistic	470	he750	1.3841	1.2594	1.4688	1.3438	2821.0152	2811.1379	0	0
fresh-cull20-16-holistic-d110	16	holistic	470	he751	1.4144	1.0381	1.7188	1.3438	10145.2527	10188.3967	0	0
fresh-cull20-16-holistic-d110	16	holistic	470	he753	1.1335	0.9178	1.1562	0.9375	758.5375	655.5729	0	0
fresh-cull20-16-holistic-d110	16	holistic	470	he754	2.2428	1.3056	2.4062	1.4688	5447.3740	5441.4594	0	0
fresh-cull20-16-holistic-d110	16	holistic	470	he755	1.1584	1.0774	1.5000	1.4062	11384.4500	10963.4316	0	0
fresh-cull20-16-holistic-d110	16	holistic	470	he757	1.3179	1.1254	1.5000	1.3125	6070.0568	6236.8972	0	0
fresh-cull20-16-holistic-d110	16	holistic	470	he758	1.4123	1.6313	1.5625	1.7812	5004.7488	5000.4298	0	0
fresh-cull20-16-holistic-d110	16	holistic	470	he759	1.6679	1.6168	1.7500	1.6875	2736.0338	2357.3675	0	0
fresh-cull20-16-holistic-d110	16	holistic	470	he761	1.1456	0.9899	1.1562	1.0000	355.8885	335.0463	0	0
fresh-cull20-16-holistic-d110	16	holistic	470	he762	0.4342	0.3092	0.4375	0.3125	109.9571	108.4727	0	0
fresh-cull20-16-holistic-d110	16	holistic	470	he763	1.2248	0.8528	1.3125	0.9375	2921.1022	2824.3062	0	0
fresh-cull20-16-holistic-d110	16	holistic	470	he765	1.5252	1.2129	2.0000	1.6875	15826.1039	15819.0189	0	0
fresh-cull20-16-holistic-d110	16	holistic	470	he767	0.6420	0.5797	1.0312	0.9688	12977.7825	12966.8832	0	0
fresh-cull20-16-holistic-d110	16	holistic	470	he768	0.5883	0.4634	0.5938	0.4688	183.8472	180.0903	0	0
fresh-cull20-16-holistic-d110	16	holistic	470	he769	1.5364	1.5987	1.6250	1.6875	2954.5590	2958.7078	0	0
fresh-cull20-16-holistic-d110	16	holistic	470	he770	0.9578	0.8330	1.0625	0.9375	3489.8997	3483.3930	0	0
fresh-cull20-16-holistic-d110	16	holistic	470	he771	0.1857	0.1545	0.6562	0.6250	15685.3461	15682.4780	0	0
fresh-cull20-16-holistic-d110	16	holistic	470	he773	1.4470	0.9794	1.4688	1.0000	722.7005	686.4102	0	0
fresh-cull20-16-holistic-d110	16	holistic	470	he774	1.7961	1.7657	1.9375	1.9062	4714.0297	4682.6675	0	0
fresh-cull20-16-holistic-d110	16	holistic	470	he775	2.7069	2.4281	2.8438	2.5625	4561.0866	4480.8394	0	0
fresh-cull20-16-holistic-d110	16	holistic	470	he776	1.0743	0.7935	1.1562	0.8750	2732.8615	2714.9035	0	0
fresh-cull20-16-holistic-d110	16	holistic	470	he777	0.7928	0.6689	0.8438	0.7188	1700.8600	1660.2906	0	0
fresh-cull20-16-holistic-d110	16	holistic	470	he778	1.4779	1.3861	1.5625	1.4688	2821.5068	2753.7625	0	0
fresh-cull20-16-holistic-d110	16	holistic	470	he779	0.7530	0.7252	0.7812	0.7500	943.6114	828.7107	0	0
fresh-cull20-16-holistic-d110	16	holistic	470	he780	1.4327	1.6942	1.6562	1.9375	7449.6735	8110.3243	1	0
fresh-cull20-16-holistic-d110	16	holistic	470	he782	1.0821	0.9773	1.3438	1.2500	8719.5723	9089.2247	0	0
fresh-cull20-16-holistic-d110	16	holistic	470	he784	1.8580	1.8277	2.0000	1.9688	4731.3459	4700.1065	0	0
fresh-cull20-16-holistic-d110	16	holistic	470	he786	0.6411	0.7352	1.0312	1.1250	13005.1545	12992.4304	0	0
fresh-cull20-16-holistic-d110	16	holistic	470	he787	1.6452	1.4816	1.8750	1.7188	7656.8137	7905.2705	1	0
fresh-cull20-16-holistic-d110	16	holistic	470	he788	2.3971	1.5195	2.5625	1.6875	5511.8569	5600.0750	0	0
fresh-cull20-16-holistic-d110	16	holistic	470	he790	0.8327	0.7067	1.0000	0.8750	5577.1100	5610.5426	0	0
fresh-cull20-16-holistic-d110	16	holistic	470	he791	1.6959	1.0423	2.0000	1.3438	10134.1506	10048.3409	0	0
fresh-cull20-16-holistic-d110	16	holistic	470	he792	2.4545	2.0821	2.6250	2.2500	5682.5355	5595.0364	0	0
fresh-cull20-16-holistic-d110	16	holistic	470	he793	0.0312	0.0000	0.0312	0.0000	0.0000	0.0000	0	0
fresh-cull20-16-holistic-d110	16	holistic	470	he794	2.1275	1.6594	2.2500	1.7812	4085.3612	4061.9562	0	0
fresh-cull20-16-holistic-d110	16	holistic	470	he795	0.2099	0.3325	0.3125	0.4375	3419.8377	3502.4970	0	0
fresh-cull20-16-holistic-d110	16	holistic	470	he796	0.8091	0.6217	0.8125	0.6250	115.4637	111.7242	0	0
fresh-cull20-16-holistic-d110	16	holistic	470	he797	0.4637	0.3382	0.5312	0.4062	2251.5147	2266.0747	0	0
fresh-cull20-16-holistic-d110	16	holistic	470	he798	1.5602	0.8477	2.1562	1.4375	19866.7795	19659.2490	0	0
fresh-cull20-16-holistic-d110	16	holistic	470	he799	1.1659	0.7900	1.3750	1.0000	6969.6683	6999.1482	0	0
