# garden MERGED J=32 from parts 0..15, 16..31: garden fresh-base-20-holistic-d110 seed 20 holistic season 470 n=60 J=16 worlds=0..15 run=/tmp/rbt107-hrep/base-20 work_cost=0.03 (163 s, workers 4) | garden fresh-base-20-holistic-d110 seed 20 holistic season 470 n=60 J=16 worlds=16..31 run=/tmp/rbt107-hrep/base-20 work_cost=0.03 (162 s, workers 4)
fresh-base-20-holistic-d110	20	holistic	470	he837	0.7625	0.8286	0.8438	0.9062	2707.9889	2587.3872	0	0
fresh-base-20-holistic-d110	20	holistic	470	he838	0.5549	0.5108	0.7812	0.7500	7545.1299	7975.6761	0	0
fresh-base-20-holistic-d110	20	holistic	470	he839	1.3943	1.2374	1.4375	1.2812	1440.2483	1463.3596	0	0
fresh-base-20-holistic-d110	20	holistic	470	he840	0.9767	0.4200	1.0312	0.4688	1820.1441	1624.2733	0	0
fresh-base-20-holistic-d110	20	holistic	470	he841	0.1559	0.1243	0.1875	0.1562	1053.6906	1066.0642	0	0
fresh-base-20-holistic-d110	20	holistic	470	he842	0.7993	0.8624	0.8438	0.9062	1483.6550	1463.3385	0	0
fresh-base-20-holistic-d110	20	holistic	470	he843	1.1787	1.1766	1.4375	1.4375	8627.7967	8694.4526	0	0
fresh-base-20-holistic-d110	20	holistic	470	he844	1.8986	1.7178	1.9688	1.7812	2336.4443	2116.8598	0	0
fresh-base-20-holistic-d110	20	holistic	470	he845	0.9702	0.7244	1.0625	0.8125	3078.0716	2937.2051	0	0
fresh-base-20-holistic-d110	20	holistic	470	he846	1.3968	0.9580	1.5625	1.1250	5521.0480	5565.6677	0	0
fresh-base-20-holistic-d110	20	holistic	470	he848	1.3430	1.1259	1.5000	1.2812	5232.3858	5179.2115	0	0
fresh-base-20-holistic-d110	20	holistic	470	he849	0.5501	0.4565	0.6250	0.5312	2496.1506	2490.6757	0	0
fresh-base-20-holistic-d110	20	holistic	470	he850	0.8325	0.7432	1.0000	0.9062	5583.1589	5436.0607	0	0
fresh-base-20-holistic-d110	20	holistic	470	he851	1.8637	1.5541	2.0625	1.7500	6625.3715	6528.8781	0	0
fresh-base-20-holistic-d110	20	holistic	470	he854	0.7752	0.4390	0.9375	0.5938	5411.4079	5160.2064	0	0
fresh-base-20-holistic-d110	20	holistic	470	he855	1.0915	0.9362	1.4062	1.2500	10493.1250	10461.5937	0	0
fresh-base-20-holistic-d110	20	holistic	470	he856	1.5770	1.2712	1.6562	1.3438	2640.8144	2420.4554	0	0
fresh-base-20-holistic-d110	20	holistic	470	he857	1.2591	1.2914	1.3125	1.3438	1781.0232	1745.6377	0	0
fresh-base-20-holistic-d110	20	holistic	470	he858	0.7584	0.5132	0.7812	0.5312	764.5918	601.7052	0	0
fresh-base-20-holistic-d110	20	holistic	470	he861	0.9169	0.8213	0.9375	0.8438	687.5550	749.4548	0	0
fresh-base-20-holistic-d110	20	holistic	470	he862	1.6589	1.9002	1.8750	2.1250	7203.3516	7491.0082	0	0
fresh-base-20-holistic-d110	20	holistic	470	he863	1.5612	1.7879	1.8438	2.0625	9420.0497	9151.6809	0	0
fresh-base-20-holistic-d110	20	holistic	470	he866	1.0696	0.9882	1.1250	1.0312	1847.2319	1434.4036	0	0
fresh-base-20-holistic-d110	20	holistic	470	he873	0.2101	0.2082	0.3125	0.3125	3416.2644	3478.4057	0	0
fresh-base-20-holistic-d110	20	holistic	470	he874	0.3912	0.3608	0.4062	0.3750	500.1828	473.7537	0	0
fresh-base-20-holistic-d110	20	holistic	470	he876	0.6937	1.0978	0.7500	1.1562	1876.2813	1946.5007	0	0
fresh-base-20-holistic-d110	20	holistic	470	he877	0.5917	0.5334	0.6875	0.6250	3193.0887	3054.2010	0	0
fresh-base-20-holistic-d110	20	holistic	470	he879	1.7884	1.2087	1.9688	1.3750	6013.3958	5543.1572	0	0
fresh-base-20-holistic-d110	20	holistic	470	he882	0.4473	0.2976	0.5312	0.3750	2797.8067	2577.4774	0	0
fresh-base-20-holistic-d110	20	holistic	470	he883	0.1167	0.1522	0.1562	0.1875	1318.1132	1176.7980	0	0
fresh-base-20-holistic-d110	20	holistic	470	he885	0.8580	0.9243	0.9062	0.9688	1606.1814	1483.4300	0	0
fresh-base-20-holistic-d110	20	holistic	470	he887	0.7695	0.4582	0.8438	0.5312	2473.1037	2435.2114	0	0
fresh-base-20-holistic-d110	20	holistic	470	he888	0.1745	0.2363	0.1875	0.2500	432.5892	457.1741	0	0
fresh-base-20-holistic-d110	20	holistic	470	he889	0.6959	0.6070	0.8750	0.7812	5971.5027	5805.4604	0	0
fresh-base-20-holistic-d110	20	holistic	470	he891	0.5059	0.3180	0.5312	0.3438	843.7059	860.2723	0	0
fresh-base-20-holistic-d110	20	holistic	470	he894	0.4531	0.5769	0.4688	0.5938	522.1596	562.4773	0	0
fresh-base-20-holistic-d110	20	holistic	470	he896	2.2700	1.7397	2.3125	1.7812	1415.4273	1385.7708	0	0
fresh-base-20-holistic-d110	20	holistic	470	he898	1.5160	1.7041	1.5625	1.7500	1550.2341	1529.5737	0	0
fresh-base-20-holistic-d110	20	holistic	470	he899	0.5972	0.4717	0.6562	0.5312	1969.5900	1987.9450	0	0
fresh-base-20-holistic-d110	20	holistic	470	he901	0.9299	1.3404	1.0312	1.4375	3378.0036	3235.1635	0	0
fresh-base-20-holistic-d110	20	holistic	470	he903	0.5942	0.6159	0.7812	0.8125	6236.6930	6555.1090	0	0
fresh-base-20-holistic-d110	20	holistic	470	he905	0.9227	1.0798	0.9375	1.0938	490.1779	464.3000	0	0
fresh-base-20-holistic-d110	20	holistic	470	he906	1.0168	0.5467	1.1250	0.6562	3608.4690	3652.8328	0	0
fresh-base-20-holistic-d110	20	holistic	470	he907	1.0433	0.9841	1.0938	1.0312	1682.2744	1571.6835	0	0
fresh-base-20-holistic-d110	20	holistic	470	he909	0.2380	0.3938	0.2500	0.4062	398.5541	415.0724	0	0
fresh-base-20-holistic-d110	20	holistic	470	he911	1.3127	1.2833	1.3750	1.3438	2077.6641	2013.9769	0	0
fresh-base-20-holistic-d110	20	holistic	470	he912	0.4064	0.1263	0.4375	0.1562	1035.7858	997.7683	0	0
fresh-base-20-holistic-d110	20	holistic	470	he914	0.7760	0.6558	0.8125	0.6875	1216.8697	1055.8225	0	0
fresh-base-20-holistic-d110	20	holistic	470	he916	1.7142	1.3744	1.9375	1.5938	7445.1295	7311.5679	0	0
fresh-base-20-holistic-d110	20	holistic	470	he919	1.2855	1.1349	1.3438	1.1875	1939.6983	1754.9040	0	0
fresh-base-20-holistic-d110	20	holistic	470	he920	0.4561	0.6100	0.5312	0.6875	2503.7524	2584.3113	0	0
fresh-base-20-holistic-d110	20	holistic	470	he921	1.3119	1.0040	1.4375	1.1250	4185.2593	4033.3928	0	0
fresh-base-20-holistic-d110	20	holistic	470	he922	0.4567	0.4572	0.4688	0.4688	403.0752	384.3589	0	0
fresh-base-20-holistic-d110	20	holistic	470	he923	0.1786	0.1164	0.1875	0.1250	295.7420	288.6153	0	0
fresh-base-20-holistic-d110	20	holistic	470	he924	1.0541	0.8702	1.1562	0.9688	3404.0529	3283.0006	0	0
fresh-base-20-holistic-d110	20	holistic	470	he925	1.1471	0.4920	1.1875	0.5312	1345.9651	1307.6449	0	0
fresh-base-20-holistic-d110	20	holistic	470	he926	-0.0002	-0.0002	0.0000	0.0000	4.9348	5.3011	0	0
fresh-base-20-holistic-d110	20	holistic	470	he927	2.5638	1.9092	2.6562	2.0000	3081.8085	3026.5900	0	0
fresh-base-20-holistic-d110	20	holistic	470	he928	0.4991	0.7173	0.5938	0.8125	3154.2694	3174.0004	0	0
fresh-base-20-holistic-d110	20	holistic	470	he929	0.0509	0.1158	0.1250	0.1875	2468.7030	2388.8700	0	0
