season	population	alive	births	deaths	mean_lifetime_score	best_lifetime_score	mean_age	max_age
0	holistic	60	1	1	-0.029006774642473667	0.9811057446964311	27.216666666666665	59
0	conventional	60	3	3	-0.04591430035950658	3.5048598046589827	27.016666666666666	58
1	holistic	60	2	2	0.03482487133451164	1.3721506299229984	26.933333333333334	59
1	conventional	60	0	0	0.17683733602056032	3.977249797738373	28.016666666666666	59
2	holistic	60	2	2	0.13341665240208772	1.8608567374899416	25.933333333333334	59
2	conventional	60	5	5	0.288450437167403	2.4670336625836087	26.916666666666668	58
3	holistic	60	1	1	0.11820819572130277	1.8632402587278034	25.933333333333334	57
3	conventional	60	6	6	0.3438738706877374	2.147681144996028	25.216666666666665	59
4	holistic	60	1	1	0.11676627955649767	1.381958379633161	26.633333333333333	58
4	conventional	60	8	8	0.3201205985188498	1.6669872807600044	21.333333333333332	58
5	holistic	60	1	1	0.10923835326353613	1.148707790524167	27.55	59
5	conventional	60	3	3	0.43971522911518296	2.54790345578583	21.15	59
6	holistic	60	4	4	0.106861910513608	1.0841358774768508	26.95	58
6	conventional	60	6	6	0.46549765460164866	2.3971321300410398	20.3	59
7	holistic	60	1	1	0.16213868145019864	1.9355696473664348	27.066666666666666	59
7	conventional	60	4	4	0.4112618963369266	1.5177949948039644	19.983333333333334	57
8	holistic	60	5	5	0.12725610642946786	1.0930605888976763	25.683333333333334	59
8	conventional	60	5	5	0.33395942709168847	3.521388737889249	18.233333333333334	58
9	holistic	60	5	5	0.18652103318986865	1.8202483402577356	23.166666666666668	59
9	conventional	60	12	12	0.4111326610197413	3.024399410140383	15.216666666666667	58
10	holistic	60	4	4	0.17321480162291822	1.8228019481498126	21.1	58
10	conventional	60	1	1	0.48645027480139263	4.384184634531113	15.966666666666667	59
11	holistic	32	6	34	0.34222274833544886	1.9843151513099984	11.09375	53
11	conventional	60	13	13	0.5671752119815638	4.383618536686772	12.583333333333334	59
12	holistic	34	6	4	0.40220272478766905	2.4845685757858478	10.911764705882353	54
12	conventional	60	2	2	0.5007914061408989	3.047736326926806	11.9	57
13	holistic	38	6	2	0.37281752607004043	1.6510833644041505	10.447368421052632	55
13	conventional	60	5	5	0.505412758880402	2.598374195318621	12.616666666666667	58
14	holistic	45	8	1	0.4574419671932489	1.8629883212576952	9.577777777777778	56
14	conventional	60	6	6	0.5891460099111965	2.427269204494181	12.4	59
15	holistic	51	9	3	0.37526212848011153	1.9842384568158544	9.098039215686274	57
15	conventional	60	6	6	0.5337282729246604	2.5193265000597425	11.833333333333334	49
16	holistic	55	8	4	0.4576992816312721	1.9582301018579047	8.545454545454545	58
16	conventional	60	5	5	0.5977923002350484	2.509300497804909	12.4	50
17	holistic	60	8	3	0.43528321041663115	2.967439515062234	7.7	59
17	conventional	60	3	3	0.6361846982775107	2.510124028948384	12.533333333333333	51
18	holistic	60	3	3	0.563382097504751	2.7915820108943548	7.566666666666666	56
18	conventional	60	3	3	0.6982901047504568	2.9277621158844407	13.016666666666667	52
19	holistic	60	3	3	0.5972108929219343	2.2479311865145646	8.366666666666667	57
19	conventional	60	1	1	0.7238368718949653	3.4253790663586594	13.983333333333333	53
20	holistic	60	6	6	0.6554466200153334	2.414794372287589	8.783333333333333	58
20	conventional	60	3	3	0.6316897441327243	2.154554025218723	14.133333333333333	54
21	holistic	60	2	2	0.7107846846713286	2.844461882724847	9.65	59
21	conventional	60	3	3	0.6992637682172949	2.4185890828530185	14.883333333333333	55
22	holistic	60	2	2	0.6863100941631224	1.7478368491900762	9.466666666666667	50
22	conventional	60	2	2	0.666857209177804	2.438517294206697	15.75	56
23	holistic	60	1	1	0.7368315411799082	2.5625483246221954	10.4	51
23	conventional	60	2	2	0.704083387282438	2.0382541708203594	16.683333333333334	57
24	holistic	60	6	6	0.7175325695875082	2.2618952452839443	10.716666666666667	52
24	conventional	60	2	2	0.7184350284958073	1.989781525482627	17.433333333333334	58
25	holistic	60	0	0	0.7521291172343871	2.9254221988478384	11.716666666666667	53
25	conventional	60	5	5	0.6878876322093004	2.150925029957514	16.15	59
26	holistic	60	2	2	0.7432762084244413	2.178448121872182	12.583333333333334	54
26	conventional	60	4	4	0.569403026866205	2.5637996139821864	15.766666666666667	59
27	holistic	60	2	2	0.7910483752922792	2.1450484235086456	12.616666666666667	44
27	conventional	60	5	5	0.6451115656414956	3.554427312942436	15.416666666666666	53
28	holistic	60	1	1	0.7745274190828427	1.9784445533351438	13.55	45
28	conventional	60	2	2	0.67718710781407	4.527059606498661	16.283333333333335	54
29	holistic	60	2	2	0.7990153178218133	1.8535058619017226	14.033333333333333	46
29	conventional	60	4	4	0.6581289200465604	2.5292914723792927	16.466666666666665	55
30	holistic	60	1	1	0.8129786932224559	1.8967847639396436	14.25	42
30	conventional	60	2	2	0.5870402903920399	1.8616591006654877	17.366666666666667	56
31	holistic	60	1	1	0.8094136773578079	2.8949569832745063	15.183333333333334	43
31	conventional	60	0	0	0.6723075355950978	1.7521794677598077	18.366666666666667	57
32	holistic	60	0	0	0.7980428797173408	1.8946082900483991	16.183333333333334	44
32	conventional	60	4	4	0.6059317174388555	1.5822696763445834	17.883333333333333	50
33	holistic	60	0	0	0.8207992550685483	2.394354062925224	17.183333333333334	45
33	conventional	60	1	1	0.6472804679447979	1.773609919816541	18.483333333333334	51
34	holistic	60	1	1	0.8160344927817013	2.2953072250629476	18.116666666666667	46
34	conventional	60	2	2	0.6006116175314437	2.2267413813616335	19.15	52
35	holistic	60	1	1	0.8328044471855235	2.2282248596182663	18.716666666666665	47
35	conventional	60	4	4	0.5779849269542768	2.263737513157728	18.366666666666667	53
36	holistic	60	0	0	0.8692637711503879	2.0376447996803693	19.716666666666665	48
36	conventional	60	0	0	0.7221370312623349	4.502325873532872	19.366666666666667	54
37	holistic	60	0	0	0.8710744375037479	1.8951537761835524	20.716666666666665	49
37	conventional	60	6	6	0.7496993137663881	3.5032992498214846	18.6	55
38	holistic	60	0	0	0.866195631259171	1.7838161315934182	21.716666666666665	50
38	conventional	60	0	0	0.7560691378997213	2.4848902899515255	19.6	56
39	holistic	60	1	1	0.8509578560567204	1.7949040388915285	22.35	51
39	conventional	60	1	1	0.7602757038017788	2.2422612587331314	20.566666666666666	57
40	holistic	60	0	0	0.8689588852650802	1.7520978488923757	23.35	52
40	conventional	60	2	2	0.7312092581246546	1.754510484614307	21.35	58
41	holistic	60	1	1	0.8807851208351881	1.7123200069376858	23.95	53
41	conventional	60	1	1	0.8040243723507708	3.457762282609276	22.116666666666667	59
42	holistic	60	0	0	0.9037270076772034	1.984724214621304	24.95	54
42	conventional	60	2	2	0.7473925873269104	1.9450336532651429	22.033333333333335	55
43	holistic	60	0	0	0.8874891844694821	1.641570423033229	25.95	55
43	conventional	60	0	0	0.7541211867215593	1.8624314459617464	23.033333333333335	56
44	holistic	60	0	0	0.8803050159350226	1.6471289666293558	26.95	56
44	conventional	60	2	2	0.7353535008183982	1.933074008428128	23.316666666666666	57
45	holistic	60	0	0	0.8780850083881272	1.6166084329102552	27.95	57
45	conventional	60	1	1	0.7057289067813982	1.6887797236602755	24.183333333333334	58
46	holistic	60	0	0	0.8830001608318536	1.6917929068483935	28.95	58
46	conventional	60	1	1	0.7336528474171704	1.673078681562766	25.15	59
47	holistic	60	0	0	0.8832738149988796	1.6949158971495792	29.95	59
47	conventional	60	3	3	0.6994604956961453	1.5789306095621918	25.033333333333335	54
48	holistic	60	1	1	0.8732852914501291	1.6657193231820226	29.95	52
48	conventional	60	0	0	0.7731519699658408	2.448375549682876	26.033333333333335	55
49	holistic	60	0	0	0.8727675330270991	1.607238009627805	30.95	53
49	conventional	60	1	1	0.7766711262409594	2.9281547208083216	27.0	56
50	holistic	60	0	0	0.877811364029751	1.612811056077288	31.95	54
50	conventional	60	1	1	0.7852689530024121	2.4234237015805515	27.733333333333334	57
51	holistic	60	0	0	0.8776049968336762	1.559285763934986	32.95	55
51	conventional	60	1	1	0.7412811690789938	2.18313059695223	27.766666666666666	53
52	holistic	60	0	0	0.88301898135559	1.5374835111356304	33.95	56
52	conventional	60	0	0	0.7227807348503889	1.82412468289709	28.766666666666666	54
53	holistic	60	0	0	0.8903747419116184	1.4890871499205445	34.95	57
53	conventional	60	2	2	0.7409362469941084	1.5504011270556264	29.683333333333334	55
54	holistic	60	0	0	0.8842415095223985	1.5518354556345408	35.95	58
54	conventional	60	0	0	0.7961393203422369	3.3130613004804936	30.683333333333334	56
55	holistic	60	0	0	0.8852169557768835	1.5056161798986416	36.95	59
55	conventional	60	1	1	0.7879987801315572	1.794335472794449	31.516666666666666	57
56	holistic	60	1	1	0.896908334332439	1.5181337376226318	36.95	57
56	conventional	60	0	0	0.8737736257437813	4.3295410572945805	32.516666666666666	58
57	holistic	60	0	0	0.90807454413311	1.5588446616814615	37.95	58
57	conventional	60	0	0	0.8402868987805915	2.334496425619993	33.516666666666666	59
58	holistic	60	0	0	0.9236285724008471	2.1803496845309565	38.95	59
58	conventional	60	1	1	0.8369116007764321	2.665772830632402	33.516666666666666	56
59	holistic	60	1	1	0.9152198136935085	2.2349834382678826	38.95	58
59	conventional	60	0	0	0.7958576749498945	1.8400249761452994	34.516666666666666	57
60	holistic	60	0	0	0.9128542895825587	2.0301124071540584	39.95	59
60	conventional	60	2	2	0.7716473405445907	1.6546121007275763	35.36666666666667	58
61	holistic	60	1	1	0.9239790774209387	2.24042427937856	39.95	58
61	conventional	60	0	0	0.8034057538965579	2.4300844316431576	36.36666666666667	59
62	holistic	60	0	0	0.9291278348174042	2.06412615985931	40.95	59
62	conventional	60	2	2	0.8173261154456528	2.1968826602887708	35.36666666666667	59
63	holistic	60	1	1	0.9086540196712373	1.911588892722069	40.95	57
63	conventional	60	3	3	0.7271282739483101	1.8404925842549587	34.13333333333333	59
64	holistic	60	0	0	0.9080135948686823	1.778051663906021	41.95	58
64	conventional	60	4	4	0.7185024884163449	1.5612505566662318	34.05	58
65	holistic	60	0	0	0.9014472400683455	1.6602164226964526	42.95	59
65	conventional	60	1	1	0.671071347773538	1.3693994758836685	34.85	59
66	holistic	60	2	2	0.8857715861158567	1.722182843285066	41.95	58
66	conventional	60	2	2	0.6898348619950745	1.4770840020370706	34.81666666666667	58
67	holistic	60	1	1	0.8985305459834264	1.8489100475148355	42.88333333333333	59
67	conventional	60	2	2	0.7204001585124935	1.5251494895701483	35.7	59
68	holistic	60	1	1	0.915314546822751	1.7273423011877473	42.88333333333333	59
68	conventional	60	3	3	0.6954995307604508	1.7587954781713786	33.7	59
69	holistic	60	1	1	0.9168973725710451	1.824216871346057	42.88333333333333	59
69	conventional	60	4	4	0.7269319431461162	1.789021165677812	31.633333333333333	58
70	holistic	60	2	2	0.9138244194232984	1.686637956603891	41.88333333333333	59
70	conventional	60	0	0	0.7522394000278884	1.686716688029867	32.63333333333333	59
71	holistic	60	1	1	0.8924425962081126	1.6031783872330616	41.88333333333333	59
71	conventional	60	6	6	0.6914194220692477	1.8001387664732569	29.4	58
72	holistic	60	3	3	0.9076848873758903	3.942749969402684	40.81666666666667	59
72	conventional	60	1	1	0.691274947492357	1.7051851885147145	30.35	59
73	holistic	60	5	5	0.9639411766312023	4.929737092806936	38.7	59
73	conventional	60	5	5	0.7341069769327577	1.6562087447087563	28.283333333333335	59
74	holistic	60	6	6	0.9049352098871867	3.429041653595565	34.63333333333333	59
74	conventional	60	5	5	0.7645085700538351	3.151072934122126	26.166666666666668	59
75	holistic	60	6	6	0.7879504430537875	2.594259023908455	29.633333333333333	59
75	conventional	60	5	5	0.8287362961035304	3.427632824727828	24.783333333333335	59
76	holistic	60	5	5	0.8247055532629302	3.9306491112860655	26.566666666666666	59
76	conventional	60	5	5	0.798821321011974	2.861229028394995	22.733333333333334	59
77	holistic	60	5	5	0.7638995021631021	1.934365331771882	24.45	59
77	conventional	60	2	2	0.8187306295981572	4.1594963631773965	22.7	59
78	holistic	60	7	7	0.7828423211063267	2.883506248798488	22.2	59
78	conventional	60	3	3	0.8122500259196649	2.9073673406475837	22.633333333333333	58
79	holistic	60	2	2	0.8974163326747949	3.7340768048247397	21.2	59
79	conventional	60	4	4	0.7751748253967233	2.5538359409872227	23.3	59
80	holistic	60	5	5	0.7628087486445249	2.253534635668456	20.0	59
80	conventional	60	2	2	0.8130530888974461	2.65516967280468	23.266666666666666	55
81	holistic	60	4	4	0.7904520306899642	2.3431561037325683	18.866666666666667	58
81	conventional	60	3	3	0.7935396228597381	2.216263896517975	24.033333333333335	56
82	holistic	60	1	1	0.8503480574539167	3.3024919894970104	19.8	59
82	conventional	60	4	4	0.776429553961611	2.0871904923474776	24.466666666666665	57
83	holistic	60	3	3	0.8718490879078143	2.8018789648241373	19.683333333333334	59
83	conventional	60	3	3	0.7175614397730516	1.847302586940995	25.266666666666666	58
84	holistic	60	4	4	0.8045280702787571	2.193543333147451	16.683333333333334	58
84	conventional	60	3	3	0.8764443143783895	3.3513305415829864	26.183333333333334	59
85	holistic	60	1	1	0.8272253297693651	2.0450996272393143	17.616666666666667	59
85	conventional	60	2	2	0.8122568270949856	2.6461119651091236	26.016666666666666	59
86	holistic	60	3	3	0.7974896292110053	2.135877288631354	16.55	59
86	conventional	60	3	3	0.7458588459779449	1.7198735756219086	25.0	59
87	holistic	60	2	2	0.8166158746217135	2.0969617711315607	16.5	59
87	conventional	60	4	4	0.8358900460517635	3.3875544957837462	23.816666666666666	58
88	holistic	60	3	3	0.8308990911882167	2.077122569153719	16.366666666666667	59
88	conventional	60	1	1	0.9069092802790533	5.3623230515396205	24.683333333333334	59
89	holistic	60	3	3	0.9797022010253771	7.89174508092524	15.3	58
89	conventional	60	3	3	0.9864987753378477	6.438730859405096	23.466666666666665	59
90	holistic	60	1	1	0.9394998483872473	4.887966944954265	16.233333333333334	59
90	conventional	60	2	2	0.9144965624287079	3.439169752740474	22.466666666666665	58
91	holistic	60	3	3	1.0784297295037422	4.862048621078395	16.116666666666667	57
91	conventional	60	2	2	1.0071711554547216	5.394323843489111	23.333333333333332	59
92	holistic	60	0	0	1.032990742219224	4.360532932244305	17.116666666666667	58
92	conventional	60	3	3	0.9370712379279742	4.3951141802343905	23.283333333333335	58
93	holistic	60	1	1	1.0190523644304497	2.860726860728734	18.05	59
93	conventional	60	1	1	0.955389961422897	2.7283031578812924	24.216666666666665	59
94	holistic	60	1	1	0.9972838293628944	2.358892447037284	18.05	59
94	conventional	60	1	1	0.9343166905183382	3.4623599039505555	24.216666666666665	59
95	holistic	60	2	2	0.9678111474342784	2.2598932738999706	17.983333333333334	56
95	conventional	60	3	3	0.8968430416857867	2.462231336878056	22.216666666666665	58
96	holistic	60	0	0	1.0121429900215102	2.0095068882579343	18.983333333333334	57
96	conventional	60	3	3	0.8879520724002751	1.6941140912559802	22.933333333333334	59
97	holistic	60	0	0	0.9789506161910942	2.00396752229713	19.983333333333334	58
97	conventional	60	4	4	0.7870632531338548	1.585955800265886	20.916666666666668	58
98	holistic	60	0	0	0.9596337605401325	2.065791515153299	20.983333333333334	59
98	conventional	60	1	1	0.89084538355146	3.3740153991153856	21.883333333333333	59
99	holistic	60	2	2	0.9700357300525617	2.245069118481486	20.85	58
99	conventional	60	3	3	0.8436699440656841	1.8465254176426928	21.833333333333332	59
100	holistic	60	0	0	1.0153192411738727	2.1090524746853707	21.85	59
100	conventional	60	3	3	0.8777250868128514	2.4547509951548228	20.766666666666666	58
101	holistic	60	1	1	0.9874115669275725	1.9880820726954873	21.85	53
101	conventional	60	2	2	0.8529373373205478	1.9155233346314446	21.666666666666668	59
102	holistic	60	0	0	0.9958141571693412	1.9851602263071726	22.85	54
102	conventional	60	2	2	0.8780488812624847	3.3535467594645456	20.666666666666668	58
103	holistic	60	2	2	1.003693786081961	1.9825002633725703	23.75	55
103	conventional	60	1	1	0.8942047605449853	2.4656792822178284	21.316666666666666	59
104	holistic	60	0	0	0.9855104005810922	1.9323634306530635	24.75	56
104	conventional	60	1	1	0.8345151044291019	1.8531475135782713	21.316666666666666	57
105	holistic	60	0	0	0.9743922374372445	1.9322248570558598	25.75	57
105	conventional	60	2	2	0.8143840216163505	1.6891559815649524	22.183333333333334	58
106	holistic	60	0	0	1.0001433609033525	2.1496891706489136	26.75	58
106	conventional	60	1	1	0.8245022737262959	1.5918046936572299	23.133333333333333	59
107	holistic	60	2	2	0.9985847296177359	2.223985318776444	27.483333333333334	59
107	conventional	60	3	3	0.8074131112618662	1.899385193938285	22.083333333333332	52
108	holistic	60	1	1	0.9871016402170074	2.2525551285897034	27.483333333333334	52
108	conventional	60	2	2	0.8328482383678384	1.7473696709591091	23.016666666666666	53
109	holistic	60	0	0	0.9950963696188379	2.201931693345873	28.483333333333334	53
109	conventional	60	2	2	0.8741614388910748	2.2730802976402082	23.816666666666666	54
110	holistic	60	0	0	1.0030714743896374	2.154993910449054	29.483333333333334	54
110	conventional	60	0	0	0.8191758080930555	1.7699357811047667	24.816666666666666	55
111	holistic	60	0	0	1.0017162713587628	2.1471097321364945	30.483333333333334	55
111	conventional	60	1	1	0.8508998301307077	2.267439733524212	25.783333333333335	56
112	holistic	60	0	0	0.9932897246928846	2.1052971414193644	31.483333333333334	56
112	conventional	60	0	0	0.8726273154894878	1.6846763359035208	26.783333333333335	57
113	holistic	60	0	0	0.9978619570370438	2.166072951155911	32.483333333333334	57
113	conventional	60	2	2	0.8957928035448018	1.6697872993840066	27.15	58
114	holistic	60	0	0	0.9826094366003403	2.0938214607832033	33.483333333333334	58
114	conventional	60	1	1	0.8440130487361881	1.6325142453898522	27.866666666666667	59
115	holistic	60	0	0	1.0001932807936305	2.1513046167243064	34.483333333333334	59
115	conventional	60	3	3	0.8164088408443941	1.5539466322588666	27.666666666666668	52
116	holistic	60	1	1	1.0045321002854444	2.1143675976220404	34.483333333333334	57
116	conventional	60	0	0	0.9228479554334981	4.415197617129366	28.666666666666668	53
117	holistic	60	0	0	0.9830504953574856	2.109004527725391	35.483333333333334	58
117	conventional	60	1	1	0.9066565690572631	2.918871665458791	29.633333333333333	54
118	holistic	60	1	1	0.9750668133490876	2.0752851294749477	36.45	59
118	conventional	60	1	1	0.867364981444576	2.08781015766089	30.583333333333332	55
119	holistic	60	1	1	0.955608787598655	2.0712215916604704	36.45	58
119	conventional	60	1	1	0.8904127727564102	1.6733113507518393	31.55	56
120	holistic	60	0	0	1.0045956838724204	2.4829649743060234	37.45	59
120	conventional	60	0	0	0.9492765242431601	2.219731297010133	32.55	57
121	holistic	60	2	2	0.9619880794771998	2.090128714039647	37.21666666666667	55
121	conventional	60	0	0	0.9210703587574228	2.378345240622272	33.55	58
122	holistic	60	0	0	0.9588222342245561	2.0603442361044046	38.21666666666667	56
122	conventional	60	0	0	0.8907633661968574	2.4187479866570825	34.55	59
123	holistic	60	1	1	0.9586857035106371	2.0321947076459295	39.15	57
123	conventional	60	1	1	0.8559511286200848	2.168075470325677	34.55	59
124	holistic	60	0	0	0.961969044235589	2.02983977875102	40.15	58
124	conventional	60	2	2	0.8103772415956315	2.197162583348518	33.55	58
125	holistic	60	2	2	0.9656960173548572	2.0036998064534663	41.016666666666666	59
125	conventional	60	1	1	0.850034743780439	1.9211106361259673	34.516666666666666	59
126	holistic	60	2	2	0.9444188756505254	2.025375460092001	40.016666666666666	59
126	conventional	60	1	1	0.8319130687260841	1.8744428230388428	34.516666666666666	59
127	holistic	60	2	2	0.9717509130148091	2.1141330674313252	39.95	56
127	conventional	60	3	3	0.8245277081464277	1.8354304551161809	33.483333333333334	59
128	holistic	60	0	0	1.0020555251926493	2.1100341411529486	40.95	57
128	conventional	60	1	1	0.8537072044099895	1.7273856862405275	33.483333333333334	59
129	holistic	60	0	0	1.0153463147133375	2.06265270479171	41.95	58
129	conventional	60	3	3	0.8368332671238224	1.675218637030007	32.3	58
130	holistic	60	0	0	1.0154009180172783	2.0172866164422727	42.95	59
130	conventional	60	1	1	0.829012930336185	1.6696089924651993	33.25	59
131	holistic	60	1	1	1.0045098643453767	2.0154991301949168	42.95	59
131	conventional	60	3	3	0.8034584614750441	1.6633653636958718	31.25	59
132	holistic	60	2	2	1.0463652999225785	3.7681688950941945	41.95	59
132	conventional	60	2	2	0.7471082896741007	1.6359475861553003	31.116666666666667	58
133	holistic	60	4	4	0.9922194906747603	2.7149418625546797	38.95	59
133	conventional	60	2	2	0.8034451455341274	1.764838518944549	32.05	59
134	holistic	60	2	2	1.028393404972167	2.7156440143984497	37.95	59
134	conventional	60	4	4	0.7331359554267105	1.5618428754920808	30.016666666666666	59
135	holistic	60	5	5	0.9823472277052728	2.8935553300039882	33.95	59
135	conventional	60	1	1	0.8973737005858499	1.6763398045718303	30.016666666666666	59
136	holistic	60	3	3	1.064496923636394	2.397695601928927	32.88333333333333	59
136	conventional	60	2	2	0.8227082444804077	1.6373241821122508	30.0	59
137	holistic	60	3	3	1.1590630577606214	6.949093625494388	30.883333333333333	59
137	conventional	60	2	2	0.8131510268814812	1.8822797969984384	29.95	59
138	holistic	60	7	7	0.9631861830503894	3.947071670214011	25.816666666666666	59
138	conventional	60	2	2	0.8182673366213533	1.7035745945390173	29.783333333333335	59
139	holistic	60	2	2	1.0494748089953867	3.6143372746870486	25.75	59
139	conventional	60	2	2	0.8921669457866277	2.5361214651013344	29.616666666666667	59
140	holistic	60	5	5	1.0378042300402488	3.948588485685181	22.683333333333334	59
140	conventional	60	2	2	0.9398978199108602	2.389831512012606	29.583333333333332	58
141	holistic	60	3	3	0.9916018184887082	3.1491995102459356	20.683333333333334	58
141	conventional	60	1	1	0.954381753635124	2.5374993691606824	30.566666666666666	59
142	holistic	60	4	4	1.0418051995758002	3.5448254905521495	21.416666666666668	59
142	conventional	60	1	1	0.9621158435768503	2.286082236581711	30.566666666666666	59
143	holistic	60	4	4	1.0355839504632256	3.1283944431770876	19.35	59
143	conventional	60	2	2	0.8970991551073146	1.939257066592532	29.566666666666666	59
144	holistic	60	1	1	0.9745133445656199	2.6957401880412895	19.35	58
144	conventional	60	3	3	0.9143769194415259	1.8314067431343992	29.516666666666666	58
145	holistic	60	1	1	1.002201181225449	2.545820524263043	20.316666666666666	59
145	conventional	60	0	0	0.9071633366304178	1.88283967272558	30.516666666666666	59
146	holistic	60	3	3	1.1050651243756995	4.9393033643399225	19.25	59
146	conventional	60	3	3	0.9176717965914276	2.1468101532198642	28.516666666666666	59
147	holistic	60	2	2	1.0477960292807806	3.4401327663617796	19.183333333333334	59
147	conventional	60	4	4	0.9562754940416364	3.4562257733757025	25.516666666666666	59
148	holistic	60	2	2	0.986706843497361	2.8995999088215223	18.183333333333334	59
148	conventional	60	2	2	0.8867554372095433	2.456614993930897	25.45	59
149	holistic	60	2	2	1.046056963698031	4.179638806187673	17.183333333333334	59
149	conventional	60	3	3	0.8413438077932904	1.6755330544656448	25.383333333333333	59
150	holistic	60	1	1	1.0679647627033806	3.4000056354543613	17.183333333333334	59
150	conventional	60	4	4	0.9052800885628486	2.357901861298723	25.25	59
151	holistic	60	2	2	1.0491111893639047	2.9336677022648323	17.116666666666667	58
151	conventional	60	3	3	0.9223105005097569	2.021835871745676	25.2	59
152	holistic	60	1	1	1.043474356686835	2.7905254581496983	18.05	59
152	conventional	60	3	3	0.8969713775018823	3.3545685724445238	24.166666666666668	59
153	holistic	60	1	1	1.0136624727390382	2.5593486575172766	18.05	59
153	conventional	60	2	2	0.8918770183521265	2.250894994991185	24.133333333333333	59
154	holistic	60	4	4	0.9893329173490092	2.2731525720365204	17.766666666666666	59
154	conventional	60	3	3	0.781565895204171	2.0628374190013563	24.0	59
155	holistic	60	1	1	1.0028299491114265	2.139063788154668	17.766666666666666	56
155	conventional	60	4	4	0.8475620783062313	2.3361334679906065	22.883333333333333	58
156	holistic	60	0	0	1.0182947871232135	2.2114097468717158	18.766666666666666	57
156	conventional	60	0	0	0.9161479663023046	2.2773365850042318	23.883333333333333	59
157	holistic	60	0	0	1.0153981782619896	2.022229727676978	19.766666666666666	58
157	conventional	60	2	2	0.9051830151437378	2.053633197759125	23.666666666666668	58
158	holistic	60	4	4	1.0358187127044352	1.985084579301322	19.65	59
158	conventional	60	0	0	0.9375629341493197	2.3396818915270026	24.666666666666668	59
159	holistic	60	1	1	1.0866062061595225	2.6565017524034014	19.65	52
159	conventional	60	3	3	0.8685185387095328	1.8303643805939813	23.583333333333332	59
160	holistic	60	0	0	1.0741712727929633	2.265998892228197	20.65	53
160	conventional	60	2	2	0.9526054480470412	4.376988482993904	23.533333333333335	59
161	holistic	60	0	0	1.0693210523012526	1.8516396787870908	21.65	54
161	conventional	60	4	4	0.9922561502464674	5.465188006038064	22.183333333333334	59
162	holistic	60	1	1	1.0491695852313763	2.161381042445079	22.583333333333332	55
162	conventional	60	1	1	0.9231176357752081	3.421582512664734	22.183333333333334	55
163	holistic	60	0	0	1.0661701757697923	2.4543025234053255	23.583333333333332	56
163	conventional	60	0	0	0.9099534285594747	2.4018038773906443	23.183333333333334	56
164	holistic	60	0	0	1.0429755289910398	2.15694649118266	24.583333333333332	57
164	conventional	60	1	1	0.9290419343939331	2.707444696370827	24.133333333333333	57
165	holistic	60	0	0	1.0444060813933809	1.7993500256065313	25.583333333333332	58
165	conventional	60	0	0	0.942485388139531	2.1481930818535027	25.133333333333333	58
166	holistic	60	1	1	1.050430172762797	1.7513316524905769	26.45	59
166	conventional	60	2	2	0.9128504870822233	1.802255459690156	25.533333333333335	59
167	holistic	60	1	1	1.0144041254958378	1.8060335725275471	26.45	59
167	conventional	60	1	1	0.9011949611471785	2.10889968465452	25.533333333333335	59
168	holistic	60	1	1	1.0132632435963784	1.8102720598241384	26.45	50
168	conventional	60	3	3	0.8616077272610201	2.1251213416494847	24.283333333333335	59
169	holistic	60	0	0	1.001717926770623	1.7272695226521733	27.45	51
169	conventional	60	4	4	0.8217761877965863	2.072398894638022	24.183333333333334	58
170	holistic	60	1	1	1.0095945766199754	1.7459870558622184	28.383333333333333	52
170	conventional	60	1	1	0.8008190315053756	2.1714800814643973	25.15	59
171	holistic	60	0	0	1.0116405805089363	1.6517917990844493	29.383333333333333	53
171	conventional	60	4	4	0.803480823110624	2.090127920751322	25.033333333333335	58
172	holistic	60	0	0	0.9977577696533376	1.6318199013923087	30.383333333333333	54
172	conventional	60	2	2	0.8536852548246096	2.2326374183609863	25.95	59
173	holistic	60	1	1	1.0109063325712377	1.7900040544234823	31.333333333333332	55
173	conventional	60	1	1	0.8289944960169358	1.8842219034729242	25.95	59
174	holistic	60	0	0	1.0428931972537818	1.794057185583244	32.333333333333336	56
174	conventional	60	2	2	0.8648341819914033	2.490829834102774	25.9	59
175	holistic	60	0	0	1.0305464665783794	1.797718425745672	33.333333333333336	57
175	conventional	60	3	3	0.8552723399752703	2.167415169128085	25.8	56
176	holistic	60	0	0	1.0318027854779959	1.7678049583103397	34.333333333333336	58
176	conventional	60	1	1	0.900416816526013	2.2467107848442334	26.766666666666666	57
177	holistic	60	0	0	1.0285264301128652	1.7399456011021883	35.333333333333336	59
177	conventional	60	1	1	0.8904679269904956	2.441104668757232	27.716666666666665	58
178	holistic	60	1	1	1.0067610796267499	1.6824960266345612	35.333333333333336	53
178	conventional	60	1	1	0.8310532511603782	2.260020275167488	28.666666666666668	59
179	holistic	60	0	0	1.0112767469508428	1.6285151588358766	36.333333333333336	54
179	conventional	60	1	1	0.795172046936683	2.2665300986491164	28.666666666666668	55
180	holistic	60	0	0	1.018952011760583	1.636560315484214	37.333333333333336	55
180	conventional	60	0	0	0.8432279596163165	2.165757779872361	29.666666666666668	56
181	holistic	60	0	0	1.023715412559231	1.6714093393108103	38.333333333333336	56
181	conventional	60	1	1	0.8495983610976567	2.125646933642535	30.616666666666667	57
182	holistic	60	1	1	1.016420431500814	1.6636926629595046	39.266666666666666	57
182	conventional	60	1	1	0.8497090141912653	3.38605287939257	31.166666666666668	58
183	holistic	60	0	0	1.0149907092535038	1.6658058186959954	40.266666666666666	58
183	conventional	60	0	0	0.939638656665323	5.475398721769906	32.166666666666664	59
184	holistic	60	0	0	1.0332887658634107	1.6850983277333222	41.266666666666666	59
184	conventional	60	1	1	0.909569376457636	3.9644727277528085	32.166666666666664	58
185	holistic	60	3	3	0.9930994553264628	1.6720730309449658	40.06666666666667	59
185	conventional	60	0	0	0.9130320488325859	3.1240800665914055	33.166666666666664	59
186	holistic	60	2	2	0.9355571791872035	1.6662105804581457	39.06666666666667	59
186	conventional	60	2	2	0.8816652391134061	2.207950996299629	32.916666666666664	59
187	holistic	60	2	2	0.9373183908208044	1.811976495245279	38.06666666666667	56
187	conventional	60	2	2	0.8373255378946306	1.8049038381418268	31.916666666666668	58
188	holistic	60	0	0	1.0169877222822796	3.8768427129873704	39.06666666666667	57
188	conventional	60	0	0	0.8012206633855903	1.714166741345967	32.916666666666664	59
189	holistic	60	2	2	0.9973716536271692	2.375348730057222	39.88333333333333	58
189	conventional	60	2	2	0.7834775247734294	1.6657156598561838	31.916666666666668	59
190	holistic	60	0	0	1.0954852788676035	3.9816297034167785	40.88333333333333	59
190	conventional	60	3	3	0.766118319141004	1.7587932571148925	31.816666666666666	59
191	holistic	60	1	1	1.0377806866393362	2.9815614118033382	40.88333333333333	59
191	conventional	60	1	1	0.8345939160251122	3.447570065286072	31.816666666666666	58
192	holistic	60	1	1	1.0175408403485573	2.648458145135213	40.88333333333333	59
192	conventional	60	1	1	0.8333127981142961	2.5913057011356537	32.78333333333333	59
193	holistic	60	4	4	0.9392350932209982	1.9817384608408983	37.88333333333333	59
193	conventional	60	2	2	0.7821096781000088	1.8774780426751814	31.783333333333335	59
194	holistic	60	1	1	0.9183864939757782	1.6095987088893595	37.88333333333333	59
194	conventional	60	8	8	0.6863895940978689	1.8012468961531765	28.683333333333334	58
195	holistic	60	4	4	0.8808723060744506	1.8150373598152132	34.88333333333333	59
195	conventional	60	0	0	0.8547538974916049	3.4423476710840086	29.683333333333334	59
196	holistic	60	4	4	0.8731645686018219	3.818910224551224	33.78333333333333	59
196	conventional	60	3	3	0.8102404731027042	2.9344386826541484	28.483333333333334	59
197	holistic	60	4	4	0.8033155613504323	1.817224693959894	31.716666666666665	59
197	conventional	60	5	5	0.7341869275519248	2.1119264102448354	27.266666666666666	59
198	holistic	60	3	3	0.8499166984771961	2.0	29.716666666666665	59
198	conventional	60	1	1	0.8744351662759765	2.416796910577758	27.266666666666666	59
199	holistic	60	2	2	0.8176691696191868	1.7699933608759784	29.683333333333334	59
199	conventional	60	4	4	0.824681494522222	3.319773956487646	26.183333333333334	59
200	holistic	60	8	8	0.7815352433813181	2.82822416341314	25.483333333333334	59
200	conventional	60	2	2	0.8017845910343663	2.3251756739298957	26.116666666666667	59
201	holistic	60	4	4	0.8687148998293146	3.9764873189317678	23.416666666666668	59
201	conventional	60	1	1	0.7709075730258889	2.3333651252693643	26.116666666666667	58
202	holistic	60	4	4	0.9363472495426605	3.0473962409337596	21.35	59
202	conventional	60	0	0	0.8579208356172187	3.341733733787937	27.116666666666667	59
203	holistic	60	2	2	0.871668117812174	2.3160368448486706	20.35	59
203	conventional	60	2	2	0.7741251943802024	1.8230590874927837	27.05	59
204	holistic	60	4	4	0.9524864634314093	4.875299531617855	20.1	59
204	conventional	60	3	3	0.7534732863770351	1.7213061861478178	26.866666666666667	58
205	holistic	60	1	1	0.9802314913892539	3.3746640948060413	20.1	59
205	conventional	60	0	0	0.9702933175486922	5.559080115347731	27.866666666666667	59
206	holistic	60	5	5	0.9226265400945025	2.3982111627702487	18.933333333333334	59
206	conventional	60	3	3	0.8275918731518482	2.5705119099245133	26.7	58
207	holistic	60	2	2	0.9798253377733103	3.8520337680752514	18.866666666666667	59
207	conventional	60	0	0	0.8728020922197567	2.5692671966516722	27.7	59
208	holistic	60	1	1	0.934661192642014	3.1477596543290494	18.866666666666667	59
208	conventional	60	5	5	0.7718087129527679	1.8037168759450901	26.783333333333335	59
209	holistic	60	3	3	0.9055650731876302	3.0974957595033246	18.6	58
209	conventional	60	2	2	0.8235482760240826	2.3005639745860735	26.683333333333334	59
210	holistic	60	0	0	0.9680389521418599	2.9750083315200273	19.6	59
210	conventional	60	3	3	0.8124819487959966	1.8838686237023547	26.633333333333333	59
211	holistic	60	4	4	0.8634971821636517	2.4691724623443925	18.483333333333334	59
211	conventional	60	3	3	0.788522852642984	2.37746433850291	26.566666666666666	59
212	holistic	60	3	3	0.9123171419816775	2.3338545472300587	17.416666666666668	59
212	conventional	60	4	4	0.7839103054429608	3.40748642033463	24.533333333333335	58
213	holistic	60	3	3	0.9709604364069768	2.2619009299125494	17.2	58
213	conventional	60	0	0	0.975596827666814	3.4949455918937278	25.533333333333335	59
214	holistic	60	1	1	1.0229438212667625	2.6226932487643086	18.066666666666666	59
214	conventional	60	2	2	0.9221947366123864	3.5003099534619793	24.533333333333335	59
215	holistic	60	1	1	1.0489684581569196	2.0561486396596367	18.066666666666666	57
215	conventional	60	3	3	0.9365332689154756	2.953717290008079	23.483333333333334	58
216	holistic	60	0	0	1.0727759403690689	1.8358241653424603	19.066666666666666	58
216	conventional	60	0	0	0.8718811774888202	2.5055167423576337	24.483333333333334	59
217	holistic	60	1	1	1.07985621653537	2.0893043564072182	20.0	59
217	conventional	60	1	1	0.8784998264022899	2.2707509215879704	24.483333333333334	58
218	holistic	60	2	2	1.045240195693358	2.2829481503026554	19.0	59
218	conventional	60	1	1	0.8883757847451269	2.4593443121298613	25.416666666666668	59
219	holistic	60	2	2	1.0124921538884264	2.3161158057755022	18.933333333333334	57
219	conventional	60	3	3	0.8692959705778075	2.464579484044501	23.416666666666668	59
220	holistic	60	0	0	0.9966663335209378	2.345807260588163	19.933333333333334	58
220	conventional	60	1	1	0.9277696368391528	3.610844473858025	23.416666666666668	59
221	holistic	60	0	0	1.0311872960557789	2.430518889393681	20.933333333333334	59
221	conventional	60	4	4	0.842868567997529	1.6524171728020194	21.066666666666666	59
222	holistic	60	2	2	1.0294981102315384	2.450579685205587	20.866666666666667	55
222	conventional	60	1	1	0.8097153823968087	2.4510867477139784	21.066666666666666	56
223	holistic	60	1	1	1.08040873764021	2.520816263307825	21.8	56
223	conventional	60	2	2	0.8160454773022177	2.124565786026304	22.0	57
224	holistic	60	0	0	1.1560558118819462	3.585838529946589	22.8	57
224	conventional	60	0	0	0.898379095213004	2.5967385143228348	23.0	58
225	holistic	60	0	0	1.1309026236061077	3.0815261588164296	23.8	58
225	conventional	60	0	0	0.9189382617838113	3.5336289211348864	24.0	59
226	holistic	60	0	0	1.1232729953782956	2.193309523005301	24.8	59
226	conventional	60	2	2	0.8754436037513406	2.193341368780495	23.916666666666668	57
227	holistic	60	1	1	1.1174625048272164	2.2625123390391972	24.8	59
227	conventional	60	1	1	0.8824638442864678	2.259270693128836	24.833333333333332	58
228	holistic	60	1	1	1.1271154195616284	2.284128667987176	24.8	43
228	conventional	60	0	0	0.856440421815933	1.5274573623523062	25.833333333333332	59
229	holistic	60	0	0	1.1329950814309426	2.448373207047723	25.8	44
229	conventional	60	2	2	0.8281921369209689	2.2706424772890865	25.666666666666668	58
230	holistic	60	0	0	1.1479501072619853	2.283662452174146	26.8	45
230	conventional	60	0	0	0.8296056273086608	1.7029818579668148	26.666666666666668	59
231	holistic	60	0	0	1.1617921237055588	2.264951546175668	27.8	46
231	conventional	60	2	2	0.8446020582049053	2.2442097093761455	25.666666666666668	56
232	holistic	60	0	0	1.146493149310234	2.247911399093823	28.8	47
232	conventional	60	0	0	0.8166634489793638	1.9434864870953268	26.666666666666668	57
233	holistic	60	0	0	1.1416474492535575	2.2664226565449175	29.8	48
233	conventional	60	2	2	0.8288559766651834	2.0152530418670422	27.033333333333335	58
234	holistic	60	1	1	1.1323741026719967	2.250517483696179	30.333333333333332	49
234	conventional	60	2	2	0.8143006319018863	1.8164791041904034	27.85	59
235	holistic	60	0	0	1.139716611733717	2.323724058943269	31.333333333333332	50
235	conventional	60	2	2	0.8704054868871387	2.256700435568698	26.85	58
236	holistic	60	0	0	1.152156353870318	2.2705434656927452	32.333333333333336	51
236	conventional	60	0	0	0.9248055116297061	1.774746089991978	27.85	59
237	holistic	60	0	0	1.144955447505785	2.5619367487551084	33.333333333333336	52
237	conventional	60	1	1	0.8550729793858046	1.6178567249361047	27.85	58
238	holistic	60	0	0	1.136958200271637	2.394601119514755	34.333333333333336	53
238	conventional	60	0	0	0.842053966887828	1.7930004920146339	28.85	59
239	holistic	60	0	0	1.1582155893274144	2.258373628290254	35.333333333333336	54
239	conventional	60	1	1	0.8400440806636397	1.5771287995070316	28.85	58
240	holistic	60	0	0	1.1334943591856685	2.1728816757156215	36.333333333333336	55
240	conventional	60	0	0	0.8273782583885952	1.6339526841087042	29.85	59
241	holistic	60	0	0	1.1378742872214993	2.2704337145324103	37.333333333333336	56
241	conventional	60	1	1	0.8438818171372862	1.600217274401942	29.85	59
242	holistic	60	0	0	1.137659939463769	2.2577039511667367	38.333333333333336	57
242	conventional	60	2	2	0.8156936301593056	1.5755419355676648	29.8	56
243	holistic	60	0	0	1.1358989575384177	2.220150534266319	39.333333333333336	58
243	conventional	60	2	2	0.8848367191551281	2.998796619189494	30.683333333333334	57
244	holistic	60	0	0	1.1318426893294815	2.159180847633655	40.333333333333336	59
244	conventional	60	0	0	0.900218405838975	2.494622156766123	31.683333333333334	58
245	holistic	60	2	2	1.098654929410235	2.1255785740835993	39.333333333333336	59
245	conventional	60	1	1	0.9087240564987743	2.0155371038734877	32.516666666666666	59
246	holistic	60	2	2	1.0850559936439887	2.117547259509535	38.333333333333336	59
246	conventional	60	1	1	0.9054288878214928	1.6911649473340993	32.516666666666666	57
247	holistic	60	2	2	1.027708697587438	2.1096479734638263	37.333333333333336	58
247	conventional	60	0	0	0.8877847015932967	1.6660303782729544	33.516666666666666	58
248	holistic	60	0	0	1.057910190119695	2.0794783809902158	38.333333333333336	59
248	conventional	60	0	0	0.892220517300417	1.5680495372842407	34.516666666666666	59
249	holistic	60	2	2	0.9941435132397924	2.0506604829110056	37.333333333333336	58
249	conventional	60	2	2	0.8408409047394048	1.3863284501498647	34.4	59
250	holistic	60	1	1	1.0183345469019645	2.0229792903445207	38.266666666666666	59
250	conventional	60	1	1	0.9296785570613946	5.27963220018504	34.4	59
251	holistic	60	3	3	0.9776146869257801	2.0391529331484604	38.13333333333333	59
251	conventional	60	2	2	0.8761608997431537	3.8005500879740737	34.36666666666667	59
252	holistic	60	2	2	1.0552507171279768	5.672074023401093	38.083333333333336	59
252	conventional	60	1	1	0.8919292535729036	4.63213355435474	34.36666666666667	59
253	holistic	60	1	1	1.0239811953723605	3.1732370171173	38.083333333333336	59
253	conventional	60	1	1	0.9069679772608868	3.807820791571587	34.36666666666667	59
254	holistic	60	2	2	0.973575445819454	2.339049513155665	38.05	59
254	conventional	60	4	4	0.8390416449499857	3.308074455554153	31.366666666666667	57
255	holistic	60	5	5	0.9747613551433714	3.7484549002856222	34.983333333333334	59
255	conventional	60	1	1	0.8982779769310618	3.1364565784154284	32.28333333333333	58
256	holistic	60	1	1	0.9941082606401904	3.2509623249199695	34.983333333333334	58
256	conventional	60	0	0	0.8747134491717665	2.5893882559823984	33.28333333333333	59
257	holistic	60	1	1	1.0483199800316083	3.944084305556846	35.86666666666667	59
257	conventional	60	7	7	0.8219636348776367	2.3023829072087714	30.7	59
258	holistic	60	3	3	0.9944613000294897	2.4443002984852678	34.81666666666667	59
258	conventional	60	1	1	0.9118001982774754	2.4588374653726373	30.7	59
259	holistic	60	2	2	0.9641039717287511	1.8928669601529418	33.81666666666667	59
259	conventional	60	3	3	0.8529510170746485	2.3578756617118106	28.7	59
260	holistic	60	7	7	0.8532129474973935	2.0202387172004346	28.783333333333335	59
260	conventional	60	2	2	0.8354828220820523	1.7360213553883186	28.65	59
261	holistic	60	4	4	0.9073039187472349	2.947770643672554	25.783333333333335	59
261	conventional	60	1	1	0.8077857003415149	1.596108874023224	28.65	57
262	holistic	60	1	1	0.9593279888584831	2.250072411380896	25.783333333333335	59
262	conventional	60	2	2	0.8060211683949822	1.7670846438034837	29.533333333333335	58
263	holistic	60	1	1	0.9381797715084923	1.8175490757111679	25.783333333333335	59
263	conventional	60	0	0	0.8635253229088654	2.316745130348184	30.533333333333335	59
264	holistic	60	4	4	0.8541505725874788	1.7507955602718825	23.716666666666665	58
264	conventional	60	3	3	0.7650159721060421	1.7086197512669659	29.483333333333334	58
265	holistic	60	0	0	1.0184912417879188	3.9469683522003938	24.716666666666665	59
265	conventional	60	1	1	0.8676429290660539	3.354162751672191	30.35	59
266	holistic	60	2	2	0.9329664145406606	2.443591097964874	23.716666666666665	59
266	conventional	60	3	3	0.8221792110738725	1.856457820683568	28.966666666666665	58
267	holistic	60	1	1	0.9985364650017713	2.7647733760741513	23.716666666666665	58
267	conventional	60	1	1	0.850361136204164	1.5335103668671284	29.883333333333333	59
268	holistic	60	0	0	0.9668497515189937	2.444004967651982	24.716666666666665	59
268	conventional	60	5	5	0.7935049953961306	1.4822121444566363	27.783333333333335	59
269	holistic	60	3	3	0.9138036396429455	2.1443894448924445	22.716666666666665	58
269	conventional	60	2	2	0.7560950578422079	1.6082311035427614	27.75	59
270	holistic	60	0	0	0.9143163421318065	2.2769717135640817	23.716666666666665	59
270	conventional	60	3	3	0.8534533671242845	6.4675793842338685	27.683333333333334	59
271	holistic	60	4	4	0.8828312722304036	1.943469092795166	21.5	59
271	conventional	60	4	4	0.7819437200164746	3.4663100683361017	25.633333333333333	59
272	holistic	60	3	3	0.9167190065626769	3.8968396966962726	19.5	59
272	conventional	60	8	8	0.6854101271328709	2.100045377045198	23.35	58
273	holistic	60	4	4	0.8922097783172954	3.8942969259523172	18.233333333333334	59
273	conventional	60	1	1	0.7867448784095861	3.4260940340242607	24.316666666666666	59
274	holistic	60	1	1	0.9870264628301832	3.7306366898252463	18.233333333333334	57
274	conventional	60	4	4	0.8856368767354231	3.9226388138649306	24.166666666666668	59
275	holistic	60	2	2	0.923834683503436	2.9584449356606917	19.1	58
275	conventional	60	4	4	0.7929270163610767	2.756031612448355	22.116666666666667	58
276	holistic	60	2	2	0.9357705526146641	3.6255500847601483	19.966666666666665	59
276	conventional	60	3	3	0.8753894164783944	2.464666040496092	22.966666666666665	59
277	holistic	60	4	4	0.8955331579446877	2.7087593095798432	19.8	59
277	conventional	60	2	2	0.8692765011343215	2.5114163328524977	22.766666666666666	59
278	holistic	60	1	1	0.9710646299620168	2.95954040870079	19.8	59
278	conventional	60	1	1	0.9609445196071438	3.0322260954129203	22.766666666666666	59
279	holistic	60	1	1	0.9351751533053807	2.6260907820590993	19.8	57
279	conventional	60	2	2	0.8871425082571426	1.9812677686423814	21.766666666666666	59
280	holistic	60	1	1	0.9139982081844055	2.58647886414839	20.733333333333334	58
280	conventional	60	2	2	0.8224074982527045	1.7383839496201385	21.733333333333334	59
281	holistic	60	3	3	0.8986623596063926	2.354868905162186	21.516666666666666	59
281	conventional	60	1	1	0.8142339739104352	1.8673621735190062	21.733333333333334	58
282	holistic	60	3	3	0.8460798780608383	2.174048450341609	20.45	59
282	conventional	60	1	1	0.7805041831592284	2.0219671262425867	22.683333333333334	59
283	holistic	60	3	3	0.8886422173565346	2.888690717754813	20.35	56
283	conventional	60	5	5	0.7705285148794881	1.9414363507228167	21.55	57
284	holistic	60	2	2	0.9644352427188674	2.2752495572086353	21.233333333333334	57
284	conventional	60	1	1	0.8971730152437207	4.40177762297156	22.5	58
285	holistic	60	0	0	1.1134151608470961	2.822479691868216	22.233333333333334	58
285	conventional	60	2	2	0.8642377060834626	2.389682420123639	23.25	59
286	holistic	60	1	1	1.0479788928050342	2.1145101987985453	23.05	59
286	conventional	60	1	1	0.838723125457954	2.066672527172558	23.25	59
287	holistic	60	1	1	1.084036091571612	3.698743177909265	23.05	59
287	conventional	60	2	2	0.7945973781716286	2.0028860300001297	23.183333333333334	58
288	holistic	60	1	1	1.0352990466315188	2.389371994346	23.05	54
288	conventional	60	0	0	0.8091402006330068	2.0172187747257104	24.183333333333334	59
289	holistic	60	0	0	1.0841420603077205	2.9490263772866365	24.05	55
289	conventional	60	3	3	0.8225448249256999	2.6512017830650008	23.1	56
290	holistic	60	0	0	1.0691002047892895	1.9472936662565554	25.05	56
290	conventional	60	2	2	0.8244915339461317	2.4073243410080467	23.966666666666665	57
291	holistic	60	0	0	1.051725365049423	1.9980280502571333	26.05	57
291	conventional	60	2	2	0.7966535072516374	2.5210146811365592	24.816666666666666	58
292	holistic	60	0	0	1.0582405534217862	1.9876000692411537	27.05	58
292	conventional	60	3	3	0.8516261206842465	2.5285901367922907	25.666666666666668	59
293	holistic	60	0	0	1.045260168019826	1.7949600764960152	28.05	59
293	conventional	60	3	3	0.9359503442470596	3.291849011058408	23.883333333333333	59
294	holistic	60	1	1	1.0294240546446967	1.802466247316646	28.05	49
294	conventional	60	2	2	0.8968726143153236	3.0143510578563335	23.833333333333332	59
295	holistic	60	1	1	1.0273519455339168	1.7265457852921287	28.916666666666668	50
295	conventional	60	1	1	0.8812176749375289	2.3258635583865903	23.833333333333332	54
296	holistic	60	0	0	1.0646273326342928	1.6532203996715822	29.916666666666668	51
296	conventional	60	0	0	0.8931578487756765	3.4268529568091846	24.833333333333332	55
297	holistic	60	0	0	1.0542763375325386	1.70117499421103	30.916666666666668	52
297	conventional	60	1	1	0.8360247124501488	2.44316461520734	25.783333333333335	56
298	holistic	60	0	0	1.022312591141012	1.702241977672449	31.916666666666668	53
298	conventional	60	0	0	0.7914002062031581	1.781619590264987	26.783333333333335	57
299	holistic	60	0	0	1.0276714537766787	1.6790510963545604	32.916666666666664	54
299	conventional	60	1	1	0.7941858581810256	1.7261799314310378	27.75	58
300	holistic	60	0	0	1.0083376944108733	1.627143174713443	33.916666666666664	55
300	conventional	60	1	1	0.7860493957456727	1.7006567687923457	28.633333333333333	59
301	holistic	60	0	0	0.9946083148712006	1.6324794871723638	34.916666666666664	56
301	conventional	60	3	3	0.7751750398651068	1.6971458589778505	28.116666666666667	58
302	holistic	60	1	1	0.9872678300969262	1.627282564965995	35.78333333333333	57
302	conventional	60	1	1	0.798128663761226	1.6737578283273524	28.683333333333334	59
303	holistic	60	0	0	1.0060456003645644	1.6426834976036153	36.78333333333333	58
303	conventional	60	1	1	0.7632166383360387	1.6308803539102799	28.683333333333334	58
304	holistic	60	0	0	0.9977378684488772	1.6091729051156294	37.78333333333333	59
304	conventional	60	1	1	0.8516598121626389	3.400469497301121	29.633333333333333	59
305	holistic	60	2	2	0.976271101074728	1.6877819095419533	36.78333333333333	59
305	conventional	60	2	2	0.8303380979002778	2.8590581277342517	29.566666666666666	56
306	holistic	60	1	1	0.9630563524824217	1.6650194146129411	36.78333333333333	57
306	conventional	60	1	1	0.8177338913488071	2.014532579925665	30.55	57
307	holistic	60	0	0	0.9733341664835768	1.6247736151351353	37.78333333333333	58
307	conventional	60	2	2	0.8303774942091083	2.5863298007801783	31.266666666666666	58
308	holistic	60	0	0	0.9755194333160678	1.6770298613738726	38.78333333333333	59
308	conventional	60	0	0	0.817275474853881	2.1281562054306224	32.266666666666666	59
309	holistic	60	1	1	0.9520555026160606	1.6564616191164108	38.78333333333333	58
309	conventional	60	2	2	0.7667189000078564	1.834576786079212	32.233333333333334	58
310	holistic	60	1	1	0.9546479634884485	1.6214080285855383	39.71666666666667	59
310	conventional	60	1	1	0.8077659672238631	1.7206977727256312	33.18333333333333	59
311	holistic	60	2	2	0.9206978390012891	1.6682371444642807	38.71666666666667	59
311	conventional	60	3	3	0.7960234744997314	3.3237976466596484	32.983333333333334	59
312	holistic	60	2	2	0.9729917889794297	1.8720650533155077	38.68333333333333	59
312	conventional	60	2	2	0.895356259603012	4.324462302801845	32.666666666666664	59
313	holistic	60	3	3	0.9704975447465543	2.1120847853757114	37.85	59
313	conventional	60	1	1	0.8183220147684878	2.5045107526297534	32.666666666666664	59
314	holistic	60	2	2	0.9622564913587587	1.6142233832889654	36.85	59
314	conventional	60	4	4	0.775895301203216	2.170589312510025	31.116666666666667	59
315	holistic	60	4	4	0.8655926427652342	1.5750828603241112	33.85	59
315	conventional	60	2	2	0.8151754840745519	1.7524106603574434	31.016666666666666	58
316	holistic	60	2	2	0.8490462940584352	1.6044674390716138	33.78333333333333	59
316	conventional	60	2	2	0.8367073757629625	2.402461451750483	31.866666666666667	59
317	holistic	60	1	1	0.8614535308352167	1.7776414989871945	33.78333333333333	59
317	conventional	60	4	4	0.7491726131552935	1.50016509539554	28.866666666666667	59
318	holistic	60	1	1	0.8612014751272539	1.7535266997143781	33.78333333333333	59
318	conventional	60	1	1	0.7270442524478075	1.500185182537844	28.866666666666667	59
319	holistic	60	4	4	0.8560046252522281	1.736233755009131	32.65	59
319	conventional	60	5	5	0.7764826993198709	2.4607185909467555	26.733333333333334	59
320	holistic	60	8	8	0.7779058138266701	1.546614321377395	27.516666666666666	59
320	conventional	60	3	3	0.7516581493486009	1.796980611720267	26.633333333333333	58
321	holistic	60	4	4	0.7803990984888539	1.5134608472811135	25.383333333333333	59
321	conventional	60	2	2	0.8584122892044668	1.8128717158435559	27.566666666666666	59
322	holistic	60	1	1	0.9229792179633145	1.966100926969118	25.383333333333333	59
322	conventional	60	1	1	0.8351712461578745	1.8969814916201595	27.566666666666666	58
323	holistic	60	3	3	0.9283583427063833	2.5665412025252574	25.25	59
323	conventional	60	1	1	0.8300105868078992	2.7240040696641947	28.533333333333335	59
324	holistic	60	6	6	1.1120600959575924	6.843836698950938	22.116666666666667	58
324	conventional	60	2	2	0.7863339016793868	1.9022914693356092	28.5	58
325	holistic	60	0	0	1.2021541385602177	3.837857387767247	23.116666666666667	59
325	conventional	60	1	1	0.8462375502729568	2.4556749225040564	29.416666666666668	59
326	holistic	60	2	2	1.012328749381351	2.5062683858786605	22.116666666666667	57
326	conventional	60	4	4	0.7815486036636822	1.5523598733009478	28.2	57
327	holistic	60	1	1	1.0375035554318468	2.6568403778221907	23.05	58
327	conventional	60	2	2	0.7581306682543256	1.5358009622842863	29.15	58
328	holistic	60	2	2	1.0505773486367027	2.9296373839729672	23.8	59
328	conventional	60	4	4	0.7538326502969437	1.996507934596895	29.75	59
329	holistic	60	3	3	1.0555875128887682	2.513184037192354	22.666666666666668	58
329	conventional	60	3	3	0.8462747495485073	2.5074518791023865	28.716666666666665	58
330	holistic	60	0	0	1.153619271676144	5.7831151803702765	23.666666666666668	59
330	conventional	60	0	0	0.8614159677008554	2.896185629766034	29.716666666666665	59
331	holistic	60	2	2	1.069626976743211	3.7826503103262508	22.666666666666668	59
331	conventional	60	3	3	0.8020794147779564	1.9168841587997967	28.483333333333334	59
332	holistic	60	1	1	1.0589558982692353	2.765392272672271	22.666666666666668	59
332	conventional	60	5	5	0.7938395504137543	1.9681998243377614	25.4	58
333	holistic	60	2	2	1.0353313800774144	2.119567038120064	21.666666666666668	59
333	conventional	60	1	1	0.8173959198015625	2.0492698104653604	26.383333333333333	59
334	holistic	60	1	1	0.9392919880620372	1.9455849493093125	21.666666666666668	57
334	conventional	60	4	4	0.7432082246796743	1.6314771932667127	24.35	59
335	holistic	60	0	0	0.9660705889292461	1.7971121295576447	22.666666666666668	58
335	conventional	60	8	8	0.6277269521360377	1.7021621286643027	21.716666666666665	59
336	holistic	60	0	0	0.987669709675303	1.867530765440066	23.666666666666668	59
336	conventional	60	5	5	0.6611354853018377	1.945524589073176	20.55	59
337	holistic	60	3	3	0.9634219156547397	1.9298374131774583	22.6	56
337	conventional	60	5	5	0.6887553191160131	1.9019829942545468	19.433333333333334	57
338	holistic	60	0	0	0.9963394978656968	1.926158049258929	23.6	57
338	conventional	60	7	7	0.6861444453722475	1.5887772300929792	19.9	58
339	holistic	60	0	0	1.0520367929913914	2.4167051108261965	24.6	58
339	conventional	60	0	0	0.9103636302320126	6.2857408288839185	20.9	59
340	holistic	60	0	0	1.0411429588717722	2.4720850240347283	25.6	59
340	conventional	60	5	5	0.9443265799736785	3.2730798652587443	20.666666666666668	57
341	holistic	60	1	1	1.034693305396669	2.1678563323453384	25.6	59
341	conventional	60	0	0	0.9850367815461841	3.9442927162650214	21.666666666666668	58
342	holistic	60	3	3	0.9915191921176191	2.1056617755900913	23.6	59
342	conventional	60	1	1	0.9510759451366381	3.51971565694758	22.6	59
343	holistic	60	3	3	0.9765364385945309	2.140938829217026	21.6	59
343	conventional	60	1	1	0.9818419259980182	4.069399172985037	22.6	58
344	holistic	60	2	2	1.0335486187070637	4.099488051418953	20.6	58
344	conventional	60	1	1	0.9873175172048417	3.286776170266213	23.5	59
345	holistic	60	2	2	1.0616956353029763	4.266628023639053	21.5	59
345	conventional	60	2	2	0.8693360726380461	2.87631033336546	22.5	56
346	holistic	60	2	2	1.0812619869257216	3.3522043143074063	21.216666666666665	58
346	conventional	60	2	2	0.8186429924159507	2.4284924159250054	23.283333333333335	57
347	holistic	60	2	2	1.156093829455442	3.4007588889524123	22.1	59
347	conventional	60	0	0	0.9652836442894592	2.549701389705894	24.283333333333335	58
348	holistic	60	1	1	1.137359066943263	3.6008444313588015	22.1	53
348	conventional	60	0	0	0.9589836584823044	2.1074567061719187	25.283333333333335	59
349	holistic	60	0	0	1.1332773036904824	3.2663395927914984	23.1	54
349	conventional	60	1	1	0.9504759242131849	1.865901891475459	25.283333333333335	59
350	holistic	60	0	0	1.12703597841404	2.8472480204237334	24.1	55
350	conventional	60	2	2	0.8783550618135225	1.947143584104796	24.283333333333335	58
351	holistic	60	1	1	1.1067983276904498	2.7085109460335515	25.033333333333335	56
351	conventional	60	2	2	0.8326277301661322	1.9664602094764214	24.866666666666667	59
352	holistic	60	0	0	1.1187119256489884	2.59683360381185	26.033333333333335	57
352	conventional	60	4	4	0.8538675232777081	1.873432101026535	23.8	59
353	holistic	60	0	0	1.0963699996472622	2.325674829902223	27.033333333333335	58
353	conventional	60	2	2	0.8105930655953416	1.868619874179711	23.783333333333335	59
354	holistic	60	0	0	1.1133530713217297	2.182091751044513	28.033333333333335	59
354	conventional	60	3	3	0.8530358259223493	3.276635738592514	23.516666666666666	59
355	holistic	60	1	1	1.0830066106015601	2.326489241742201	28.033333333333335	53
355	conventional	60	4	4	0.8565377797180943	1.8853790083380564	23.016666666666666	55
356	holistic	60	0	0	1.1002938237513455	2.120994595689733	29.033333333333335	54
356	conventional	60	1	1	0.7691483736627769	1.902211345833424	23.983333333333334	56
357	holistic	60	0	0	1.0892046140066944	2.088616375721484	30.033333333333335	55
357	conventional	60	0	0	0.8635639123874316	1.9311516234842372	24.983333333333334	57
358	holistic	60	0	0	1.1063349066356558	2.055280529826969	31.033333333333335	56
358	conventional	60	1	1	0.9034512899844055	1.9805711005208197	25.95	58
359	holistic	60	0	0	1.1215757700219418	2.049900596000478	32.03333333333333	57
359	conventional	60	1	1	0.9277769685416987	2.4348977397357614	26.833333333333332	59
360	holistic	60	0	0	1.1188678945511283	2.0516627940660266	33.03333333333333	58
360	conventional	60	1	1	0.9012340192364543	1.9719184703404564	26.833333333333332	59
361	holistic	60	0	0	1.118553028533366	2.0905591996349475	34.03333333333333	59
361	conventional	60	2	2	0.9041687030531506	2.0190669356122757	26.8	59
362	holistic	60	1	1	1.103809830308498	2.060896415567042	34.03333333333333	57
362	conventional	60	1	1	0.9169429498968853	1.96011258008854	26.8	59
363	holistic	60	0	0	1.1178823470132144	2.40416988736448	35.03333333333333	58
363	conventional	60	2	2	0.9113529092847183	1.9017780622109806	26.766666666666666	54
364	holistic	60	0	0	1.0967797867441473	2.1217400807256594	36.03333333333333	59
364	conventional	60	1	1	0.8912917623205612	1.9174904451337367	27.733333333333334	55
365	holistic	60	2	2	1.0616693766499148	2.115882848570513	35.03333333333333	54
365	conventional	60	1	1	0.9399417326779554	1.8361228004907275	28.7	56
366	holistic	60	0	0	1.0468333370266543	2.0656999606326676	36.03333333333333	55
366	conventional	60	0	0	0.9113312268884296	1.9186423226620442	29.7	57
367	holistic	60	0	0	1.045360474695988	2.017863703710581	37.03333333333333	56
367	conventional	60	1	1	0.882775702042655	1.748787452399696	29.8	58
368	holistic	60	0	0	1.0681792066962117	2.077295778402896	38.03333333333333	57
368	conventional	60	0	0	0.9018690615071209	2.0378173193947227	30.8	59
369	holistic	60	0	0	1.0778714184887408	2.0530831067922093	39.03333333333333	58
369	conventional	60	2	2	0.8797717848123231	2.0644147451797776	30.716666666666665	59
370	holistic	60	0	0	1.076135979029735	2.0999175380599797	40.03333333333333	59
370	conventional	60	1	1	0.9203858950959144	4.2410097700387865	30.716666666666665	59
371	holistic	60	2	2	1.035839009367621	2.017258122060401	39.03333333333333	59
371	conventional	60	2	2	0.8704795836507097	2.738482638117474	29.716666666666665	57
372	holistic	60	1	1	1.0588051110806347	1.9831527624815717	39.03333333333333	59
372	conventional	60	1	1	0.8874266754818514	2.570806704856628	30.633333333333333	58
373	holistic	60	2	2	1.0212794622494885	2.076989623168368	38.03333333333333	59
373	conventional	60	0	0	0.8689899170934414	1.9915940560273264	31.633333333333333	59
374	holistic	60	2	2	1.0313735696262423	2.035423796896479	37.03333333333333	59
374	conventional	60	2	2	0.8961132166391984	2.2605618081119316	30.633333333333333	59
375	holistic	60	2	2	0.9966980518969996	1.9953341456292708	36.03333333333333	58
375	conventional	60	2	2	0.8671318051159234	2.574044338081519	30.566666666666666	59
376	holistic	60	0	0	1.0014228113530765	1.9745028000498384	37.03333333333333	59
376	conventional	60	1	1	0.9638339191142221	4.368791169866314	30.566666666666666	59
377	holistic	60	2	2	1.0125160345291855	2.0693934639987956	36.96666666666667	59
377	conventional	60	2	2	0.9064970039843064	2.1159944562921273	30.516666666666666	58
378	holistic	60	3	3	1.0002388987475421	2.0217199296133876	36.81666666666667	59
378	conventional	60	0	0	0.8887754913319111	1.7962886657326547	31.516666666666666	59
379	holistic	60	2	2	0.9660687410551464	2.2244923797943446	35.81666666666667	59
379	conventional	60	3	3	0.8475308822523143	2.156662356038371	30.483333333333334	59
380	holistic	60	5	5	0.9861581403929826	5.743652080320264	31.816666666666666	59
380	conventional	60	2	2	0.8216436397317485	1.6419396608729846	30.416666666666668	59
381	holistic	60	3	3	0.9191160830538031	3.5928277190423965	30.75	59
381	conventional	60	2	2	0.842100172028861	2.2628836250757804	29.733333333333334	57
382	holistic	60	4	4	0.9695285848394223	3.529684792842042	30.583333333333332	59
382	conventional	60	1	1	0.9408629986967468	3.386785888196385	30.716666666666665	58
383	holistic	60	2	2	0.9155435770618069	3.5273656229604127	29.583333333333332	59
383	conventional	60	2	2	0.8488484593768241	1.6223430953968903	31.583333333333332	59
384	holistic	60	8	8	0.8635792894359267	3.1982282741256327	24.466666666666665	58
384	conventional	60	2	2	0.8354753641454369	1.5972606968975698	31.566666666666666	58
385	holistic	60	1	1	0.8750722945491304	3.02916329101315	25.366666666666667	59
385	conventional	60	0	0	0.8307498190654211	1.5913812188083072	32.56666666666667	59
386	holistic	60	3	3	0.8120704222342676	2.3282061963850214	24.3	59
386	conventional	60	2	2	0.7967373813103387	1.824966266207581	31.566666666666666	58
387	holistic	60	1	1	0.8666328674539712	2.181832587751124	24.3	59
387	conventional	60	2	2	0.777474545424275	1.7551308183172776	32.35	59
388	holistic	60	7	7	0.9678971895619419	3.01523281409802	23.0	59
388	conventional	60	3	3	0.7674475243944943	1.5303913959547286	31.316666666666666	59
389	holistic	60	2	2	1.003558409162514	2.936629472304656	22.0	58
389	conventional	60	2	2	0.7481695465381437	1.5735141025528396	30.316666666666666	58
390	holistic	60	0	0	1.0405295903631528	3.929611116197175	23.0	59
390	conventional	60	0	0	0.8235786644494127	2.520412817107842	31.316666666666666	59
391	holistic	60	2	2	0.9530629221955312	2.8586688694243954	22.0	59
391	conventional	60	3	3	0.8194834263884504	3.029284439923454	31.2	59
392	holistic	60	3	3	0.9244282631781292	2.360295163024113	21.8	59
392	conventional	60	3	3	0.8879976526485295	4.203986090852704	31.083333333333332	59
393	holistic	60	2	2	0.9175226522609811	2.0600119982036986	21.733333333333334	59
393	conventional	60	2	2	0.8739617993898559	4.204346469260997	31.066666666666666	59
394	holistic	60	1	1	1.0297192930849917	5.579880393750286	21.733333333333334	57
394	conventional	60	5	5	0.7879445276960664	3.205636172777321	29.9	59
395	holistic	60	0	0	0.9937921986351291	2.5791300309781793	22.733333333333334	58
395	conventional	60	2	2	0.8429700926438243	2.9573905047103994	29.65	59
396	holistic	60	0	0	1.0356776279369793	4.246857705846483	23.733333333333334	59
396	conventional	60	3	3	0.8319853915096466	3.006992363315823	28.616666666666667	59
397	holistic	60	3	3	1.0182001142135795	3.790289187008797	21.733333333333334	55
397	conventional	60	7	7	0.821826305374126	2.707217152352678	27.083333333333332	59
398	holistic	60	0	0	1.0632375047169966	3.0363061944731284	22.733333333333334	56
398	conventional	60	4	4	0.8104177890852687	2.636578217460658	24.083333333333332	58
399	holistic	60	0	0	1.0208438563656153	2.9842532003834235	23.733333333333334	57
399	conventional	60	5	5	0.9190220641273602	3.319393574376865	24.85	59
400	holistic	60	0	0	1.0608143371571084	2.786390821228327	24.733333333333334	58
400	conventional	60	4	4	0.8921394889979791	2.807617100563908	22.833333333333332	58
401	holistic	60	0	0	1.052373448433265	2.359353021513536	25.733333333333334	59
401	conventional	60	2	2	0.8776700897985237	2.6332414257552945	23.75	59
402	holistic	60	3	3	0.9592728762488696	2.3882301310435805	23.733333333333334	59
402	conventional	60	4	4	0.7858282135843511	2.0460797040724175	23.566666666666666	59
403	holistic	60	1	1	0.9257100218230965	2.1329005142509914	23.733333333333334	59
403	conventional	60	2	2	0.8084919615241181	3.126527490610305	23.516666666666666	58
404	holistic	60	2	2	0.9530808045687019	2.106628773867394	23.7	59
404	conventional	60	2	2	0.8109501598238746	1.9202310683350667	24.316666666666666	59
405	holistic	60	2	2	0.9082701346210168	1.9174735249099983	22.7	59
405	conventional	60	2	2	0.7765022644520712	1.847397244323588	23.316666666666666	59
406	holistic	60	3	3	0.9553517239479893	3.637334087033967	21.633333333333333	59
406	conventional	60	4	4	0.7872215442872897	2.234759677208645	22.166666666666668	55
407	holistic	60	1	1	1.027729669400655	2.9195998500809752	21.633333333333333	59
407	conventional	60	1	1	0.9516632894248427	4.526117834349436	23.116666666666667	56
408	holistic	60	2	2	1.000659332570089	2.4524017267072797	21.566666666666666	57
408	conventional	60	1	1	0.9199853179508434	3.0370388310882026	24.083333333333332	57
409	holistic	60	0	0	0.9986752639183882	2.0550260750755753	22.566666666666666	58
409	conventional	60	1	1	0.8483067434347258	2.2679458092630522	24.516666666666666	58
410	holistic	60	0	0	0.9780069228812835	2.0267104527430617	23.566666666666666	59
410	conventional	60	4	4	0.8154064526886573	2.3145192076586043	25.183333333333334	59
411	holistic	60	2	2	0.9204064152794361	1.903479460632807	23.5	56
411	conventional	60	1	1	0.7949278547999241	2.757712395639581	25.183333333333334	59
412	holistic	60	0	0	0.9942961073472614	1.912281724036691	24.5	57
412	conventional	60	1	1	0.9410922333805556	2.6998830505734595	25.183333333333334	59
413	holistic	60	0	0	1.0237267153790037	2.3137835996672695	25.5	58
413	conventional	60	1	1	0.8711710437123312	2.529188554582956	25.183333333333334	59
414	holistic	60	0	0	1.0160391803992583	2.1623696788576083	26.5	59
414	conventional	60	3	3	0.8262908984351238	2.2623845838605736	24.05	59
415	holistic	60	1	1	0.9767597763867351	2.0911385309035726	26.5	53
415	conventional	60	6	6	0.8708887151765264	3.2608005592998133	20.933333333333334	57
416	holistic	60	0	0	0.9868280275571238	1.7873638785594759	27.5	54
416	conventional	60	0	0	0.8686050427736021	1.9952214903671297	21.933333333333334	58
417	holistic	60	0	0	0.997558018674312	1.8065083374424422	28.5	55
417	conventional	60	3	3	0.9479240444731599	2.3412099707045373	22.833333333333332	59
418	holistic	60	0	0	0.9993770971974806	1.9170054220464308	29.5	56
418	conventional	60	1	1	1.0066643480259465	3.284008196200869	22.833333333333332	58
419	holistic	60	1	1	0.9890131506229264	2.1003293048163325	30.433333333333334	57
419	conventional	60	1	1	1.0405922135643317	3.3613623337017757	23.683333333333334	59
420	holistic	60	0	0	0.993812054355894	2.0854011692418433	31.433333333333334	58
420	conventional	60	3	3	0.986937367038062	2.6012472531994706	23.616666666666667	59
421	holistic	60	0	0	0.9851856459412521	2.016174694511678	32.43333333333333	59
421	conventional	60	1	1	1.0593210638280444	2.838668681454565	23.616666666666667	58
422	holistic	60	1	1	0.9634669475795113	1.9025178758584458	32.43333333333333	57
422	conventional	60	0	0	1.006586408839042	2.5297367710914247	24.616666666666667	59
423	holistic	60	0	0	1.0390980684888906	3.704807068766878	33.43333333333333	58
423	conventional	60	1	1	1.0368436050847867	3.198395776193525	24.616666666666667	58
424	holistic	60	0	0	1.0097792022944718	2.2121091666807997	34.43333333333333	59
424	conventional	60	0	0	0.9956417445397309	2.7827810252567207	25.616666666666667	59
425	holistic	60	2	2	0.9739962365566138	1.8140536236652403	33.43333333333333	54
425	conventional	60	2	2	0.9590586631774023	2.5327393349379133	25.583333333333332	56
426	holistic	60	0	0	0.9877490086377756	1.8137422429498906	34.43333333333333	55
426	conventional	60	0	0	1.0011747526491468	2.4004022160812886	26.583333333333332	57
427	holistic	60	0	0	1.0032961620949066	1.9151566906438695	35.43333333333333	56
427	conventional	60	0	0	1.0259388793940674	3.932989469774966	27.583333333333332	58
428	holistic	60	0	0	1.0199782245925777	1.8825107111220898	36.43333333333333	57
428	conventional	60	0	0	1.0125433434079938	2.750677457199373	28.583333333333332	59
429	holistic	60	1	1	0.9938365713665578	1.9974797660964259	37.36666666666667	58
429	conventional	60	2	2	1.008713004228734	3.4170090459380296	27.583333333333332	59
430	holistic	60	0	0	1.0478676582032331	3.984530411012647	38.36666666666667	59
430	conventional	60	1	1	1.0364387114229514	4.482314786898162	27.583333333333332	59
431	holistic	60	2	2	1.0099953830358168	2.9851167211601988	37.36666666666667	59
431	conventional	60	3	3	0.9499264227926639	2.554990973299703	27.283333333333335	59
432	holistic	60	1	1	0.9759305792579697	1.984991881181197	37.36666666666667	58
432	conventional	60	4	4	0.867521711605288	2.1194553900945463	26.866666666666667	58
433	holistic	60	0	0	0.9622275159068127	1.912489206079386	38.36666666666667	59
433	conventional	60	1	1	0.9302941725549638	3.454782632051616	27.833333333333332	59
434	holistic	60	1	1	0.938202525957735	1.9787883645392212	38.36666666666667	59
434	conventional	60	2	2	0.9009674244643003	2.4062524717078935	27.8	59
435	holistic	60	3	3	0.9184091916295131	1.9953150501832262	37.3	58
435	conventional	60	3	3	0.8721825794396566	1.7728866400446237	27.733333333333334	56
436	holistic	60	0	0	1.1332231564970427	6.462259531481592	38.3	59
436	conventional	60	2	2	0.9240300248569276	1.8073229678194265	28.65	57
437	holistic	60	1	1	1.029390887563225	4.434960322100515	38.3	59
437	conventional	60	0	0	0.9383504806883173	2.4984696578174956	29.65	58
438	holistic	60	2	2	1.0501741061741525	3.2713662170472397	38.18333333333333	59
438	conventional	60	1	1	0.9481565448524634	1.8529908101181207	30.6	59
439	holistic	60	1	1	1.0819471195384904	2.702763910181171	38.18333333333333	59
439	conventional	60	1	1	0.999861567758574	1.8273992263581773	30.6	59
440	holistic	60	3	3	1.0174563422093428	2.4303904275698094	36.18333333333333	59
440	conventional	60	1	1	0.963889692768206	1.8035684389386808	30.6	59
441	holistic	60	3	3	0.9604972210529215	2.5703500054972976	35.13333333333333	59
441	conventional	60	1	1	0.9559556659701198	2.0890453672593905	30.6	58
442	holistic	60	3	3	0.9427299236309771	2.736958434175722	33.13333333333333	59
442	conventional	60	1	1	1.0036932537138297	2.524834012050729	31.566666666666666	59
443	holistic	60	2	2	0.9776427519825363	2.361387823892048	32.13333333333333	59
443	conventional	60	1	1	1.0744567182613867	4.332030776059815	31.566666666666666	59
444	holistic	60	5	5	0.9958833464535206	2.961062798628051	30.0	59
444	conventional	60	1	1	1.0226213115483171	2.3059699634168176	31.566666666666666	58
445	holistic	60	1	1	0.9627003939055784	2.9848127014212884	30.0	59
445	conventional	60	0	0	1.0165029465635789	2.527651408131102	32.56666666666667	59
446	holistic	60	5	5	0.9502160968116506	2.7380447946712554	28.783333333333335	59
446	conventional	60	1	1	0.9700436453133432	1.8466161908370229	32.56666666666667	57
447	holistic	60	1	1	1.1436194042999843	3.657978928777725	28.783333333333335	59
447	conventional	60	0	0	0.950041577658048	1.765487434289557	33.56666666666667	58
448	holistic	60	8	8	0.9731872207484585	2.8162623162757043	23.65	59
448	conventional	60	0	0	0.9479150570898187	1.7532539671758611	34.56666666666667	59
449	holistic	60	1	1	1.136484579808853	6.6726625557597705	23.65	58
449	conventional	60	1	1	0.9270517669414632	1.7699168884703709	34.56666666666667	58
450	holistic	60	2	2	1.0777555832088537	3.6711779042208517	24.366666666666667	59
450	conventional	60	0	0	0.9258976785513343	1.7859612545604524	35.56666666666667	59
451	holistic	60	2	2	1.0763217313051787	2.7379911609546057	23.366666666666667	59
451	conventional	60	5	5	0.8924993169428415	2.0095258913336576	33.45	59
452	holistic	60	5	5	1.1644736918647955	7.3996320257568335	21.2	59
452	conventional	60	1	1	0.9878834773396352	3.468624291886215	33.45	58
453	holistic	60	2	2	1.0284391901626635	3.40648497852737	20.2	59
453	conventional	60	1	1	0.9448307892352281	1.9827866335357207	34.416666666666664	59
454	holistic	60	1	1	1.064672953932184	2.4829352669309386	20.2	57
454	conventional	60	2	2	0.9391263686237494	1.8733940887907892	33.416666666666664	59
455	holistic	60	0	0	1.1528194240422296	3.5702604541474603	21.2	58
455	conventional	60	2	2	1.0238998507105437	3.438602359450323	32.416666666666664	59
456	holistic	60	1	1	1.1049063709690163	2.9389499495637743	22.133333333333333	59
456	conventional	60	1	1	0.9746231756528224	2.939167894278486	32.416666666666664	59
457	holistic	60	3	3	1.0676667903875539	2.4184255420039222	20.133333333333333	55
457	conventional	60	3	3	0.9716287516728601	2.4261029843825552	31.383333333333333	59
458	holistic	60	0	0	1.1365982754128956	3.660544150759727	21.133333333333333	56
458	conventional	60	2	2	0.9808253480847005	1.8202631345735647	30.383333333333333	59
459	holistic	60	1	1	1.1105527783375613	2.3207175776649347	22.1	57
459	conventional	60	1	1	1.0085195682799362	1.813053484791385	30.383333333333333	59
460	holistic	60	0	0	1.0871939285751617	2.2173739928196268	23.1	58
460	conventional	60	2	2	1.0246119061472763	4.30323031672213	29.383333333333333	59
461	holistic	60	1	1	1.0879841913523323	2.2809455674087182	24.033333333333335	59
461	conventional	60	2	2	0.937432406640076	2.302457612063582	28.383333333333333	59
462	holistic	60	1	1	1.0959837186797217	2.1816086583365615	24.033333333333335	59
462	conventional	60	5	5	0.8655456079604117	3.3035387256557485	26.283333333333335	59
463	holistic	60	1	1	1.0672175437694578	2.201308335471355	24.033333333333335	59
463	conventional	60	4	4	0.9635127240559321	3.2765337182243472	25.2	58
464	holistic	60	2	2	1.0312647979930973	2.4708088041504093	23.766666666666666	59
464	conventional	60	0	0	0.9547873348263669	2.3956307850505607	26.2	59
465	holistic	60	3	3	1.0300604030206517	2.4891938931547095	22.0	59
465	conventional	60	4	4	0.895370706414589	2.061060352793144	25.9	59
466	holistic	60	4	4	1.0185630375827526	2.253793621195683	19.933333333333334	58
466	conventional	60	2	2	0.9070740334313232	1.9789897964087773	25.883333333333333	58
467	holistic	60	1	1	1.0923085386062255	2.7538909793543955	20.9	59
467	conventional	60	0	0	0.9425752768715724	2.546725433863879	26.883333333333333	59
468	holistic	60	3	3	1.1461957361099153	4.758250556910346	19.866666666666667	57
468	conventional	60	2	2	0.950547428648541	2.0196877680982808	26.85	59
469	holistic	60	0	0	1.1535572847096476	3.418597800272098	20.866666666666667	58
469	conventional	60	1	1	0.9453818695049041	1.7849750198228262	26.85	59
470	holistic	60	1	1	1.1588094098753068	2.7460369833645646	21.833333333333332	59
470	conventional	60	1	1	1.023289759780823	4.405580710451698	26.85	59
