season	population	alive	births	deaths	mean_lifetime_score	best_lifetime_score
0	holistic	60	0	0	0.07578553616523571	2.8612098476433965
0	conventional	60	0	0	0.08630348702843786	6.194256882573284
1	holistic	60	0	0	0.050207510220436756	1.3529636206731837
1	conventional	60	1	1	0.04321739478792467	4.688488719637654
2	holistic	60	4	4	0.058802278659136696	1.1876611109736948
2	conventional	60	9	9	0.22263287413495883	3.5116962597844434
3	holistic	60	1	1	0.07496594752385073	1.354684331157833
3	conventional	60	13	13	0.356101620459284	2.417103137086352
4	holistic	60	0	0	0.09395323604684558	1.8116705373502684
4	conventional	60	10	10	0.4523788473149375	4.133950835296412
5	holistic	60	1	1	0.09045993083554195	2.14902831076723
5	conventional	60	12	12	0.5150103541809048	2.63620927168321
6	holistic	59	4	5	0.08086789287147213	1.8131317513056031
6	conventional	60	9	9	0.5179494200117402	3.1588382710494067
7	holistic	58	3	4	0.08568506291239296	1.6120541522637033
7	conventional	60	14	14	0.45840748609761556	3.228882796975357
8	holistic	59	3	2	0.14054607445846481	1.6455104371917322
8	conventional	60	5	5	0.7000769927720796	3.2370717655921
9	holistic	60	4	3	0.21615331764345733	2.260799638100054
9	conventional	60	9	9	0.7251170126537931	3.236731315822612
10	holistic	60	3	3	0.20160847364740467	1.936075742840619
10	conventional	60	8	8	0.691426945328878	3.1856485425335817
11	holistic	30	6	36	0.589280559111802	4.82191709510534
11	conventional	60	5	5	0.8487288924891866	4.155655985288612
12	holistic	36	7	1	0.47496458610880243	3.8634102257838854
12	conventional	60	8	8	0.6405118589454956	2.49996744789047
13	holistic	47	12	1	0.5807148149350997	3.880209690962461
13	conventional	60	5	5	0.7281566465500721	3.1641414549618987
14	holistic	60	13	0	0.4990484868583074	2.793981547916243
14	conventional	60	9	9	0.7624287800110756	2.92921633895945
15	holistic	60	2	2	0.5363353270546971	1.9386431661609544
15	conventional	60	7	7	0.8036849195878147	2.5730061113149736
16	holistic	60	4	4	0.5748067839485602	1.9528789268684403
16	conventional	60	11	11	0.790964640722631	2.7197813909207484
17	holistic	60	9	9	0.622887533848516	2.10827603961041
17	conventional	60	8	8	0.7698183385491016	2.219816429922464
18	holistic	60	1	1	0.7324300200237042	1.9859662697743534
18	conventional	60	4	4	0.8935043497148157	2.4626568270870237
19	holistic	60	4	4	0.7403440338040386	1.8535913434548537
19	conventional	60	3	3	0.8995856514643865	2.6789443048081942
20	holistic	60	1	1	0.8069001112569413	2.896588381749313
20	conventional	60	6	6	0.9227614948395891	3.5020990206307943
21	holistic	60	2	2	0.7614881209460826	1.861111551894155
21	conventional	60	4	4	0.9559164448420852	4.177280350179787
22	holistic	60	1	1	0.7486156702154443	2.2617791388613275
22	conventional	60	3	3	0.9484746337025377	2.6772571894387482
23	holistic	60	2	2	0.7608867112450253	2.225596602204823
23	conventional	60	3	3	0.9121361051260701	2.844188713185467
24	holistic	60	2	2	0.8080884687585431	2.2779376334229826
24	conventional	60	3	3	0.8952567314699963	2.205796412193684
25	holistic	60	0	0	0.8494222422711561	2.322583832128247
25	conventional	60	1	1	0.8525459634052309	2.377726544593819
26	holistic	60	2	2	0.8165606839394156	2.146951630150467
26	conventional	60	3	3	0.8437986597655366	2.1333159480044386
27	holistic	60	2	2	0.8008959042274907	1.9950933254986378
27	conventional	60	3	3	0.926178692397479	2.1338199440650407
28	holistic	60	1	1	0.8215582221518506	2.0491949028560845
28	conventional	60	5	5	0.9720137858537136	2.2082790882780072
29	holistic	60	0	0	0.8011376829243185	2.037493072163365
29	conventional	60	3	3	0.9611098567513425	3.1845050301200506
30	holistic	60	2	2	0.8024980842217846	1.9718000271528728
30	conventional	60	1	1	1.0079517463560044	3.2489982413693173
31	holistic	60	1	1	0.9013890634878515	4.863583674280319
31	conventional	60	3	3	0.8967851524694179	1.8607912949765684
32	holistic	60	1	1	0.8542853416007917	2.4040297139223545
32	conventional	60	3	3	0.8529464214996827	1.698912580595436
33	holistic	60	0	0	0.9308000269997249	1.888607824597145
33	conventional	60	0	0	0.963781710033374	3.1788845273593735
34	holistic	60	0	0	0.9538195155270403	2.128432584993085
34	conventional	60	1	1	0.9002857664493099	1.7480278162635676
35	holistic	60	0	0	0.940164808692049	2.222455797759886
35	conventional	60	3	3	0.9379546446977687	4.212302167216291
36	holistic	60	0	0	0.9154582615197947	2.1905224785611845
36	conventional	60	3	3	0.8399463597288211	2.215509044691122
37	holistic	60	0	0	0.9023186154585642	2.0916092336688408
37	conventional	60	4	4	0.8538366208167149	1.730722192374931
38	holistic	60	1	1	0.8912464275698381	2.0721407942656875
38	conventional	60	3	3	0.85940918643554	3.1746264960928103
39	holistic	60	0	0	0.8922096303849939	2.1178574401817065
39	conventional	60	1	1	0.9286113308664318	3.1930185746605195
40	holistic	60	0	0	0.883373445145361	2.0408663239377294
40	conventional	60	0	0	0.9180896834694525	2.7003386126446287
41	holistic	60	0	0	0.8771509267807965	2.0831370953201422
41	conventional	60	1	1	0.8620988489619529	1.6545471523726119
42	holistic	60	1	1	0.8710117422560264	2.015985859795579
42	conventional	60	2	2	0.8394777138568349	1.694381307654437
43	holistic	60	0	0	0.8667468327863309	2.005296018692213
43	conventional	60	2	2	0.9343072657991603	4.150573381899674
44	holistic	60	0	0	0.8643870222211765	1.9481725591245902
44	conventional	60	0	0	0.9723139319703719	3.120215818670083
45	holistic	60	0	0	0.8721450739153034	1.8962139526362052
45	conventional	60	1	1	0.885514430088307	1.8018049573178327
46	holistic	60	1	1	0.8688273625635116	1.8487008029048473
46	conventional	60	1	1	0.8668222117949905	1.6767144230696593
47	holistic	60	0	0	0.862729655800226	1.7634862854601367
47	conventional	60	1	1	0.9149787562828565	2.231647353216956
48	holistic	60	0	0	0.8817830408869037	1.6951335113890904
48	conventional	60	2	2	0.8957229388693172	1.9603518660576391
49	holistic	60	0	0	0.8808820087191183	1.764575723969818
49	conventional	60	1	1	0.8863892204692748	2.1508235475464907
50	holistic	60	0	0	0.8736035177026383	1.7678802402878528
50	conventional	60	0	0	0.8430815063772283	1.6460219423065425
51	holistic	60	1	1	0.8675276610537939	1.6777383268979844
51	conventional	60	0	0	0.8135136755357993	1.6784612732911801
52	holistic	60	1	1	0.8590335126694028	1.6664248030576676
52	conventional	60	3	3	0.787297208867863	1.6676327820938932
53	holistic	60	0	0	0.8525557260926125	1.6042597801648808
53	conventional	60	1	1	0.8743902477852513	4.141036504465934
54	holistic	60	0	0	0.8899023152997897	1.7435977663868594
54	conventional	60	1	1	0.8748719854546636	3.642603311523229
55	holistic	60	0	0	0.8758236902513298	1.7482182268768804
55	conventional	60	1	1	0.8578101271506859	2.808115816175858
56	holistic	60	0	0	0.8691346422412775	1.676253778393885
56	conventional	60	1	1	0.827109822935422	1.894004260832351
57	holistic	60	0	0	0.8734730802347541	1.7582810623045364
57	conventional	60	2	2	0.8386474416477359	1.6584020122915706
58	holistic	60	0	0	0.8753523284069209	1.8686266571013463
58	conventional	60	0	0	0.8723418234895376	2.1854370667002656
59	holistic	60	1	1	0.8704356028650188	1.8339215773163666
59	conventional	60	1	1	0.8754634056739605	3.1818170412991664
60	holistic	60	0	0	0.8771923972479854	1.8348109657594103
60	conventional	60	0	0	0.8651642236522895	2.17998239701573
61	holistic	60	0	0	0.8697183313273908	1.7707225479810427
61	conventional	60	1	1	0.8577870193471219	1.9318290979513029
62	holistic	60	1	1	0.8457756727220668	1.8673189818193163
62	conventional	60	3	3	0.8197321539807498	1.7830570179836762
63	holistic	60	1	1	0.8491508416623655	1.8062093202511966
63	conventional	60	1	1	0.8702547937783824	1.850124156178465
64	holistic	60	0	0	0.8710985085611479	1.8080689984218663
64	conventional	60	3	3	0.8555351329317068	2.284122251161679
65	holistic	60	0	0	0.8644073791785395	1.7522183852480953
65	conventional	60	3	3	0.8903700147758299	3.1782409473610205
66	holistic	60	3	3	0.8425356976468229	1.6998044866857933
66	conventional	60	2	2	0.8511704238776967	2.1775223791209832
67	holistic	60	2	2	0.815230455942811	1.8123825942246774
67	conventional	60	7	7	0.7427526825819044	1.576957785741939
68	holistic	60	2	2	0.9058263527316959	3.8345435165609687
68	conventional	60	6	6	0.7900691704327867	4.137044238385323
69	holistic	60	3	3	0.9541265370138946	3.677180201801414
69	conventional	60	6	6	0.7407959563876101	2.176578042158657
70	holistic	60	4	4	0.8980437617402554	1.8410371435144426
70	conventional	60	7	7	0.7322340017064217	3.1780304538699844
71	holistic	60	4	4	0.8848618969502989	1.9450225951831883
71	conventional	60	3	3	0.9503160971517709	4.140830374109423
72	holistic	60	5	5	0.893746927558963	2.8677743256918604
72	conventional	60	5	5	0.8803358804175915	2.66480997165515
73	holistic	60	5	5	0.8894074854085687	3.9441621973048218
73	conventional	60	3	3	0.7826459366275167	2.1957945662362937
74	holistic	60	10	10	0.7271772094738223	2.442695088901097
74	conventional	60	2	2	0.8423061918778196	2.1791839821621686
75	holistic	60	2	2	0.8416997676509506	1.9420204519273223
75	conventional	60	4	4	0.855871025890638	3.1694539362425584
76	holistic	60	2	2	0.8205503281221349	1.8702899771089627
76	conventional	60	6	6	0.7573958463646885	2.142783267121283
77	holistic	60	8	8	0.747407207837459	2.4184479188998997
77	conventional	60	6	6	0.7118824967637626	1.813313047446828
78	holistic	60	1	1	0.783543897579006	3.9418577104681423
78	conventional	60	6	6	0.7633784964288268	2.136348529644383
79	holistic	60	5	5	0.6961363163838058	2.8538315380714603
79	conventional	60	5	5	0.7498176867816146	2.1562005519049277
80	holistic	60	4	4	0.7406995589411517	2.9169870819544856
80	conventional	60	6	6	0.7289357639488377	2.4774943863866796
81	holistic	60	7	7	0.7987397328723755	3.772116586902253
81	conventional	60	2	2	0.7964828379884046	2.1833115235543143
82	holistic	60	0	0	0.8372248776368963	2.888114607499149
82	conventional	60	5	5	0.8651067088413957	4.189944236156229
83	holistic	60	2	2	0.7854725402230934	1.7594105608002149
83	conventional	60	5	5	0.8214561300630822	3.194272856607252
84	holistic	60	4	4	0.8020541787073844	2.1499511929384036
84	conventional	60	4	4	0.9597401514463327	4.170657187939254
85	holistic	60	1	1	0.8177538280234037	2.204250651517555
85	conventional	60	6	6	0.917875481479891	2.6730946785417875
86	holistic	60	0	0	0.8142649113931014	1.9994831007287945
86	conventional	60	5	5	0.8745436930474688	2.2792516788756836
87	holistic	60	3	3	0.8272864674798328	2.3095814668266
87	conventional	60	3	3	0.8655957811512419	3.243267189502666
88	holistic	60	1	1	0.9214046460928856	1.9902621601104102
88	conventional	60	4	4	0.8075812162077534	2.162773544942289
89	holistic	60	0	0	0.9702161915791275	3.9317800535068685
89	conventional	60	5	5	0.8008670957597595	1.6412944770575855
90	holistic	60	2	2	0.8647245862462938	1.93230531923122
90	conventional	60	3	3	0.8832083341323862	3.1809881954709898
91	holistic	60	1	1	0.8265956372183338	1.7493779601170494
91	conventional	60	1	1	0.8531605793180128	1.6691704232391897
92	holistic	60	1	1	0.829072502033249	1.8101394283742884
92	conventional	60	3	3	0.8535733605931611	4.287983803611256
93	holistic	60	2	2	0.7935349825701999	1.5913603540730883
93	conventional	60	2	2	0.8787696814922065	2.2475677728818515
94	holistic	60	1	1	0.8344494239000267	1.4993027894442446
94	conventional	60	3	3	0.8354438291308652	2.257663283878675
95	holistic	60	0	0	0.833022279357276	1.5344070667013354
95	conventional	60	2	2	1.020734079653479	6.137437417817788
96	holistic	60	1	1	0.8436053687879589	1.6829534668520465
96	conventional	60	3	3	0.8841603492428701	3.648806164217393
97	holistic	60	0	0	0.8383030677096397	1.5999486075199774
97	conventional	60	1	1	0.9444061446654005	2.1736267188858753
98	holistic	60	0	0	0.8531356815247937	1.5315646461830805
98	conventional	60	2	2	0.9274344497186308	3.675026581978311
99	holistic	60	0	0	0.8360911315886076	1.6599221158095012
99	conventional	60	2	2	0.8867186710886444	2.8420166388624053
100	holistic	60	0	0	0.8390689209084093	1.5159565124606853
100	conventional	60	2	2	0.8234797363803973	1.9255196335754359
101	holistic	60	0	0	0.8636919128856114	1.9326560317842882
101	conventional	60	2	2	0.8906921688861218	2.496094626999819
102	holistic	60	0	0	0.8802912256348112	1.9327939677467934
102	conventional	60	2	2	0.956327985406151	3.212381066968643
103	holistic	60	0	0	0.9013779311724176	1.8661423701802347
103	conventional	60	1	1	0.9061467354259966	2.370233498852941
104	holistic	60	0	0	0.91848041201423	1.8810501210834194
104	conventional	60	0	0	0.961046494651045	2.1654876113229977
105	holistic	60	0	0	0.9214655063581548	1.8044805706065683
105	conventional	60	0	0	0.9098610099358918	1.8866865305474259
106	holistic	60	1	1	0.9136129864551014	1.765482575708055
106	conventional	60	0	0	0.8811835645809142	1.6737042157505673
107	holistic	60	0	0	0.9041842761193621	1.8266809171296878
107	conventional	60	0	0	0.8848229633359571	1.8778549137193128
108	holistic	60	0	0	0.895085801550172	1.7818050060798356
108	conventional	60	0	0	0.868862312015899	1.6616528058945352
109	holistic	60	0	0	0.8963446354362667	1.7414195886409116
109	conventional	60	0	0	0.8520244453305573	1.7095430336282964
110	holistic	60	0	0	0.9112328285117947	1.7783918394718716
110	conventional	60	0	0	0.8461546904007945	1.5447569046423755
111	holistic	60	0	0	0.9041573031709341	1.7346962103140202
111	conventional	60	1	1	0.8490089060893113	1.6382349139109929
112	holistic	60	1	1	0.8808941458049127	1.736577728999704
112	conventional	60	2	2	0.9266662641911136	5.161042373827413
113	holistic	60	0	0	0.9225081417996123	1.8531216161209767
113	conventional	60	1	1	0.9286227695140067	3.168662122812319
114	holistic	60	1	1	0.9054598767943297	1.7838160401615046
114	conventional	60	1	1	0.9082372233573273	2.504451037520516
115	holistic	60	0	0	0.9217800223205422	1.8218643271392936
115	conventional	60	0	0	0.9232073425682326	2.6717769638189193
116	holistic	60	0	0	0.902923126798105	1.7542677922468635
116	conventional	60	3	3	0.8936713983231287	2.3729544386321826
117	holistic	60	0	0	0.9067655512285211	1.8295600127152687
117	conventional	60	2	2	0.9099693565191969	2.5066534385670223
118	holistic	60	0	0	0.9102028759325589	1.799773982460287
118	conventional	60	1	1	0.9506584251877623	2.602653479358923
119	holistic	60	0	0	0.9069273477319271	1.7393929858074115
119	conventional	60	0	0	0.9484653075835252	2.4208692767053743
120	holistic	60	0	0	0.8989295921414655	1.7042886484898192
120	conventional	60	0	0	0.938813317095125	2.1693620202030033
121	holistic	60	0	0	0.9193755363851054	1.8077509988815939
121	conventional	60	1	1	0.9633751162819534	2.378503158705623
122	holistic	60	0	0	0.9198965817268506	1.8727087799330173
122	conventional	60	2	2	0.9269674974990393	2.377734586451894
123	holistic	60	1	1	0.903417615439175	1.8389251533499569
123	conventional	60	2	2	0.9006124835512214	2.1712644943161554
124	holistic	60	0	0	0.905508436032898	1.807085988697476
124	conventional	60	2	2	0.9849156522814144	4.147430510689156
125	holistic	60	0	0	0.92310457723426	1.8657980578371929
125	conventional	60	3	3	0.9662869229306382	2.1574523419075233
126	holistic	60	1	1	0.9160092199707387	1.8355330655423756
126	conventional	60	0	0	1.0236927771270385	2.8229080400566158
127	holistic	60	2	2	0.9162296697274462	2.811190218343002
127	conventional	60	1	1	1.1211311902069845	4.670138866740429
128	holistic	60	1	1	0.9054533750206795	3.301813334906649
128	conventional	60	3	3	1.025585000390088	3.3523313440853393
129	holistic	60	3	3	0.8681829156308408	2.4697835436775883
129	conventional	60	6	6	0.9300949025424666	2.8220952013719764
130	holistic	60	2	2	0.830794151804246	2.5470388275546627
130	conventional	60	6	6	0.9121811579154523	3.0156492028816864
131	holistic	60	4	4	0.776655330818867	2.0077020048672343
131	conventional	60	2	2	0.9835786554457201	3.1805895554852546
132	holistic	60	4	4	0.934179200957004	4.785272180555403
132	conventional	60	4	4	0.8692689460829872	3.1757103451311366
133	holistic	60	2	2	0.9217072145045577	4.242372594525847
133	conventional	60	3	3	0.9731528428710378	3.159975415459167
134	holistic	60	9	9	0.8969745187144001	3.7909088520823944
134	conventional	60	4	4	0.9351198258999596	3.2433132972087573
135	holistic	60	1	1	0.8676540309343725	2.8351516122482368
135	conventional	60	2	2	0.9523471820084168	3.0680630453711903
136	holistic	60	2	2	0.8881675723168514	2.713282238384004
136	conventional	60	3	3	0.9983550614272975	7.200973621225868
137	holistic	60	6	6	0.8795694494660324	3.207816318343364
137	conventional	60	5	5	1.0041407154354458	5.157443890362279
138	holistic	60	5	5	0.8920897250334282	2.9602900981592803
138	conventional	60	3	3	1.0605683050218109	3.2002647944580622
139	holistic	60	5	5	0.9202168666319497	3.732698547975224
139	conventional	60	1	1	1.1006441976203927	3.4498830048103835
140	holistic	60	6	6	0.8262218173454372	2.38629905593539
140	conventional	60	4	4	0.9611370908902114	2.9994933120550673
141	holistic	60	7	7	0.7878105846914796	2.495799313821116
141	conventional	60	3	3	1.0244382689679516	3.278667023024754
142	holistic	60	2	2	0.9118035162174601	3.7289888910799744
142	conventional	60	4	4	0.9898551702645316	2.847773159499912
143	holistic	60	3	3	0.9307195272354813	2.2788387717778393
143	conventional	60	4	4	1.0360947570721382	3.1720803081698428
144	holistic	60	4	4	0.8453896359778342	2.286038099896155
144	conventional	60	3	3	1.0921306636226162	4.671253602384034
145	holistic	60	3	3	0.9251624577888716	3.9326392928818064
145	conventional	60	0	0	1.1112114114431393	3.1567157509667156
146	holistic	60	1	1	0.8573292351621157	2.2804819904849416
146	conventional	60	4	4	0.9990527644885968	2.657627133159123
147	holistic	60	4	4	0.8815097710845865	2.4348595700380553
147	conventional	60	4	4	1.007993947986937	5.162789115352876
148	holistic	60	2	2	0.9217816528695372	2.334718986334369
148	conventional	60	4	4	0.9295154511563463	3.1646234201655172
149	holistic	60	0	0	0.9007252844319953	2.267531813749347
149	conventional	60	7	7	0.899148667528923	2.8324630038706125
150	holistic	60	1	1	0.8999456885615299	2.434119985387085
150	conventional	60	6	6	0.9463752004597505	4.174429350884847
151	holistic	60	1	1	0.8552918171613004	2.2680176367839406
151	conventional	60	1	1	1.2230091118984312	7.12739759937213
152	holistic	60	3	3	0.8475071222942111	2.0807630480680555
152	conventional	60	1	1	1.1959200627270974	3.65134798737544
153	holistic	60	1	1	0.9130398006596815	2.1561905731109894
153	conventional	60	0	0	1.1658643965964488	3.820299222944937
154	holistic	60	1	1	0.8944799965986879	2.1964126671234547
154	conventional	60	3	3	1.0982669206054925	3.1476111589714684
155	holistic	60	0	0	0.9046083351360544	2.143649017626404
155	conventional	60	1	1	1.0271167199132745	2.654363719007008
156	holistic	60	2	2	0.8938688390721209	2.0466150131635117
156	conventional	60	6	6	0.9932664717576067	2.2986241173342763
157	holistic	60	0	0	0.9371809233648408	2.2061709452948763
157	conventional	60	1	1	1.0626949033329478	2.2247610386378605
158	holistic	60	0	0	0.9340704616340755	2.1069681975770873
158	conventional	60	1	1	1.0262804709165843	2.492030058233491
159	holistic	60	0	0	0.9048992734297296	1.9605790631576638
159	conventional	60	3	3	1.0358792781923098	2.360185347801095
160	holistic	60	0	0	0.9093778528221328	2.066475832141696
160	conventional	60	2	2	1.0605878025990871	2.3431033842739413
161	holistic	60	0	0	0.9082330702935161	2.0126327217009226
161	conventional	60	3	3	1.0260329841821225	4.160534204396294
162	holistic	60	0	0	0.9048069035582297	2.0039291068523064
162	conventional	60	3	3	0.9523693058340932	1.9782631348315147
163	holistic	60	0	0	0.9105515604360775	1.9335219344907624
163	conventional	60	3	3	0.9410370601718053	2.0218271697883923
164	holistic	60	0	0	0.9085904681233472	1.8669939009247631
164	conventional	60	1	1	0.96607616433169	1.964565611146855
165	holistic	60	0	0	0.8991548476961283	1.8444646276468313
165	conventional	60	2	2	0.9952720111655827	2.6681933453687527
166	holistic	60	0	0	0.8823161328818734	1.7773397251655583
166	conventional	60	2	2	0.9914017674067092	3.1782740580721605
167	holistic	60	0	0	0.8742781283643325	1.8436599492709491
167	conventional	60	1	1	1.0068015580172012	4.182005905428821
168	holistic	60	0	0	0.8791291552953824	1.9614519619869393
168	conventional	60	2	2	0.9955237218129016	3.516058242085093
169	holistic	60	0	0	0.8831273671022026	1.9549467785946557
169	conventional	60	1	1	0.9817987183279848	2.4504850527238933
170	holistic	60	0	0	0.8755690173465326	1.9486128405330283
170	conventional	60	1	1	0.9919107351426492	3.172453705495044
171	holistic	60	0	0	0.8876357250506073	1.8934939085055364
171	conventional	60	2	2	1.1107150177048162	7.167713143174412
172	holistic	60	1	1	0.875258012199123	1.8465138572494717
172	conventional	60	1	1	1.00265065183415	3.655155328534562
173	holistic	60	0	0	0.8693077102379322	1.842974637134218
173	conventional	60	2	2	0.9513285108859969	3.491479241321072
174	holistic	60	1	1	0.8625470924985356	1.8878463208102554
174	conventional	60	2	2	0.9451269191452367	2.4160782008533177
175	holistic	60	1	1	0.8495062840058035	1.802592824503783
175	conventional	60	3	3	0.9167222068265751	1.842901079355881
176	holistic	60	2	2	0.8432334473958899	1.764421226912921
176	conventional	60	2	2	0.9535732427683693	2.283452787458657
177	holistic	60	1	1	0.8528569059150792	1.690716209779224
177	conventional	60	3	3	0.8782256207590275	1.66783376466459
178	holistic	60	0	0	0.8568413138225607	1.6962912243324098
178	conventional	60	2	2	0.870751452783298	1.6585030534630774
179	holistic	60	0	0	0.8732046752267049	1.7023384581578136
179	conventional	60	2	2	0.8857402716303882	1.800340263589304
180	holistic	60	0	0	0.8773830255092203	1.6728475371416816
180	conventional	60	0	0	0.889354566425663	1.66368826081142
181	holistic	60	1	1	0.8742401395825505	1.72579537164841
181	conventional	60	2	2	0.8943931368708302	2.288432834426803
182	holistic	60	0	0	0.8814040019166931	1.7957856584354646
182	conventional	60	1	1	0.9000559015757391	2.174644583762536
183	holistic	60	1	1	0.8737930355913476	1.7717377368816314
183	conventional	60	1	1	0.9046371477515122	2.1679119377077893
184	holistic	60	0	0	0.912354492365486	1.792995278609782
184	conventional	60	2	2	0.9283435373559091	2.174161205977834
185	holistic	60	0	0	0.9088499481828813	1.7916961693944773
185	conventional	60	5	5	0.8637518800839135	1.9112283432799435
186	holistic	60	1	1	0.9025059203851896	1.9666840323759298
186	conventional	60	1	1	0.8863642511065014	1.6958798258381815
187	holistic	60	1	1	0.9202896002182894	2.753287277358055
187	conventional	60	1	1	0.8970518908522592	2.183891637269894
188	holistic	60	1	1	0.9428840975154391	3.2721939282161507
188	conventional	60	1	1	0.9074086999580839	1.9347281855385259
189	holistic	60	1	1	0.9248694552635394	2.7657362568011394
189	conventional	60	3	3	0.8767515581000122	1.786191488018206
190	holistic	60	2	2	0.931834500677063	3.5184590119099974
190	conventional	60	3	3	0.9213268179026237	2.1854005068562095
191	holistic	60	4	4	1.0029512529150173	4.903477183909204
191	conventional	60	2	2	1.003069846483863	3.177020329829527
192	holistic	60	3	3	0.9383469359186745	3.4005574839728294
192	conventional	60	4	4	0.9408153605755163	2.061765915350853
193	holistic	60	1	1	1.0311706279132895	4.909237130430837
193	conventional	60	1	1	1.0728463588058008	5.12499794442556
194	holistic	60	4	4	0.9975924158024109	3.9067645601241874
194	conventional	60	0	0	1.0722636219604311	4.137234602893459
195	holistic	60	1	1	1.1102221497327092	5.8852779430879645
195	conventional	60	2	2	1.011223087111293	2.185449789907888
196	holistic	60	1	1	1.0514565625513022	3.895475099858268
196	conventional	60	2	2	0.9750084809143337	2.1513880683914337
197	holistic	60	2	2	0.9784323432648421	2.562814001711137
197	conventional	60	5	5	0.8988139667160727	2.181442107621993
198	holistic	60	3	3	0.9664737027944512	2.483434340185886
198	conventional	60	4	4	0.9547551705519399	4.282572113898962
199	holistic	60	2	2	0.9220250311950318	2.163411395294962
199	conventional	60	5	5	0.9813818519008948	4.29308428454827
200	holistic	60	6	6	0.8757199605625398	2.5792356658808004
200	conventional	60	1	1	1.158916262567357	8.143684342750824
201	holistic	60	5	5	0.837974081446128	3.9620928899580012
201	conventional	60	1	1	1.0911578651551752	5.65147569288893
202	holistic	60	1	1	0.897323006392432	3.964311861030583
202	conventional	60	4	4	1.0096226734755307	3.475147980601111
203	holistic	60	4	4	0.8324682097382126	2.9620162764732236
203	conventional	60	2	2	1.0368204144270454	2.6429998054732566
204	holistic	60	6	6	0.8662226215458823	3.719684880977118
204	conventional	60	4	4	0.9549744540850239	2.742036408469859
205	holistic	60	4	4	0.8285012948927932	3.237535840314237
205	conventional	60	1	1	1.0809993143690593	4.070401203525744
206	holistic	60	1	1	0.9186175319801992	3.739541563622743
206	conventional	60	2	2	1.0338662629905393	3.128072425031169
207	holistic	60	5	5	0.9749141079587779	4.959724508241999
207	conventional	60	3	3	0.9847417401589181	3.2133956420486447
208	holistic	60	3	3	1.118411643457572	4.4663733075305565
208	conventional	60	2	2	1.1419580899119575	5.128523962075844
209	holistic	60	0	0	1.043204505850522	3.196959699403223
209	conventional	60	4	4	0.9360890107011215	2.1016317291917614
210	holistic	60	1	1	0.9626942954846243	2.8769281543070493
210	conventional	60	6	6	0.9026414472545483	2.0908870092302374
211	holistic	60	3	3	0.9558064607716656	2.887158290662929
211	conventional	60	3	3	0.8835779434098292	1.974752283488521
212	holistic	60	3	3	1.0374772250346627	4.748614357107246
212	conventional	60	3	3	0.9630644820343245	3.2263425235795413
213	holistic	60	1	1	1.0839132678592398	3.9404714029352617
213	conventional	60	0	0	0.9452159602423856	1.8635181608003724
214	holistic	60	2	2	0.9977989205342617	2.623480646808286
214	conventional	60	0	0	0.933518195889172	1.9479311608221621
215	holistic	60	1	1	0.9812963699263456	2.5150092816670724
215	conventional	60	2	2	0.9113361463618941	1.8336968226561563
216	holistic	60	4	4	0.920502173746505	2.471935614111981
216	conventional	60	5	5	0.8394026433841449	1.8539537082499606
217	holistic	60	0	0	1.0842628041071618	3.934772837217154
217	conventional	60	3	3	0.9418143347538194	5.246604333349802
218	holistic	60	0	0	1.0566362718308209	2.918091500320592
218	conventional	60	3	3	0.8771474134882798	2.15410595238366
219	holistic	60	0	0	1.0702057243209748	3.536364993431712
219	conventional	60	2	2	0.8988556887790292	3.176724296975716
220	holistic	60	1	1	1.0386291704060686	3.086563098445268
220	conventional	60	3	3	0.81849725048961	1.9368460832204242
221	holistic	60	0	0	1.020361011128576	2.9606037641508083
221	conventional	60	4	4	0.7912031138229847	1.7029412706935658
222	holistic	60	1	1	1.0445866738132878	2.9608395766569973
222	conventional	60	5	5	0.768313251766768	1.883008533689742
223	holistic	60	0	0	1.020712440633363	2.692229953992063
223	conventional	60	4	4	0.8470915065055424	3.2476150238585637
224	holistic	60	1	1	1.0010267939247801	2.6383179027168646
224	conventional	60	2	2	0.8401911832244195	3.188870662871717
225	holistic	60	0	0	1.0243771074261598	2.5876689543408
225	conventional	60	2	2	0.8603912457767692	5.152451425258003
226	holistic	60	0	0	1.0338085277657743	2.6252979352610892
226	conventional	60	3	3	0.8130436930676712	3.160418212946408
227	holistic	60	0	0	1.018609035304288	2.605281894726527
227	conventional	60	7	7	0.764069802877403	1.823560798316378
228	holistic	60	0	0	1.0098478254550958	2.586257702057276
228	conventional	60	2	2	0.8886403055143763	4.1732638637813135
229	holistic	60	0	0	1.006173149933094	2.515672098572173
229	conventional	60	3	3	0.8501272131660902	2.6701785312528745
230	holistic	60	0	0	1.004834101668153	2.5259263909902936
230	conventional	60	5	5	0.8090153973445399	2.837332710434469
231	holistic	60	0	0	0.9995059021989144	2.510464322677242
231	conventional	60	2	2	0.9083437772428403	4.129483673412133
232	holistic	60	0	0	1.0028307507050338	2.4470204812072827
232	conventional	60	2	2	0.9215208100612321	3.658591093181655
233	holistic	60	0	0	0.9942984910996953	2.4821620643028153
233	conventional	60	1	1	0.9437389819480126	4.15597014700337
234	holistic	60	1	1	0.9958212120915044	2.4454842624221316
234	conventional	60	3	3	0.9211913155683328	2.9134269892394467
235	holistic	60	1	1	0.9726114543177999	2.4105517255392184
235	conventional	60	1	1	0.8917188903936587	2.3646627817879198
236	holistic	60	2	2	0.9600487846593436	2.377197154815799
236	conventional	60	0	0	0.8852180927967878	1.999524375234954
237	holistic	60	2	2	1.0289912741918923	2.3234410597883985
237	conventional	60	5	5	0.8375796974469806	2.07679407054987
238	holistic	60	0	0	1.0274578729906738	2.335888543704811
238	conventional	60	3	3	0.8372989046289246	1.9038104590266947
239	holistic	60	0	0	1.00319211390357	2.315668780577263
239	conventional	60	3	3	0.8332128533068182	1.786834042466719
240	holistic	60	0	0	1.004695945138333	2.4178717480743748
240	conventional	60	3	3	0.8495271266653772	1.732590578777801
241	holistic	60	3	3	0.9710377208731201	2.27023406836073
241	conventional	60	4	4	0.8440736677873486	2.176912606439865
242	holistic	60	0	0	1.031022331044081	3.925448988590119
242	conventional	60	2	2	1.016307973774231	4.1212119275872094
243	holistic	60	0	0	1.018041054763674	2.446894029575069
243	conventional	60	2	2	0.9628894151404431	2.644434855774089
244	holistic	60	1	1	1.0085299543065338	2.212365325818795
244	conventional	60	2	2	0.9327397085694439	2.1152637908941903
245	holistic	60	0	0	1.0131387936380811	2.206780977395688
245	conventional	60	4	4	0.9096199701205995	2.8674284093357056
246	holistic	60	1	1	1.0016915640998854	2.219711468188433
246	conventional	60	1	1	0.963261848513296	4.1827922746536
247	holistic	60	1	1	0.9880097381371782	2.196336512035387
247	conventional	60	3	3	0.9818500288566618	3.177320079512031
248	holistic	60	2	2	0.9575209673188553	2.1737388819621644
248	conventional	60	1	1	1.1083931022157347	4.18487442013196
249	holistic	60	1	1	0.9871934486041843	2.1348309981483427
249	conventional	60	3	3	1.0313525158777006	2.755828994933083
250	holistic	60	2	2	0.9696539742503234	2.9185067444584827
250	conventional	60	1	1	1.0178008502320448	2.3782213009388995
251	holistic	60	4	4	0.8787412983385402	2.2520516212003177
251	conventional	60	3	3	0.9470558285130416	2.0491351976541727
252	holistic	60	3	3	0.9154589680064382	2.8839338026244064
252	conventional	60	6	6	0.9009808743411838	2.177589751209141
253	holistic	60	1	1	0.9350994147687366	2.5172657644789895
253	conventional	60	1	1	0.9531585321297197	2.2983774569399604
254	holistic	60	4	4	0.8798393378459227	2.7492234808265317
254	conventional	60	4	4	0.8884239042203212	2.066309077091965
255	holistic	60	2	2	0.9222957542390556	2.48586351078972
255	conventional	60	3	3	0.9512964070995547	2.177192517845925
256	holistic	60	1	1	0.9675991591039581	3.0763363693901593
256	conventional	60	3	3	1.0128084530346644	3.2135628978989983
257	holistic	60	2	2	0.975663255276707	2.7097467154141697
257	conventional	60	5	5	0.9451175021503393	1.8109939393287977
258	holistic	60	2	2	0.9247620706272889	2.3056519640713042
258	conventional	60	3	3	0.9014951033706801	2.1739176787098318
259	holistic	60	1	1	0.9980801447313592	2.0027435106918006
259	conventional	60	5	5	0.8888607576282147	1.8673231977110365
260	holistic	60	3	3	0.9174678205383346	2.221894970350741
260	conventional	60	7	7	0.8777858835590422	2.2504957036603774
261	holistic	60	5	5	0.9068318028889572	1.9836131807795567
261	conventional	60	4	4	0.9587204262125245	4.308549765270137
262	holistic	60	0	0	1.0654660517475263	3.7194917204179196
262	conventional	60	3	3	1.0394456573787005	4.793381932527497
263	holistic	60	2	2	0.9770091743637049	2.8360116960122035
263	conventional	60	3	3	0.9552262220976411	3.6535675587148115
264	holistic	60	4	4	0.9591029320994722	2.0886991208106163
264	conventional	60	1	1	0.9747429579340944	3.3236345087773005
265	holistic	60	3	3	1.0806677818636232	5.904832039835892
265	conventional	60	3	3	0.9669332858692118	2.926061319957735
266	holistic	60	1	1	0.9874160262533679	3.444500327457429
266	conventional	60	2	2	0.9378230936912533	2.4831781650223634
267	holistic	60	5	5	0.9550028051519994	3.9351098806496707
267	conventional	60	0	0	0.9744050330774936	2.312743423705626
268	holistic	60	1	1	1.2468937784493186	8.710468208795918
268	conventional	60	1	1	0.9529734167030524	1.8133951580353915
269	holistic	60	1	1	1.140551812746534	5.715065585847819
269	conventional	60	3	3	0.9392894958267206	1.868679574245511
270	holistic	60	1	1	1.1349177617322526	4.045540085210118
270	conventional	60	2	2	1.0014253937206712	2.21367640271763
271	holistic	60	4	4	1.1142910011215759	3.712519702640987
271	conventional	60	2	2	1.032340843854001	3.2605473871786685
272	holistic	60	2	2	1.0834766900068795	3.1109936939507175
272	conventional	60	0	0	1.0061847837421753	1.9718453316536377
273	holistic	60	1	1	1.1056546797603972	2.954732886621514
273	conventional	60	0	0	1.0206104803051692	2.075938598423518
274	holistic	60	1	1	1.085438976880194	2.4348746701648696
274	conventional	60	0	0	0.9885016093629344	1.9435835149291922
275	holistic	60	2	2	1.0865689597373733	2.319319917359731
275	conventional	60	0	0	1.0062957559730858	1.9702837667094797
276	holistic	60	4	4	1.0512729379696553	2.715450882320581
276	conventional	60	4	4	0.9375766559843306	1.9941562366344527
277	holistic	60	1	1	1.0744582014452224	2.3512815111704968
277	conventional	60	1	1	0.9578803957198043	1.955857726208365
278	holistic	60	0	0	1.1184638271291552	2.9627437956930223
278	conventional	60	4	4	0.9597953141404971	2.181037273249857
279	holistic	60	2	2	1.0546905026501185	2.3690199517817274
279	conventional	60	3	3	0.9082238586558952	1.8366201724987907
280	holistic	60	2	2	1.070580254792035	2.5252910105666593
280	conventional	60	4	4	0.8758421068866225	2.0112876005554514
281	holistic	60	0	0	1.1010791327780245	2.3765633340922765
281	conventional	60	3	3	0.9469782446802556	3.161891969545704
282	holistic	60	0	0	1.0698180829928696	2.1708606560742862
282	conventional	60	2	2	0.8974923854190539	1.9520701507584912
283	holistic	60	0	0	1.0671278138882714	2.0727727486585303
283	conventional	60	2	2	0.8761456938851959	1.9116218244741792
284	holistic	60	2	2	1.033690499256277	2.132895369668407
284	conventional	60	5	5	0.9154185965149686	2.1794284916004205
285	holistic	60	0	0	1.0126725175733133	2.186280652629092
285	conventional	60	5	5	0.8161345730651092	1.8767804939985022
286	holistic	60	0	0	1.0561858041974006	2.2949110095907055
286	conventional	60	6	6	0.9414714770941337	3.130783275301204
287	holistic	60	0	0	1.0416657923683457	2.1559499494470424
287	conventional	60	9	9	0.8586090468852144	3.1534433670492312
288	holistic	60	1	1	1.030286391350001	2.1991986906737973
288	conventional	60	5	5	0.9165167854287553	3.214168620742301
289	holistic	60	0	0	1.0922127978802252	2.9773010373277593
289	conventional	60	2	2	0.9031642536186943	2.165874540680874
290	holistic	60	0	0	1.074550206367942	2.1221775229073865
290	conventional	60	5	5	0.8765368665705436	2.668982302291117
291	holistic	60	0	0	1.0550451594792472	2.013705142151998
291	conventional	60	4	4	0.8970604102780119	2.1813311354904905
292	holistic	60	0	0	1.0560321543905966	1.9642454393095976
292	conventional	60	2	2	1.096089178317191	4.188522701907231
293	holistic	60	0	0	1.0613274759675793	1.9520713876902824
293	conventional	60	1	1	1.0195930872641836	2.5692829775814325
294	holistic	60	0	0	1.063565577800725	1.9010320782937775
294	conventional	60	1	1	0.9715507430834384	2.2266411711981617
295	holistic	60	1	1	1.0536076468701154	1.9250563174721012
295	conventional	60	1	1	0.9765054540697629	1.94871838152895
296	holistic	60	2	2	1.0052696507580974	1.8768039176615576
296	conventional	60	0	0	0.9830722655044141	1.9033141053815585
297	holistic	60	1	1	1.01692661294059	1.8538428494877446
297	conventional	60	0	0	0.995125502685205	2.4747891178131005
298	holistic	60	0	0	1.05303253915641	1.8551082041165778
298	conventional	60	2	2	0.970572386639673	1.9788810759790945
299	holistic	60	0	0	1.049909586445758	1.9201834356368237
299	conventional	60	3	3	0.921758136917196	1.9879211026499763
300	holistic	60	0	0	1.05454002645982	1.9161539177455045
300	conventional	60	2	2	0.9681506519241533	2.166181597841087
301	holistic	60	3	3	1.0295077334719154	1.9123613879861046
301	conventional	60	2	2	0.944697421698365	1.9281637888593466
302	holistic	60	1	1	1.0270431716292523	1.9089011285956512
302	conventional	60	4	4	0.882679130559927	1.8669498016496224
303	holistic	60	0	0	1.020267434842784	1.8594483804337478
303	conventional	60	3	3	0.8680453009525018	2.1766359781375924
304	holistic	60	1	1	1.0142786446761671	1.8373985750476165
304	conventional	60	3	3	1.0210568309043013	7.181506218614045
305	holistic	60	2	2	0.9999754425158515	1.8594621240373608
305	conventional	60	5	5	0.9135327833015346	3.686637835983997
306	holistic	60	2	2	1.0177901522106316	1.8336037602322497
306	conventional	60	6	6	0.9249837442252747	2.915702052645777
307	holistic	60	1	1	1.0615197159788443	2.773518033270877
307	conventional	60	3	3	1.1337862409426611	4.182641741589632
308	holistic	60	2	2	1.0014554971198615	2.278677031892837
308	conventional	60	3	3	1.0787815854822294	2.8743156909614775
309	holistic	60	1	1	0.9971086688627762	1.791633380030827
309	conventional	60	1	1	1.1167454140790734	2.5785031880252354
310	holistic	60	1	1	0.9780983384454033	1.8114088943944557
310	conventional	60	2	2	1.0313370053757296	2.647145780689371
311	holistic	60	4	4	0.9581112619536909	1.7710892020014173
311	conventional	60	1	1	1.0765539869550975	2.8816477745996236
312	holistic	60	1	1	1.1031812338728726	6.7228745386955495
312	conventional	60	3	3	0.9922320212378116	2.747415259640098
313	holistic	60	1	1	1.0259335526059086	3.733708629740011
313	conventional	60	0	0	1.0897983254976482	4.177079861573769
314	holistic	60	3	3	1.0044707500605465	2.7271174878506557
314	conventional	60	5	5	0.9779215531207233	2.533512047237746
315	holistic	60	2	2	0.9691715457934839	2.229338403033919
315	conventional	60	1	1	1.093218840574511	5.15236731056236
316	holistic	60	2	2	0.9581575274142011	2.129221255783435
316	conventional	60	3	3	1.0046602347097233	2.7497866059955998
317	holistic	60	1	1	0.9435465962827989	2.278217759379231
317	conventional	60	5	5	0.9380825241271032	3.218869736680999
318	holistic	60	4	4	0.9533303509360801	2.492180153694122
318	conventional	60	4	4	1.115047279110801	3.963013230612101
319	holistic	60	1	1	1.0308047769759325	4.932485286483059
319	conventional	60	3	3	1.0023833155397337	3.415907122866681
320	holistic	60	4	4	0.94806422797846	2.8557261683474473
320	conventional	60	3	3	0.9499524961321473	2.6946217957736267
321	holistic	60	5	5	0.97126828583021	3.7223913909353965
321	conventional	60	2	2	0.8827052307461881	2.197698252920799
322	holistic	60	1	1	0.9822444994456311	3.2212500811826144
322	conventional	60	2	2	0.9592269726001829	2.446154816149857
323	holistic	60	2	2	1.0051907172873045	2.907041824612891
323	conventional	60	5	5	0.8371275301388651	2.0388038229344967
324	holistic	60	4	4	0.9752089257698187	2.823632017802148
324	conventional	60	2	2	0.9287942854164144	4.181331512989651
325	holistic	60	4	4	0.974290796687725	2.7464117212209738
325	conventional	60	3	3	0.8746014355717876	2.227901919386607
326	holistic	60	1	1	1.0370522336779233	2.8777815969934073
326	conventional	60	3	3	0.8702609617155851	2.0769241897827952
327	holistic	60	5	5	0.986538022712484	2.9303243148066436
327	conventional	60	2	2	0.883705288071848	2.1784605182070473
328	holistic	60	3	3	1.0233804594690752	2.8007937108543337
328	conventional	60	1	1	0.8937055734963578	1.9028414774156965
329	holistic	60	2	2	1.1059896306256638	5.936003702979105
329	conventional	60	2	2	0.9503696183357273	4.176956159816452
330	holistic	60	1	1	1.1402691152292952	3.7297129414150576
330	conventional	60	2	2	0.9236601494206979	2.6772422704745296
331	holistic	60	4	4	1.1362906249132503	3.2276910105076
331	conventional	60	3	3	0.9175731397426002	2.1772995317576513
332	holistic	60	2	2	1.133283721540087	3.396983882106879
332	conventional	60	2	2	1.0027625011539576	2.42653147565839
333	holistic	60	1	1	1.089792645517211	2.9652673592155567
333	conventional	60	1	1	0.9902184312796899	2.176625660488173
334	holistic	60	2	2	1.0532146279195782	2.954481350930226
334	conventional	60	2	2	0.9601508346733882	2.055666656764962
335	holistic	60	2	2	0.9824096008556462	2.9032720559014016
335	conventional	60	1	1	0.9912228863097439	2.2188227729544474
336	holistic	60	1	1	1.0325279994561822	3.016208488098462
336	conventional	60	2	2	0.9725905890544012	2.278959207893092
337	holistic	60	2	2	1.0078712128335485	2.9667143097073234
337	conventional	60	1	1	0.9343012305896069	1.938268064985568
338	holistic	60	2	2	0.9990038730094495	2.994554444105621
338	conventional	60	3	3	0.9045038735509638	1.8923572735401393
339	holistic	60	2	2	1.010961271605921	2.94947652859615
339	conventional	60	0	0	0.9366451110530157	2.146123919077014
340	holistic	60	2	2	1.0141950533288868	2.942338472037608
340	conventional	60	3	3	0.8580370426502583	1.9350777208702952
341	holistic	60	1	1	0.9862481545293336	2.8380802568798935
341	conventional	60	1	1	0.9443317979166725	2.4525790439771185
342	holistic	60	1	1	1.0369128989298755	2.931604210094046
342	conventional	60	3	3	0.9112189279065198	2.122929745194149
343	holistic	60	1	1	0.9848034585304696	2.8940429967085453
343	conventional	60	2	2	0.8914502353437963	1.8616040482778047
344	holistic	60	2	2	1.019096797439855	3.9200373350510462
344	conventional	60	0	0	0.9144287391379248	2.179694514786499
345	holistic	60	0	0	1.0332197140582466	2.915105463244538
345	conventional	60	1	1	0.8765236349990289	1.7543953935291314
346	holistic	60	0	0	1.0463509109294349	3.413301780527502
346	conventional	60	5	5	0.8512530147580887	1.8444738742642635
347	holistic	60	0	0	1.061565390077915	3.6700983420879743
347	conventional	60	6	6	0.8481864626872976	2.1977700046044917
348	holistic	60	1	1	1.0637309031508129	3.118665630547558
348	conventional	60	4	4	0.8657047861883818	3.168348234535026
349	holistic	60	0	0	1.089026693314509	3.1193575199029113
349	conventional	60	5	5	0.9156461078342449	5.164456762846111
350	holistic	60	1	1	1.0600987264889425	2.75174213503788
350	conventional	60	4	4	0.9774372291878737	7.201102131050541
351	holistic	60	0	0	1.0900228813531314	2.6321923542645154
351	conventional	60	7	7	0.9642077228399484	4.6972208929054275
352	holistic	60	0	0	1.092233466126629	2.6927845365489866
352	conventional	60	7	7	0.8790649455698727	3.532609142428585
353	holistic	60	1	1	1.0679325649180602	2.7197252992835765
353	conventional	60	3	3	0.8830804115612187	2.444033058815598
354	holistic	60	0	0	1.1151786514846151	2.6738911665607428
354	conventional	60	3	3	0.933327133199998	4.2058693469145245
355	holistic	60	0	0	1.1077975059083471	2.6299382037578547
355	conventional	60	3	3	0.9361422700743581	3.7116442327645824
356	holistic	60	2	2	1.0798654873857507	2.676239807402347
356	conventional	60	1	1	0.9421804011545585	3.537163376731583
357	holistic	60	0	0	1.1441960473838926	2.633772905645863
357	conventional	60	2	2	0.9580973246020917	3.4559657502234593
358	holistic	60	0	0	1.1283044894545158	2.6780464374586144
358	conventional	60	2	2	0.9303188650394413	3.001322354467423
359	holistic	60	0	0	1.1159406772209328	2.7211163165151535
359	conventional	60	2	2	0.8945464445877594	2.8679649219130496
360	holistic	60	0	0	1.1407048084130398	2.68044370442459
360	conventional	60	3	3	0.9650238350492445	2.7704719497777313
361	holistic	60	0	0	1.1311919155273558	2.621289839248426
361	conventional	60	2	2	0.9094882404165664	2.4486766205567414
362	holistic	60	0	0	1.1344574054003744	2.62933843748911
362	conventional	60	2	2	0.8603104917795429	2.1974317318696674
363	holistic	60	0	0	1.1357802663166099	2.655374327695718
363	conventional	60	5	5	0.8688945013385463	2.0537848872402518
364	holistic	60	1	1	1.1264422437370591	2.5721910512771937
364	conventional	60	3	3	0.8964343591515845	2.18058635758232
365	holistic	60	2	2	1.111715825174263	2.556013885555802
365	conventional	60	6	6	0.9200369123472024	2.195069950726066
366	holistic	60	1	1	1.167088684983901	3.7258062790081916
366	conventional	60	3	3	0.9406975816103398	2.2707398608373683
367	holistic	60	0	0	1.1342940566991853	2.525670014081713
367	conventional	60	5	5	0.8681341218865728	2.184333047779208
368	holistic	60	1	1	1.114991071022738	2.51158010067976
368	conventional	60	4	4	0.9831786022444474	5.177292772348935
369	holistic	60	1	1	1.0809389690351998	2.49811380375013
369	conventional	60	0	0	1.095412130667661	5.179279357574322
370	holistic	60	1	1	1.0558068965388694	2.503822227099807
370	conventional	60	3	3	1.0008209925789004	2.6789622599720184
371	holistic	60	4	4	0.9826256461999695	2.412141068143244
371	conventional	60	1	1	1.0253474042856425	3.1818805591200703
372	holistic	60	2	2	1.0518207169296294	3.8384994196035325
372	conventional	60	4	4	0.8526818249503397	2.3027471074017645
373	holistic	60	1	1	1.1305749681726402	4.340421392333758
373	conventional	60	1	1	0.9962543959575921	3.17516080258439
374	holistic	60	1	1	1.1192946015564864	3.5072186422155642
374	conventional	60	3	3	0.7917789162937268	2.1782212734981465
375	holistic	60	2	2	1.1522642450196408	2.946139362282127
375	conventional	60	6	6	0.8608000645358004	2.177808890708245
376	holistic	60	0	0	1.255739782195562	6.845664546957888
376	conventional	60	1	1	0.978581018159715	3.1304445047043528
377	holistic	60	1	1	1.1930462081012725	4.842961968857339
377	conventional	60	5	5	0.8468895973928466	2.1942476320416056
378	holistic	60	3	3	1.0690211589052485	3.1666097618150104
378	conventional	60	1	1	0.838088801151867	2.177945728588866
379	holistic	60	1	1	1.0415615260198796	3.332143935844222
379	conventional	60	2	2	0.8376945549084256	2.044484153692997
380	holistic	60	3	3	1.0156476766542397	2.8345772494653154
380	conventional	60	6	6	0.79160956295839	1.8653532629562455
381	holistic	60	4	4	1.0284296428687874	3.816698295083506
381	conventional	60	4	4	0.900450706371053	2.676113511386069
382	holistic	60	1	1	0.9784251425788523	2.652217983681175
382	conventional	60	2	2	0.9171782282100469	2.176957085161969
383	holistic	60	2	2	0.9601807004511399	2.625409960734118
383	conventional	60	3	3	0.8194788054178854	1.6768435583200063
384	holistic	60	5	5	0.9454527762100216	2.5361959559252374
384	conventional	60	4	4	0.8587677217279472	2.1858985451492035
385	holistic	60	4	4	0.8955078445331353	2.5460749820414255
385	conventional	60	3	3	0.8880392457593271	2.2431603728824854
386	holistic	60	1	1	0.9611889760923247	2.4965788127102386
386	conventional	60	4	4	0.9340116761409217	2.676616748279338
387	holistic	60	6	6	0.9665703240115476	4.961686128772695
387	conventional	60	3	3	0.8546708003280714	2.509749317223587
388	holistic	60	2	2	1.0142530838399244	2.9629222074633113
388	conventional	60	5	5	0.8124931193710923	2.1303944558539745
389	holistic	60	1	1	1.0775053057848107	7.819642506736416
389	conventional	60	3	3	0.9099884400527054	3.1312416312336797
390	holistic	60	1	1	1.0938486502490057	5.3208766264188965
390	conventional	60	2	2	0.8620157344687527	2.1539622255548556
391	holistic	60	5	5	1.028945993659841	5.806664518417807
391	conventional	60	1	1	0.8890711097584411	2.1977224028840623
392	holistic	60	0	0	1.0186242246980453	4.558316247422011
392	conventional	60	4	4	0.8418913109961629	2.011458017305505
393	holistic	60	2	2	1.1002487703768553	3.804330962944989
393	conventional	60	1	1	0.8102094137589816	1.7791649124526756
394	holistic	60	0	0	1.1671118568874903	5.8339117662766355
394	conventional	60	2	2	0.8440376718735809	1.8257547771178688
395	holistic	60	2	2	1.1011313619014602	3.836060505295211
395	conventional	60	3	3	0.8481265748859816	1.8541918584381336
396	holistic	60	0	0	1.126606632223025	3.674724961793261
396	conventional	60	1	1	0.8654395863841216	2.1785078757193266
397	holistic	60	1	1	1.1563611170330685	3.5739293372389045
397	conventional	60	2	2	0.8736844795439004	1.6778227504508882
398	holistic	60	2	2	1.0929953954894793	3.1971707018834197
398	conventional	60	3	3	0.8591639614317258	1.6152530358384674
399	holistic	60	1	1	1.1333828825637835	3.2513884505097077
399	conventional	60	0	0	0.8805543250408917	1.7251996828119573
400	holistic	60	2	2	1.084182840703852	2.962144082671426
400	conventional	60	4	4	0.9053766976201243	2.694997803284617
401	holistic	60	1	1	1.1024690155295904	3.7972728991681075
401	conventional	60	1	1	0.9678439794834862	2.851773329220066
402	holistic	60	1	1	1.1356529083860119	3.722722022157479
402	conventional	60	2	2	0.9808896457251512	2.4337208030610475
403	holistic	60	1	1	1.1360387694359757	3.6576615662696033
403	conventional	60	1	1	0.9587241964175175	2.1994273806404934
404	holistic	60	2	2	1.1259886424549839	3.476654078121233
404	conventional	60	2	2	0.9547537203168884	2.1869818343932987
405	holistic	60	0	0	1.1126389207522291	3.3758932842456066
405	conventional	60	0	0	0.9392619659330967	2.1457021513279124
406	holistic	60	0	0	1.1139772569416355	3.2330546243077567
406	conventional	60	4	4	0.8646064465252352	2.0758032950477885
407	holistic	60	2	2	1.0942739881415144	3.2639453686919655
407	conventional	60	3	3	0.8236076697658512	2.1594327251364276
408	holistic	60	1	1	1.1358597142334081	3.1912303249350686
408	conventional	60	4	4	0.8539175320337781	2.015470543460666
409	holistic	60	0	0	1.0972832754423294	3.0782252186338623
409	conventional	60	3	3	0.7802485953380438	1.9618099400438682
410	holistic	60	1	1	1.0940857395137906	3.0227868441128063
410	conventional	60	3	3	0.8068480268153299	2.135699856389452
411	holistic	60	0	0	1.0877675716417288	3.0989528482672584
411	conventional	60	7	7	0.7609509359441446	1.87453626896009
412	holistic	60	0	0	1.0970728745740652	3.045131447371467
412	conventional	60	5	5	0.9247518664532478	4.144502824897958
413	holistic	60	1	1	1.0725478882786839	2.9942660979413263
413	conventional	60	2	2	0.917233597406179	3.6395474346661896
414	holistic	60	0	0	1.0884807697859744	2.9481215201398943
414	conventional	60	2	2	0.8581313824684177	2.523383113047501
415	holistic	60	0	0	1.0683804533017123	2.8320242279598267
415	conventional	60	4	4	0.859871201858447	2.1901286511512668
416	holistic	60	2	2	1.0264581191116084	2.7955658243064496
416	conventional	60	3	3	0.8986818725105914	2.3898068528830967
417	holistic	60	0	0	1.0644755821975143	2.968217224214981
417	conventional	60	2	2	0.939956028590219	5.1514470149880145
418	holistic	60	0	0	1.097185585304924	2.961153751837952
418	conventional	60	0	0	0.9313835361335769	4.153685246716753
419	holistic	60	0	0	1.1227918397059355	3.5394672645094
419	conventional	60	1	1	0.9446652114014503	3.1513533061647934
420	holistic	60	0	0	1.1043988053271383	2.9198488655042625
420	conventional	60	0	0	0.9052271361967658	2.901808516558768
421	holistic	60	1	1	1.1057590818052148	2.9173706386963305
421	conventional	60	0	0	0.9093010603359881	2.55063938399726
422	holistic	60	0	0	1.0981786696484195	3.0019834251001587
422	conventional	60	2	2	0.9112640305011415	2.3507537047980396
423	holistic	60	0	0	1.087232244562666	3.024827996750132
423	conventional	60	2	2	0.9172486217721796	3.175549640389072
424	holistic	60	2	2	1.070987492638447	2.9901355943330232
424	conventional	60	2	2	0.8710881361955488	2.438766418374741
425	holistic	60	2	2	1.1509919158633417	4.800074892346056
425	conventional	60	3	3	0.8184025653025065	2.5561530707272393
426	holistic	60	1	1	1.1145997289344989	2.8465870059181473
426	conventional	60	3	3	0.8022095908632635	2.678247698038719
427	holistic	60	0	0	1.1346661919962073	2.8961219214887755
427	conventional	60	3	3	0.9566296119860946	7.127550434488441
428	holistic	60	1	1	1.153471174323262	2.8688846899827345
428	conventional	60	2	2	0.9110918865643334	4.134069863198821
429	holistic	60	0	0	1.1195437343436851	2.8423885989506648
429	conventional	60	1	1	0.8913248243949556	4.130931588482409
430	holistic	60	1	1	1.106004758869844	2.79296227037618
430	conventional	60	5	5	0.837792453425018	3.88466747939015
431	holistic	60	3	3	1.0383992834991582	2.72351971637575
431	conventional	60	4	4	0.8757757054647797	3.2089223395265116
432	holistic	60	3	3	1.070333142692174	2.753628304694784
432	conventional	60	7	7	0.7742324280606935	2.572551785746128
433	holistic	60	1	1	1.3643743554282364	8.85287827082546
433	conventional	60	3	3	0.8686083680509085	4.153025702881544
434	holistic	60	1	1	1.2829585298994277	4.370638705356431
434	conventional	60	0	0	0.9035349553147906	3.160791966277415
435	holistic	60	1	1	1.1831239521236054	3.540864726268697
435	conventional	60	5	5	0.8006656164816778	3.1625062449237165
436	holistic	60	0	0	1.145088507903772	2.7093900316212913
436	conventional	60	2	2	0.789891281752627	4.1733399415890196
437	holistic	60	1	1	1.1335986636134303	2.87422398730086
437	conventional	60	4	4	0.7826140107442507	3.6639642043417813
438	holistic	60	2	2	1.1222413296315854	3.3645659304641806
438	conventional	60	5	5	0.8447197578422736	6.159236814909628
439	holistic	60	0	0	1.2042132869817652	4.796557811153355
439	conventional	60	3	3	0.8164432025284013	3.1812221511152536
440	holistic	60	2	2	1.1696224913638982	2.7885292051120936
440	conventional	60	6	6	0.8505398122514176	2.534289003746828
441	holistic	60	2	2	1.1212962063119705	2.7912176910070237
441	conventional	60	4	4	0.9101554500467618	3.4208219652502745
442	holistic	60	2	2	1.1647412577073966	3.0384358436080836
442	conventional	60	1	1	1.0214545951209597	7.147842095237463
443	holistic	60	1	1	1.150826505362898	3.388865993088657
443	conventional	60	2	2	0.9315831214713406	4.641917132696719
444	holistic	60	4	4	1.0521731183052756	2.6181213949242976
444	conventional	60	3	3	0.9536054203983525	4.151187210163521
445	holistic	60	4	4	0.9803803529813097	2.4630592697617497
445	conventional	60	4	4	0.9204414959717685	3.891016843938525
446	holistic	60	3	3	0.9674029680502074	2.5380833622359735
446	conventional	60	3	3	0.9112525227162465	3.3423852278786415
447	holistic	60	6	6	0.9536957750822057	2.8718513334899995
447	conventional	60	4	4	0.8804686326446095	3.309252271148883
448	holistic	60	2	2	1.0061795607207564	2.910833610253336
448	conventional	60	2	2	0.9118290814151424	3.1791423675847623
449	holistic	60	3	3	1.0524824645290325	3.9348134909341272
449	conventional	60	3	3	0.9464134916482367	2.8977540683239407
450	holistic	60	1	1	1.0261876258294766	3.4272781178129863
450	conventional	60	3	3	0.8885413932876328	2.5890705707541595
451	holistic	60	5	5	0.9486682209663134	2.591027272177183
451	conventional	60	5	5	0.8772666562174165	2.4446956891126765
452	holistic	60	1	1	1.0233920991888987	2.411642856204769
452	conventional	60	1	1	1.0110858615182825	5.177341916618704
453	holistic	60	2	2	0.9702350457775205	2.4330504939490023
453	conventional	60	1	1	0.9446215597239961	2.663473958929996
454	holistic	60	2	2	1.0742128258715762	3.847271041577669
454	conventional	60	2	2	0.9141520180356356	2.456043349437734
455	holistic	60	4	4	1.0142172558118157	2.2935490779442906
455	conventional	60	1	1	0.9573330639720651	3.102595880074858
456	holistic	60	2	2	1.0098031638455593	2.210504348293474
456	conventional	60	0	0	0.9005495989607457	2.280105900185487
457	holistic	60	1	1	1.0768435123147635	3.925877589121546
457	conventional	60	2	2	0.8626723802015278	2.208432717282906
458	holistic	60	4	4	1.0284046201569244	2.9271255686211326
458	conventional	60	3	3	0.8644955932153321	3.1592589051037687
459	holistic	60	2	2	1.0508692342179504	2.678288462394253
459	conventional	60	1	1	0.9187851688631044	2.397554362618509
460	holistic	60	3	3	1.0244952072253095	2.7874692139752364
460	conventional	60	3	3	0.9886990607744166	4.149933311630569
461	holistic	60	2	2	1.1993504442939917	3.8645481127573746
461	conventional	60	1	1	1.0557840282448947	4.114975730300073
462	holistic	60	0	0	1.1513926946441873	3.1896738976874572
462	conventional	60	2	2	0.9800136953905662	3.338572285361356
463	holistic	60	0	0	1.147845755017704	2.855528860712582
463	conventional	60	1	1	0.9318354955325333	2.6395623427578188
464	holistic	60	2	2	1.084989506627598	3.052602331221034
464	conventional	60	1	1	0.8958472782104457	2.4683438004386686
465	holistic	60	0	0	1.161478088636812	2.8538157667703494
465	conventional	60	1	1	0.8905756798453068	2.4219187788533607
466	holistic	60	0	0	1.1162310191156146	2.5683666330235866
466	conventional	60	2	2	0.8841311542907476	2.585753469009857
467	holistic	60	4	4	1.09556516967229	2.479297436470804
467	conventional	60	0	0	0.9192199053876877	3.0940253840485283
468	holistic	60	0	0	1.05210967475013	2.1869992393047113
468	conventional	60	4	4	0.8564282371078181	2.815993479345516
469	holistic	60	0	0	1.1049154869790194	3.817651168475395
469	conventional	60	3	3	0.8662178624792454	2.7961125503878446
470	holistic	60	2	2	1.0692744506353333	2.8198523434586473
470	conventional	60	2	2	0.8697386316773105	2.6866675318531903
471	holistic	60	1	1	1.0906564931546552	2.318572966444152
471	conventional	60	5	5	0.8744322037960051	2.6711616457961895
472	holistic	60	0	0	1.1212135762976068	2.3154567342646195
472	conventional	60	6	6	0.9945834673494578	4.1424018264940266
473	holistic	60	1	1	1.120926527137263	2.3535810042198895
473	conventional	60	1	1	1.1191513037685799	7.121489163096454
474	holistic	60	0	0	1.2011417900868062	2.5951396547132
474	conventional	60	1	1	1.0746068973361989	3.6290773017200855
475	holistic	60	0	0	1.197571895564928	2.4798217237943807
475	conventional	60	1	1	1.0528456078669421	3.2057599994087975
476	holistic	60	1	1	1.175251762923744	2.6192558321307007
476	conventional	60	4	4	0.9422709359423813	2.504418089246504
477	holistic	60	0	0	1.2049749073763523	2.6881255135077575
477	conventional	60	4	4	0.9762681749698388	2.470693640425918
478	holistic	60	0	0	1.186893973129994	2.5917388180418617
478	conventional	60	1	1	1.1414343542096799	4.199693704700242
479	holistic	60	0	0	1.1941415176212902	2.5049524170483988
479	conventional	60	0	0	1.1449083606136672	3.131795556475094
480	holistic	60	0	0	1.1854697352675492	2.3790105322388104
480	conventional	60	1	1	1.0334209175274398	2.473452322465416
481	holistic	60	0	0	1.1917491103811244	2.445820892585512
481	conventional	60	0	0	0.9965388109476	2.511682331916192
482	holistic	60	0	0	1.2044090539234265	2.5505762012001454
482	conventional	60	2	2	0.9606307202111469	2.480860945560315
483	holistic	60	0	0	1.1920144024384756	2.479927307836777
483	conventional	60	2	2	0.9551771419059142	2.430065597596737
484	holistic	60	2	2	1.1519483821039505	2.374762580928248
484	conventional	60	3	3	0.9608946176071791	2.3829273934917063
485	holistic	60	2	2	1.1114406188863046	2.3932411646124745
485	conventional	60	3	3	0.926747682639321	2.3781191510202926
486	holistic	60	1	1	1.1319759364294206	3.783389439509348
486	conventional	60	3	3	0.9098374175788754	2.3736113782803145
487	holistic	60	0	0	1.1491578675342222	2.390056339976867
487	conventional	60	3	3	0.9665125598596597	2.389892595548048
488	holistic	60	1	1	1.1504494174528497	2.4748029185276263
488	conventional	60	2	2	0.9346873459872248	2.3269277074886463
489	holistic	60	0	0	1.1784904639483262	2.6769654480063068
489	conventional	60	1	1	0.9756050282188288	2.266898595014692
490	holistic	60	1	1	1.1365342414094328	2.466288146853122
490	conventional	60	3	3	0.9526256343977407	2.227294520486858
491	holistic	60	3	3	1.1046128513954536	2.4786310412104466
491	conventional	60	0	0	1.0422817551739096	4.13954108324136
492	holistic	60	3	3	1.0797222355776406	2.429275724571959
492	conventional	60	2	2	0.9608515130075593	2.1892047046121896
493	holistic	60	2	2	1.2131316253302695	3.8204257883055197
493	conventional	60	4	4	0.9385020999872243	2.1891139882642956
494	holistic	60	2	2	1.1999336508585936	2.874725926716145
494	conventional	60	1	1	0.9190568579480836	2.153848239350428
495	holistic	60	1	1	1.1966013316955886	2.7923624702806458
495	conventional	60	4	4	0.8858379289403484	2.1545954273889083
496	holistic	60	0	0	1.1485089309163543	2.432536182148839
496	conventional	60	2	2	0.8596886100877233	2.1043610255874703
497	holistic	60	1	1	1.1694438109690501	2.504426538377468
497	conventional	60	5	5	0.8593841541377342	1.6187128088646614
498	holistic	60	2	2	1.1265772614435234	2.3401125974017694
498	conventional	60	4	4	1.0310062128552269	7.159577371167542
499	holistic	60	0	0	1.1143615054250735	2.303077858346418
499	conventional	60	3	3	0.9506462602673142	3.173924330413254
500	holistic	60	1	1	1.131445959634029	2.7986493499203653
500	conventional	60	2	2	1.009138695869991	3.1275801485153645
501	holistic	60	2	2	1.0575705515679759	2.3052713625704437
501	conventional	60	3	3	0.9749160150827095	2.1742291816291512
502	holistic	60	0	0	1.1708048028386058	3.9648951338172322
502	conventional	60	0	0	0.9810010266915618	1.9735232789729715
503	holistic	60	0	0	1.130375429027557	2.2610588924078012
503	conventional	60	2	2	0.9487653216477218	1.8358823317699082
504	holistic	60	3	3	1.058964087347157	2.2297978197621138
504	conventional	60	1	1	0.9342589543692369	2.0270648898873302
505	holistic	60	1	1	1.1423513934350844	2.7594884382104814
505	conventional	60	2	2	0.9491138838153806	1.7954138607860894
506	holistic	60	0	0	1.209183175946906	6.7835307258395545
506	conventional	60	1	1	0.9744990110322084	1.7138960422936138
507	holistic	60	4	4	1.0999720985022505	4.305779599109432
507	conventional	60	3	3	0.9667401584782723	1.8696544209944008
508	holistic	60	1	1	1.0627327027972036	4.467354779578865
508	conventional	60	2	2	0.9503921555851598	1.9407018034521204
509	holistic	60	2	2	0.9940144754873905	3.5489804608633064
509	conventional	60	3	3	0.9979272173231164	3.1540486234435137
510	holistic	60	0	0	1.0462728440923992	4.002506739417953
510	conventional	60	2	2	0.957149944870172	2.054642928988753
511	holistic	60	4	4	0.9715984470549579	3.6400737001679198
511	conventional	60	3	3	1.012674666937609	3.4872596458813376
512	holistic	60	1	1	1.0182789766402705	3.23665476794774
512	conventional	60	4	4	0.9867440796451739	2.657749000101469
513	holistic	60	3	3	0.9997546506756995	2.934499077941494
513	conventional	60	1	1	1.2399789696303636	10.191365884400446
514	holistic	60	2	2	1.0717144230333073	3.732162213094935
514	conventional	60	1	1	1.1479408446502115	5.682178930894894
515	holistic	60	4	4	1.047153420446763	3.733808647836845
515	conventional	60	0	0	1.1722121617658898	4.519767935384921
516	holistic	60	1	1	1.082735957355749	3.7707141544866296
516	conventional	60	1	1	1.1338287158244627	3.7576619244098155
517	holistic	60	1	1	1.057732164181377	3.0651818358359706
517	conventional	60	3	3	1.0571238910213685	3.6574434871351222
518	holistic	60	3	3	1.0275103373508894	2.980334186884848
518	conventional	60	2	2	1.1301098518650257	4.206786679479564
519	holistic	60	2	2	1.0628488714588735	2.930566563610504
519	conventional	60	1	1	1.119054518644927	3.7055608396292166
520	holistic	60	5	5	0.9962810320815634	2.564953858650014
520	conventional	60	1	1	1.1309406631033998	2.867788625532638
521	holistic	60	3	3	1.1116360995968961	4.894940279733635
521	conventional	60	1	1	1.0791860931007042	2.953262131815763
522	holistic	60	0	0	1.205339653006032	3.8960295742448148
522	conventional	60	1	1	1.081243391759257	2.6419946688566656
523	holistic	60	1	1	1.1979676170860878	3.557869783035333
523	conventional	60	0	0	1.1018719883609256	2.209287192165446
524	holistic	60	1	1	1.22749982206975	3.140291101205324
524	conventional	60	0	0	1.116202177659747	2.343992542860061
525	holistic	60	0	0	1.2128717776675149	3.4898795591701424
525	conventional	60	0	0	1.1019043750617832	2.2825371281319677
526	holistic	60	0	0	1.177536379777082	3.2205515942499834
526	conventional	60	2	2	1.0640383856754458	2.2882832646046003
527	holistic	60	3	3	1.1650623166595087	3.031208966893388
527	conventional	60	0	0	1.1653406758023095	4.130854823197269
528	holistic	60	0	0	1.2021708768749246	3.5117335357346797
528	conventional	60	2	2	1.108662473071255	3.6246597256925135
529	holistic	60	1	1	1.1608025287743158	3.222955640518768
529	conventional	60	4	4	1.051747213435567	3.7974878741542617
530	holistic	60	2	2	1.1650569823076256	3.3882672024602742
530	conventional	60	3	3	1.0451839433503396	3.6271997844332087
531	holistic	60	1	1	1.2169040900105441	3.4350360692899558
531	conventional	60	2	2	1.192732485643942	4.186931477415124
532	holistic	60	0	0	1.2132765663669318	3.38968256397642
532	conventional	60	4	4	1.1007838004764208	4.186512113380612
533	holistic	60	1	1	1.2208853985145425	3.8104049939381337
533	conventional	60	3	3	1.1143599858945403	3.8557678910524786
534	holistic	60	0	0	1.2140739601421435	3.4623092744827058
534	conventional	60	2	2	1.1365054222347366	3.621564391315972
535	holistic	60	0	0	1.1609053154351026	3.490167560012499
535	conventional	60	1	1	1.155373058094441	3.231847028474028
536	holistic	60	1	1	1.110568919097386	3.390354179012084
536	conventional	60	2	2	1.106569051657197	2.922118583646185
537	holistic	60	0	0	1.175461054089839	3.8636916441916287
537	conventional	60	3	3	1.0597554664523765	2.667314897792833
538	holistic	60	0	0	1.128375951315811	3.446105563019115
538	conventional	60	2	2	1.0887765549514372	4.1548192686388665
539	holistic	60	0	0	1.1262650226328998	3.2589741284557614
539	conventional	60	0	0	1.0718317433379816	2.6551329183400023
540	holistic	60	0	0	1.138320744846132	3.6405041895955614
540	conventional	60	2	2	1.0190638238200656	2.4796676884073476
541	holistic	60	0	0	1.1180226217939526	3.6525109979965698
541	conventional	60	4	4	0.9552702542213448	2.4640449483423428
542	holistic	60	0	0	1.114517130701209	3.7991694628642168
542	conventional	60	0	0	1.0218348383480538	2.423453212807613
543	holistic	60	0	0	1.1103961230099066	3.6730394411039766
543	conventional	60	1	1	1.0147629999266232	3.3274583286436754
544	holistic	60	1	1	1.0904512369809423	3.5979037882539195
544	conventional	60	2	2	0.9916129534234058	3.1629403853156526
545	holistic	60	1	1	1.0814819408461118	3.5704066813764843
545	conventional	60	2	2	1.0119666816284691	3.4151195674128703
546	holistic	60	1	1	1.0675532698891828	3.5444666157690556
546	conventional	60	3	3	0.9720618278676061	3.051255235510506
547	holistic	60	0	0	1.1522043787078973	3.4457380219056497
547	conventional	60	4	4	1.027743834496522	2.9623533285243937
548	holistic	60	1	1	1.1253937969694903	3.426025804856591
548	conventional	60	2	2	1.03893695620862	3.156696561928773
549	holistic	60	1	1	1.141113127655907	3.407924277001954
549	conventional	60	4	4	0.9781933729488429	2.667018033637202
550	holistic	60	0	0	1.193580612682045	3.390887570679148
550	conventional	60	3	3	0.9558819693595263	2.861240527785321
551	holistic	60	2	2	1.115435647276662	3.375101363131054
551	conventional	60	2	2	0.9614748592606032	2.9528339948233557
552	holistic	60	2	2	1.230806284287498	4.870664921342573
552	conventional	60	2	2	0.9643254680964806	2.9021803723633464
553	holistic	60	1	1	1.1855020672806547	3.8710890452746067
553	conventional	60	6	6	0.8885056886353567	2.666198396556588
554	holistic	60	2	2	1.0895419535670072	3.157171348783894
554	conventional	60	4	4	0.913449903633424	3.0598877170761947
555	holistic	60	1	1	1.077056815713647	3.178312941840465
555	conventional	60	2	2	1.040009686543807	5.1398042561947275
556	holistic	60	0	0	1.0685436419453456	3.1983263194103975
556	conventional	60	2	2	0.993081872386017	2.8628221469761357
557	holistic	60	2	2	1.0553925985980708	3.270837512108903
557	conventional	60	3	3	0.9560175376176668	3.141781539186789
558	holistic	60	3	3	1.0898736901086423	3.785855408811746
558	conventional	60	4	4	0.9110751584490726	2.409993522110446
559	holistic	60	0	0	1.0991063564435557	3.2261267154619637
559	conventional	60	5	5	0.9325684855434919	4.130721157588765
560	holistic	60	1	1	1.1331340473089215	3.167829378463206
560	conventional	60	3	3	0.9832388774303619	3.34190640794463
561	holistic	60	2	2	1.1449735903375733	3.5066917058241964
561	conventional	60	6	6	1.0178957772103447	3.946980786610016
562	holistic	60	0	0	1.111704280800093	3.55783008521328
562	conventional	60	2	2	1.0779904848962967	3.5293179714571488
563	holistic	60	0	0	1.1266351627101823	3.125114096723866
563	conventional	60	0	0	1.0744834240588874	3.5939772423239433
564	holistic	60	2	2	1.0854470142266937	3.120030300264831
564	conventional	60	1	1	1.0331460952285754	3.4618712974918537
565	holistic	60	2	2	1.0951243744566255	3.137342907102234
565	conventional	60	2	2	1.0091124234895705	3.46831040920569
566	holistic	60	0	0	1.0812178970092903	3.175313723236532
566	conventional	60	2	2	1.0194489168359222	3.3428939850398485
567	holistic	60	3	3	1.0021373970901934	3.1483550302874432
567	conventional	60	0	0	1.0031188841039496	3.0474066603516783
568	holistic	60	1	1	0.9738097751364698	3.122138987180628
568	conventional	60	4	4	0.947701181364342	2.7846049047310344
569	holistic	60	2	2	1.0154660345139248	3.1377886692873664
569	conventional	60	1	1	0.9884625735166284	2.685844936637522
570	holistic	60	0	0	1.0604800455009784	3.0727738596042036
570	conventional	60	1	1	1.0126718034570537	2.7739968266074038
571	holistic	60	3	3	1.0207663912714304	3.0691969578665668
571	conventional	60	1	1	0.9932040020379157	2.85200272110962
572	holistic	60	2	2	1.0326576012141815	3.007998631853909
572	conventional	60	5	5	0.9495562578600119	2.8171197422915193
573	holistic	60	2	2	1.0588658232964934	3.0058397040650515
573	conventional	60	2	2	0.9966712978388127	3.149608842865936
574	holistic	60	2	2	1.0144914535248664	2.966514070293521
574	conventional	60	2	2	0.9680468639861386	2.7577440128401647
575	holistic	60	5	5	1.0493505687730225	4.921968387623517
575	conventional	60	0	0	1.0012507443936003	2.596475285940768
576	holistic	60	0	0	1.106331652182366	4.4159067749687075
576	conventional	60	1	1	0.9836445351584551	2.577964114347623
577	holistic	60	1	1	1.136389922728326	3.9280880442126276
577	conventional	60	3	3	0.9467569240624165	2.603538145855014
578	holistic	60	4	4	1.0815106544431425	3.67439306156541
578	conventional	60	2	2	0.9228338482987178	2.6669939864030825
579	holistic	60	1	1	1.0439060056857334	3.521432263696808
579	conventional	60	1	1	0.9424228901484988	2.6077338961903247
580	holistic	60	5	5	0.9923549782321144	3.2633381985231407
580	conventional	60	0	0	0.9894887157386992	2.6659506162465982
581	holistic	60	2	2	1.0388173695379381	5.696719084356529
581	conventional	60	1	1	0.9906163168549301	2.902374239573976
582	holistic	60	2	2	1.0866116696915387	4.704797363086066
582	conventional	60	3	3	0.9943661898583106	2.965533928965001
583	holistic	60	1	1	1.1155473541051961	3.7366409195807897
583	conventional	60	1	1	0.9971677179837587	2.8007794363824328
584	holistic	60	4	4	1.0517843691977165	2.922912891288958
584	conventional	60	1	1	0.989745196798389	2.771862334989144
585	holistic	60	1	1	1.051229639198009	2.9556910511214514
585	conventional	60	2	2	0.9699253798539487	2.706232655267717
586	holistic	60	0	0	1.0937964330587064	2.8978112774564715
586	conventional	60	4	4	0.9309263076659273	2.7254785105471604
587	holistic	60	3	3	1.0350348187862273	2.9252462063735587
587	conventional	60	4	4	1.0284795578913895	3.170480609583091
588	holistic	60	1	1	1.0351945600424182	2.9197706772885152
588	conventional	60	0	0	1.0793155648140265	2.670801243708185
589	holistic	60	2	2	1.0536996966462284	2.9438154291162575
589	conventional	60	2	2	1.0483620776024947	2.526339536178497
590	holistic	60	2	2	1.016044076066739	2.9999434470353443
590	conventional	60	3	3	1.0048881633095947	2.7231482700078073
591	holistic	60	1	1	1.0348759199105844	2.902878525989478
591	conventional	60	5	5	0.9443248133340719	2.738769794223315
592	holistic	60	2	2	1.0224237496640587	2.8110087541125623
592	conventional	60	4	4	0.960919950307569	2.7210285725999257
593	holistic	60	1	1	1.035873719885489	2.779876757785285
593	conventional	60	4	4	0.9062700375543176	2.708016548685089
594	holistic	60	0	0	1.033766130245638	2.7778721256558883
594	conventional	60	3	3	0.9209958430030475	2.6315414703852245
595	holistic	60	0	0	1.050703524845576	2.749389349667768
595	conventional	60	1	1	0.9570134638807205	2.5601239833609695
596	holistic	60	2	2	1.0592093170594428	2.9531645050624653
596	conventional	60	0	0	0.9712711814160148	2.549720133456736
597	holistic	60	1	1	1.0418346608062063	2.896817841812439
597	conventional	60	3	3	0.9552398433792721	2.5919157854879495
598	holistic	60	1	1	1.1056280634034088	2.9415487880003663
598	conventional	60	2	2	1.0197542470380232	2.5609352528702236
599	holistic	60	0	0	1.1629342058969747	2.8639493915482253
599	conventional	60	1	1	1.02498922111115	2.5966263613326084
