season	population	alive	births	deaths	mean_lifetime_score	best_lifetime_score
0	holistic	60	1	1	0.042795801468149125	2.7636252618614456
0	conventional	60	1	1	0.323983782213527	3.472076613658427
1	holistic	60	1	1	0.051377566164426104	1.2567887281343693
1	conventional	60	0	0	0.24711117319625356	2.187533838625539
2	holistic	60	2	2	0.057629582983594885	1.090500861814516
2	conventional	60	5	5	0.26807087471684526	1.941127815600959
3	holistic	60	1	1	0.07435317301961823	1.2578115801545393
3	conventional	60	4	4	0.34652140626848354	1.7507968282863489
4	holistic	60	1	1	0.053676473104184684	0.954856448098014
4	conventional	60	4	4	0.35919014955105405	1.6258572997749217
5	holistic	60	2	2	0.06141304714827167	0.7536304359768181
5	conventional	60	6	6	0.4673794531249321	2.6269605711672535
6	holistic	60	2	2	0.06517805844904595	1.307892977503147
6	conventional	60	5	5	0.438270269889568	2.6680347182537836
7	holistic	60	4	4	0.07475111856693517	1.128980337340269
7	conventional	60	10	10	0.5138261275717194	3.4881411931442754
8	holistic	60	2	2	0.1153397889584635	1.4511427391559681
8	conventional	60	4	4	0.6881031909460038	3.3405984756618787
9	holistic	58	2	4	0.11698266890738526	0.9543550309884585
9	conventional	60	4	4	0.6576140480651003	3.1487299390016923
10	holistic	59	3	2	0.10122877031766836	0.9953058931628485
10	conventional	60	5	5	0.5506568865830954	2.4866982768943453
11	holistic	23	3	39	0.26059268014752496	1.2528681547886285
11	conventional	60	5	5	0.6108353863813325	5.536060752934748
12	holistic	25	3	1	0.29471014922229144	0.9762627443898656
12	conventional	60	3	3	0.5398797522395914	2.5349440690797422
13	holistic	27	3	1	0.25811059511012135	1.233184984916752
13	conventional	60	9	9	0.5375389728441575	2.058897763776906
14	holistic	25	4	6	0.46032220461715867	3.8271267737523096
14	conventional	60	8	8	0.5245791703584327	2.600911527152754
15	holistic	28	4	1	0.53132403590012	3.8530119634182642
15	conventional	60	0	0	0.653162985591061	1.50584324323838
16	holistic	31	5	2	0.4886237605024632	3.3658022085702575
16	conventional	60	5	5	0.6504679424947626	2.185820987850937
17	holistic	37	7	1	0.4538922371134385	2.584616828038037
17	conventional	60	5	5	0.5752871248550087	1.4808484590370525
18	holistic	39	6	4	0.4817490372806557	2.6214125879386456
18	conventional	60	3	3	0.6539352584645556	2.8070031154348447
19	holistic	43	8	4	0.4662221776036729	2.4725927282288884
19	conventional	60	6	6	0.6669258152214942	2.504936440540875
20	holistic	47	6	2	0.35645856172020857	2.039603984190156
20	conventional	60	2	2	0.7426313155051505	2.4884936879294184
21	holistic	53	8	2	0.3711665957358117	1.7307643985885233
21	conventional	60	4	4	0.6855548636119181	2.486637468510255
22	holistic	56	9	6	0.412343414143343	2.900250088484118
22	conventional	60	6	6	0.6098765069780919	2.432029588020413
23	holistic	60	8	4	0.37054051170561386	2.0809547482822683
23	conventional	60	4	4	0.5888162270566444	2.485724671018945
24	holistic	60	6	6	0.5058063441321832	2.4858115470890993
24	conventional	60	7	7	0.602167682423418	2.685906318840485
25	holistic	60	6	6	0.4066641347220834	2.339049181040682
25	conventional	60	5	5	0.59140014048708	2.986135866256839
26	holistic	60	4	4	0.4364538375701939	2.567466841839993
26	conventional	60	6	6	0.6162654457881079	2.4863840483414075
27	holistic	60	8	8	0.5583333698565693	2.6534055786584414
27	conventional	60	1	1	0.7193213863549422	2.600111019458375
28	holistic	60	6	6	0.5643842640993574	1.9634801774625277
28	conventional	60	2	2	0.8001774692082849	2.265245018563854
29	holistic	60	3	3	0.5767800332551276	1.894103227211756
29	conventional	60	0	0	0.8799727141101941	2.542404569919096
30	holistic	60	3	3	0.634288854250086	1.9069087788736263
30	conventional	60	2	2	0.8733407405938594	3.027656870034146
31	holistic	60	2	2	0.6134481962657558	2.340618048971398
31	conventional	60	0	0	0.8148918035758722	2.1850945000542006
32	holistic	60	3	3	0.6189271273994214	2.1744333971837784
32	conventional	60	2	2	0.8240842425581473	2.3417542478108895
33	holistic	60	2	2	0.628524260052373	1.5854846682223651
33	conventional	60	2	2	0.8610825662959875	2.520247171552282
34	holistic	60	2	2	0.6093748345181554	1.2914829875039837
34	conventional	60	1	1	0.8388891861995705	2.1883111029443563
35	holistic	60	2	2	0.6026729466927356	1.5157883791785027
35	conventional	60	2	2	0.8984964081619446	2.3832802281261904
36	holistic	60	4	4	0.6092330932022215	1.4506876664800736
36	conventional	60	0	0	0.8739459200262247	1.9033918368102545
37	holistic	60	3	3	0.6786502857378736	2.88495099279277
37	conventional	60	1	1	0.9017681185712083	2.8303502205443465
38	holistic	60	3	3	0.6424493392608894	1.5644652423090468
38	conventional	60	0	0	0.8549169766727279	1.6720531169803612
39	holistic	60	1	1	0.6264107681489016	1.928115185639637
39	conventional	60	0	0	0.8699509582581617	1.7065475993957286
40	holistic	60	2	2	0.6730085700402935	2.3729570710543486
40	conventional	60	1	1	0.8525352977947189	1.7536538008838232
41	holistic	60	2	2	0.696975355086744	2.2031855919839054
41	conventional	60	2	2	0.8372427811021942	1.59603006866073
42	holistic	60	2	2	0.6624956320154602	2.359835479064351
42	conventional	60	0	0	0.8177926153164434	1.7282450693633031
43	holistic	60	1	1	0.6708421563280046	1.8669282358775263
43	conventional	60	2	2	0.8134606133062897	1.5811387666802577
44	holistic	60	3	3	0.6778183665240097	1.7033339844540698
44	conventional	60	1	1	0.8955933289054723	3.508987251790517
45	holistic	60	1	1	0.6732448856529054	1.4428811221749824
45	conventional	60	1	1	0.8410315306790667	2.5073534781864444
46	holistic	60	1	1	0.7342418454028136	1.4539908414816585
46	conventional	60	1	1	0.862021819449819	3.178105186392154
47	holistic	60	1	1	0.7310461227258781	1.8168638098470788
47	conventional	60	2	2	0.8367279814517221	2.242661030105772
48	holistic	60	0	0	0.8056046873035319	2.788448185193595
48	conventional	60	1	1	0.8405380675917049	1.7338609640229252
49	holistic	60	0	0	0.7953533721550803	2.2905086260095637
49	conventional	60	1	1	0.8230500939807462	2.043839694047015
50	holistic	60	0	0	0.7874029182768496	2.121457517242428
50	conventional	60	0	0	0.8774859462374537	1.9289214823519345
51	holistic	60	1	1	0.7653311331251664	1.908852145023814
51	conventional	60	1	1	0.8632570378382268	2.041438341600174
52	holistic	60	0	0	0.7475389090625025	1.6048964663397975
52	conventional	60	0	0	0.8290345958226908	1.9776257288429442
53	holistic	60	0	0	0.7468406024937059	1.4592966384125317
53	conventional	60	0	0	0.8595409949596252	2.07943087082773
54	holistic	60	0	0	0.7400342665508436	1.5213592056506902
54	conventional	60	0	0	0.8768041743861736	2.134465311123393
55	holistic	60	2	2	0.7302820343560906	1.4872874960932294
55	conventional	60	0	0	0.8599659951144193	2.036527510776422
56	holistic	60	0	0	0.7215233404159161	1.5631290694469808
56	conventional	60	1	1	0.8648458744987821	2.053600580424609
57	holistic	60	1	1	0.7335986853207274	1.549663568631851
57	conventional	60	0	0	0.8857647414555816	2.000301229956488
58	holistic	60	0	0	0.7222535156597311	1.5031575726189135
58	conventional	60	0	0	0.8672152332396457	1.9175037953552683
59	holistic	60	0	0	0.7154828876003037	1.56762143864074
59	conventional	60	3	3	0.8394828688255855	1.840181826611339
60	holistic	60	2	2	0.7156864954983323	1.6269334786544605
60	conventional	60	1	1	0.8599856974224067	1.7675698476340451
61	holistic	60	1	1	0.6874145693697575	1.5984567442708524
61	conventional	60	0	0	0.8727929355721886	1.7587265370094727
62	holistic	60	1	1	0.7262371268727577	1.6516671452336862
62	conventional	60	1	1	0.8683955831157305	1.7669927608672835
63	holistic	60	1	1	0.7344113015599906	1.5864017204333865
63	conventional	60	0	0	0.8685543160960306	1.8120695002448481
64	holistic	60	1	1	0.7171875077080592	1.5253118433710844
64	conventional	60	1	1	0.8530761121266296	1.7398238942384987
65	holistic	60	0	0	0.7113825056332793	1.538726588856691
65	conventional	60	2	2	0.8344934718409661	1.7064915903725377
66	holistic	60	0	0	0.7162768682544517	1.5455423417089527
66	conventional	60	3	3	0.7811976317074276	1.9837217543266747
67	holistic	60	1	1	0.6923390713797616	1.5523979509902297
67	conventional	60	7	7	0.7877433186145537	2.5167520390649534
68	holistic	60	0	0	0.6859496696312452	1.5013385857091832
68	conventional	60	1	1	0.8243094675471776	2.4383429390699067
69	holistic	60	0	0	0.6890532481660958	1.5639303523434733
69	conventional	60	3	3	0.8428273641605583	1.9609459873180997
70	holistic	60	1	1	0.6851851497384323	1.5962526556914818
70	conventional	60	1	1	0.8493562966404906	2.7781281109841
71	holistic	60	0	0	0.7211515682667341	1.903716098118848
71	conventional	60	3	3	0.8654358791416622	2.9286228562144254
72	holistic	60	3	3	0.6907326185547061	1.5334338830388279
72	conventional	60	2	2	0.8706529389072675	2.691531908181919
73	holistic	60	2	2	0.6896835297188819	2.795928807043447
73	conventional	60	5	5	0.7990124839745595	2.5253341828759313
74	holistic	60	2	2	0.6858045085667972	2.290311092570189
74	conventional	60	5	5	0.8198901699304924	2.401274478034732
75	holistic	60	2	2	0.7205803381606516	2.124931715836064
75	conventional	60	0	0	0.8121784659012781	2.0822926760426204
76	holistic	60	1	1	0.7053890465996401	2.489291874711173
76	conventional	60	3	3	0.7654273287961967	1.9262363406641612
77	holistic	60	3	3	0.7207099830046633	2.3240870643926033
77	conventional	60	3	3	0.7719359973536786	2.0712107615066917
78	holistic	60	2	2	0.7172899136492555	1.8241353458328358
78	conventional	60	3	3	0.7348998565225344	2.5805027468113257
79	holistic	60	5	5	0.6716753721066812	1.6504639923933908
79	conventional	60	6	6	0.7377125746375547	1.8331951748301725
80	holistic	60	2	2	0.6718195561686984	1.8516139186514327
80	conventional	60	3	3	0.836120177163545	2.5615333013540886
81	holistic	60	1	1	0.656909301168541	2.334691600417198
81	conventional	60	4	4	0.7878112452718679	1.7262722884046693
82	holistic	60	5	5	0.6270445267195544	1.5340664404712439
82	conventional	60	4	4	0.8559828538168238	3.546675380540544
83	holistic	60	5	5	0.626734519304306	1.8287914040003201
83	conventional	60	0	0	0.8466028815575514	2.58614765001353
84	holistic	60	2	2	0.6053667904910587	1.7194680461879424
84	conventional	60	6	6	0.7804308827944908	2.086410495024461
85	holistic	60	4	4	0.6122723605877964	1.5171485735447867
85	conventional	60	3	3	0.8911513201510376	2.495290937841605
86	holistic	60	4	4	0.6295168453888759	1.8625315905272732
86	conventional	60	3	3	0.8572529062047914	2.4133959106570826
87	holistic	60	8	8	0.6210777227971715	1.5389563049632051
87	conventional	60	1	1	0.803855865513673	1.6916437539736313
88	holistic	60	3	3	0.7076434752402129	3.833793957033383
88	conventional	60	4	4	0.8323405383917155	1.6545583932237264
89	holistic	60	4	4	0.6678071902993453	3.3346418150137396
89	conventional	60	0	0	0.9477187219118576	2.371749394622563
90	holistic	60	1	1	0.7006738272238578	2.83582991788877
90	conventional	60	2	2	0.9396404585479002	3.183397387387163
91	holistic	60	4	4	0.672417961090144	2.084968736083882
91	conventional	60	0	0	0.8868633872123716	2.549456562444461
92	holistic	60	1	1	0.714296909540291	3.7989297028054443
92	conventional	60	2	2	0.890767002067934	2.967499918370704
93	holistic	60	2	2	0.6972740964379394	2.803156200843299
93	conventional	60	3	3	0.8461098442908922	2.41718082060194
94	holistic	60	0	0	0.7123710460176959	2.4683407106290907
94	conventional	60	1	1	0.9184681101289461	2.550440880392345
95	holistic	60	2	2	0.7287934819939393	1.8002608853639332
95	conventional	60	3	3	0.8442317777776055	2.502420230949305
96	holistic	60	3	3	0.7441509749720426	3.8001671555203975
96	conventional	60	2	2	0.8839733383816046	2.091224788821927
97	holistic	60	3	3	0.667804719210401	1.8128711049760793
97	conventional	60	1	1	0.8633341381087675	1.8836685369776436
98	holistic	60	3	3	0.6150376256188086	1.5158135328397704
98	conventional	60	1	1	0.8176304936269931	1.7168895810442049
99	holistic	60	2	2	0.6596089541244804	1.5611753738320584
99	conventional	60	0	0	0.8750927714289986	1.6332087657197378
100	holistic	60	3	3	0.6117385930383938	1.4694832087681933
100	conventional	60	1	1	0.8463018992801478	1.7163453074442288
101	holistic	60	2	2	0.5985845549290201	1.4842731156030962
101	conventional	60	3	3	0.8149790299884037	1.7545421158169887
102	holistic	60	3	3	0.5778280129147342	1.5289256317895616
102	conventional	60	2	2	0.876014304672759	2.420907493885797
103	holistic	60	3	3	0.5717950990363276	1.609516817247851
103	conventional	60	4	4	0.820498550023587	1.9458193489853643
104	holistic	60	4	4	0.6003214505031075	1.8021945319547905
104	conventional	60	1	1	0.807511416216067	1.6535447610805136
105	holistic	60	2	2	0.5763372938196815	1.5665160166288792
105	conventional	60	2	2	0.7948093577554066	1.8041970764498303
106	holistic	60	4	4	0.6627092864719636	2.305414038368105
106	conventional	60	1	1	0.8829081142060443	1.8597331224018576
107	holistic	60	3	3	0.6485965278068122	3.0068796263235233
107	conventional	60	2	2	0.8031556000583452	1.7424764979932093
108	holistic	60	4	4	0.702812631729129	2.9736124570161446
108	conventional	60	2	2	0.8151405543642334	1.7052676787927683
109	holistic	60	1	1	0.6521976389275344	2.5200739226171462
109	conventional	60	2	2	0.7663603123790572	1.6637463905886598
110	holistic	60	2	2	0.6571031103195403	2.8051928999348084
110	conventional	60	0	0	0.8379892917102792	1.7422867277069967
111	holistic	60	3	3	0.6532485094977771	2.6939115002330736
111	conventional	60	3	3	0.8213407445814197	1.8450666538502432
112	holistic	60	3	3	0.692580162600808	2.605215695639447
112	conventional	60	0	0	0.935325018092896	4.268696044277504
113	holistic	60	2	2	0.6444617456615718	2.349733993447516
113	conventional	60	0	0	0.8932341168721113	3.7696928402925307
114	holistic	60	2	2	0.7339644900779583	2.1374101794609675
114	conventional	60	0	0	0.9132685934981747	2.600105004496233
115	holistic	60	1	1	0.672377144539867	1.958203105930795
115	conventional	60	0	0	0.9039585181405096	2.2709330344710206
116	holistic	60	0	0	0.6754575677047451	1.803987152461922
116	conventional	60	1	1	0.8866887499897801	2.0711050597829215
117	holistic	60	3	3	0.6793675557247416	1.93781490139255
117	conventional	60	1	1	0.8827073885746939	1.7716959305811768
118	holistic	60	0	0	0.6973606864400278	1.992421161390412
118	conventional	60	0	0	0.8647885010615055	1.9484552881752102
119	holistic	60	1	1	0.7160424377502655	2.0985546961214405
119	conventional	60	2	2	0.8588938700334275	2.2698713155328853
120	holistic	60	0	0	0.7326480881558648	2.0265570879019883
120	conventional	60	1	1	0.8723511197393194	1.9617427191084984
121	holistic	60	2	2	0.7057043369111835	2.0673767231502977
121	conventional	60	0	0	0.8955255020272935	1.7201121414499603
122	holistic	60	1	1	0.7245316832595	2.0540135844565475
122	conventional	60	0	0	0.8823505385589598	1.8814486605658478
123	holistic	60	2	2	0.6971277717593586	1.946922326224269
123	conventional	60	1	1	0.875316044406716	2.1012754777972757
124	holistic	60	1	1	0.70741748071474	1.9406266261120408
124	conventional	60	1	1	0.9329539171446151	3.4057376601563476
125	holistic	60	1	1	0.7231323352363789	1.891868030455972
125	conventional	60	0	0	0.9168107961453942	2.9094296407699884
126	holistic	60	0	0	0.7581903076186763	1.9297525325200173
126	conventional	60	2	2	0.8819360301439523	2.0700214675988895
127	holistic	60	2	2	0.7497186709931107	1.9648886350547528
127	conventional	60	3	3	0.8342481925888122	1.9583380777096098
128	holistic	60	0	0	0.7842465050659239	1.9199490350853243
128	conventional	60	0	0	0.8253741361623033	1.9910592702556458
129	holistic	60	1	1	0.7871283827082746	1.9155754525092799
129	conventional	60	3	3	0.8408628870803381	1.853337814511275
130	holistic	60	2	2	0.789961621417008	1.911800905789464
130	conventional	60	0	0	0.9137991746555849	3.2705132794104497
131	holistic	60	0	0	0.8402158364351096	3.053534768662838
131	conventional	60	3	3	0.8795583029651584	2.2737747038971414
132	holistic	60	1	1	0.8022855818006601	2.0416782787155645
132	conventional	60	2	2	0.8851360589734679	1.8850521061880947
133	holistic	60	2	2	0.8180704729994444	2.658970623423235
133	conventional	60	1	1	0.9002870195548962	2.8027375444504155
134	holistic	60	3	3	0.8276688097356567	2.700841556690711
134	conventional	60	6	6	0.8178447003381747	2.1512423057809507
135	holistic	60	0	0	0.8613474051412804	3.0382651899334414
135	conventional	60	0	0	1.0229823843753685	3.4109279457285773
136	holistic	60	1	1	0.804456974273722	2.707566475921567
136	conventional	60	4	4	0.989442129084829	5.362519247842299
137	holistic	60	2	2	0.7770313972880827	2.3269995507842176
137	conventional	60	1	1	0.9423212084381565	4.029557212612673
138	holistic	60	3	3	0.7678030414680863	1.9168610749728738
138	conventional	60	0	0	0.9397699694100539	3.1136196463920784
139	holistic	60	3	3	0.7414133025077206	1.8655754918838676
139	conventional	60	3	3	0.8805526285521339	2.763342712576905
140	holistic	60	0	0	0.7478860894788746	1.8900926758221246
140	conventional	60	2	2	0.8779914669934514	2.5284311469099148
141	holistic	60	1	1	0.7398673318762664	1.683636118013752
141	conventional	60	4	4	0.8645256169300242	2.2188218826446824
142	holistic	60	3	3	0.746613465114685	1.9435227728599085
142	conventional	60	4	4	0.7939516598341053	2.5929836435162974
143	holistic	60	3	3	0.7127692463788413	1.6982664070304896
143	conventional	60	2	2	0.7928966718886553	2.3487744178670873
144	holistic	60	2	2	0.6888532169123036	1.674877072945079
144	conventional	60	9	9	0.8200206828325795	1.8816747357004209
145	holistic	60	1	1	0.6974339521610367	1.6789478729357143
145	conventional	60	1	1	0.8922069883337838	1.8611439696836383
146	holistic	60	4	4	0.6781573858731512	1.6576397029097816
146	conventional	60	1	1	1.014561881430406	2.814813034358606
147	holistic	60	6	6	0.591930215791983	1.6134059478897487
147	conventional	60	1	1	1.0299171113023804	3.516672046649509
148	holistic	60	3	3	0.5925299697930159	1.5717989278965545
148	conventional	60	3	3	0.9088364568897699	3.021143656053124
149	holistic	60	4	4	0.5951756588558771	1.5309761600357936
149	conventional	60	1	1	0.9388786323510497	2.255325523993156
150	holistic	60	2	2	0.586338923943931	1.6061879835367407
150	conventional	60	1	1	0.8125448108021985	1.8511840988860169
151	holistic	60	4	4	0.6283550170169918	1.839003462050125
151	conventional	60	1	1	0.8508264894580946	1.7944985136112543
152	holistic	60	1	1	0.5970461952674355	1.527542331044795
152	conventional	60	3	3	0.8640449942637237	1.6635268165608728
153	holistic	60	5	5	0.602152941432119	1.5344218282981652
153	conventional	60	1	1	0.8481402699029988	1.5434739147491099
154	holistic	60	1	1	0.6510287129030322	1.8898964723742266
154	conventional	60	1	1	0.8240910320030781	1.5921487791993396
155	holistic	60	4	4	0.7116712430069628	2.3769217138233993
155	conventional	60	3	3	0.8004994382345398	2.25596062040506
156	holistic	60	2	2	0.684917853597763	1.5490654552243328
156	conventional	60	2	2	0.9044848895082677	7.418103961791896
157	holistic	60	2	2	0.6972575378449072	1.8905594931620655
157	conventional	60	0	0	0.8617124555851831	3.9206785826157273
158	holistic	60	1	1	0.6854410001117099	1.5439486335578703
158	conventional	60	0	0	0.9263210352135512	2.784373929776009
159	holistic	60	2	2	0.6465492037604962	1.5869303995756163
159	conventional	60	0	0	0.8707443130785961	2.195414434639507
160	holistic	60	2	2	0.697445988648483	1.7551531104056444
160	conventional	60	1	1	0.8479731829093754	2.2475967490273745
161	holistic	60	3	3	0.7178200489559322	3.7317633215620303
161	conventional	60	2	2	0.8437803515332204	1.945719444602866
162	holistic	60	2	2	0.705680459182567	2.2511776513241135
162	conventional	60	0	0	0.8377891977866464	1.5866693287450329
163	holistic	60	4	4	0.6380999372534607	1.5343849089819268
163	conventional	60	4	4	0.7475636765518524	1.570468491745928
164	holistic	60	0	0	0.7005512547460025	1.782018329238687
164	conventional	60	2	2	0.8279869876078434	4.2896037338376365
165	holistic	60	1	1	0.6975835448506065	1.7942549365212686
165	conventional	60	4	4	0.7800535351696475	2.787832938706317
166	holistic	60	4	4	0.6438587250996315	1.380977778926565
166	conventional	60	1	1	0.7387368835466592	1.623193083561997
167	holistic	60	2	2	0.6679786910093769	1.335661495262659
167	conventional	60	4	4	0.875783818774167	7.35912320487483
168	holistic	60	1	1	0.7059580458977364	1.9764014110292856
168	conventional	60	2	2	0.861791462042444	3.8546340623148265
169	holistic	60	1	1	0.6826791398621362	1.3641745526055309
169	conventional	60	2	2	0.8071555540727128	2.6866845795793552
170	holistic	60	1	1	0.7015654207927461	1.6844595455743272
170	conventional	60	2	2	0.806135291469603	1.8837265528550642
171	holistic	60	2	2	0.687862341865747	1.389596126632168
171	conventional	60	4	4	0.8289745435240584	1.9375643391858683
172	holistic	60	2	2	0.6440391043775077	1.2496716062709223
172	conventional	60	0	0	0.8586440888549088	2.2817890902004567
173	holistic	60	3	3	0.6488794326741673	1.3741729926489714
173	conventional	60	1	1	0.8703772088494524	2.271171471336476
174	holistic	60	2	2	0.7114662461486426	1.8523348780483846
174	conventional	60	2	2	0.8692518326860231	2.009182861643508
175	holistic	60	1	1	0.7308050721723204	3.856564926844344
175	conventional	60	0	0	0.8235415195294397	1.9380429312092724
176	holistic	60	2	2	0.711643912769405	2.520047741469048
176	conventional	60	3	3	0.8114223410690732	1.8857327365480672
177	holistic	60	1	1	0.7241797781062708	2.4681758633679225
177	conventional	60	1	1	0.8218816660857086	2.0383883715220588
178	holistic	60	2	2	0.7194741541231896	2.4714914129002663
178	conventional	60	0	0	0.8023347039511003	1.8009715118588836
179	holistic	60	0	0	0.7580122128632223	3.140888370133124
179	conventional	60	0	0	0.7972392426882386	1.6035362616759574
180	holistic	60	1	1	0.7390138095048634	2.4764218149504607
180	conventional	60	1	1	0.8002944069355132	1.5137246283578338
181	holistic	60	1	1	0.7511227959497323	2.2752917963122004
181	conventional	60	0	0	0.8444185302970129	2.1625011849297935
182	holistic	60	0	0	0.7460004103622918	2.3411541407506387
182	conventional	60	0	0	0.8577567693639785	1.897868835991401
183	holistic	60	1	1	0.7495483171712708	2.840070833992855
183	conventional	60	1	1	0.8503308216973026	1.7346975802301756
184	holistic	60	2	2	0.7994390138291692	3.6800923505275995
184	conventional	60	0	0	0.9122057050903755	3.58410893302794
185	holistic	60	0	0	0.7959693279338881	2.6990106131846203
185	conventional	60	0	0	0.873814390740388	1.595195683124478
186	holistic	60	0	0	0.7824178947512251	2.46664960407137
186	conventional	60	0	0	0.8494285974389435	1.4032798775626707
187	holistic	60	3	3	0.7616120261348586	2.8397653256802218
187	conventional	60	0	0	0.8512761379399492	1.374672716276201
188	holistic	60	0	0	0.8131150811881073	2.541045836985213
188	conventional	60	0	0	0.8415365823930894	1.4419643649538623
189	holistic	60	0	0	0.7881065092268541	2.478755108823498
189	conventional	60	2	2	0.811757621427054	1.3514487445166812
190	holistic	60	1	1	0.7786215505929942	2.342500562645453
190	conventional	60	0	0	0.8012150453878107	1.3454090876566092
191	holistic	60	0	0	0.7775839128783341	3.2237650926837533
191	conventional	60	2	2	0.8113756317510364	1.759660475434779
192	holistic	60	1	1	0.7706670963033182	3.1947815789548977
192	conventional	60	2	2	0.7863558074446717	1.929776727922306
193	holistic	60	2	2	0.7491659112840703	3.105636813189752
193	conventional	60	0	0	0.8540754220085135	2.461244406187578
194	holistic	60	3	3	0.7189068932750663	2.9634540364659077
194	conventional	60	5	5	0.7365360064788457	1.4615695027986995
195	holistic	60	0	0	0.7555649951942673	2.8959662155829213
195	conventional	60	0	0	0.7775651176420413	2.312479918860965
196	holistic	60	1	1	0.7304928418712512	2.7822356529925445
196	conventional	60	5	5	0.7702732742182742	3.3247316110146263
197	holistic	60	4	4	0.7133050690693515	2.6264049688346005
197	conventional	60	1	1	0.7783349064785269	3.9881518465190333
198	holistic	60	1	1	0.7570034060153505	2.5373524942637173
198	conventional	60	2	2	0.7847424431439002	3.0718083406852044
199	holistic	60	3	3	0.7976947850352266	2.8933830367945834
199	conventional	60	2	2	0.8128443533339997	3.1219520222802664
200	holistic	60	0	0	0.8157012204273466	2.893986629713595
200	conventional	60	0	0	0.7915421661717205	3.1564382193933738
201	holistic	60	2	2	0.8023908140381929	2.3191196679157264
201	conventional	60	4	4	0.782803305371106	3.322424928137519
202	holistic	60	1	1	0.801449728621537	2.2582303017656264
202	conventional	60	1	1	0.7390311863413614	2.9492625796111973
203	holistic	60	3	3	0.8317068896065473	3.5662318833864117
203	conventional	60	4	4	0.7796882228826348	2.7676612509809155
204	holistic	60	2	2	0.8088214537070013	2.265512392899395
204	conventional	60	9	9	0.7929870013302385	7.246038737192011
205	holistic	60	3	3	0.7777121991963463	2.286076579648697
205	conventional	60	0	0	0.8367812593100707	3.384935510710217
206	holistic	60	3	3	0.7464273922042923	2.199113834490994
206	conventional	60	5	5	0.761368680080997	2.656648785288639
207	holistic	60	6	6	0.6954046213023236	2.187190225390826
207	conventional	60	3	3	0.6883117163974558	2.7839524495546417
208	holistic	60	1	1	0.8934172207938645	6.772197216583598
208	conventional	60	3	3	0.7677634290624307	2.6795149076441804
209	holistic	60	3	3	0.8216664569014592	3.283377326674798
209	conventional	60	2	2	0.7893108433183412	2.7217731205489253
210	holistic	60	2	2	0.7683958613818995	2.4449967046388696
210	conventional	60	1	1	0.8859232595042603	2.6965472244735498
211	holistic	60	2	2	0.7934621085115433	2.0850879823473134
211	conventional	60	0	0	0.8670235060136756	2.615037184369823
212	holistic	60	1	1	0.8566257882401529	2.343212059122819
212	conventional	60	2	2	0.8627350719587885	2.5992826129000526
213	holistic	60	5	5	0.7985946854235453	2.18077887574626
213	conventional	60	0	0	0.8946921095844632	3.2606479428344306
214	holistic	60	0	0	0.8454887847557356	2.4162609523507097
214	conventional	60	1	1	0.8739234948386551	2.4224143161646454
215	holistic	60	3	3	0.7823234276385922	2.059690193213193
215	conventional	60	2	2	1.0067514979738907	6.285188010126246
216	holistic	60	2	2	0.765273846970286	2.1068449593175247
216	conventional	60	1	1	0.9705426050998105	5.787393326753617
217	holistic	60	4	4	0.7499495805122323	2.1665476379128834
217	conventional	60	1	1	0.9297625101307533	4.285465740688517
218	holistic	60	1	1	0.7565051396985488	2.3931395605819947
218	conventional	60	2	2	0.860746731430279	3.535412976180661
219	holistic	60	4	4	0.747585516240963	2.277648112524477
219	conventional	60	2	2	0.9426756415000833	3.2860518193047836
220	holistic	60	4	4	0.6997473705797579	2.1070754058958787
220	conventional	60	1	1	0.9433950587422383	2.952445032878687
221	holistic	60	3	3	0.6746246981946835	2.0931649492992195
221	conventional	60	0	0	0.8886878543991947	2.578709381927808
222	holistic	60	2	2	0.760894219752351	2.620231669044321
222	conventional	60	0	0	0.9056722415374543	2.2929522373168996
223	holistic	60	1	1	0.7014427762400934	2.0103997130115063
223	conventional	60	4	4	0.8288596894914576	2.1169519847015263
224	holistic	60	3	3	0.7267981070468499	1.9981210220142223
224	conventional	60	1	1	0.8506102680723336	4.337545686107468
225	holistic	60	5	5	0.7224865891351716	1.8646283982726997
225	conventional	60	2	2	0.8863707421627294	2.8227360719334005
226	holistic	60	3	3	0.7200064655356591	1.94228145574722
226	conventional	60	1	1	0.8693782135996493	2.105092062940142
227	holistic	60	0	0	0.828356558427668	2.4303933913005284
227	conventional	60	5	5	0.8712841363516782	2.5577938715193462
228	holistic	60	2	2	0.7868075040970677	2.242107860437938
228	conventional	60	2	2	0.9587561880575706	3.3076600601725614
229	holistic	60	3	3	0.7486544069119611	2.0033658483739964
229	conventional	60	3	3	0.8857280978561921	2.3031598658119345
230	holistic	60	2	2	0.9143230038091323	4.740933314549835
230	conventional	60	2	2	0.9504807921572299	2.869716148840109
231	holistic	60	0	0	0.8901790071950565	2.752462735367637
231	conventional	60	2	2	0.9008712167226791	2.553141287859681
232	holistic	60	2	2	0.8234391268547525	2.484757264352776
232	conventional	60	1	1	0.8949559239346886	2.416778475488
233	holistic	60	4	4	0.8065785135605757	2.133933154730159
233	conventional	60	1	1	0.8844540873934611	2.1040248507692922
234	holistic	60	1	1	0.7908255693978956	2.401017217634477
234	conventional	60	1	1	0.9004353607282056	2.034463514947412
235	holistic	60	1	1	0.8229599012990568	2.167274298812512
235	conventional	60	1	1	0.9602014158347049	2.390186067621549
236	holistic	60	1	1	0.8038222833453571	1.864785155043806
236	conventional	60	3	3	0.8505752590562425	2.0144198647215243
237	holistic	60	4	4	0.8093084551968904	1.9293613516660035
237	conventional	60	0	0	0.9568041395569111	2.379249552033495
238	holistic	60	2	2	0.8089782647468535	1.7279975072357914
238	conventional	60	1	1	0.9955327424860557	2.1689684250799695
239	holistic	60	2	2	0.8095328235421196	2.1151500657728683
239	conventional	60	0	0	1.0119836987262822	2.6307221943876695
240	holistic	60	0	0	0.8036643017374843	1.9331662984187947
240	conventional	60	2	2	0.978143467489717	2.12797695759187
241	holistic	60	3	3	0.8156183500520633	1.8424987612930983
241	conventional	60	0	0	1.0431024738181771	2.217472670201249
242	holistic	60	1	1	0.8214283462224369	1.8073293076315406
242	conventional	60	0	0	1.0071828602767796	2.0530743884962526
243	holistic	60	2	2	0.8549963001682823	2.4806016794027617
243	conventional	60	0	0	1.001993725879252	2.058985192168457
244	holistic	60	3	3	0.883214794230943	5.481371443907749
244	conventional	60	0	0	1.0245119115134083	2.971660432409288
245	holistic	60	1	1	0.9127470673501153	3.482947930966123
245	conventional	60	0	0	1.0091487162945385	2.421089220718025
246	holistic	60	1	1	0.9028010890824706	2.9863362206555193
246	conventional	60	0	0	0.9898651077811276	2.220227262916286
247	holistic	60	3	3	0.8089303567447441	2.289380717186119
247	conventional	60	0	0	0.9707523257920608	2.173096148597267
248	holistic	60	0	0	0.7826695653672647	2.081674328049274
248	conventional	60	0	0	0.9570807790897589	2.127239610905881
249	holistic	60	1	1	0.829350307663574	2.063776940245777
249	conventional	60	1	1	0.938488291651226	2.0217058424599044
250	holistic	60	0	0	0.8285940176414509	2.1166907249981897
250	conventional	60	1	1	0.9356373158353636	2.105737759414068
251	holistic	60	1	1	0.8211489173790749	1.9337009713395739
251	conventional	60	2	2	0.9247702167605513	2.069546789964134
252	holistic	60	0	0	0.793662137754214	1.7583589499838417
252	conventional	60	2	2	0.9246860711646697	2.390304151601738
253	holistic	60	0	0	0.7793861356458844	1.999863644631513
253	conventional	60	1	1	0.9322736630342863	1.9960552484039022
254	holistic	60	2	2	0.7504662565054848	2.095733874763305
254	conventional	60	2	2	0.8928136718117201	2.5176381498579707
255	holistic	60	0	0	0.7526646551318694	2.124509847261093
255	conventional	60	1	1	0.8941367527862847	2.2659164669290015
256	holistic	60	1	1	0.726254261095674	1.9929562443255455
256	conventional	60	1	1	0.9072978741813197	2.4340407125677546
257	holistic	60	3	3	0.7037185835134141	1.8751966275519816
257	conventional	60	2	2	0.8904976567690722	2.4331221841665034
258	holistic	60	2	2	0.7103429512774181	1.7691596037011228
258	conventional	60	2	2	0.8443975201120886	1.8969168210202472
259	holistic	60	1	1	0.7244784321598207	1.6713404922847728
259	conventional	60	4	4	0.8758521968990086	2.6329295342923533
260	holistic	60	0	0	0.7489467081044736	1.7938443726339746
260	conventional	60	0	0	0.8513876600351075	1.9571985976566335
261	holistic	60	1	1	0.7282625159907974	1.666560279655771
261	conventional	60	2	2	0.8293594925767306	1.7421969461744662
262	holistic	60	3	3	0.7073032513784946	1.626119763860553
262	conventional	60	1	1	0.8593649923592757	1.824931012689595
263	holistic	60	1	1	0.6929915100477265	1.6651743107043944
263	conventional	60	3	3	0.7986774300672507	1.7241610086174763
264	holistic	60	1	1	0.7317236201213956	1.6572799508082174
264	conventional	60	5	5	0.7872419925493402	1.7797848378231966
265	holistic	60	4	4	0.7087793438611744	1.6491698470442149
265	conventional	60	3	3	0.7170863365249094	1.7692497280012254
266	holistic	60	4	4	0.6906975010728532	1.5228051496183297
266	conventional	60	5	5	0.8280240803973969	2.4337890788881626
267	holistic	60	4	4	0.6506338967198708	1.6041817201611899
267	conventional	60	0	0	0.8575273803912926	2.2748946798195666
268	holistic	60	1	1	0.7322908460731136	4.335891348800038
268	conventional	60	2	2	0.8968682299579422	2.318287655536532
269	holistic	60	2	2	0.7229330739799142	2.3339247653350625
269	conventional	60	2	2	0.8636482180011125	1.998748252597845
270	holistic	60	4	4	0.7225212772366	1.91075743084169
270	conventional	60	4	4	0.8612151018916616	1.6733314176125929
271	holistic	60	2	2	0.7211818712819992	1.928336956205904
271	conventional	60	2	2	0.94424724715006	4.327147879872188
272	holistic	60	2	2	0.6843014032918774	1.751019303539635
272	conventional	60	3	3	0.8746819668415362	2.5969952861015555
273	holistic	60	4	4	0.6682275808316017	2.2617262304312273
273	conventional	60	1	1	0.7853777070496836	1.7330764140374197
274	holistic	60	3	3	0.6775986382207706	1.6788696911398684
274	conventional	60	4	4	0.7774353923332986	1.826011964647129
275	holistic	60	3	3	0.6162921580994316	1.4074972381293243
275	conventional	60	4	4	0.8040017427572176	2.3693974001734843
276	holistic	60	1	1	0.6437506154888212	1.6677852662001422
276	conventional	60	0	0	0.8033704036241456	1.8660988788418509
277	holistic	60	6	6	0.655731960299363	2.8444268361551543
277	conventional	60	3	3	0.76826612655752	1.7560890935990963
278	holistic	60	1	1	0.6269977125066358	2.6545731923596576
278	conventional	60	4	4	0.7835394829823945	2.4787832349494794
279	holistic	60	4	4	0.687661432883172	2.6556177852936815
279	conventional	60	4	4	0.9010463980925477	3.34927576590138
280	holistic	60	4	4	0.6359947631615358	2.054718434545262
280	conventional	60	0	0	0.8696306654935619	2.849196314616449
281	holistic	60	3	3	0.6805381322735138	2.679410972244647
281	conventional	60	2	2	0.8344843772918829	2.0097581446326895
282	holistic	60	1	1	0.7257158305285254	3.182836408671577
282	conventional	60	1	1	0.845476198099848	2.079550901308123
283	holistic	60	4	4	0.6887719631949527	2.3496861463131276
283	conventional	60	3	3	0.778595430527054	1.9774580727549982
284	holistic	60	4	4	0.6478903660239383	1.857300406333336
284	conventional	60	2	2	0.805534741489718	1.7643303115786442
285	holistic	60	3	3	0.6023444905291512	1.7884403722948
285	conventional	60	2	2	0.7305489300453313	1.721610255019499
286	holistic	60	3	3	0.6068717657987185	2.042555273976266
286	conventional	60	2	2	0.70302526347344	1.681684685379413
287	holistic	60	1	1	0.688929048796934	2.674606479667965
287	conventional	60	6	6	0.715045496086449	3.4051901956525965
288	holistic	60	2	2	0.6829996176426615	2.2401003101427044
288	conventional	60	4	4	0.8836567134233704	5.4790127136743925
289	holistic	60	5	5	0.6729831349990137	2.8257687615295146
289	conventional	60	3	3	0.8038245066163061	3.491849067253101
290	holistic	60	3	3	0.7821173632795888	3.623865297216364
290	conventional	60	5	5	0.7726435950347013	3.1880678017010937
291	holistic	60	4	4	0.8178900463358687	3.509660318354192
291	conventional	60	2	2	0.7189838254247392	2.188886112992481
292	holistic	60	3	3	0.7748841110775476	3.010286892362016
292	conventional	60	0	0	0.8544495539366044	1.8582158163156486
293	holistic	60	4	4	0.6991350412108391	2.1586159442901245
293	conventional	60	2	2	0.8217776281825161	1.941193290404878
294	holistic	60	5	5	0.6520261876659994	2.101534960076919
294	conventional	60	3	3	0.7845160936026293	2.3913572760514983
295	holistic	60	3	3	0.6538588326761282	2.0487021586404905
295	conventional	60	2	2	0.7740946279703862	2.37062451647964
296	holistic	60	2	2	0.6980205526321548	2.0336833504338645
296	conventional	60	4	4	0.7710795867914274	2.285499124240322
297	holistic	60	4	4	0.709258631791876	2.186862680566564
297	conventional	60	2	2	0.7957810217170185	2.368068489784561
298	holistic	60	2	2	0.7360092735770244	2.103830791035134
298	conventional	60	2	2	0.7903458837815477	1.8580928826524326
299	holistic	60	3	3	0.7835401106989425	2.2763016397808964
299	conventional	60	0	0	0.8252851628112957	2.5231787246955966
300	holistic	60	0	0	0.7439571512961385	2.256344623748365
300	conventional	60	2	2	0.8109254627577124	1.920192624539936
301	holistic	60	3	3	0.7158051379234494	2.1786827706605707
301	conventional	60	0	0	0.8093097904808803	1.7757501008753689
302	holistic	60	1	1	0.7933033280758763	2.1916987436950732
302	conventional	60	1	1	0.8653827616813908	1.730916578509583
303	holistic	60	3	3	0.7639813791901069	2.2036357650151364
303	conventional	60	0	0	0.955055775738191	4.2063810408174644
304	holistic	60	3	3	0.7375331504557022	2.2955404881056385
304	conventional	60	0	0	0.9188509814513518	2.2061534468229067
305	holistic	60	0	0	0.8485611915809916	2.725238374566814
305	conventional	60	0	0	0.9382004498387383	2.2173513229248223
306	holistic	60	1	1	0.8255732725307433	2.7180314992347916
306	conventional	60	0	0	0.9370683791917678	2.000781296546279
307	holistic	60	3	3	0.7915941902953761	2.3039090290085715
307	conventional	60	1	1	0.960074715616029	1.8346020851086786
308	holistic	60	0	0	0.8030655852038446	2.131675554953791
308	conventional	60	1	1	0.9223172175783365	1.6125458784476898
309	holistic	60	0	0	0.8234797941436753	3.196168541749952
309	conventional	60	0	0	0.869844353327077	1.5413447058564964
310	holistic	60	2	2	0.7935523887699824	2.1082178048698195
310	conventional	60	2	2	0.8539569790427832	1.5722907200301643
311	holistic	60	3	3	0.8408585224673654	2.6189214254228577
311	conventional	60	1	1	0.8167575071113541	1.650323204908242
312	holistic	60	0	0	0.8071031647948776	2.69897302852766
312	conventional	60	2	2	0.8274159268063184	1.8557498749915955
313	holistic	60	0	0	0.8487237698949007	2.1949848510682077
313	conventional	60	1	1	0.9150024778739899	3.5200372272759206
314	holistic	60	3	3	0.8344840551476783	2.1235351497067403
314	conventional	60	1	1	0.9105405433657263	2.1049377625981682
315	holistic	60	2	2	0.8739798810382801	2.0704404821624407
315	conventional	60	2	2	0.9108199404685335	2.777450118821135
316	holistic	60	1	1	0.9703261018810334	3.0023225875280106
316	conventional	60	1	1	0.9114870064599752	2.2782117002849724
317	holistic	60	1	1	0.9056291252540396	2.6377752247889723
317	conventional	60	2	2	0.8965388259387531	2.27797870581018
318	holistic	60	2	2	0.8790664457804387	2.375325276317049
318	conventional	60	3	3	0.923834794228932	2.438581873021969
319	holistic	60	1	1	0.9280977427788785	2.112038674225445
319	conventional	60	2	2	0.9075528626022665	1.9142041194904758
320	holistic	60	0	0	0.8902727076972605	2.0029343099893504
320	conventional	60	0	0	0.8738191273619887	1.9585605113359374
321	holistic	60	2	2	0.8798973570795489	2.052146829142873
321	conventional	60	2	2	0.863273014442125	1.903716186780252
322	holistic	60	1	1	0.9106297491433597	2.0812803836437515
322	conventional	60	1	1	0.8400431538796208	1.6916874355664913
323	holistic	60	1	1	0.9162516037229549	2.1384055531129844
323	conventional	60	1	1	0.8012418958162913	1.5123370762266986
324	holistic	60	0	0	0.9032048341397283	2.1688324450657412
324	conventional	60	3	3	0.7749372219855796	1.5720165147893979
325	holistic	60	3	3	0.8857163622391488	2.475232211192999
325	conventional	60	1	1	0.9114969534537604	3.295614522308537
326	holistic	60	1	1	0.8875954943985725	2.3819647926328944
326	conventional	60	3	3	0.8015778139003185	2.2914459999814616
327	holistic	60	3	3	0.9101108013343243	3.8789412502093414
327	conventional	60	0	0	0.8775850718295959	2.5079256164182615
328	holistic	60	1	1	0.8872175412597036	2.5073332511666138
328	conventional	60	1	1	0.8710329101941554	2.0650941961728844
329	holistic	60	2	2	0.8602235682857803	2.5332252944960514
329	conventional	60	1	1	0.8934973777685324	1.7681513700776434
330	holistic	60	1	1	0.870291576099149	2.3057777675893916
330	conventional	60	3	3	0.8091758580671724	1.7345553778696876
331	holistic	60	2	2	0.8924887115295574	2.748388041527188
331	conventional	60	1	1	0.9635407161864376	3.548787320330133
332	holistic	60	0	0	0.8990988171538449	2.267463415833065
332	conventional	60	0	0	0.8721798456136299	1.858459040851684
333	holistic	60	2	2	0.8816005117656901	2.113173646789972
333	conventional	60	1	1	0.8427274141130643	1.680958480946823
334	holistic	60	0	0	0.8686771067163881	2.25138398262568
334	conventional	60	1	1	0.8527272059192398	1.7696943133186145
335	holistic	60	2	2	0.8488455053156714	2.1964890596356352
335	conventional	60	2	2	0.8594679618672479	1.8427462463146222
336	holistic	60	1	1	0.8517464062626973	2.2137692130424056
336	conventional	60	1	1	0.8276279686887594	1.9716943382450338
337	holistic	60	2	2	0.8365252735186169	2.1966061787667184
337	conventional	60	2	2	0.8612409996258064	2.3046633728851185
338	holistic	60	1	1	0.8978042262463467	2.737440804961914
338	conventional	60	4	4	0.8257183884567034	2.5455331324509025
339	holistic	60	1	1	0.8818924303792195	2.221821237693799
339	conventional	60	5	5	0.8140148139602386	2.323666292583341
340	holistic	60	2	2	0.8996858215883954	2.1507109914451172
340	conventional	60	3	3	0.7209584518864157	1.6520546649285743
341	holistic	60	2	2	0.950357098816219	2.7376404251849236
341	conventional	60	5	5	0.813645367283542	2.34319909126896
342	holistic	60	0	0	0.931628434429214	2.536259599688887
342	conventional	60	1	1	0.7978397139129465	1.6808112835575266
343	holistic	60	3	3	0.8966609245672424	2.2129130446613314
343	conventional	60	2	2	0.7879272602488837	1.9887311048387062
344	holistic	60	4	4	0.90167429392533	3.2656483642770406
344	conventional	60	3	3	0.87413709543295	3.5108271039709518
345	holistic	60	2	2	0.89879250434681	3.3656111311717667
345	conventional	60	3	3	0.8400413545048572	2.519808408138685
346	holistic	60	1	1	0.9386464619532086	4.266141534254053
346	conventional	60	2	2	0.8646968466269042	2.45832714734391
347	holistic	60	1	1	0.9487360641518403	3.908639650171455
347	conventional	60	6	6	0.8559071529487535	2.451086579404388
348	holistic	60	3	3	0.9706738817451911	3.765019799045777
348	conventional	60	2	2	0.8380584772873836	2.786365226636447
349	holistic	60	4	4	0.913007245424262	3.320739206549274
349	conventional	60	1	1	0.8965988599703348	3.705259123448211
350	holistic	60	5	5	0.9317730458408027	3.1646784055577455
350	conventional	60	1	1	0.8310639742163803	3.055311977855845
351	holistic	60	1	1	0.8732536206331355	3.1276462774128357
351	conventional	60	5	5	0.7826531882226135	2.6190511234994145
352	holistic	60	0	0	0.9242100380303566	2.8473932363846175
352	conventional	60	0	0	0.8546578194828803	2.8807439138152544
353	holistic	60	2	2	0.9187480903737271	2.763853242493954
353	conventional	60	0	0	0.7801484883308635	2.4531444629128907
354	holistic	60	5	5	0.8949918867165582	2.621877145284469
354	conventional	60	2	2	0.8141733594481699	2.341833844960787
355	holistic	60	2	2	0.8806251208052059	2.5647562283109124
355	conventional	60	1	1	0.784142026324206	2.152929388785551
356	holistic	60	2	2	0.8760031936560633	2.452155666570724
356	conventional	60	2	2	0.7626454708418237	1.9972057066815048
357	holistic	60	5	5	0.8917576983219871	2.4115116015261844
357	conventional	60	3	3	0.7157050000971311	1.7856334313744335
358	holistic	60	4	4	0.9060176633040664	2.3202294454219423
358	conventional	60	3	3	0.7328000035605664	1.7406550988571323
359	holistic	60	1	1	0.9190672959634952	2.343291974470349
359	conventional	60	2	2	0.7948167140078365	3.737335324357533
360	holistic	60	1	1	0.964098665799232	2.364275168492113
360	conventional	60	1	1	0.7410100812932333	1.7377256983704423
361	holistic	60	5	5	0.9968109136192115	2.399538825074804
361	conventional	60	0	0	0.8274248953472197	1.736801466359674
362	holistic	60	0	0	1.0405016308185286	2.1731521129689955
362	conventional	60	1	1	0.8384047512919337	2.6994570895751875
363	holistic	60	1	1	1.0719209142727955	3.629755060490738
363	conventional	60	0	0	0.8471712676428423	1.9985777329944139
364	holistic	60	2	2	1.1210284352775908	5.962235212093749
364	conventional	60	0	0	0.7863923606869618	2.035268163944236
365	holistic	60	2	2	1.110677951564347	4.629407188806338
365	conventional	60	0	0	0.7755985002447212	1.9169007636111226
366	holistic	60	0	0	1.1525408659355787	4.228952302200274
366	conventional	60	0	0	0.7519754847288919	1.7183579629229953
367	holistic	60	2	2	1.0882219351955247	4.626651873193413
367	conventional	60	2	2	0.7684436332733017	1.8697649713754885
368	holistic	60	2	2	1.210222627576069	4.34039788656906
368	conventional	60	0	0	0.8463143242179071	2.441009141243638
369	holistic	60	0	0	1.1603855574953776	4.250645996667863
369	conventional	60	0	0	0.8221805037223313	2.1488674157400065
370	holistic	60	1	1	1.109251014048904	3.7366068846686034
370	conventional	60	1	1	0.8003004365287967	1.8595359285085074
371	holistic	60	2	2	1.0713285757722866	3.3264239126509394
371	conventional	60	0	0	0.8153748103459929	1.8152739525611665
372	holistic	60	2	2	1.1119140887368801	3.4442260966234204
372	conventional	60	3	3	0.8061819195228795	1.8382862784960372
373	holistic	60	0	0	1.156047573048654	4.316369503546868
373	conventional	60	2	2	0.7531184186255467	1.74525988952777
374	holistic	60	1	1	1.1170032942510995	3.2439869997961335
374	conventional	60	1	1	0.8371003367919536	3.424356929365541
375	holistic	60	3	3	1.05633640187991	3.1283370551408143
375	conventional	60	3	3	0.7953351671173592	1.793492484151656
376	holistic	60	3	3	1.0147221858223698	2.962258708725329
376	conventional	60	0	0	0.8889781182877646	2.443351453996329
377	holistic	60	1	1	1.0402099719801297	2.8153991416617985
377	conventional	60	1	1	0.9099618803630195	2.3076812495165493
378	holistic	60	1	1	1.1386215313785266	3.77778925234149
378	conventional	60	3	3	0.9000721522428704	3.406746057813931
379	holistic	60	1	1	1.1564543065144381	3.1117292878640126
379	conventional	60	0	0	0.9543342816452223	2.9066539102192994
380	holistic	60	0	0	1.1417496513997623	2.7343087409845626
380	conventional	60	0	0	0.9378038863136674	1.8384421266638913
381	holistic	60	1	1	1.1096622921041623	2.6791294421055833
381	conventional	60	1	1	0.9525393197088909	2.297064532452882
382	holistic	60	2	2	1.0544025154089238	2.6289804745372995
382	conventional	60	0	0	0.9187402871350336	2.0091808184690025
383	holistic	60	2	2	1.0760033054920994	2.630555978184045
383	conventional	60	1	1	0.882009502783794	1.9190400418729738
384	holistic	60	0	0	1.1124605755935872	2.587608456683009
384	conventional	60	3	3	0.8202276218564317	1.7377558094789174
385	holistic	60	1	1	1.0928618902230627	2.506078552336106
385	conventional	60	0	0	0.9267504335518749	3.218842614985366
386	holistic	60	1	1	1.0808379142351432	2.6310825227271937
386	conventional	60	3	3	0.8533130331733371	2.226270671863837
387	holistic	60	2	2	1.0390515279870005	2.6693628901306434
387	conventional	60	1	1	0.8611868192669995	1.6783584723365654
388	holistic	60	0	0	1.03372897439346	2.6320809612356273
388	conventional	60	1	1	0.9079179691405893	2.4781487586842426
389	holistic	60	1	1	1.0496619671961682	2.5967041497510768
389	conventional	60	0	0	0.8699366786099005	2.02938642466729
390	holistic	60	2	2	1.07067916033755	3.729214061911538
390	conventional	60	2	2	0.840336158943821	1.7333505451171585
391	holistic	60	0	0	1.0785259496198458	2.598651198020433
391	conventional	60	2	2	0.8342620592368889	1.9130030368382636
392	holistic	60	1	1	1.0805204043432457	3.7635597037493786
392	conventional	60	2	2	0.8324155191270804	1.6845759256274437
393	holistic	60	0	0	1.095695232170155	3.707170121878916
393	conventional	60	1	1	0.8668258744403226	1.6616425918046216
394	holistic	60	2	2	1.0511420550481407	2.7027467040634643
394	conventional	60	0	0	0.939160075562194	2.2612880846258028
395	holistic	60	0	0	1.0539151030656118	2.704723954181745
395	conventional	60	0	0	0.9100435494387703	1.913032218770507
396	holistic	60	0	0	1.0732602949432486	2.517672208256071
396	conventional	60	0	0	0.9412171113442044	2.0785655135684404
397	holistic	60	3	3	1.0294116095447583	2.8860872123840706
397	conventional	60	2	2	0.8720127144199755	1.9112234206994843
398	holistic	60	1	1	1.0139016901571016	3.1380536348645647
398	conventional	60	1	1	0.8976019941915246	1.770056254629521
399	holistic	60	0	0	1.0546179098634778	2.89500352208141
399	conventional	60	2	2	0.901630819224785	2.2130012588887142
400	holistic	60	2	2	1.0101939392998587	2.7661519728251203
400	conventional	60	1	1	0.9747189843961185	3.2293995900739323
401	holistic	60	2	2	1.1537958348256767	5.895138689962904
401	conventional	60	3	3	0.910189400436365	2.717256642327123
402	holistic	60	0	0	1.074811590152595	3.880785703495382
402	conventional	60	0	0	0.9431304757117702	2.5108991200528736
403	holistic	60	2	2	1.0956286422352592	3.5462084131143055
403	conventional	60	2	2	0.9314670244773565	2.0015171105101124
404	holistic	60	2	2	1.059573883949575	3.8843620574655366
404	conventional	60	1	1	0.9992381001482815	2.674138828056092
405	holistic	60	2	2	1.0261525639130595	3.0880941731622515
405	conventional	60	3	3	0.9153786857740734	2.0075671481994606
406	holistic	60	0	0	1.0781927073746218	2.8895504272285115
406	conventional	60	2	2	0.9273446668691953	3.3813880254040707
407	holistic	60	3	3	1.0524466541749544	2.6077294807218787
407	conventional	60	5	5	0.8041309469270698	1.5127753256875893
408	holistic	60	4	4	1.071935743432814	2.7877046162534462
408	conventional	60	1	1	0.8340625143852525	2.182813249098821
409	holistic	60	3	3	1.0027621033227132	2.4238179868035385
409	conventional	60	1	1	0.7715073642542579	1.6028719887393872
410	holistic	60	4	4	0.9474765191849992	2.3868020998029396
410	conventional	60	1	1	0.9061643390959263	4.204393188993394
411	holistic	60	1	1	1.0484515287030114	2.430990850219288
411	conventional	60	5	5	0.802907834103111	2.2014847224005125
412	holistic	60	1	1	1.0695695429771728	2.3876430786973204
412	conventional	60	0	0	0.9395238970032497	4.275573561145817
413	holistic	60	1	1	1.1543959560314818	2.940442818286586
413	conventional	60	0	0	0.8564729103291554	1.8173665775200099
414	holistic	60	3	3	1.0712637817272075	2.292478411051094
414	conventional	60	2	2	0.881445963869371	2.2091941047828905
415	holistic	60	1	1	1.025919418405889	2.26200815811969
415	conventional	60	0	0	0.8684906231367631	2.039443141540835
416	holistic	60	1	1	1.1019369357414885	2.9361784332616048
416	conventional	60	0	0	0.9069290645189592	1.7768446168199625
417	holistic	60	1	1	1.1536607333727185	2.2930239929108405
417	conventional	60	4	4	0.8676418051633799	2.206556284467638
418	holistic	60	5	5	1.0350792456659443	2.539687111854988
418	conventional	60	2	2	0.9402773397351262	2.40490268934855
419	holistic	60	1	1	1.0297503299430224	2.2990454253868156
419	conventional	60	2	2	0.8787791480585826	2.006514680133309
420	holistic	60	1	1	0.9943256117606397	2.2090629603278304
420	conventional	60	2	2	0.8633078042243755	2.022930376984941
421	holistic	60	4	4	0.8916386291871136	2.222918091836588
421	conventional	60	1	1	0.8811368524560231	2.342001723170071
422	holistic	60	3	3	0.8899326898768788	2.1388584219746796
422	conventional	60	2	2	0.8546418324773365	1.667084789613819
423	holistic	60	2	2	0.8636685070821087	2.097166525306339
423	conventional	60	1	1	0.7972786987285329	1.56278559034565
424	holistic	60	4	4	0.8846591278237413	2.2181048045198426
424	conventional	60	0	0	0.8297470879927096	1.535997293733458
425	holistic	60	5	5	0.9578723033193186	2.2559181951016236
425	conventional	60	0	0	0.9278965444101671	1.892033893395881
426	holistic	60	0	0	1.1450754088152981	6.863032784270278
426	conventional	60	1	1	0.9552144404499358	1.6808405131135238
427	holistic	60	1	1	1.0369799495981877	3.3523809521912438
427	conventional	60	1	1	1.0220001039442324	3.262512797593584
428	holistic	60	1	1	1.048446794143078	3.508825482526269
428	conventional	60	0	0	1.0440563938711258	2.2616406374689246
429	holistic	60	2	2	1.069263735049083	2.9197127273719485
429	conventional	60	0	0	1.0006475214665556	1.8927049556593893
430	holistic	60	1	1	1.0529591764940356	3.219384201093058
430	conventional	60	0	0	0.986521484290885	2.194048244689646
431	holistic	60	2	2	1.0122658547560177	2.718965247622189
431	conventional	60	0	0	0.9595231210456511	1.6623753390247407
432	holistic	60	0	0	1.0032116524990682	2.593598559362705
432	conventional	60	2	2	0.9155218256565945	1.7730320123928347
433	holistic	60	0	0	1.057544585091277	2.939731642257841
433	conventional	60	1	1	0.8700873578878778	1.666024574883729
434	holistic	60	1	1	1.0723333519624143	2.6177521181097108
434	conventional	60	1	1	0.873878008040048	1.6075398010310533
435	holistic	60	2	2	1.0303287475322043	2.627333745871151
435	conventional	60	3	3	0.8167025619231633	1.591906531167493
436	holistic	60	4	4	1.0886983836921225	2.8013546212213143
436	conventional	60	0	0	0.8015861968151874	1.5028148415844835
437	holistic	60	0	0	1.114487318436378	2.8716557807811802
437	conventional	60	2	2	0.7901054760448861	1.4713420555384458
438	holistic	60	0	0	1.1153833741010648	2.651997162805966
438	conventional	60	4	4	0.7146921557139817	1.5226352235989933
439	holistic	60	1	1	1.0960749482290606	2.718014596097714
439	conventional	60	2	2	0.7895052153234285	1.7662297768824098
440	holistic	60	2	2	1.080581165560901	2.6552867379964176
440	conventional	60	0	0	0.9203803593169931	5.322962556127772
441	holistic	60	1	1	1.0749427146046184	2.77702025480239
441	conventional	60	1	1	0.881902370929258	3.191234076529612
442	holistic	60	3	3	1.0439551741536486	2.662903531077715
442	conventional	60	0	0	0.8918760841620801	2.393425557397209
443	holistic	60	3	3	0.9972991941263744	2.5080658753922838
443	conventional	60	0	0	0.9113467996165565	2.824738405020991
444	holistic	60	0	0	1.0801698546827265	2.911145794060302
444	conventional	60	3	3	0.8923147032632587	2.614019339495716
445	holistic	60	3	3	1.0783181188971247	2.575768447442664
445	conventional	60	0	0	0.9459722639214235	3.2325054087154803
446	holistic	60	2	2	1.0447511639431373	2.4912518319130394
446	conventional	60	3	3	0.870124358153354	2.460984344053313
447	holistic	60	0	0	1.0412730139758513	2.5011658361071505
447	conventional	60	2	2	0.8779090019945468	2.5670777076920572
448	holistic	60	0	0	1.030179770025779	2.593871999523961
448	conventional	60	2	2	0.929027540480666	2.429454717671068
449	holistic	60	3	3	1.0181635129152682	2.558903082809159
449	conventional	60	0	0	0.9513281526537523	2.217437016780669
450	holistic	60	1	1	1.1341804083138172	2.7792473335579575
450	conventional	60	1	1	0.9238210902324905	2.2261226022086755
451	holistic	60	0	0	1.1040003951745503	3.3796218655928083
451	conventional	60	2	2	0.8923501564670561	2.0035935951244803
452	holistic	60	1	1	1.0566041857324207	2.8802296009807082
452	conventional	60	2	2	0.9068809047760954	2.335238826000968
453	holistic	60	1	1	1.0875788610583994	2.7185132524257622
453	conventional	60	2	2	0.9029530816962235	2.2460406662045496
454	holistic	60	1	1	1.0338943066527735	2.519102007695166
454	conventional	60	1	1	0.8602515448879301	2.051776175167824
455	holistic	60	0	0	1.0503264342167489	3.3176437864167445
455	conventional	60	2	2	0.8896997692143458	2.2753432384957075
456	holistic	60	0	0	1.0324606460559362	2.3750464879316757
456	conventional	60	2	2	0.8669895134206018	2.3765116796141794
457	holistic	60	1	1	1.0144416244248282	2.36439279596607
457	conventional	60	1	1	0.8779576912703738	2.2619602484616705
458	holistic	60	3	3	0.9592380666371152	2.4148165909860824
458	conventional	60	2	2	0.8488838239966535	2.3702836682121755
459	holistic	60	0	0	1.1548670327119914	4.718649681325819
459	conventional	60	3	3	0.8095596910051517	2.218519356767018
460	holistic	60	2	2	1.1098755431023186	4.143385712614267
460	conventional	60	1	1	0.8544237016003127	2.12826621781795
461	holistic	60	1	1	1.0269028527389354	2.634414012105546
461	conventional	60	4	4	0.8107804732201157	4.330620039385849
462	holistic	60	0	0	1.0593461020682509	2.520919464480335
462	conventional	60	1	1	0.8286357794181327	2.4640911571927173
463	holistic	60	0	0	1.0459246198889443	2.506949519266109
463	conventional	60	1	1	0.9463809675468667	2.963221318800976
464	holistic	60	1	1	1.0272898324144384	2.456490570780513
464	conventional	60	1	1	0.9810605536316795	2.432356897461771
465	holistic	60	1	1	1.0214010377949654	2.4442820724426113
465	conventional	60	3	3	0.8909424263799056	2.180796521486938
466	holistic	60	0	0	1.0038053238329598	2.4505573823472413
466	conventional	60	3	3	0.8388848909543163	2.0566058409066046
467	holistic	60	2	2	0.9726615125641759	2.438948161288753
467	conventional	60	6	6	0.9117373285353205	2.314372817057902
468	holistic	60	4	4	0.9719390307688567	2.3933673825667596
468	conventional	60	0	0	0.9852554908590823	3.2180889528766548
469	holistic	60	4	4	0.9451721908789114	4.225550158399617
469	conventional	60	2	2	0.930297681381277	3.714682584960553
470	holistic	60	3	3	0.8655858024962767	3.06290943641905
470	conventional	60	0	0	0.946890523404446	2.213614439607755
471	holistic	60	1	1	0.8862742544609865	2.479848141454444
471	conventional	60	5	5	0.861029857557399	1.954931386181403
472	holistic	60	3	3	0.874283571686188	2.1986096073229544
472	conventional	60	0	0	1.0258921193630473	4.263636643764549
473	holistic	60	2	2	0.915764444964299	3.685821580572428
473	conventional	60	1	1	0.9692199397521317	3.258616129026306
474	holistic	60	5	5	0.8881891935104377	2.6799962450890322
474	conventional	60	0	0	0.9569621211488275	2.2598415206169085
475	holistic	60	2	2	0.904276218139944	2.6152507824073723
475	conventional	60	0	0	0.9249810300533348	1.652977681537552
476	holistic	60	1	1	0.9140149472760941	2.848877621085071
476	conventional	60	0	0	0.9514363558338808	1.7759066227569933
477	holistic	60	0	0	0.9707149652405929	2.6369554312728107
477	conventional	60	4	4	0.9177842219989972	1.8941122000012347
478	holistic	60	5	5	0.9409591865123182	2.3726647942563592
478	conventional	60	1	1	0.9371909977119237	1.8687289958985502
479	holistic	60	0	0	0.9630175174759954	2.4025242585257907
479	conventional	60	3	3	0.9910698366601218	4.336676961276957
480	holistic	60	1	1	0.9701506680083493	2.427159572949862
480	conventional	60	3	3	0.9794193348441714	2.29739548305063
481	holistic	60	1	1	0.99800239237128	2.377615280613476
481	conventional	60	1	1	0.9454512621695008	2.311231850318983
482	holistic	60	3	3	1.0274610393596875	2.934252259155488
482	conventional	60	2	2	0.9612059773691691	3.1791162578284267
483	holistic	60	2	2	1.0457635255745223	2.7960350959009
483	conventional	60	1	1	0.9915651521023102	2.692689083653903
484	holistic	60	5	5	0.9943604868068144	2.6990550098615733
484	conventional	60	0	0	1.0571078914607293	3.2579034946202663
485	holistic	60	2	2	0.9318880781988182	2.5092450708495027
485	conventional	60	0	0	0.9795169198619412	2.3570625910627183
486	holistic	60	0	0	0.9863630899634911	2.5192970020285315
486	conventional	60	1	1	0.9231338258276504	1.8739726296707435
487	holistic	60	1	1	1.0068934286343822	2.379434698453878
487	conventional	60	1	1	0.9282723728562554	1.962658533650238
488	holistic	60	1	1	0.9717976592416966	2.25242551547954
488	conventional	60	0	0	0.9753318254048516	1.7596422361956239
489	holistic	60	2	2	1.0601325237611663	3.897375863721746
489	conventional	60	1	1	1.0190105545610197	1.7897396414307372
490	holistic	60	2	2	1.0550618660498416	2.895646220080922
490	conventional	60	0	0	1.046076501454419	2.0052178553935787
491	holistic	60	2	2	1.0368381482154727	2.5388666568494673
491	conventional	60	0	0	1.0303548055238916	1.722017076072883
492	holistic	60	0	0	1.1094485578166842	4.711691369554586
492	conventional	60	0	0	1.0224312882090376	1.733287372593995
493	holistic	60	0	0	1.0855242855412561	2.765415637819645
493	conventional	60	1	1	1.0416117968804148	1.7812853156400104
494	holistic	60	0	0	1.0632042762044425	2.986346601387956
494	conventional	60	0	0	1.0518460574767694	1.7547174346678154
495	holistic	60	3	3	1.0502922864216493	3.013239988332508
495	conventional	60	2	2	1.0326234460541142	1.782803123616763
496	holistic	60	1	1	1.021560283266761	2.9673523486451185
496	conventional	60	0	0	1.0316841403914954	2.4029130443732245
497	holistic	60	0	0	1.0989975304710144	2.8596727460894473
497	conventional	60	1	1	1.0049072320772583	1.7326422352625201
498	holistic	60	0	0	1.1182180355549163	3.017139848861925
498	conventional	60	3	3	1.026148905033696	3.2224936752362296
499	holistic	60	1	1	1.0825867839539605	2.9135760164737934
499	conventional	60	2	2	0.9667223879416178	2.713549336886703
500	holistic	60	1	1	1.0558147281111356	2.9376116823417884
500	conventional	60	2	2	0.9306156300874329	1.8810448943381612
501	holistic	60	0	0	1.0531287437800776	2.8433569847968676
501	conventional	60	2	2	0.8968345767003549	1.705716022171755
502	holistic	60	2	2	1.0266537162292388	2.8401562607889277
502	conventional	60	0	0	1.0773616888860116	4.335796350423433
503	holistic	60	4	4	0.9530997550108903	2.7809712671948574
503	conventional	60	1	1	1.0107620443084824	2.838064616143054
504	holistic	60	1	1	1.1101605332479805	6.743603314311071
504	conventional	60	2	2	0.9656894098539983	2.326802185484571
505	holistic	60	1	1	1.0725145302327876	3.7457598571303823
505	conventional	60	0	0	0.9787221194490269	2.081149456310126
506	holistic	60	2	2	1.0404266830724624	2.7499580755265005
506	conventional	60	3	3	0.985416673849292	2.211609461614627
507	holistic	60	0	0	1.1139673563448793	4.599980113430951
507	conventional	60	2	2	1.011101775437197	3.1825388944002637
508	holistic	60	0	0	1.09079449719897	2.8709203562477605
508	conventional	60	2	2	1.0696126779023916	2.376040628306437
509	holistic	60	4	4	1.0270152381656792	2.962450798312928
509	conventional	60	1	1	1.0201473445756841	2.5420644576181
510	holistic	60	0	0	1.033910389896062	2.9571006436153207
510	conventional	60	1	1	0.9919734252299424	2.233227522791998
511	holistic	60	1	1	1.0219941472203762	2.9288852141292083
511	conventional	60	1	1	0.9767797604077543	2.0755656694949205
512	holistic	60	1	1	1.0501057369501903	2.9245474282259085
512	conventional	60	0	0	0.995520351290217	2.371875678308691
513	holistic	60	3	3	0.9843124918315354	2.919850774522828
513	conventional	60	1	1	1.005172092468357	2.3711282238616946
514	holistic	60	2	2	1.108963243337276	5.724927280172112
514	conventional	60	1	1	1.054292613339243	2.4853759498918633
515	holistic	60	0	0	1.0850476645277412	3.7113087172363644
515	conventional	60	2	2	1.0155660112412632	2.0323509202720533
516	holistic	60	1	1	1.1053067832603043	4.390962099166084
516	conventional	60	1	1	0.9972198638518834	2.1298592941008105
517	holistic	60	1	1	1.06004125278533	3.4759499790416886
517	conventional	60	1	1	0.9887933998863503	2.095191092741319
518	holistic	60	5	5	1.022007149842546	2.9593571405948293
518	conventional	60	2	2	1.014425664946196	2.3290239353802944
519	holistic	60	0	0	1.2087038882496204	4.838306593993448
519	conventional	60	2	2	0.9712381600191006	2.129824727711219
520	holistic	60	3	3	1.139445175548967	2.9503477315121693
520	conventional	60	2	2	1.007122573120082	2.331669915790973
521	holistic	60	1	1	1.2008416347104185	5.718417768296188
521	conventional	60	4	4	0.9214004076120186	2.2600299718326164
522	holistic	60	1	1	1.1948503930281535	5.787103163541937
522	conventional	60	0	0	1.006947264048546	2.7319853947169137
523	holistic	60	1	1	1.1902980902444822	4.137524422425869
523	conventional	60	2	2	1.0460996228695727	2.831459285367931
524	holistic	60	1	1	1.1342623085079862	4.788764199281326
524	conventional	60	0	0	1.0990011019916566	2.905074163812587
525	holistic	60	1	1	1.1322162278988495	3.7839886735394073
525	conventional	60	1	1	1.0020287197206177	3.0828059393344422
526	holistic	60	2	2	1.1352108328838193	3.1016698251529786
526	conventional	60	3	3	0.973718933170844	2.887717191374309
527	holistic	60	2	2	1.1190432520671936	3.195789044139981
527	conventional	60	5	5	1.0705986884326322	5.458368843612828
528	holistic	60	2	2	1.1043954708317085	3.137788589094293
528	conventional	60	0	0	1.0216487382165955	3.597701543681571
529	holistic	60	3	3	1.1397060031810489	3.8107719172802246
529	conventional	60	3	3	1.0246153186435811	2.932893181129933
530	holistic	60	4	4	1.0202302437602977	2.657349467081431
530	conventional	60	0	0	1.0106787336177752	2.851600695107046
531	holistic	60	0	0	1.1505429145056618	4.945801292687977
531	conventional	60	3	3	1.0509129205651961	2.6006408160487666
532	holistic	60	1	1	1.0934876013674908	2.600713386521088
532	conventional	60	0	0	1.1078677859009796	3.438703117912215
533	holistic	60	3	3	1.0539722782111094	2.612999985105548
533	conventional	60	1	1	1.0445496092198965	2.6894916919468574
534	holistic	60	2	2	1.0867925951732855	2.8744354111494994
534	conventional	60	0	0	1.042894622181225	2.708294307422605
535	holistic	60	3	3	0.9945620665308097	2.548039184907233
535	conventional	60	2	2	1.0303314129869292	2.2241381646516274
536	holistic	60	1	1	0.9509597458975368	2.1322364006190337
536	conventional	60	0	0	1.0398216034988614	3.1739964218591323
537	holistic	60	1	1	0.9946721167913931	2.1660686730521173
537	conventional	60	1	1	1.089060472882154	2.8740331382030035
538	holistic	60	3	3	1.0161063155991648	2.890836511444009
538	conventional	60	2	2	1.0711673318038097	2.5166496455686507
539	holistic	60	1	1	1.0424079047726207	1.9628985522726432
539	conventional	60	2	2	1.1022383176574388	2.5083687317526793
540	holistic	60	0	0	1.023247997403058	1.8510585458775732
540	conventional	60	3	3	0.97729743387234	2.2041281984176195
541	holistic	60	0	0	1.045682087513996	1.7591963985172177
541	conventional	60	2	2	1.0183896970696285	2.3864549127004375
542	holistic	60	2	2	1.0437621624273024	1.884162396430562
542	conventional	60	3	3	0.9642078989783617	2.1907155311444146
543	holistic	60	2	2	1.108631083511097	4.783966842719061
543	conventional	60	1	1	1.03036561079096	2.2057463142724227
544	holistic	60	4	4	1.1605249516971556	5.847143662930986
544	conventional	60	0	0	1.108099034375237	2.2793969378384205
545	holistic	60	3	3	1.1011991568474921	4.860728488107565
545	conventional	60	0	0	1.0886125113887355	2.0854976960702247
546	holistic	60	0	0	1.1081372231822222	2.848704893409313
546	conventional	60	1	1	1.0220237754565626	2.0377678432655295
547	holistic	60	1	1	1.170890537142192	3.905491819946525
547	conventional	60	2	2	1.0641550992498965	2.0430745301914315
548	holistic	60	1	1	1.1096533865222442	3.5715674124540904
548	conventional	60	0	0	1.1219701339005188	3.3870220273858878
549	holistic	60	2	2	1.104087292275772	3.1526513126658444
549	conventional	60	1	1	1.175586302807226	3.360798383589738
550	holistic	60	1	1	1.0570712086974396	2.701808999329405
550	conventional	60	0	0	1.1743114840180044	3.0603069561820035
551	holistic	60	2	2	1.0260942716197001	2.7338188874252043
551	conventional	60	0	0	1.127456237781106	2.8928277541946734
552	holistic	60	2	2	1.014262217884372	2.4724209759965623
552	conventional	60	0	0	1.1129535881041046	2.7849981385719778
553	holistic	60	1	1	1.0110113284485067	3.0252435915954474
553	conventional	60	1	1	1.0913319319325103	2.3844942301870895
554	holistic	60	2	2	1.0391655536250015	2.7882114495739043
554	conventional	60	0	0	1.1245212837207625	2.2157516040043572
555	holistic	60	3	3	1.007622316338701	2.599372861616379
555	conventional	60	1	1	1.1023966401075889	2.2229850621756815
556	holistic	60	2	2	0.9910711260329973	2.3532160101721695
556	conventional	60	0	0	1.0682908147532022	2.084969806897672
557	holistic	60	0	0	0.9927950804198873	2.398538608636233
557	conventional	60	2	2	1.0321476018513525	1.900273198288005
558	holistic	60	1	1	1.0352170114284427	2.3602850787698495
558	conventional	60	1	1	1.0148467872208482	2.2989967587246305
559	holistic	60	1	1	1.0543737651039937	2.32780648825493
559	conventional	60	1	1	1.0230047243331044	2.1225166682934993
560	holistic	60	0	0	1.1076764939578816	3.8390298517990176
560	conventional	60	1	1	1.0268413687333913	2.133271279317508
561	holistic	60	0	0	1.1275043155967617	4.839215616100767
561	conventional	60	3	3	0.9983148172370124	1.984793847661173
562	holistic	60	3	3	1.127588904161003	4.506731894911615
562	conventional	60	0	0	1.052168906218627	2.182628536004244
563	holistic	60	3	3	1.0850932738637336	3.8416612237067427
563	conventional	60	3	3	1.0500377500139988	2.18356568251441
564	holistic	60	1	1	1.1050119424881535	3.0408311328207107
564	conventional	60	1	1	1.0235362595647293	2.1833733269428177
565	holistic	60	0	0	1.0949126507182148	2.673495650086348
565	conventional	60	0	0	1.0901998228008827	2.783759227006313
566	holistic	60	3	3	1.0503379940787814	2.26839893471261
566	conventional	60	4	4	1.0305857880864855	2.2856314772692596
567	holistic	60	1	1	1.1019914811164073	2.1269830162849073
567	conventional	60	2	2	1.1368329446306018	3.4163688535591814
568	holistic	60	1	1	1.1322618581383894	2.2839517982627857
568	conventional	60	2	2	1.0615192296187468	2.286796072104913
569	holistic	60	0	0	1.1326605326007106	2.43907277882863
569	conventional	60	1	1	1.0492252587748394	2.9893760980664132
570	holistic	60	0	0	1.1345786359627898	2.202645400730144
570	conventional	60	1	1	1.084560663459132	4.184554946241448
571	holistic	60	2	2	1.1254973344504928	2.1678868751753066
571	conventional	60	1	1	1.0592763774911822	2.190791238928232
572	holistic	60	0	0	1.0933074574233392	2.0836127031052407
572	conventional	60	1	1	1.038958247080763	1.8570931280419123
573	holistic	60	2	2	1.0703460031254752	2.12559540148781
573	conventional	60	1	1	1.042380932436308	2.1857082386164377
574	holistic	60	0	0	1.074265353192992	2.106263419201818
574	conventional	60	1	1	1.0002757470749968	1.83051305853432
575	holistic	60	1	1	1.0706992570878324	2.0268014558372904
575	conventional	60	3	3	0.997937438301683	1.9962061018036918
576	holistic	60	2	2	1.1164858691097879	3.910526391795782
576	conventional	60	1	1	1.0107111525943453	3.3462815144634677
577	holistic	60	1	1	1.0610144038331943	2.1175834413266
577	conventional	60	2	2	0.9709258808044904	1.8487140987835942
578	holistic	60	4	4	0.9968269769617767	2.14082018040315
578	conventional	60	2	2	0.950286854734483	1.8286334536597477
579	holistic	60	1	1	1.0336820383707115	2.1039791306916897
579	conventional	60	1	1	0.9739161087953746	2.3907969503144453
580	holistic	60	2	2	0.9942046785797423	2.329910562092951
580	conventional	60	2	2	0.8759283748214347	1.6578220551078389
581	holistic	60	1	1	0.9996647826886514	2.274152135350622
581	conventional	60	3	3	0.8550421062582126	1.7357230887395616
582	holistic	60	1	1	0.9908273020938194	2.121745606601038
582	conventional	60	0	0	0.9196988971641432	3.440974589873962
583	holistic	60	1	1	1.079993341347133	5.849507705674026
583	conventional	60	3	3	0.9083303025675517	4.964389904055677
584	holistic	60	3	3	1.002984517079571	2.8503176056331085
584	conventional	60	1	1	0.899184551302438	3.806452794709101
585	holistic	60	1	1	1.028165424771561	2.7209437079938947
585	conventional	60	2	2	0.9810133173402481	3.72297330076271
586	holistic	60	0	0	1.0422753894638888	3.662729780126423
586	conventional	60	3	3	0.9171383905975455	3.0609855490674787
587	holistic	60	3	3	1.0112251371753909	2.4570838809805626
587	conventional	60	4	4	0.9011587862460357	2.9633427414373323
588	holistic	60	2	2	0.9461083226692731	2.6919321263572473
588	conventional	60	0	0	0.9527716645319267	2.7489035873866063
589	holistic	60	1	1	1.0175430967537682	2.962211138012802
589	conventional	60	2	2	0.9322364577440965	2.866859080631955
590	holistic	60	3	3	0.9785994800910572	2.928857802547765
590	conventional	60	0	0	0.9284921778250884	2.9071024953967584
591	holistic	60	2	2	0.9988109675202765	2.8068920436635487
591	conventional	60	4	4	0.8214693739508729	2.8616155937781818
592	holistic	60	1	1	0.9570943644097272	2.1344822328195434
592	conventional	60	1	1	0.8318002506135739	2.549991089418937
593	holistic	60	2	2	0.9077378123724956	2.0739694879118518
593	conventional	60	1	1	0.8780582783938023	2.4586987258323605
594	holistic	60	2	2	0.9225278494733222	2.0892812622961294
594	conventional	60	2	2	0.8690734105785135	2.535622400628575
595	holistic	60	2	2	0.9443815606720374	2.835195492332871
595	conventional	60	2	2	0.9646233320266191	2.354506514869391
596	holistic	60	3	3	0.8916515450445318	2.6637944098360213
596	conventional	60	1	1	0.9071369296663402	2.2274851126014332
597	holistic	60	2	2	0.8637281450038278	2.5418244133545427
597	conventional	60	1	1	0.953012069500051	2.311391113023305
598	holistic	60	4	4	0.8645221731620484	2.1996987490593196
598	conventional	60	1	1	0.9282145756792174	2.0168504894958623
599	holistic	60	1	1	0.8997685378619973	2.3794903641399023
599	conventional	60	1	1	0.9298192681662676	2.0405575010319503
