season	population	alive	births	deaths	mean_lifetime_score	best_lifetime_score
0	holistic	60	0	0	0.07578553616523571	2.8612098476433965
0	conventional	60	0	0	0.44858838211709046	4.430199128996195
1	holistic	60	0	0	0.050207510220436756	1.3529636206731837
1	conventional	60	1	1	0.41759368042783845	3.4692246464290593
2	holistic	60	4	4	0.058802278659136696	1.1876611109736948
2	conventional	60	1	1	0.5014754485159972	4.235836215335246
3	holistic	60	1	1	0.07496594752385073	1.354684331157833
3	conventional	60	4	4	0.4857619213846865	3.969203730609661
4	holistic	60	0	0	0.09395323604684558	1.8116705373502684
4	conventional	60	9	9	0.44843243122842885	4.042884067745966
5	holistic	60	1	1	0.09045993083554195	2.14902831076723
5	conventional	60	8	8	0.6217695043940817	3.7452624169327877
6	holistic	59	4	5	0.08086789287147213	1.8131317513056031
6	conventional	60	4	4	0.6548267064932287	3.290036743104355
7	holistic	58	3	4	0.08568506291239296	1.6120541522637033
7	conventional	60	10	10	0.7209090110914995	4.560197720027929
8	holistic	59	3	2	0.14054607445846481	1.6455104371917322
8	conventional	60	8	8	0.7559009917169066	3.87929468885645
9	holistic	60	4	3	0.21615331764345733	2.260799638100054
9	conventional	60	3	3	0.7972660128246659	2.519765996022085
10	holistic	60	3	3	0.20160847364740467	1.936075742840619
10	conventional	60	2	2	0.7830431983268761	3.076524229107918
11	holistic	30	6	36	0.589280559111802	4.82191709510534
11	conventional	60	8	8	0.815791512672038	2.984112314856631
12	holistic	36	7	1	0.47496458610880243	3.8634102257838854
12	conventional	60	5	5	0.8309289490435555	2.771265788744098
13	holistic	47	12	1	0.5807148149350997	3.880209690962461
13	conventional	60	6	6	0.9723890776669639	2.5975019605204293
14	holistic	60	13	0	0.4990484868583074	2.793981547916243
14	conventional	60	5	5	0.9851263156022815	3.3852274345830224
15	holistic	60	2	2	0.5363353270546971	1.9386431661609544
15	conventional	60	4	4	1.084399575525545	6.56046850432252
16	holistic	60	4	4	0.5748067839485602	1.9528789268684403
16	conventional	60	2	2	1.2036645666867647	6.285241377431539
17	holistic	60	9	9	0.622887533848516	2.10827603961041
17	conventional	60	3	3	1.0429095707580505	3.287560257421413
18	holistic	60	1	1	0.7324300200237042	1.9859662697743534
18	conventional	60	4	4	1.0435527191939822	2.9726437549683737
19	holistic	60	4	4	0.7403440338040386	1.8535913434548537
19	conventional	60	1	1	1.1021989338172133	5.160039111780675
20	holistic	60	1	1	0.8069001112569413	2.896588381749313
20	conventional	60	0	0	1.183173178657322	6.531860507388622
21	holistic	60	2	2	0.7614881209460826	1.861111551894155
21	conventional	60	1	1	1.0694466171105292	3.0259536667709557
22	holistic	60	1	1	0.7486156702154443	2.2617791388613275
22	conventional	60	3	3	1.096035014678394	3.487291192448868
23	holistic	60	2	2	0.7608867112450253	2.225596602204823
23	conventional	60	2	2	1.1717953214591772	3.5176150741352323
24	holistic	60	2	2	0.8080884687585431	2.2779376334229826
24	conventional	60	1	1	1.1196368974840119	3.4932010326963656
25	holistic	60	0	0	0.8494222422711561	2.322583832128247
25	conventional	60	3	3	1.1226425906577395	3.7632535683911685
26	holistic	60	2	2	0.8165606839394156	2.146951630150467
26	conventional	60	2	2	1.0954048012094513	3.909432036758723
27	holistic	60	2	2	0.8008959042274907	1.9950933254986378
27	conventional	60	3	3	1.1222211788600172	3.6856979949078155
28	holistic	60	1	1	0.8215582221518506	2.0491949028560845
28	conventional	60	3	3	1.1876236318285183	3.516277063669581
29	holistic	60	0	0	0.8011376829243185	2.037493072163365
29	conventional	60	0	0	1.183170234462804	3.267652688472423
30	holistic	60	2	2	0.8024980842217846	1.9718000271528728
30	conventional	60	0	0	1.1664614473307906	2.8594371566430765
31	holistic	60	1	1	0.9013890634878515	4.863583674280319
31	conventional	60	2	2	1.1335959353399416	2.7241402889367565
32	holistic	60	1	1	0.8542853416007917	2.4040297139223545
32	conventional	60	1	1	1.1387824952568646	2.5114912647618204
33	holistic	60	0	0	0.9308000269997249	1.888607824597145
33	conventional	60	1	1	1.0895926116271162	2.4296017160230443
34	holistic	60	0	0	0.9538195155270403	2.128432584993085
34	conventional	60	2	2	1.1167353188333684	2.408728005720859
35	holistic	60	0	0	0.940164808692049	2.222455797759886
35	conventional	60	3	3	1.0491854783544388	2.379271132920665
36	holistic	60	0	0	0.9154582615197947	2.1905224785611845
36	conventional	60	1	1	1.122819274862195	2.5545618424771153
37	holistic	60	0	0	0.9023186154585642	2.0916092336688408
37	conventional	60	3	3	1.157576278033765	3.582475227513517
38	holistic	60	1	1	0.8912464275698381	2.0721407942656875
38	conventional	60	2	2	1.332096116639182	9.276415263592016
39	holistic	60	0	0	0.8922096303849939	2.1178574401817065
39	conventional	60	0	0	1.283013335875941	4.726510162924329
40	holistic	60	0	0	0.883373445145361	2.0408663239377294
40	conventional	60	1	1	1.2264982379120652	3.2401439396097937
41	holistic	60	0	0	0.8771509267807965	2.0831370953201422
41	conventional	60	0	0	1.2623289642257027	3.1484025893195526
42	holistic	60	1	1	0.8710117422560264	2.015985859795579
42	conventional	60	1	1	1.2228592525038626	2.914146111750818
43	holistic	60	0	0	0.8667468327863309	2.005296018692213
43	conventional	60	0	0	1.256038907912726	3.2286471649854325
44	holistic	60	0	0	0.8643870222211765	1.9481725591245902
44	conventional	60	0	0	1.2343112541096708	2.9313236776903695
45	holistic	60	0	0	0.8721450739153034	1.8962139526362052
45	conventional	60	1	1	1.1919701494634685	2.885773544434074
46	holistic	60	1	1	0.8688273625635116	1.8487008029048473
46	conventional	60	0	0	1.1697537039499832	2.7565954011376617
47	holistic	60	0	0	0.862729655800226	1.7634862854601367
47	conventional	60	0	0	1.1518600572998285	2.488135972042968
48	holistic	60	0	0	0.8817830408869037	1.6951335113890904
48	conventional	60	0	0	1.1512359513363997	2.5674040869267007
49	holistic	60	0	0	0.8808820087191183	1.764575723969818
49	conventional	60	2	2	1.1332329986107803	2.556836647819623
50	holistic	60	0	0	0.8736035177026383	1.7678802402878528
50	conventional	60	0	0	1.167241195041437	3.394734001952821
51	holistic	60	1	1	0.8675276610537939	1.6777383268979844
51	conventional	60	0	0	1.1934501859293412	4.024243154265209
52	holistic	60	1	1	0.8590335126694028	1.6664248030576676
52	conventional	60	0	0	1.1721891935724582	2.8174610398564464
53	holistic	60	0	0	0.8525557260926125	1.6042597801648808
53	conventional	60	0	0	1.153386728346209	2.714008682040209
54	holistic	60	0	0	0.8899023152997897	1.7435977663868594
54	conventional	60	2	2	1.1067043142605943	2.909463690379218
55	holistic	60	0	0	0.8758236902513298	1.7482182268768804
55	conventional	60	3	3	1.0640839501865909	2.9319703650484694
56	holistic	60	0	0	0.8691346422412775	1.676253778393885
56	conventional	60	1	1	1.0848111723326275	2.8104831554811147
57	holistic	60	0	0	0.8734730802347541	1.7582810623045364
57	conventional	60	1	1	1.133660491213143	3.428573094056126
58	holistic	60	0	0	0.8753523284069209	1.8686266571013463
58	conventional	60	0	0	1.1819293817206664	3.354112549574647
59	holistic	60	1	1	0.8704356028650188	1.8339215773163666
59	conventional	60	2	2	1.1795064606367733	4.3835442169154755
60	holistic	60	0	0	0.8771923972479854	1.8348109657594103
60	conventional	60	1	1	1.1876631234472153	4.885689052714192
