RBT-107 design adversary: power of the directional (one-sided) tests the coordinator asked for, on the design's own
measured null, with its heavy tail kept, and the n each needs.
null rows (seed: A_NB co-evolved, designed) from design_power.txt: 1: +0.380 +0.027, 2: +0.006 +0.225, 3: +1.153 -0.374, 4: +0.125 +0.045, 7: -0.019 -0.108, 801: -0.034 +0.055, 804: -0.082 -0.134, 805: +0.031 +0.198, 806: +0.066 +0.081, 807: +0.000 -0.049
RMS co-evolved 0.388 (no seed 3: 0.139); designed 0.166; paired co - des 0.506 (no seed 3: 0.159); corr(co, des) across seeds -0.66
smoothing bandwidth (co-evolved, designed): 0.036, 0.074; no seed 3: 0.029, 0.064

== DES  null EMPIRICAL  d~240 as measured
   delta  n        t   wilcox   yuen20     sign   2s-int   (power; delta 0 row = size)
   +0.00  10    0.051    0.042    0.057    0.010    0.025
   +0.00  15    0.049    0.046    0.053    0.019    0.026
   +0.00  20    0.049    0.049    0.054    0.020    0.024
   +0.00  30    0.047    0.047    0.055    0.048    0.024
   +0.00  40    0.047    0.045    0.047    0.036    0.023
   +0.10  10    0.497    0.460    0.480    0.192    0.351
   +0.10  15    0.643    0.628    0.625    0.374    0.504
   +0.10  20    0.766    0.762    0.755    0.516    0.655
   +0.10  30    0.901    0.896    0.898    0.829    0.830
   +0.10  40    0.962    0.960    0.956    0.886    0.926
   +0.15  10    0.782    0.741    0.743    0.405    0.650
   +0.15  15    0.919    0.906    0.898    0.694    0.847
   +0.15  20    0.971    0.967    0.964    0.841    0.936
   +0.15  30    0.998    0.997    0.996    0.983    0.994
   +0.15  40    1.000    1.000    1.000    0.997    1.000
   +0.22  10    0.968    0.954    0.937    0.707    0.921
   +0.22  15    0.997    0.996    0.991    0.928    0.989
   +0.22  20    1.000    1.000    0.999    0.985    0.999
   +0.22  30    1.000    1.000    1.000    1.000    1.000
   +0.22  40    1.000    1.000    1.000    1.000    1.000
   +0.30  10    0.999    0.998    0.992    0.898    0.996
   +0.30  15    1.000    1.000    1.000    0.991    1.000
   +0.30  20    1.000    1.000    1.000    0.999    1.000
   +0.30  30    1.000    1.000    1.000    1.000    1.000
   +0.30  40    1.000    1.000    1.000    1.000    1.000

== DES  null GAUSS  d~240 as measured
   delta  n        t   wilcox   yuen20     sign   2s-int   (power; delta 0 row = size)
   +0.00  10    0.048    0.041    0.059    0.011    0.025
   +0.00  15    0.049    0.044    0.056    0.015    0.024
   +0.00  20    0.053    0.052    0.054    0.019    0.024
   +0.00  30    0.045    0.043    0.045    0.043    0.019
   +0.00  40    0.047    0.047    0.049    0.038    0.023
   +0.10  10    0.552    0.500    0.497    0.204    0.412
   +0.10  15    0.717    0.688    0.651    0.378    0.586
   +0.10  20    0.836    0.817    0.770    0.527    0.735
   +0.10  30    0.939    0.925    0.905    0.823    0.886
   +0.10  40    0.983    0.978    0.967    0.899    0.964
   +0.15  10    0.839    0.799    0.760    0.438    0.720
   +0.15  15    0.952    0.940    0.913    0.703    0.900
   +0.15  20    0.987    0.981    0.968    0.860    0.967
   +0.15  30    0.999    0.998    0.996    0.985    0.997
   +0.15  40    1.000    1.000    1.000    0.997    1.000
   +0.22  10    0.985    0.978    0.963    0.775    0.963
   +0.22  15    1.000    0.999    0.997    0.957    0.997
   +0.22  20    1.000    1.000    1.000    0.991    1.000
   +0.22  30    1.000    1.000    1.000    1.000    1.000
   +0.22  40    1.000    1.000    1.000    1.000    1.000
   +0.30  10    1.000    1.000    0.998    0.956    0.999
   +0.30  15    1.000    1.000    1.000    0.998    1.000
   +0.30  20    1.000    1.000    1.000    1.000    1.000
   +0.30  30    1.000    1.000    1.000    1.000    1.000
   +0.30  40    1.000    1.000    1.000    1.000    1.000

== PAIRED  null EMPIRICAL  d~240 as measured
   delta  n        t   wilcox   yuen20     sign   2s-int   (power; delta 0 row = size)
   +0.00  10    0.035    0.043    0.055    0.012    0.012
   +0.00  15    0.035    0.046    0.051    0.016    0.010
   +0.00  20    0.043    0.048    0.049    0.018    0.014
   +0.00  30    0.049    0.042    0.044    0.044    0.018
   +0.00  40    0.054    0.047    0.049    0.042    0.023
   +0.15  10    0.415    0.527    0.636    0.325    0.281
   +0.15  15    0.432    0.730    0.810    0.586    0.348
   +0.15  20    0.411    0.835    0.899    0.750    0.341
   +0.15  30    0.505    0.938    0.975    0.955    0.385
   +0.15  40    0.604    0.980    0.992    0.981    0.484
   +0.20  10    0.541    0.689    0.808    0.498    0.427
   +0.20  15    0.494    0.859    0.930    0.792    0.443
   +0.20  20    0.558    0.924    0.972    0.907    0.431
   +0.20  30    0.687    0.985    0.997    0.994    0.579
   +0.20  40    0.787    0.996    0.999    0.999    0.681
   +0.27  10    0.600    0.798    0.928    0.692    0.554
   +0.27  15    0.623    0.924    0.981    0.921    0.506
   +0.27  20    0.747    0.970    0.996    0.981    0.643
   +0.27  30    0.873    0.995    1.000    1.000    0.794
   +0.27  40    0.938    1.000    1.000    1.000    0.892
   +0.35  10    0.624    0.856    0.968    0.813    0.600
   +0.35  15    0.810    0.953    0.992    0.970    0.704
   +0.35  20    0.887    0.984    0.997    0.997    0.806
   +0.35  30    0.962    0.997    1.000    1.000    0.929
   +0.35  40    0.989    0.999    1.000    1.000    0.980

== PAIRED  null EMP-NO3  d~240 as measured
   delta  n        t   wilcox   yuen20     sign   2s-int   (power; delta 0 row = size)
   +0.00  10    0.047    0.041    0.054    0.010    0.022
   +0.00  15    0.048    0.043    0.050    0.015    0.023
   +0.00  20    0.051    0.047    0.057    0.019    0.025
   +0.00  30    0.048    0.044    0.049    0.046    0.023
   +0.00  40    0.048    0.043    0.048    0.040    0.024
   +0.15  10    0.802    0.767    0.777    0.449    0.683
   +0.15  15    0.932    0.921    0.916    0.733    0.870
   +0.15  20    0.979    0.976    0.973    0.874    0.955
   +0.15  30    0.999    0.997    0.997    0.991    0.994
   +0.15  40    1.000    1.000    1.000    0.999    1.000
   +0.20  10    0.953    0.932    0.920    0.660    0.887
   +0.20  15    0.993    0.991    0.984    0.908    0.981
   +0.20  20    1.000    1.000    0.999    0.978    0.999
   +0.20  30    1.000    1.000    1.000    0.999    1.000
   +0.20  40    1.000    1.000    1.000    1.000    1.000
   +0.27  10    0.997    0.994    0.988    0.865    0.989
   +0.27  15    1.000    1.000    0.999    0.982    0.999
   +0.27  20    1.000    1.000    1.000    0.999    1.000
   +0.27  30    1.000    1.000    1.000    1.000    1.000
   +0.27  40    1.000    1.000    1.000    1.000    1.000
   +0.35  10    1.000    1.000    0.999    0.966    1.000
   +0.35  15    1.000    1.000    1.000    0.998    1.000
   +0.35  20    1.000    1.000    1.000    1.000    1.000
   +0.35  30    1.000    1.000    1.000    1.000    1.000
   +0.35  40    1.000    1.000    1.000    1.000    1.000

== PAIRED  null GAUSS  d~240 as measured
   delta  n        t   wilcox   yuen20     sign   2s-int   (power; delta 0 row = size)
   +0.00  10    0.043    0.035    0.055    0.009    0.021
   +0.00  15    0.049    0.046    0.055    0.017    0.023
   +0.00  20    0.051    0.051    0.059    0.023    0.027
   +0.00  30    0.053    0.050    0.054    0.054    0.026
   +0.00  40    0.049    0.047    0.051    0.033    0.024
   +0.15  10    0.215    0.187    0.213    0.058    0.133
   +0.15  15    0.287    0.275    0.273    0.115    0.190
   +0.15  20    0.360    0.353    0.334    0.168    0.249
   +0.15  30    0.466    0.445    0.430    0.353    0.347
   +0.15  40    0.582    0.553    0.518    0.388    0.451
   +0.20  10    0.312    0.269    0.290    0.089    0.195
   +0.20  15    0.422    0.399    0.386    0.173    0.295
   +0.20  20    0.521    0.499    0.477    0.265    0.389
   +0.20  30    0.673    0.648    0.620    0.515    0.543
   +0.20  40    0.795    0.775    0.742    0.591    0.684
   +0.27  10    0.458    0.415    0.419    0.151    0.330
   +0.27  15    0.622    0.592    0.563    0.304    0.475
   +0.27  20    0.737    0.712    0.672    0.423    0.611
   +0.27  30    0.884    0.869    0.840    0.733    0.795
   +0.27  40    0.946    0.932    0.912    0.803    0.896
   +0.35  10    0.652    0.601    0.582    0.262    0.504
   +0.35  15    0.801    0.775    0.733    0.463    0.690
   +0.35  20    0.898    0.879    0.849    0.614    0.823
   +0.35  30    0.976    0.970    0.955    0.896    0.947
   +0.35  40    0.994    0.993    0.988    0.953    0.986

== CO  null EMPIRICAL  d~240 as measured
   delta  n        t   wilcox   yuen20     sign   2s-int   (power; delta 0 row = size)
   +0.00  10    0.025    0.040    0.041    0.011    0.006
   +0.00  15    0.041    0.050    0.045    0.020    0.010
   +0.00  20    0.037    0.045    0.039    0.020    0.012
   +0.00  30    0.047    0.049    0.044    0.049    0.020
   +0.00  40    0.048    0.050    0.046    0.041    0.022
   +0.10  10    0.366    0.600    0.789    0.493    0.250
   +0.10  15    0.380    0.743    0.900    0.780    0.287
   +0.10  20    0.370    0.836    0.941    0.903    0.296
   +0.10  30    0.417    0.933    0.975    0.995    0.305
   +0.10  40    0.513    0.974    0.988    0.999    0.404
   +0.20  10    0.585    0.775    0.918    0.730    0.527
   +0.20  15    0.612    0.893    0.963    0.941    0.489
   +0.20  20    0.732    0.949    0.990    0.988    0.631
   +0.20  30    0.841    0.991    0.999    1.000    0.758
   +0.20  40    0.923    0.998    1.000    1.000    0.871
   +0.30  10    0.670    0.819    0.963    0.734    0.603
   +0.30  15    0.850    0.950    0.994    0.946    0.798
   +0.30  20    0.935    0.984    0.998    0.989    0.889
   +0.30  30    0.984    0.996    0.999    1.000    0.968
   +0.30  40    0.997    1.000    1.000    1.000    0.990

== CO  null EMP-NO3  d~240 as measured
   delta  n        t   wilcox   yuen20     sign   2s-int   (power; delta 0 row = size)
   +0.00  10    0.036    0.038    0.047    0.009    0.011
   +0.00  15    0.046    0.045    0.049    0.016    0.018
   +0.00  20    0.047    0.045    0.049    0.018    0.022
   +0.00  30    0.051    0.047    0.049    0.046    0.022
   +0.00  40    0.045    0.040    0.041    0.033    0.018
   +0.10  10    0.641    0.758    0.904    0.643    0.560
   +0.10  15    0.813    0.896    0.979    0.895    0.728
   +0.10  20    0.908    0.962    0.995    0.970    0.842
   +0.10  30    0.970    0.994    0.999    1.000    0.944
   +0.10  40    0.996    0.999    1.000    1.000    0.987
   +0.20  10    0.982    0.961    0.986    0.897    0.946
   +0.20  15    0.999    0.997    0.997    0.992    0.996
   +0.20  20    1.000    1.000    0.999    0.999    0.999
   +0.20  30    1.000    1.000    1.000    1.000    1.000
   +0.20  40    1.000    1.000    1.000    1.000    1.000
   +0.30  10    1.000    1.000    0.998    0.896    0.999
   +0.30  15    1.000    1.000    1.000    0.993    1.000
   +0.30  20    1.000    1.000    1.000    1.000    1.000
   +0.30  30    1.000    1.000    1.000    1.000    1.000
   +0.30  40    1.000    1.000    1.000    1.000    1.000

== CO  null GAUSS  d~240 as measured
   delta  n        t   wilcox   yuen20     sign   2s-int   (power; delta 0 row = size)
   +0.00  10    0.049    0.042    0.061    0.013    0.025
   +0.00  15    0.050    0.046    0.054    0.019    0.026
   +0.00  20    0.047    0.049    0.055    0.021    0.024
   +0.00  30    0.049    0.048    0.052    0.049    0.026
   +0.00  40    0.054    0.049    0.052    0.044    0.024
   +0.10  10    0.196    0.166    0.191    0.050    0.114
   +0.10  15    0.235    0.222    0.227    0.090    0.141
   +0.10  20    0.295    0.282    0.275    0.128    0.188
   +0.10  30    0.386    0.372    0.355    0.291    0.262
   +0.10  40    0.478    0.458    0.431    0.320    0.351
   +0.20  10    0.438    0.391    0.398    0.144    0.299
   +0.20  15    0.590    0.563    0.538    0.286    0.451
   +0.20  20    0.714    0.697    0.657    0.403    0.591
   +0.20  30    0.868    0.857    0.834    0.722    0.782
   +0.20  40    0.941    0.932    0.908    0.797    0.891
   +0.30  10    0.732    0.681    0.659    0.319    0.595
   +0.30  15    0.886    0.870    0.834    0.581    0.801
   +0.30  20    0.958    0.951    0.929    0.744    0.915
   +0.30  30    0.994    0.992    0.986    0.951    0.983
   +0.30  40    0.999    0.999    0.997    0.979    0.996

== DES  null EMPIRICAL  scaled to d=800 (x1.83)
   delta  n        t   wilcox   yuen20     sign   2s-int   (power; delta 0 row = size)
   +0.00  10    0.048    0.041    0.060    0.011    0.023
   +0.00  15    0.051    0.045    0.054    0.017    0.024
   +0.00  20    0.044    0.040    0.052    0.016    0.022
   +0.00  30    0.050    0.047    0.053    0.049    0.024
   +0.00  40    0.047    0.048    0.055    0.042    0.023
   +0.10  10    0.225    0.204    0.230    0.064    0.138
   +0.10  15    0.303    0.293    0.307    0.137    0.196
   +0.10  20    0.369    0.370    0.370    0.192    0.251
   +0.10  30    0.496    0.492    0.487    0.409    0.369
   +0.10  40    0.588    0.587    0.580    0.453    0.462
   +0.15  10    0.373    0.342    0.370    0.136    0.259
   +0.15  15    0.506    0.505    0.500    0.254    0.377
   +0.15  20    0.638    0.627    0.619    0.372    0.497
   +0.15  30    0.793    0.784    0.775    0.700    0.676
   +0.15  40    0.875    0.872    0.867    0.756    0.790
   +0.22  10    0.626    0.582    0.593    0.282    0.477
   +0.22  15    0.790    0.777    0.770    0.502    0.666
   +0.22  20    0.890    0.881    0.867    0.663    0.806
   +0.22  30    0.971    0.968    0.963    0.923    0.938
   +0.22  40    0.992    0.992    0.990    0.962    0.983
   +0.30  10    0.826    0.783    0.783    0.455    0.698
   +0.30  15    0.948    0.941    0.930    0.763    0.901
   +0.30  20    0.987    0.986    0.980    0.894    0.972
   +0.30  30    1.000    0.999    0.999    0.992    0.998
   +0.30  40    1.000    1.000    1.000    0.999    1.000

== DES  null GAUSS  scaled to d=800 (x1.83)
   delta  n        t   wilcox   yuen20     sign   2s-int   (power; delta 0 row = size)
   +0.00  10    0.056    0.043    0.064    0.013    0.029
   +0.00  15    0.048    0.046    0.057    0.017    0.024
   +0.00  20    0.048    0.048    0.051    0.018    0.024
   +0.00  30    0.046    0.048    0.055    0.054    0.023
   +0.00  40    0.052    0.052    0.057    0.042    0.029
   +0.10  10    0.250    0.218    0.229    0.064    0.151
   +0.10  15    0.333    0.314    0.303    0.132    0.221
   +0.10  20    0.418    0.396    0.375    0.187    0.287
   +0.10  30    0.535    0.518    0.496    0.410    0.410
   +0.10  40    0.655    0.630    0.605    0.464    0.519
   +0.15  10    0.418    0.372    0.388    0.139    0.288
   +0.15  15    0.559    0.534    0.511    0.259    0.418
   +0.15  20    0.686    0.667    0.630    0.379    0.557
   +0.15  30    0.841    0.823    0.791    0.691    0.739
   +0.15  40    0.928    0.918    0.889    0.775    0.867
   +0.22  10    0.684    0.625    0.599    0.279    0.529
   +0.22  15    0.847    0.823    0.793    0.521    0.745
   +0.22  20    0.937    0.926    0.895    0.688    0.874
   +0.22  30    0.989    0.985    0.975    0.926    0.968
   +0.22  40    0.998    0.998    0.995    0.966    0.995
   +0.30  10    0.891    0.856    0.816    0.511    0.796
   +0.30  15    0.979    0.971    0.947    0.789    0.943
   +0.30  20    0.997    0.996    0.990    0.914    0.989
   +0.30  30    1.000    1.000    0.999    0.995    0.999
   +0.30  40    1.000    1.000    1.000    0.999    1.000

== PAIRED  null EMPIRICAL  scaled to d=800 (x1.83)
   delta  n        t   wilcox   yuen20     sign   2s-int   (power; delta 0 row = size)
   +0.00  10    0.032    0.044    0.054    0.009    0.012
   +0.00  15    0.037    0.047    0.050    0.019    0.010
   +0.00  20    0.042    0.048    0.053    0.023    0.015
   +0.00  30    0.046    0.044    0.048    0.044    0.019
   +0.00  40    0.055    0.044    0.046    0.036    0.022
   +0.15  10    0.199    0.273    0.316    0.111    0.110
   +0.15  15    0.240    0.363    0.412    0.207    0.133
   +0.15  20    0.252    0.484    0.536    0.329    0.171
   +0.15  30    0.272    0.626    0.682    0.615    0.187
   +0.15  40    0.280    0.731    0.778    0.687    0.184
   +0.20  10    0.299    0.386    0.457    0.188    0.178
   +0.20  15    0.351    0.541    0.606    0.376    0.232
   +0.20  20    0.326    0.647    0.710    0.502    0.245
   +0.20  30    0.353    0.807    0.857    0.810    0.256
   +0.20  40    0.418    0.902    0.939    0.887    0.303
   +0.27  10    0.425    0.533    0.649    0.317    0.283
   +0.27  15    0.421    0.711    0.792    0.565    0.336
   +0.27  20    0.413    0.821    0.885    0.730    0.344
   +0.27  30    0.500    0.939    0.971    0.951    0.386
   +0.27  40    0.589    0.976    0.991    0.976    0.468
   +0.35  10    0.526    0.666    0.791    0.478    0.407
   +0.35  15    0.480    0.830    0.910    0.753    0.429
   +0.35  20    0.516    0.914    0.967    0.892    0.404
   +0.35  30    0.653    0.983    0.996    0.992    0.544
   +0.35  40    0.752    0.997    0.999    0.999    0.650

== PAIRED  null EMP-NO3  scaled to d=800 (x1.83)
   delta  n        t   wilcox   yuen20     sign   2s-int   (power; delta 0 row = size)
   +0.00  10    0.051    0.043    0.052    0.012    0.025
   +0.00  15    0.049    0.046    0.054    0.018    0.026
   +0.00  20    0.054    0.052    0.054    0.022    0.022
   +0.00  30    0.054    0.052    0.056    0.052    0.029
   +0.00  40    0.047    0.046    0.052    0.039    0.025
   +0.15  10    0.409    0.369    0.396    0.145    0.278
   +0.15  15    0.533    0.525    0.532    0.278    0.389
   +0.15  20    0.639    0.641    0.644    0.407    0.519
   +0.15  30    0.817    0.810    0.811    0.729    0.707
   +0.15  40    0.908    0.907    0.909    0.813    0.838
   +0.20  10    0.580    0.543    0.569    0.261    0.434
   +0.20  15    0.745    0.732    0.736    0.476    0.623
   +0.20  20    0.855    0.844    0.845    0.639    0.757
   +0.20  30    0.952    0.949    0.950    0.904    0.913
   +0.20  40    0.988    0.987    0.985    0.952    0.973
   +0.27  10    0.796    0.759    0.768    0.440    0.663
   +0.27  15    0.929    0.916    0.910    0.724    0.858
   +0.27  20    0.980    0.976    0.969    0.863    0.950
   +0.27  30    0.998    0.998    0.997    0.988    0.995
   +0.27  40    1.000    1.000    1.000    0.998    0.999
   +0.35  10    0.939    0.917    0.907    0.635    0.867
   +0.35  15    0.993    0.991    0.983    0.896    0.978
   +0.35  20    0.999    0.999    0.998    0.968    0.997
   +0.35  30    1.000    1.000    1.000    1.000    1.000
   +0.35  40    1.000    1.000    1.000    1.000    1.000

== PAIRED  null GAUSS  scaled to d=800 (x1.83)
   delta  n        t   wilcox   yuen20     sign   2s-int   (power; delta 0 row = size)
   +0.00  10    0.048    0.040    0.061    0.011    0.024
   +0.00  15    0.055    0.053    0.064    0.020    0.028
   +0.00  20    0.050    0.048    0.053    0.022    0.026
   +0.00  30    0.054    0.053    0.057    0.056    0.028
   +0.00  40    0.049    0.050    0.056    0.042    0.026
   +0.15  10    0.123    0.103    0.130    0.030    0.066
   +0.15  15    0.143    0.133    0.146    0.052    0.079
   +0.15  20    0.170    0.161    0.167    0.069    0.101
   +0.15  30    0.210    0.198    0.200    0.165    0.128
   +0.15  40    0.260    0.255    0.247    0.177    0.168
   +0.20  10    0.144    0.128    0.153    0.038    0.085
   +0.20  15    0.184    0.172    0.181    0.063    0.106
   +0.20  20    0.234    0.225    0.225    0.099    0.145
   +0.20  30    0.307    0.292    0.287    0.233    0.204
   +0.20  40    0.376    0.360    0.349    0.261    0.262
   +0.27  10    0.219    0.184    0.209    0.059    0.130
   +0.27  15    0.287    0.271    0.270    0.112    0.181
   +0.27  20    0.330    0.319    0.310    0.154    0.230
   +0.27  30    0.463    0.441    0.421    0.347    0.339
   +0.27  40    0.556    0.538    0.511    0.378    0.428
   +0.35  10    0.289    0.252    0.271    0.081    0.187
   +0.35  15    0.396    0.375    0.357    0.165    0.272
   +0.35  20    0.485    0.465    0.444    0.231    0.352
   +0.35  30    0.637    0.616    0.584    0.488    0.511
   +0.35  40    0.756    0.733    0.695    0.547    0.646

== CO  null EMPIRICAL  scaled to d=800 (x1.83)
   delta  n        t   wilcox   yuen20     sign   2s-int   (power; delta 0 row = size)
   +0.00  10    0.025    0.038    0.042    0.009    0.007
   +0.00  15    0.040    0.044    0.039    0.017    0.010
   +0.00  20    0.041    0.048    0.041    0.022    0.012
   +0.00  30    0.053    0.054    0.047    0.054    0.020
   +0.00  40    0.052    0.051    0.046    0.044    0.024
   +0.10  10    0.208    0.371    0.447    0.211    0.121
   +0.10  15    0.215    0.510    0.602    0.393    0.115
   +0.10  20    0.218    0.620    0.713    0.552    0.133
   +0.10  30    0.232    0.766    0.855    0.845    0.151
   +0.10  40    0.250    0.855    0.927    0.905    0.158
   +0.20  10    0.398    0.632    0.823    0.544    0.264
   +0.20  15    0.421    0.774    0.916    0.814    0.337
   +0.20  20    0.407    0.851    0.948    0.932    0.334
   +0.20  30    0.480    0.940    0.973    0.998    0.359
   +0.20  40    0.565    0.981    0.992    0.999    0.444
   +0.30  10    0.540    0.737    0.912    0.713    0.454
   +0.30  15    0.510    0.831    0.939    0.926    0.448
   +0.30  20    0.603    0.908    0.974    0.982    0.464
   +0.30  30    0.726    0.969    0.998    1.000    0.629
   +0.30  40    0.833    0.993    1.000    1.000    0.745

== CO  null EMP-NO3  scaled to d=800 (x1.83)
   delta  n        t   wilcox   yuen20     sign   2s-int   (power; delta 0 row = size)
   +0.00  10    0.042    0.043    0.049    0.011    0.014
   +0.00  15    0.045    0.046    0.052    0.019    0.016
   +0.00  20    0.047    0.048    0.051    0.020    0.019
   +0.00  30    0.053    0.050    0.053    0.051    0.023
   +0.00  40    0.048    0.050    0.051    0.040    0.021
   +0.10  10    0.428    0.500    0.594    0.288    0.312
   +0.10  15    0.457    0.683    0.758    0.527    0.365
   +0.10  20    0.547    0.794    0.862    0.709    0.427
   +0.10  30    0.669    0.914    0.949    0.930    0.558
   +0.10  40    0.787    0.972    0.988    0.974    0.683
   +0.20  10    0.715    0.797    0.938    0.707    0.600
   +0.20  15    0.864    0.925    0.988    0.931    0.792
   +0.20  20    0.940    0.973    0.997    0.985    0.886
   +0.20  30    0.987    0.994    0.999    1.000    0.973
   +0.20  40    0.997    0.999    1.000    1.000    0.993
   +0.30  10    0.929    0.907    0.982    0.888    0.887
   +0.30  15    0.990    0.966    0.994    0.991    0.970
   +0.30  20    0.998    0.992    0.997    0.999    0.993
   +0.30  30    1.000    1.000    1.000    1.000    1.000
   +0.30  40    1.000    1.000    1.000    1.000    1.000

== CO  null GAUSS  scaled to d=800 (x1.83)
   delta  n        t   wilcox   yuen20     sign   2s-int   (power; delta 0 row = size)
   +0.00  10    0.051    0.043    0.060    0.011    0.025
   +0.00  15    0.052    0.047    0.055    0.020    0.024
   +0.00  20    0.047    0.046    0.056    0.020    0.022
   +0.00  30    0.053    0.048    0.053    0.047    0.027
   +0.00  40    0.050    0.047    0.051    0.043    0.025
   +0.10  10    0.107    0.089    0.116    0.027    0.058
   +0.10  15    0.132    0.126    0.134    0.048    0.074
   +0.10  20    0.161    0.151    0.155    0.064    0.096
   +0.10  30    0.186    0.175    0.175    0.144    0.110
   +0.10  40    0.219    0.203    0.201    0.150    0.136
   +0.20  10    0.200    0.176    0.197    0.059    0.124
   +0.20  15    0.276    0.259    0.257    0.106    0.174
   +0.20  20    0.334    0.319    0.310    0.147    0.224
   +0.20  30    0.444    0.426    0.415    0.335    0.326
   +0.20  40    0.543    0.516    0.496    0.375    0.408
   +0.30  10    0.334    0.301    0.309    0.097    0.226
   +0.30  15    0.460    0.443    0.415    0.210    0.337
   +0.30  20    0.577    0.561    0.524    0.295    0.442
   +0.30  30    0.732    0.708    0.674    0.573    0.616
   +0.30  40    0.829    0.813    0.785    0.646    0.738

