season	population	alive	births	deaths	mean_lifetime_score	best_lifetime_score	mean_age	max_age
0	holistic	60	0	0	-0.0006041068449219249	0.9824524106429587	31.3	59
0	conventional	60	2	2	0.3611775100668727	4.408067043475124	28.6	57
1	holistic	60	1	1	0.0070405081421224015	0.4824401770896684	31.3	59
1	conventional	60	0	0	0.4739994131521158	4.407906778021403	29.6	58
2	holistic	60	2	2	-0.002438232756616454	0.6491112691586787	30.3	59
2	conventional	60	4	4	0.35822224681375536	3.738112762237257	28.366666666666667	59
3	holistic	58	1	3	0.03847621421775428	1.7323535164611341	30.086206896551722	55
3	conventional	60	10	10	0.5315045987933716	3.5104086070549343	24.766666666666666	59
4	holistic	60	2	0	0.042149661463218545	1.982340357899416	30.05	56
4	conventional	60	9	9	0.5757317245914587	3.0356264656097545	20.7	57
5	holistic	60	1	1	0.054806200593942464	1.8156731131035466	30.983333333333334	57
5	conventional	60	2	2	0.747442733360958	5.404698942926724	21.383333333333333	58
6	holistic	60	4	4	0.053941944953159564	1.5537663389965066	30.716666666666665	58
6	conventional	60	5	5	0.6670571289770171	2.9017112605919837	21.083333333333332	59
7	holistic	60	1	1	0.05018774237080241	1.3573050650359617	31.65	59
7	conventional	60	10	10	0.7035318126268101	2.611291892932551	19.0	58
8	holistic	58	1	3	0.04881805279834634	1.6489519302007976	31.67241379310345	58
8	conventional	60	6	6	0.7430306005324036	2.6503015438386477	18.683333333333334	59
9	holistic	57	1	2	0.04454029068712708	1.482253300174015	32.526315789473685	59
9	conventional	60	7	7	0.8108380068485592	2.7928577553600253	17.666666666666668	57
10	holistic	48	1	10	0.06210758785190901	1.618601261804116	33.145833333333336	58
10	conventional	60	2	2	0.8505347131925907	3.50344441017037	18.5	58
11	holistic	12	2	38	0.3009678865635747	1.4822410828444228	18.416666666666668	56
11	conventional	60	3	3	0.7652003132996469	2.5595181592707035	19.283333333333335	59
12	holistic	13	1	0	0.24341483577184933	1.4437697017138993	17.923076923076923	57
12	conventional	60	5	5	0.7313197274365005	2.1538366931112156	17.516666666666666	59
13	holistic	13	1	1	0.3497832663671173	1.3393665831673123	18.615384615384617	58
13	conventional	60	5	5	0.6714150835977314	2.2307328862066083	15.783333333333333	59
14	holistic	12	1	2	0.3586428170951743	1.3155609881163028	19.666666666666668	59
14	conventional	60	3	3	0.7780371957029362	2.609320295644878	14.983333333333333	54
15	holistic	10	1	3	0.39746514188253707	1.4197205365028713	18.2	47
15	conventional	60	4	4	0.7882571971577577	2.44257506658327	15.166666666666666	55
16	holistic	10	1	1	0.34197631643980875	1.3351428117420554	15.0	48
16	conventional	60	0	0	0.7621501932821266	2.9149423344040897	16.166666666666668	56
17	holistic	11	1	0	0.29644424354102294	1.2599751304702798	14.545454545454545	49
17	conventional	60	3	3	0.7564537545652283	2.735531706787313	16.916666666666668	57
18	holistic	12	2	1	0.24568439590559107	1.245356693413653	13.916666666666666	50
18	conventional	60	1	1	0.7390798434471807	2.900078604788357	17.866666666666667	58
19	holistic	14	3	1	0.3568384210640439	1.9903822821239963	12.5	51
19	conventional	60	3	3	0.7431635850308123	2.41096226006313	18.7	59
20	holistic	14	2	2	0.29216689967820225	1.2679089942093977	13.0	52
20	conventional	60	3	3	0.7362093094497225	1.9006553848484036	18.466666666666665	57
21	holistic	17	3	0	0.319324602687532	1.3003644111416868	11.529411764705882	53
21	conventional	60	3	3	0.7759022657396493	1.8659834875859445	19.133333333333333	58
22	holistic	19	3	1	0.32256944870864546	1.2430500434970542	11.0	54
22	conventional	60	2	2	0.7515286317197071	1.79363549727306	19.716666666666665	59
23	holistic	20	2	1	0.31967391889534563	1.2321793168350277	8.7	55
23	conventional	60	3	3	0.7181358854838068	1.7281697878454942	19.666666666666668	56
24	holistic	19	2	3	0.3563534308184708	1.1821753609791508	9.736842105263158	56
24	conventional	60	4	4	0.6680999266409002	1.674220045408236	19.5	57
25	holistic	20	3	2	0.34857214828869165	1.3283350262284257	9.8	57
25	conventional	60	2	2	0.7535489542856731	2.368959637466863	20.366666666666667	58
26	holistic	20	3	3	0.43760401610086375	1.352559601712486	9.65	58
26	conventional	60	2	2	0.7872204845535096	1.783319770204354	21.3	59
27	holistic	21	2	1	0.3806891259679249	1.3036082835461509	9.952380952380953	59
27	conventional	60	1	1	0.7156645040997116	1.7135288972009228	21.3	59
28	holistic	23	4	2	0.4953700761999941	1.9399589026909072	7.217391304347826	35
28	conventional	60	4	4	0.6949299246677946	1.681334370198764	20.916666666666668	59
29	holistic	30	8	1	0.37947091018555856	1.2586330556191176	6.166666666666667	36
29	conventional	60	3	3	0.7082006085186786	1.5604826443792272	20.816666666666666	59
30	holistic	37	7	0	0.28340398445177245	1.3047557508467642	5.8108108108108105	37
30	conventional	60	3	3	0.650661365337595	1.5504936583458002	20.766666666666666	59
31	holistic	40	3	0	0.33117394552424056	1.965077342722077	6.3	38
31	conventional	60	2	2	0.6610559948210709	1.576548308545555	20.616666666666667	55
32	holistic	44	9	5	0.38213681218289525	2.936627447449432	6.204545454545454	39
32	conventional	60	3	3	0.6739853853524935	1.5289290849511117	21.466666666666665	56
33	holistic	48	12	8	0.4876920321973208	3.9385162068649695	5.729166666666667	40
33	conventional	60	1	1	0.7954756002444054	3.5400088242973875	22.433333333333334	57
34	holistic	57	13	4	0.48135869500814793	3.2717918368939074	5.385964912280702	41
34	conventional	60	2	2	0.8029930119053568	2.0833104901593504	23.283333333333335	58
35	holistic	60	7	4	0.49053182093409864	3.187228342793809	5.75	42
35	conventional	60	1	1	0.7623513889883088	3.344160295990754	24.133333333333333	59
36	holistic	60	4	4	0.5623032542220158	3.537823666848138	6.483333333333333	43
36	conventional	60	1	1	0.7249996398403593	2.41190965140236	24.133333333333333	59
37	holistic	60	8	8	0.5466416083044853	2.937282385551636	6.966666666666667	44
37	conventional	60	3	3	0.7156697385395676	2.073274073255791	24.05	57
38	holistic	60	9	9	0.5806566179462986	2.6508207104474044	7.216666666666667	45
38	conventional	60	0	0	0.7669392230743237	2.2560479752884115	25.05	58
39	holistic	60	4	4	0.5541208046833039	2.700298237046729	7.95	46
39	conventional	60	1	1	0.7403399811884483	2.236548633269291	26.016666666666666	59
40	holistic	60	4	4	0.5307198025238974	2.1618890005265174	8.683333333333334	47
40	conventional	60	1	1	0.7182166702038739	2.1705342773357	26.016666666666666	59
41	holistic	60	7	7	0.5820341189845841	2.7825756669717037	9.216666666666667	48
41	conventional	60	3	3	0.7578629781321234	2.2751867287498673	25.866666666666667	54
42	holistic	60	7	7	0.6139190960494695	2.5206991979591855	9.766666666666667	49
42	conventional	60	0	0	0.7467503824288233	2.29075285130826	26.866666666666667	55
43	holistic	60	3	3	0.5862076047362398	2.5743783498257433	10.566666666666666	50
43	conventional	60	3	3	0.7396190125114298	2.3044445980715786	26.866666666666667	55
44	holistic	60	3	3	0.6238370140146638	2.2835292857588394	11.366666666666667	51
44	conventional	60	0	0	0.7545497749749046	2.4026065966063204	27.866666666666667	56
45	holistic	60	4	4	0.6253038065174426	2.050749455410654	12.1	52
45	conventional	60	0	0	0.7909174819134599	2.6430879812326125	28.866666666666667	57
46	holistic	60	5	5	0.6400085388409119	2.042170556121223	12.766666666666667	53
46	conventional	60	3	3	0.7728138766655361	1.9792495394664418	28.533333333333335	58
47	holistic	60	2	2	0.6935080471524853	2.1578886424592048	13.633333333333333	54
47	conventional	60	2	2	0.8277706094286008	3.3353600724853427	29.283333333333335	59
48	holistic	60	2	2	0.7028790582669379	2.0103250778336927	14.5	55
48	conventional	60	2	2	0.8065650271739683	2.8390330387894593	29.2	54
49	holistic	60	3	3	0.7574097336431529	3.978479515200069	15.3	56
49	conventional	60	0	0	0.8291572967755474	2.2623566811991265	30.2	55
50	holistic	60	4	4	0.7572006708458384	2.4784799478268495	16.05	57
50	conventional	60	1	1	0.8380931080250466	2.7784729029023723	30.7	56
51	holistic	60	1	1	0.7634954604436007	1.9996489771510366	16.983333333333334	58
51	conventional	60	2	2	0.848757704765196	2.652657894367294	31.533333333333335	57
52	holistic	60	1	1	0.7329552728367704	1.944058824772685	17.8	59
52	conventional	60	0	0	0.8069984358301617	2.0708885526237633	32.53333333333333	58
53	holistic	60	3	3	0.7074738295193067	1.8958166980885065	17.666666666666668	49
53	conventional	60	0	0	0.8247033569757505	1.7322371932250171	33.53333333333333	59
54	holistic	60	3	3	0.7348933899595209	1.9918315013486818	18.466666666666665	50
54	conventional	60	2	2	0.8050679860434526	1.5839717646354696	33.416666666666664	58
55	holistic	60	1	1	0.710845237944835	1.901189030568687	19.4	51
55	conventional	60	0	0	0.8238677818049402	1.5828022583772183	34.416666666666664	59
56	holistic	60	1	1	0.6903158638114032	1.813757631037578	20.333333333333332	52
56	conventional	60	3	3	0.7771452877875086	1.6423869447163268	34.25	58
57	holistic	60	4	4	0.7025631067895193	1.8147536240711235	21.033333333333335	53
57	conventional	60	0	0	0.8300924837469079	3.3513199277037233	35.25	59
58	holistic	60	1	1	0.6987324899572707	1.7770714238436551	21.966666666666665	54
58	conventional	60	2	2	0.7864833564043746	1.8587715287035205	34.35	58
59	holistic	60	2	2	0.7052871209668404	1.8672878038169443	22.6	55
59	conventional	60	0	0	0.8243932290041208	2.0398497227833334	35.35	59
60	holistic	60	1	1	0.7002144616663932	1.8012419706552936	23.533333333333335	56
60	conventional	60	2	2	0.8020401377319024	2.123212519271437	35.31666666666667	58
61	holistic	60	4	4	0.717374383720746	1.8356129818528244	24.216666666666665	57
61	conventional	60	0	0	0.8026608582279704	1.7746429053405037	36.31666666666667	59
62	holistic	60	1	1	0.7129884940647842	1.8028349600298137	25.15	58
62	conventional	60	4	4	0.7370475536380294	1.6604232984925504	35.18333333333333	59
63	holistic	60	2	2	0.6896008604237873	1.7508361252758688	25.766666666666666	59
63	conventional	60	2	2	0.6954226677824891	1.6932055830247985	35.03333333333333	59
64	holistic	60	2	2	0.7046740791888308	1.8497194138404756	25.716666666666665	56
64	conventional	60	6	6	0.7381819709809183	2.537061557086789	32.63333333333333	58
65	holistic	60	5	5	0.7160393428966565	1.9112706748799921	26.333333333333332	57
65	conventional	60	0	0	0.8016175073569131	2.308877151437046	33.63333333333333	59
66	holistic	60	1	1	0.7875357819931815	2.9928681472721297	27.3	58
66	conventional	60	6	6	0.7720931135002793	2.785261912079835	31.5	59
67	holistic	60	1	1	0.7661305894645806	1.9056010902114036	28.233333333333334	59
67	conventional	60	5	5	0.7296488521626225	2.4805941061151175	28.1	59
68	holistic	60	2	2	0.7504535258220649	1.9316519323059578	28.166666666666668	56
68	conventional	60	6	6	0.7144483045567187	1.7904044971464224	25.95	59
69	holistic	60	1	1	0.8165037463315868	1.9745945149840138	29.1	57
69	conventional	60	4	4	0.7052854558994065	2.3159217137077746	23.9	59
70	holistic	60	0	0	0.7914838030168386	1.925523959086415	30.1	58
70	conventional	60	7	7	0.7514181639450264	6.2972595062657035	22.7	59
71	holistic	60	1	1	0.784151098736589	1.9753619184626305	31.033333333333335	59
71	conventional	60	3	3	0.6686043150964113	3.3035401949580794	21.633333333333333	59
72	holistic	60	2	2	0.785914302697759	2.0224528047127204	30.966666666666665	54
72	conventional	60	2	2	0.6615751355156204	1.9670882016706768	21.566666666666666	59
73	holistic	60	1	1	0.7724459030198271	1.9672661083964322	31.9	55
73	conventional	60	10	10	0.6313825774746884	1.7988604699919448	18.2	59
74	holistic	60	0	0	0.774443626571606	1.9392014495035383	32.9	56
74	conventional	60	5	5	0.6950101626868549	2.219432412168409	16.316666666666666	57
75	holistic	60	2	2	0.7701601989404204	1.9127108960122996	33.68333333333333	57
75	conventional	60	5	5	0.7385395268566602	1.6812132593416136	17.033333333333335	58
76	holistic	60	2	2	0.7962964316136244	1.8949589447866342	34.55	58
76	conventional	60	3	3	0.7258269982232617	1.608827222338408	17.783333333333335	59
77	holistic	60	0	0	0.7905257479359499	1.8401462593043882	35.55	59
77	conventional	60	3	3	0.7335248320202988	2.110913679941028	17.683333333333334	58
78	holistic	60	1	1	0.7785346192866105	1.839686867863455	35.55	59
78	conventional	60	1	1	0.7040670814962755	1.6077013072742516	18.6	59
79	holistic	60	3	3	0.750762358525306	1.795794910302838	34.483333333333334	58
79	conventional	60	2	2	0.7218002826149392	1.5088746519114162	18.55	59
80	holistic	60	2	2	0.7860831388140626	1.8892884747103706	35.35	59
80	conventional	60	3	3	0.8234269761746495	5.408715205464995	18.283333333333335	56
81	holistic	60	1	1	0.7866880747668568	1.9781449213044957	35.35	59
81	conventional	60	1	1	1.004373641201146	7.400911729136626	19.266666666666666	57
82	holistic	60	2	2	0.7912740157085397	1.978141053166171	35.28333333333333	58
82	conventional	60	1	1	0.9254085346614478	3.888353050589424	20.116666666666667	58
83	holistic	60	2	2	0.7754346612056932	1.6974881146937113	36.15	59
83	conventional	60	0	0	0.8958874487423665	2.3330521882601953	21.116666666666667	59
84	holistic	60	3	3	0.754422166123746	1.7390705136332434	36.016666666666666	59
84	conventional	60	2	2	0.7992729835166106	1.819993134087567	20.966666666666665	56
85	holistic	60	2	2	0.7521040096307989	1.7406334786624895	35.95	59
85	conventional	60	3	3	0.7606208119488911	2.2256048085785354	21.516666666666666	57
86	holistic	60	5	5	0.7904884766822361	3.9067284234764172	33.86666666666667	59
86	conventional	60	1	1	0.861469333916605	5.45430770638007	22.483333333333334	58
87	holistic	60	2	2	0.7895720880150271	3.4049629323191883	33.8	57
87	conventional	60	2	2	0.8322247057381531	3.45506299401001	23.35	59
88	holistic	60	3	3	0.7797234264305902	2.581122367061751	34.6	58
88	conventional	60	3	3	0.9814206152872631	7.197161819326987	22.85	59
89	holistic	60	0	0	0.8052864342506574	3.6624968535098406	35.6	59
89	conventional	60	3	3	0.9187407837863616	4.711945014613748	22.783333333333335	59
90	holistic	60	6	6	0.7628494684524815	3.117521676571907	33.4	59
90	conventional	60	2	2	0.8947190414928247	3.537813236071249	22.75	58
91	holistic	60	2	2	0.7555306624623922	3.7568244765602476	33.333333333333336	59
91	conventional	60	1	1	0.8638622661901568	2.9575145354589862	23.733333333333334	59
92	holistic	60	5	5	0.7050614320331497	3.6353611629326843	30.266666666666666	59
92	conventional	60	4	4	0.8558411628177295	2.411117279230744	21.516666666666666	59
93	holistic	60	5	5	0.6404019846766481	3.419092982964475	26.266666666666666	59
93	conventional	60	1	1	0.9967525864748967	4.307587700130045	21.516666666666666	56
94	holistic	60	8	8	0.6236383711976156	3.9178273009609503	23.0	59
94	conventional	60	1	1	0.9311251335476532	4.786640083766319	22.216666666666665	57
95	holistic	60	5	5	0.5660458170164298	3.81675305897089	20.866666666666667	58
95	conventional	60	2	2	0.881481150420787	3.3824522431983017	22.8	58
96	holistic	60	5	5	0.6405389215136437	3.915736564394452	21.566666666666666	59
96	conventional	60	2	2	0.841619200884946	2.536604542449947	23.633333333333333	59
97	holistic	60	6	6	0.6632695019422525	3.5894251840282476	21.25	59
97	conventional	60	2	2	0.816469709681345	2.6868304569931367	22.633333333333333	57
98	holistic	60	6	6	0.6059769416579552	3.9982476654796058	19.05	58
98	conventional	60	1	1	0.8192201129160218	2.1181278868144693	23.583333333333332	58
99	holistic	60	3	3	0.5926930391457076	3.712658546516777	19.85	59
99	conventional	60	1	1	0.8575566999809953	2.4104335189169848	24.533333333333335	59
100	holistic	60	4	4	0.6467995535926693	3.7255006907976145	19.65	59
100	conventional	60	2	2	0.8734574936479981	3.4050021248666837	24.483333333333334	59
101	holistic	60	6	6	0.6634414086523827	4.381781257661748	19.316666666666666	59
101	conventional	60	2	2	0.8531551726409465	2.4353217655238666	24.283333333333335	55
102	holistic	60	9	9	0.6283690107345511	3.280131486474178	17.4	59
102	conventional	60	1	1	0.7867449239893196	2.0818196657968895	25.216666666666665	56
103	holistic	60	2	2	0.6211274300610586	3.095253712789563	17.333333333333332	58
103	conventional	60	0	0	0.7847812545803785	1.8436044836478236	26.216666666666665	57
104	holistic	60	3	3	0.5943235125978441	2.927441627489731	18.133333333333333	59
104	conventional	60	1	1	0.8170053803311651	2.03386159837912	27.183333333333334	58
105	holistic	60	10	10	0.6157340599297825	2.9263442540792948	17.616666666666667	59
105	conventional	60	1	1	0.845856072907973	2.477610502376816	28.1	59
106	holistic	60	5	5	0.619102368998618	2.877837091142509	16.416666666666668	58
106	conventional	60	3	3	0.8474854608580085	3.4672062126551855	27.633333333333333	59
107	holistic	60	2	2	0.6174886784116734	2.7470263142723947	17.283333333333335	59
107	conventional	60	1	1	0.8066092682078628	2.1360733994563943	27.633333333333333	57
108	holistic	60	3	3	0.5777556914992046	2.884316525052327	16.216666666666665	59
108	conventional	60	2	2	0.7925185241694457	1.721182149082178	28.55	58
109	holistic	60	9	9	0.5875944288640566	2.7641366698418133	15.683333333333334	56
109	conventional	60	0	0	0.7969142528772559	1.61158565430636	29.55	59
110	holistic	60	5	5	0.6670057432559673	2.9296943436243357	16.2	57
110	conventional	60	1	1	0.808836067054462	1.5720724767542062	29.55	59
111	holistic	60	4	4	0.6568987649731802	2.8141525553537914	16.833333333333332	58
111	conventional	60	2	2	0.726318958159416	1.5102808745627743	28.55	55
112	holistic	60	2	2	0.694352766407024	2.7064616648752047	17.7	59
112	conventional	60	3	3	0.7782304848995032	1.592723590908179	29.35	56
113	holistic	60	6	6	0.6992916574225319	2.6098023197010902	17.366666666666667	54
113	conventional	60	1	1	0.7688185055389009	1.5113626920096206	30.316666666666666	57
114	holistic	60	4	4	0.7100017024026865	2.5198091362631216	18.1	55
114	conventional	60	2	2	0.7796178872381357	1.546747634549176	31.25	58
115	holistic	60	1	1	0.7283456230241884	2.599353690013427	19.033333333333335	56
115	conventional	60	0	0	0.7547768705535691	1.5455785489424383	32.25	59
116	holistic	60	2	2	0.7173130354087499	2.5133706757533547	19.9	57
116	conventional	60	2	2	0.7445957312492085	1.6881957051918444	31.25	56
117	holistic	60	1	1	0.7880502692201997	3.8160991656338275	20.833333333333332	58
117	conventional	60	2	2	0.9095099812025437	5.313784108463887	32.15	57
118	holistic	60	4	4	0.7538854776977663	2.4491318297403795	21.3	59
118	conventional	60	2	2	0.8439684484869944	2.9040747680432073	32.333333333333336	58
119	holistic	60	5	5	0.7066010511756909	2.5330253001088505	20.35	59
119	conventional	60	1	1	0.8134067412048533	2.9884426187457804	33.3	59
120	holistic	60	3	3	0.6892231513396513	2.467435432810194	20.166666666666668	57
120	conventional	60	2	2	0.7888878920238203	2.321497337387047	33.266666666666666	58
121	holistic	60	3	3	0.7084583858349665	2.5224130779069656	20.916666666666668	58
121	conventional	60	2	2	0.7965566042690927	1.7120196645861978	33.7	59
122	holistic	60	3	3	0.6916501126995986	2.5713503602499257	21.716666666666665	59
122	conventional	60	2	2	0.7531589163705339	1.5795856790125962	33.516666666666666	58
123	holistic	60	5	5	0.7084625264058846	2.7273037250122747	21.45	58
123	conventional	60	0	0	0.7815638724905424	1.5169117332974775	34.516666666666666	59
124	holistic	60	2	2	0.7082403465496261	2.665124683687438	22.316666666666666	59
124	conventional	60	4	4	0.7778638393404599	1.5324713716748946	33.4	58
125	holistic	60	6	6	0.6928767311772535	2.673825333990285	19.183333333333334	57
125	conventional	60	0	0	0.840676725406045	1.703164799189831	34.4	59
126	holistic	60	1	1	0.6985253034931248	2.6798001279736825	20.116666666666667	58
126	conventional	60	2	2	0.8116509530936857	1.4652614708755645	34.36666666666667	59
127	holistic	60	4	4	0.7238072486073229	2.6849732887945987	20.783333333333335	59
127	conventional	60	2	2	0.7931689093421405	1.4395822124746378	34.266666666666666	59
128	holistic	60	4	4	0.7626919045101853	2.720032061179443	20.416666666666668	53
128	conventional	60	4	4	0.8135327091888029	1.4394879664789186	31.266666666666666	59
129	holistic	60	4	4	0.7538900185846008	2.695539845560648	21.15	54
129	conventional	60	4	4	0.7543566769377499	2.526930088235361	29.216666666666665	59
130	holistic	60	0	0	0.7676350450392296	2.61415769104357	22.15	55
130	conventional	60	5	5	0.8963669552765164	3.6310422307939993	27.15	59
131	holistic	60	5	5	0.8015665292421646	2.5383468543000673	22.65	56
131	conventional	60	2	2	0.8293173091141538	3.2596984248236636	27.116666666666667	57
132	holistic	60	2	2	0.7922234505621083	2.629848745525414	23.516666666666666	57
132	conventional	60	2	2	0.9620707959065125	4.257170883479389	28.05	58
133	holistic	60	4	4	0.7858036428872718	2.6107265920396334	24.083333333333332	58
133	conventional	60	0	0	0.9342954926784792	4.372614480010134	29.05	59
134	holistic	60	1	1	0.7692439824268201	2.5415742727133592	24.966666666666665	59
134	conventional	60	5	5	0.780238689000029	2.6651808744411722	25.95	59
135	holistic	60	6	6	0.7655310555995368	2.476214790914285	24.266666666666666	56
135	conventional	60	3	3	0.914626555636786	3.4943431717884508	24.883333333333333	59
136	holistic	60	2	2	0.7872593824622326	2.5883279433903077	25.15	57
136	conventional	60	2	2	0.9054657436836554	2.695780932249867	24.783333333333335	59
137	holistic	60	3	3	0.7801142243140634	2.5674190894000697	25.766666666666666	58
137	conventional	60	3	3	0.7751082356880523	2.3927475686135073	23.666666666666668	59
138	holistic	60	1	1	0.8099881343205851	2.550711796749991	26.7	59
138	conventional	60	2	2	0.7596563676188022	2.155269292239362	23.633333333333333	59
139	holistic	60	7	7	0.7730019220346577	2.4914314040197425	26.3	57
139	conventional	60	4	4	0.7498362744377806	1.9181920740102725	23.483333333333334	59
140	holistic	60	2	2	0.809373930528739	2.8173385221667093	27.166666666666668	58
140	conventional	60	4	4	0.7830077074232356	1.7392253677106613	22.366666666666667	58
141	holistic	60	2	2	0.8480971687902703	4.3235525196955225	28.033333333333335	59
141	conventional	60	1	1	0.747924961728637	2.14719018379574	23.216666666666665	59
142	holistic	60	5	5	0.8626158584493495	3.4909331441758824	27.716666666666665	59
142	conventional	60	4	4	0.7389981460888474	2.0728568331503787	23.116666666666667	57
143	holistic	60	4	4	0.8850659143952672	2.970245657669088	27.516666666666666	58
143	conventional	60	2	2	0.7614560489327171	1.7943149059062264	24.016666666666666	58
144	holistic	60	0	0	0.8645302804280545	2.432052348074385	28.516666666666666	59
144	conventional	60	2	2	0.7343258851456794	1.6693488655164657	24.316666666666666	59
145	holistic	60	2	2	0.8318984619459636	2.461892602632296	28.45	59
145	conventional	60	6	6	0.7049351297262088	1.7510349969989476	22.933333333333334	58
146	holistic	60	6	6	0.815601385102461	2.549201521569762	27.133333333333333	59
146	conventional	60	2	2	0.7861712104609793	4.387956726947146	23.733333333333334	59
147	holistic	60	2	2	0.9509880518696611	8.905067914654929	27.066666666666666	59
147	conventional	60	4	4	0.8416206912879426	3.7086586893538356	22.65	57
148	holistic	60	2	2	0.9422871622590445	4.900169013219283	26.983333333333334	58
148	conventional	60	0	0	0.9462902384208696	6.310612752438996	23.65	58
149	holistic	60	2	2	0.9625515965778727	3.802249664189925	27.85	59
149	conventional	60	3	3	0.7967147840314094	3.2766061827034516	24.5	59
150	holistic	60	6	6	0.9023680314178139	3.2968895167314427	26.533333333333335	58
150	conventional	60	2	2	0.8569489814238287	3.2693314416628922	24.4	59
151	holistic	60	2	2	0.9486112798868852	4.466468420047502	27.383333333333333	59
151	conventional	60	1	1	0.7756421299765839	2.9706215453777336	24.4	59
152	holistic	60	3	3	0.9480494505750812	4.300291610447746	27.266666666666666	59
152	conventional	60	6	6	0.730552550806799	2.4658367289831067	21.333333333333332	56
153	holistic	60	1	1	0.9150717208396911	3.606673226976182	27.266666666666666	59
153	conventional	60	1	1	0.7902423175629191	2.4831513037469533	22.016666666666666	57
154	holistic	60	5	5	0.8498372509966601	3.02277409024775	25.133333333333333	59
154	conventional	60	4	4	0.7464680545684502	1.9922872509614615	22.816666666666666	58
155	holistic	60	4	4	0.8375223633700278	2.897712343514239	24.0	59
155	conventional	60	1	1	0.8787296760392859	5.4448484054429045	23.6	59
156	holistic	60	3	3	0.8657675206485715	4.933586732407995	23.833333333333332	57
156	conventional	60	2	2	0.7759471687378153	2.947633078970516	23.583333333333332	59
157	holistic	60	1	1	0.8689542923142812	4.933783522962756	24.766666666666666	58
157	conventional	60	2	2	0.7502796673676448	2.4583497846101396	23.416666666666668	58
158	holistic	60	2	2	0.8628283710718588	3.267541109864787	25.633333333333333	59
158	conventional	60	2	2	0.7643582541370023	1.7153540416567652	24.366666666666667	59
159	holistic	60	5	5	0.8428823730740163	3.9349579509298205	23.666666666666668	57
159	conventional	60	1	1	0.7107015645266982	1.4623081256814687	24.366666666666667	59
160	holistic	60	5	5	0.8539067619238244	3.134642855575433	24.2	58
160	conventional	60	2	2	0.7354442297061309	2.281143177234809	24.333333333333332	59
161	holistic	60	0	0	0.8768747299745742	3.1018535070782085	25.2	59
161	conventional	60	3	3	0.7319380828340132	2.2936507918523406	23.25	57
162	holistic	60	5	5	0.8050471307496384	2.792955001207701	22.133333333333333	58
162	conventional	60	1	1	0.716670080823159	1.573139261073073	23.55	58
163	holistic	60	2	2	0.798083091811257	3.186096280681807	23.0	59
163	conventional	60	0	0	0.7056977529883498	1.3948781239868682	24.55	59
164	holistic	60	6	6	0.7997425435145005	3.269637908868873	22.483333333333334	59
164	conventional	60	2	2	0.702603508176289	1.6912297350050691	24.35	58
165	holistic	60	3	3	0.9389164151558788	3.6367034928610735	22.25	59
165	conventional	60	1	1	0.7396833301488638	1.4397360182231937	25.3	59
166	holistic	60	3	3	1.0055356215628417	3.6786145742768346	22.116666666666667	57
166	conventional	60	2	2	0.7526834438816163	2.441598806589234	25.15	59
167	holistic	60	2	2	0.9620557710539085	3.124783761414452	22.983333333333334	58
167	conventional	60	1	1	0.7341285114551432	1.5196272917050377	25.15	59
168	holistic	60	0	0	0.9521148806222653	2.8597886087873507	23.983333333333334	59
168	conventional	60	2	2	0.6896193785065332	1.5206330413832465	25.116666666666667	56
169	holistic	60	4	4	0.8986507859773586	2.793932686462514	22.666666666666668	59
169	conventional	60	0	0	0.7077760640652104	1.4335858182872183	26.116666666666667	57
170	holistic	60	4	4	0.9208158802786429	2.8701585654012054	22.466666666666665	59
170	conventional	60	1	1	0.749945608999066	1.4793508443024952	26.8	58
171	holistic	60	3	3	0.8860632776320347	2.8743641636731487	21.4	58
171	conventional	60	0	0	0.7606346500552126	1.6898805070899594	27.8	59
172	holistic	60	2	2	0.9924807683142913	2.819262723851214	22.183333333333334	59
172	conventional	60	3	3	0.7451386053880156	1.832463201802115	27.166666666666668	59
173	holistic	60	3	3	0.94184898756478	2.7701612031149336	20.183333333333334	57
173	conventional	60	1	1	0.7755853000355111	1.6495535950606737	27.166666666666668	57
174	holistic	60	1	1	0.9416115446948378	2.778827946106863	21.116666666666667	58
174	conventional	60	0	0	0.7793343507541642	1.5099633141745208	28.166666666666668	58
175	holistic	60	2	2	0.9164671383395181	2.7365654979451177	21.983333333333334	59
175	conventional	60	0	0	0.8365087803532417	3.4783921988554303	29.166666666666668	59
176	holistic	60	2	2	0.9040377868479118	2.7811882634775587	21.916666666666668	56
176	conventional	60	2	2	0.7736169928638534	2.48467493516292	28.166666666666668	58
177	holistic	60	2	2	0.9273375843192907	2.527424768863161	22.816666666666666	57
177	conventional	60	0	0	0.7341047302090471	2.232041366182852	29.166666666666668	59
178	holistic	60	1	1	0.9384892749998017	2.675572452201152	23.75	58
178	conventional	60	2	2	0.7635813493768102	1.8810287069909513	29.066666666666666	56
179	holistic	60	1	1	0.9357874882918539	3.0199176253646542	24.683333333333334	59
179	conventional	60	1	1	0.7999324458029362	1.5367090525779346	30.016666666666666	57
180	holistic	60	2	2	0.914745514767744	2.8965115310052636	24.55	59
180	conventional	60	0	0	0.7783521612231171	1.5360504712244625	31.016666666666666	58
181	holistic	60	3	3	0.9185807736502287	2.859698534800605	24.416666666666668	56
181	conventional	60	1	1	0.7816224773448501	1.8609386371898653	31.983333333333334	59
182	holistic	60	1	1	0.9233853888766029	2.7513999355143417	25.35	57
182	conventional	60	1	1	0.7714495348638027	1.9305520211084024	31.983333333333334	58
183	holistic	60	3	3	0.922091957231033	2.7937321602334255	26.05	58
183	conventional	60	1	1	0.7924916056074014	1.8870248837181385	32.95	59
184	holistic	60	2	2	0.9332249049633664	2.90205649095822	26.95	59
184	conventional	60	2	2	0.7550129996821676	1.8544758046460514	31.95	58
185	holistic	60	4	4	0.9110788425364476	2.969982776429335	26.8	58
185	conventional	60	4	4	0.7578502016789254	2.0305108709465425	31.816666666666666	59
186	holistic	60	1	1	0.9189797150606529	3.162565315644634	27.75	59
186	conventional	60	4	4	0.7769167462093169	2.633268385706468	31.6	59
187	holistic	60	1	1	0.9179319664973468	3.186852364918614	27.75	59
187	conventional	60	2	2	0.7895642864279984	2.3504449760220605	30.6	59
188	holistic	60	3	3	0.9356410965885356	3.270179002808332	26.683333333333334	59
188	conventional	60	2	2	0.7762819669340655	2.2099415763798205	30.533333333333335	59
189	holistic	60	5	5	0.9795557309211527	3.319217009447936	25.483333333333334	58
189	conventional	60	3	3	0.8035415876540377	2.5273854986660527	28.533333333333335	59
190	holistic	60	0	0	0.9548927491473301	3.2225909561556243	26.483333333333334	59
190	conventional	60	2	2	0.7623962730847632	2.2405742928072847	28.45	59
191	holistic	60	3	3	0.9412189554094861	3.131351074357952	26.233333333333334	58
191	conventional	60	3	3	0.7969620693291678	2.1451966259634623	28.333333333333332	59
192	holistic	60	0	0	0.926180086781436	3.1531197556094397	27.233333333333334	59
192	conventional	60	1	1	0.8270045731329887	4.338663381983391	28.333333333333332	58
193	holistic	60	5	5	0.8995900782036232	3.252759561282032	26.966666666666665	56
193	conventional	60	4	4	0.7977468330891107	3.2283432156677727	29.083333333333332	59
194	holistic	60	1	1	0.9209803022737642	3.270336278423041	27.916666666666668	57
194	conventional	60	3	3	0.7519580959597019	3.7594718980374644	27.083333333333332	58
195	holistic	60	1	1	0.9304822360667787	3.461927759018643	28.85	58
195	conventional	60	0	0	0.859375873323815	2.6171945728069805	28.083333333333332	59
196	holistic	60	1	1	0.9534408598613398	3.4003771296075507	29.716666666666665	59
196	conventional	60	2	2	0.8665920499295972	2.345800873663939	28.05	59
197	holistic	60	2	2	0.9516673113179084	3.460751091706597	29.65	58
197	conventional	60	1	1	0.8740109290206981	2.358626421013551	28.05	59
198	holistic	60	1	1	0.9756222283554398	3.3788114033550283	30.583333333333332	59
198	conventional	60	3	3	0.8422859488190654	2.124734110080372	27.85	56
199	holistic	60	2	2	0.9359396655555882	3.3460615001728544	29.583333333333332	59
199	conventional	60	1	1	0.9188192139546737	2.5907520239367474	28.666666666666668	57
200	holistic	60	1	1	0.9357086858858664	3.292509344045606	29.583333333333332	59
200	conventional	60	0	0	0.8715134449193609	2.255004469487265	29.666666666666668	58
201	holistic	60	2	2	0.9018448467169199	3.328274246060262	29.516666666666666	59
201	conventional	60	2	2	0.8872499288655494	2.502111832457784	30.55	59
202	holistic	60	4	4	0.8821610067466221	3.4049687439322844	28.183333333333334	59
202	conventional	60	4	4	0.8736439880254442	2.251963477783321	28.483333333333334	59
203	holistic	60	4	4	0.9147638534694071	3.4367610735577827	28.0	57
203	conventional	60	1	1	0.9358470138839193	3.2930290130007327	28.483333333333334	58
204	holistic	60	0	0	0.9297351328207379	3.4673590015016442	29.0	58
204	conventional	60	0	0	0.8640921575851374	2.3694041881366283	29.483333333333334	59
205	holistic	60	1	1	0.9070138512808817	3.3967358418879923	29.8	59
205	conventional	60	4	4	0.800530021627569	1.668329121277111	27.45	59
206	holistic	60	4	4	0.8423024909901196	3.446458149460501	28.666666666666668	59
206	conventional	60	3	3	0.8264381536084631	2.4837718954071457	27.35	59
207	holistic	60	3	3	0.8245729228504047	3.4366655618039292	28.333333333333332	59
207	conventional	60	5	5	0.8108670488174586	2.9870518688218537	26.316666666666666	58
208	holistic	60	1	1	0.8740056581737016	3.389484908878308	28.333333333333332	58
208	conventional	60	0	0	0.7721169388332687	1.8024555668764684	27.316666666666666	59
209	holistic	60	0	0	0.8565505228110665	3.34404218401781	29.333333333333332	59
209	conventional	60	3	3	0.7280023914690791	1.7811829042685992	25.316666666666666	57
210	holistic	60	5	5	0.8360148794142463	3.372938954490344	27.133333333333333	56
210	conventional	60	3	3	0.8564379836671604	2.4798602918386323	25.816666666666666	58
211	holistic	60	3	3	0.9266065333785733	3.3115825540051214	27.933333333333334	57
211	conventional	60	1	1	0.7996253204180934	2.1267376291553064	26.733333333333334	59
212	holistic	60	3	3	0.9039822473611834	3.3400932743708114	28.816666666666666	58
212	conventional	60	5	5	0.80056903197871	2.089197795368563	24.683333333333334	58
213	holistic	60	0	0	0.8929467388383096	3.3848513653838963	29.816666666666666	59
213	conventional	60	2	2	0.8518899031090008	2.5972765362736325	25.566666666666666	59
214	holistic	60	2	2	0.87213186813814	3.3773031955519492	29.75	59
214	conventional	60	5	5	0.731404144739787	1.6050122835694622	23.266666666666666	56
215	holistic	60	5	5	0.7804680111091737	2.6856443617427446	28.45	58
215	conventional	60	4	4	0.7272118432979308	1.4310737097633508	23.55	57
216	holistic	60	3	3	0.7690031323650406	2.6550863370738544	29.25	59
216	conventional	60	1	1	0.7400882126171545	1.4248063563129902	24.516666666666666	58
217	holistic	60	1	1	0.8082890640090745	2.6601193239242455	29.25	59
217	conventional	60	3	3	0.7631742291740201	1.7135316691124032	25.266666666666666	59
218	holistic	60	3	3	0.7795815950572431	2.665021341898896	28.383333333333333	59
218	conventional	60	4	4	0.7137900925343479	1.9776488665986875	25.116666666666667	59
219	holistic	60	6	6	0.729841221709296	2.445333953274826	26.183333333333334	59
219	conventional	60	2	2	0.7498087989128172	2.315106873138122	25.083333333333332	59
220	holistic	60	3	3	0.7980297560640053	2.468903034799891	26.05	58
220	conventional	60	4	4	0.7828682109025714	3.4285265206678717	24.033333333333335	59
221	holistic	60	3	3	0.9028252945390804	2.869161930665581	26.4	59
221	conventional	60	4	4	0.7740717017423268	3.431744604535681	22.016666666666666	57
222	holistic	60	1	1	0.9036898358354434	2.9566128807381205	26.4	58
222	conventional	60	1	1	0.8469336914934064	2.7738221947067907	22.983333333333334	58
223	holistic	60	1	1	0.8587537780936568	2.206754708514436	27.333333333333332	59
223	conventional	60	2	2	0.8444634972689298	2.856713068462286	23.716666666666665	59
224	holistic	60	7	7	0.7360519739475213	2.093761129868192	22.266666666666666	59
224	conventional	60	4	4	0.7950053473674527	2.6879138367908637	22.65	59
225	holistic	60	3	3	0.7965421352121864	2.979895345219433	21.2	58
225	conventional	60	3	3	0.8315071257076837	2.6258280685334063	22.316666666666666	59
226	holistic	60	1	1	0.8139967516624317	2.480983886877207	22.066666666666666	59
226	conventional	60	2	2	0.9427502127424678	4.382569345818887	22.116666666666667	58
227	holistic	60	2	2	0.8267877218153452	2.6479834878796082	22.016666666666666	58
227	conventional	60	0	0	0.9697725648302107	2.5163248745750213	23.116666666666667	59
228	holistic	60	4	4	0.8341586277101515	2.782959197455206	22.75	59
228	conventional	60	4	4	0.8832185123053528	3.0640721796178694	21.983333333333334	58
229	holistic	60	4	4	0.893753237224176	2.8463023475254365	20.683333333333334	59
229	conventional	60	1	1	0.8816309556706831	2.5933433115737063	22.966666666666665	59
230	holistic	60	3	3	0.8458425901279213	2.6394436878735177	19.616666666666667	59
230	conventional	60	2	2	0.9102913678936869	3.257202901712337	22.933333333333334	58
231	holistic	60	2	2	0.8296664618251645	2.4521276614776397	19.55	58
231	conventional	60	2	2	0.843002363557914	2.2551175846454603	23.6	59
232	holistic	60	4	4	0.8513596373104709	2.3739083935802916	20.316666666666666	59
232	conventional	60	1	1	0.9961046761646025	4.358204990911149	23.6	59
233	holistic	60	6	6	0.8566984113263345	2.1638069254562384	19.1	52
233	conventional	60	1	1	0.9057856926572777	2.5038701636871252	23.6	55
234	holistic	60	0	0	0.8818724297026874	2.0997735197517593	20.1	53
234	conventional	60	1	1	0.8709904151409014	2.281227786607023	24.583333333333332	56
235	holistic	60	2	2	0.9077335941524144	2.2068146396506645	21.0	54
235	conventional	60	0	0	0.8936287352124553	2.1462916959951	25.583333333333332	57
236	holistic	60	3	3	0.9358300581015134	2.8209889631285012	21.816666666666666	55
236	conventional	60	0	0	0.9708751275330105	3.0481994119767926	26.583333333333332	58
237	holistic	60	2	2	0.9048043285294447	2.3469488903690525	22.683333333333334	56
237	conventional	60	0	0	0.9549018929330743	2.3006345635762204	27.583333333333332	59
238	holistic	60	1	1	0.8949278398988326	2.351037808322796	23.583333333333332	57
238	conventional	60	1	1	0.9413639356474965	2.302229453886964	27.583333333333332	56
239	holistic	60	1	1	0.9453036299896416	2.9299552352071947	24.516666666666666	58
239	conventional	60	1	1	0.9651898884592123	2.162166539841797	28.433333333333334	57
240	holistic	60	4	4	0.9303303124216399	2.311265781091323	25.3	59
240	conventional	60	0	0	0.9492322673264643	2.1830797203512255	29.433333333333334	58
241	holistic	60	3	3	0.8869537520207188	2.1827538245987808	25.166666666666668	58
241	conventional	60	0	0	0.9309016000131585	2.0879913560700256	30.433333333333334	59
242	holistic	60	0	0	0.8986120012574601	2.237780847564479	26.166666666666668	59
242	conventional	60	1	1	0.9139553763163943	1.8277383315011178	30.433333333333334	57
243	holistic	60	2	2	0.8532956092423749	2.1207937657280387	25.166666666666668	58
243	conventional	60	0	0	0.9083286616977994	1.7200729053729809	31.433333333333334	58
244	holistic	60	4	4	0.8556955957956311	2.0530296381835433	25.633333333333333	59
244	conventional	60	0	0	0.9108432433716216	1.8098952935011468	32.43333333333333	59
245	holistic	60	4	4	0.8724415766583261	2.7715575023244092	24.733333333333334	57
245	conventional	60	2	2	0.8731502604017244	1.6965553603359553	31.433333333333334	59
246	holistic	60	0	0	0.8671409945481522	3.7715320738784572	25.733333333333334	58
246	conventional	60	2	2	0.8585317439796782	1.671102335209066	31.316666666666666	59
247	holistic	60	2	2	0.8785695404646435	4.109662002060516	26.633333333333333	59
247	conventional	60	3	3	0.8808378587617007	2.6026069734274424	30.283333333333335	58
248	holistic	60	4	4	0.8427971510362011	5.0264572192594335	26.383333333333333	59
248	conventional	60	0	0	0.8593766674344229	1.672169193988345	31.283333333333335	59
249	holistic	60	6	6	0.8525921217011655	4.379399828451019	25.566666666666666	56
249	conventional	60	2	2	0.8596477480413568	1.853105604149808	31.25	59
250	holistic	60	0	0	0.9466012298630027	3.7798169118988967	26.566666666666666	57
250	conventional	60	3	3	0.8298212870664193	1.7694579608174448	30.2	59
251	holistic	60	1	1	0.9500247776381185	4.984026195656203	27.5	58
251	conventional	60	1	1	0.822866304952447	1.7104760287901966	30.2	59
252	holistic	60	4	4	0.9305528453272844	3.9840539361379403	27.716666666666665	59
252	conventional	60	2	2	0.8490424527358182	2.3146880307060096	30.083333333333332	59
253	holistic	60	6	6	0.8606620942214444	3.2340714699381845	25.516666666666666	58
253	conventional	60	3	3	0.8510048290103305	4.250216056222318	28.083333333333332	59
254	holistic	60	0	0	0.8723878725706692	2.984090929792381	26.516666666666666	59
254	conventional	60	3	3	0.9218307194629257	4.523888650175421	27.05	57
255	holistic	60	2	2	0.8931251566949374	3.81742209057978	26.45	59
255	conventional	60	0	0	0.8680548617134997	3.8862800627035403	28.05	58
256	holistic	60	3	3	0.9275192504735416	3.555544835282619	25.933333333333334	55
256	conventional	60	1	1	0.8661821589983296	2.4012761667705864	29.016666666666666	59
257	holistic	60	3	3	0.926506091241357	3.359445352053397	26.733333333333334	56
257	conventional	60	3	3	0.8063844933516591	1.658230704502423	28.916666666666668	55
258	holistic	60	0	0	0.937565618283855	3.9843881744840672	27.733333333333334	57
258	conventional	60	2	2	0.9069098313605412	4.207791585864244	29.8	56
259	holistic	60	3	3	0.9529388695125884	3.884365812117558	28.5	58
259	conventional	60	1	1	0.8743250445218399	2.7066932586305428	30.783333333333335	57
260	holistic	60	2	2	0.9461190401335727	3.529863041341791	29.3	59
260	conventional	60	1	1	0.8727490741471337	1.874391190642666	31.766666666666666	58
261	holistic	60	4	4	0.9729068709823632	3.3178912765236497	28.166666666666668	59
261	conventional	60	0	0	0.8541595169771424	1.4967985058820679	32.766666666666666	59
262	holistic	60	1	1	1.0847815205348648	5.433044599910362	28.166666666666668	59
262	conventional	60	5	5	0.794496027776299	1.6270912542977876	29.733333333333334	57
263	holistic	60	5	5	1.0661660418033196	4.526848164133387	26.033333333333335	57
263	conventional	60	1	1	0.8801536027784231	2.7107399013052653	30.716666666666665	58
264	holistic	60	1	1	1.0427175339491752	4.609510138389786	26.9	58
264	conventional	60	0	0	0.9007774638483733	1.5940737947431267	31.716666666666665	59
265	holistic	60	2	2	1.0624282927147304	3.6735416285235023	27.766666666666666	59
265	conventional	60	2	2	0.8727384516692899	2.236426855467585	30.716666666666665	58
266	holistic	60	4	4	0.966848254096275	3.3559833787441025	25.7	56
266	conventional	60	1	1	0.8649940842485077	1.5940143804440456	31.666666666666668	59
267	holistic	60	2	2	0.9584928425874473	3.2623053746050754	26.566666666666666	57
267	conventional	60	3	3	0.8066138947020184	1.5476103678449047	29.666666666666668	58
268	holistic	60	1	1	1.005879891457125	3.2477240244434675	27.5	58
268	conventional	60	1	1	0.8555795216003254	1.5485895582994587	30.5	59
269	holistic	60	2	2	0.9873997492371892	3.2845741616216486	28.366666666666667	59
269	conventional	60	2	2	0.7953336926605026	1.5938625689026922	30.433333333333334	57
270	holistic	60	5	5	0.958486676253387	3.3179052568818412	26.25	55
270	conventional	60	1	1	0.8013177365372298	1.5504853687068292	31.4	58
271	holistic	60	0	0	0.9942632434383314	3.2572800893050053	27.25	56
271	conventional	60	1	1	0.85845648508436	3.290885769640949	32.36666666666667	59
272	holistic	60	1	1	0.9725938716363927	3.2019212064018006	28.183333333333334	57
272	conventional	60	4	4	0.7620422012035749	2.2953682389589787	30.283333333333335	58
273	holistic	60	2	2	1.0421144771965472	3.7045884075604754	29.05	58
273	conventional	60	0	0	0.8356027473997376	3.3005094334787	31.283333333333335	59
274	holistic	60	2	2	1.03269414050513	3.1444747208832666	29.916666666666668	59
274	conventional	60	1	1	0.8568280205575399	3.3040106654764276	31.283333333333335	59
275	holistic	60	3	3	0.9801711952803515	3.061384624474739	28.716666666666665	59
275	conventional	60	3	3	0.7798068615729777	2.2936379091586443	29.283333333333335	58
276	holistic	60	1	1	0.9612833641840399	3.132592417847516	28.716666666666665	58
276	conventional	60	2	2	0.7610364167358228	1.7939603952113652	30.066666666666666	59
277	holistic	60	2	2	0.9531053518795607	3.1987993101604415	29.183333333333334	59
277	conventional	60	2	2	0.7876006466312057	2.303846219434903	30.016666666666666	59
278	holistic	60	2	2	0.9379643267056249	3.156950335110556	28.183333333333334	59
278	conventional	60	6	6	0.6985590125228939	1.7944126784785421	27.85	59
279	holistic	60	6	6	0.8636220954889848	3.0511851960218928	25.05	59
279	conventional	60	4	4	0.7661716935689015	3.2883943227829615	27.783333333333335	59
280	holistic	60	2	2	0.8729928254724723	3.1780546026900027	24.05	59
280	conventional	60	4	4	0.7907977948237055	3.6897084660174713	26.666666666666668	59
281	holistic	60	2	2	0.9225310971840364	3.109493395060426	23.983333333333334	59
281	conventional	60	3	3	0.7795267644790236	2.6707644286552625	25.633333333333333	59
282	holistic	60	5	5	0.9576882843047453	3.105743008325213	23.533333333333335	59
282	conventional	60	3	3	0.7747546691810606	2.3334176917834366	25.416666666666668	59
283	holistic	60	3	3	0.9672572963752327	3.013944563254059	23.4	59
283	conventional	60	1	1	0.7753939082978568	2.1556255638351356	25.416666666666668	59
284	holistic	60	3	3	0.9654850243355476	3.013088833383522	23.033333333333335	59
284	conventional	60	3	3	0.7959453706972818	2.328189084905201	25.3	59
285	holistic	60	3	3	0.9208781350692399	3.0123436768525367	21.983333333333334	58
285	conventional	60	3	3	0.7940551435504967	2.320670340464365	24.2	59
286	holistic	60	3	3	0.8974023309308986	2.9845557169981833	22.733333333333334	59
286	conventional	60	4	4	0.731050335421284	2.1196261109801484	23.15	58
287	holistic	60	4	4	0.8964884340653045	3.0108583073303894	22.5	59
287	conventional	60	2	2	0.7291145858850087	2.0690881628499875	23.983333333333334	59
288	holistic	60	6	6	1.0554168492314997	4.9358527346730705	21.666666666666668	59
288	conventional	60	5	5	0.7681874969949793	2.0636394407468575	22.816666666666666	59
289	holistic	60	1	1	1.154664926991223	5.976295101125591	21.666666666666668	59
289	conventional	60	3	3	0.7901873323911001	2.5206406228201095	22.283333333333335	59
290	holistic	60	3	3	1.076921708711713	3.2000942889427066	21.466666666666665	58
290	conventional	60	5	5	0.6927528863688274	1.664680678094167	22.116666666666667	59
291	holistic	60	2	2	1.2376165674292838	10.388590620397068	22.333333333333332	59
291	conventional	60	2	2	0.7720806970907746	2.2326121780338295	21.116666666666667	59
292	holistic	60	4	4	1.1589649513583964	7.88561003825882	22.15	59
292	conventional	60	3	3	0.8134602977308927	2.4685072586158263	20.366666666666667	58
293	holistic	60	2	2	1.1050067875956153	5.03612890788813	21.15	58
293	conventional	60	1	1	0.8348592018970005	2.427466936732889	21.316666666666666	59
294	holistic	60	1	1	1.0612740750477228	3.872851723588908	22.016666666666666	59
294	conventional	60	1	1	0.8875526452505811	4.1915621855699055	21.316666666666666	56
295	holistic	60	4	4	1.022634558180568	3.3782302773282282	21.833333333333332	57
295	conventional	60	1	1	0.8064247957434496	2.198220560738764	22.133333333333333	57
296	holistic	60	0	0	1.0771338512532556	3.208844114933322	22.833333333333332	58
296	conventional	60	0	0	0.8122362507821873	1.9770617963626094	23.133333333333333	58
297	holistic	60	1	1	1.070335645846731	2.9220089331343275	23.766666666666666	59
297	conventional	60	1	1	0.7937868448500093	1.7410935014381212	24.0	59
298	holistic	60	1	1	1.1889964751057562	6.958681255949356	23.766666666666666	58
298	conventional	60	2	2	0.7937942367773484	1.8933848061443255	23.933333333333334	56
299	holistic	60	2	2	1.1590750522040945	5.458153819879649	24.633333333333333	59
299	conventional	60	1	1	0.7554681493992708	1.5123113654059974	24.866666666666667	57
300	holistic	60	1	1	1.1592436581575807	4.2909658329737494	24.633333333333333	59
300	conventional	60	0	0	0.8019793961831722	2.250971715987652	25.866666666666667	58
301	holistic	60	2	2	1.1091364368907335	3.9569608458399887	24.333333333333332	57
301	conventional	60	1	1	0.8154697224981227	3.235002097175537	26.816666666666666	59
302	holistic	60	0	0	1.112235151958841	3.757634723795661	25.333333333333332	58
302	conventional	60	2	2	0.8025557076272045	3.563691166151805	26.583333333333332	56
303	holistic	60	3	3	1.1209182797865898	3.4606408054978606	25.85	59
303	conventional	60	0	0	0.8660057377340262	3.501061342833151	27.583333333333332	57
304	holistic	60	2	2	1.1478487822762564	3.245748618777065	25.8	56
304	conventional	60	0	0	0.845313575003488	2.435822128664475	28.583333333333332	58
305	holistic	60	0	0	1.153998124774121	2.8345968171604756	26.8	57
305	conventional	60	0	0	0.8811193259023286	2.7374454716558234	29.583333333333332	59
306	holistic	60	0	0	1.1708400975915445	2.848990975757044	27.8	58
306	conventional	60	2	2	0.8404001249944243	2.240844994302622	28.583333333333332	59
307	holistic	60	1	1	1.1799108088772985	2.8605487618870735	28.7	59
307	conventional	60	1	1	0.8176089902500543	2.1308008726664878	28.583333333333332	58
308	holistic	60	4	4	1.1342798395013014	2.869390308072459	27.566666666666666	59
308	conventional	60	0	0	0.8198095120700739	1.9197573438902862	29.583333333333332	59
309	holistic	60	3	3	1.0698217727304136	2.960534922144331	26.55	57
309	conventional	60	2	2	0.7927842110653801	1.777829526900591	28.583333333333332	59
310	holistic	60	0	0	1.0401409059589852	3.3450085855811365	27.55	58
310	conventional	60	4	4	0.7781736554638773	1.898065906439868	26.516666666666666	59
311	holistic	60	2	2	1.0252770992449285	3.4601869001907963	27.55	59
311	conventional	60	3	3	0.8594841271912649	5.276681577863761	26.266666666666666	59
312	holistic	60	2	2	1.058568754537147	3.493480532391695	27.483333333333334	59
312	conventional	60	2	2	0.8626755520622721	2.8784490489389163	26.233333333333334	59
313	holistic	60	1	1	1.119306074096484	3.8524239013484665	27.483333333333334	58
313	conventional	60	1	1	0.9335149664178516	3.375612227862275	26.233333333333334	56
314	holistic	60	0	0	1.1180309453076807	4.49612116129503	28.483333333333334	59
314	conventional	60	0	0	0.8473838038115498	1.708031963139776	27.233333333333334	57
315	holistic	60	2	2	1.1086097463913742	3.5616323860706554	28.416666666666668	58
315	conventional	60	0	0	0.8391809089687197	1.6882190507126815	28.233333333333334	58
316	holistic	60	0	0	1.094396141575252	3.278413630129242	29.416666666666668	59
316	conventional	60	0	0	0.8320740942262586	2.1318785193297	29.233333333333334	59
317	holistic	60	3	3	1.0766993080781921	3.162520451317938	29.216666666666665	58
317	conventional	60	3	3	0.8490534974449369	2.584077049077966	27.233333333333334	55
318	holistic	60	0	0	1.1437926484715109	3.009850737188594	30.216666666666665	59
318	conventional	60	0	0	0.8606672074190326	3.2831400953017074	28.233333333333334	56
319	holistic	60	5	5	1.1323017229402403	2.9165441254154314	29.483333333333334	59
319	conventional	60	2	2	0.8273848275535247	1.95197849430089	28.566666666666666	57
320	holistic	60	3	3	1.0877395731720374	2.7878360695637583	28.466666666666665	59
320	conventional	60	1	1	0.9252131965952053	2.6746649208905016	29.516666666666666	58
321	holistic	60	2	2	1.0582766088024398	2.711811752299571	27.466666666666665	58
321	conventional	60	1	1	0.9035959759290532	1.7088725550128432	30.316666666666666	59
322	holistic	60	0	0	1.0566674603296218	2.6416707201415615	28.466666666666665	59
322	conventional	60	5	5	0.8239067640439667	1.6587290408872064	26.716666666666665	57
323	holistic	60	5	5	1.1167821708624046	2.5400680001361167	27.283333333333335	57
323	conventional	60	0	0	1.0359605153584763	4.236489721137076	27.716666666666665	58
324	holistic	60	0	0	1.1455437131019122	3.1861729724975802	28.283333333333335	58
324	conventional	60	1	1	0.9869140934878234	3.3694877154616085	28.5	59
325	holistic	60	0	0	1.1107300571752872	2.685231854488495	29.283333333333335	59
325	conventional	60	1	1	1.0160803013401287	4.039731604189874	28.5	58
326	holistic	60	2	2	1.0484008108481386	2.555191435218556	28.283333333333335	59
326	conventional	60	1	1	0.9827299110969016	2.9743206405198555	29.4	59
327	holistic	60	4	4	1.038951202624624	3.1164317254871343	28.083333333333332	57
327	conventional	60	2	2	0.9523675627306833	2.3693110297293014	28.9	58
328	holistic	60	0	0	1.0335246134697318	2.8129760047634806	29.083333333333332	58
328	conventional	60	1	1	0.9181022155632449	2.1733536565821217	29.883333333333333	59
329	holistic	60	0	0	1.0708885785722075	2.5773297176198993	30.083333333333332	59
329	conventional	60	1	1	0.9657941117757768	2.373250848905871	29.883333333333333	59
330	holistic	60	5	5	1.04091912032825	2.628850777479802	28.833333333333332	58
330	conventional	60	1	1	0.9285127416748025	2.1241000816989	29.883333333333333	58
331	holistic	60	0	0	1.0620624126971026	2.5974013157473146	29.833333333333332	59
331	conventional	60	0	0	0.9546039060700856	1.9695949190862752	30.883333333333333	59
332	holistic	60	1	1	1.0619851562471234	2.733390402607125	29.833333333333332	59
332	conventional	60	2	2	0.9209751539971412	2.1158628604465535	29.883333333333333	57
333	holistic	60	1	1	1.0381337459945883	2.6840061923696528	29.833333333333332	59
333	conventional	60	2	2	0.8816047753710746	1.895691460338903	30.733333333333334	58
334	holistic	60	4	4	1.0087731999770526	2.7995263147506946	28.7	59
334	conventional	60	0	0	0.939361455541708	2.0356301509235135	31.733333333333334	59
335	holistic	60	2	2	1.0589182725169572	2.9267795861930006	28.566666666666666	58
335	conventional	60	2	2	0.9638546763693839	2.5944213075698057	31.65	59
336	holistic	60	0	0	1.0463694820513574	2.782131992461089	29.566666666666666	59
336	conventional	60	2	2	0.8983393511289519	2.004681929779647	30.65	58
337	holistic	60	3	3	1.039647101719888	2.7865720326235834	29.45	58
337	conventional	60	0	0	0.889631307398349	2.4566667868296688	31.65	59
338	holistic	60	2	2	1.0443692963130549	2.790720101948362	30.25	59
338	conventional	60	4	4	0.8504961592045942	2.0891503979116	29.616666666666667	59
339	holistic	60	3	3	1.1075455453559413	2.8067324470829083	29.183333333333334	59
339	conventional	60	1	1	0.8683579872246641	2.547637287738016	29.616666666666667	59
340	holistic	60	2	2	1.146235315403748	2.9396761582108653	28.183333333333334	59
340	conventional	60	1	1	0.900140865060964	3.0073700425844363	29.616666666666667	59
341	holistic	60	2	2	1.0729062331164727	3.882502661460835	28.116666666666667	59
341	conventional	60	5	5	0.9066379258879178	4.193359864497924	27.85	59
342	holistic	60	1	1	1.0593431240935658	3.8878445068543126	28.116666666666667	57
342	conventional	60	2	2	0.9659261622170376	3.0154187200540177	26.85	56
343	holistic	60	0	0	1.0818155820676316	3.640644838847755	29.116666666666667	58
343	conventional	60	0	0	0.927537235048904	2.3316983064072345	27.85	57
344	holistic	60	0	0	1.0995177036240549	3.0883597523386017	30.116666666666667	59
344	conventional	60	0	0	0.8930638353760968	2.3483470520259484	28.85	58
345	holistic	60	3	3	1.1039317062814544	2.8899160553352683	29.05	58
345	conventional	60	1	1	0.8855318361227542	2.372013935951156	29.8	59
346	holistic	60	0	0	1.0927136437142217	2.6023074704441482	30.05	59
346	conventional	60	2	2	0.8728601772666944	2.011433358840109	29.783333333333335	59
347	holistic	60	2	2	1.0401345007065155	2.6521915609957256	29.05	59
347	conventional	60	2	2	0.80831910267751	2.168748519939249	28.783333333333335	59
348	holistic	60	5	5	0.9461313592514705	2.6177050608701533	26.033333333333335	58
348	conventional	60	4	4	0.7961343956472795	1.818408198763469	27.733333333333334	59
349	holistic	60	1	1	0.969467739359558	2.58568630004702	26.966666666666665	59
349	conventional	60	1	1	0.844855116610056	2.2925149664338575	27.733333333333334	59
350	holistic	60	4	4	0.9709596479372764	2.85263663369142	24.783333333333335	58
350	conventional	60	6	6	0.8020147592495619	2.04112179622397	24.55	59
351	holistic	60	0	0	0.9840418976922037	2.597895816466095	25.783333333333335	59
351	conventional	60	2	2	0.9043152837306129	4.233220098962205	23.55	59
352	holistic	60	5	5	0.8945323019043471	2.3627896335012957	23.466666666666665	59
352	conventional	60	5	5	0.8500237712066164	3.2236855874438257	21.45	59
353	holistic	60	2	2	0.962286017695588	2.373445516222932	23.4	59
353	conventional	60	6	6	0.8673688916957895	4.319691817320558	20.966666666666665	55
354	holistic	60	4	4	1.0010391541001817	4.4240670195604626	23.033333333333335	57
354	conventional	60	3	3	0.9649699758884719	6.334227409795012	21.566666666666666	56
355	holistic	60	0	0	1.0918660355862384	4.246546636411558	24.033333333333335	58
355	conventional	60	4	4	0.8868954919303691	2.836760325474091	22.016666666666666	57
356	holistic	60	2	2	1.0407831549696147	3.3940079274297683	24.9	59
356	conventional	60	1	1	1.0062764458090185	3.3138645207130937	22.983333333333334	58
357	holistic	60	3	3	0.9755368279811599	2.89329119712142	24.633333333333333	59
357	conventional	60	1	1	0.9400093812131292	3.311574819693683	23.966666666666665	59
358	holistic	60	2	2	0.957926012943468	2.5661265924603556	24.533333333333335	59
358	conventional	60	1	1	0.8687256004948571	2.5111675075789863	23.966666666666665	59
359	holistic	60	1	1	0.9718941690618403	2.3369804452785505	24.533333333333335	59
359	conventional	60	2	2	0.9632121964157184	2.810963521868364	23.933333333333334	57
360	holistic	60	23	23	0.6016987944196928	2.189189125694623	15.283333333333333	57
360	conventional	60	20	20	0.6671166042654603	2.310428313573547	16.633333333333333	58
361	holistic	60	0	0	0.9042390598600252	4.992668020484376	16.283333333333335	58
361	conventional	60	0	0	1.2625173864007793	10.30389600519526	17.633333333333333	59
362	holistic	60	2	2	0.95904867209154	5.858988833971581	17.083333333333332	59
362	conventional	60	4	4	1.0449608885584205	6.802570624621563	17.533333333333335	55
363	holistic	60	2	2	0.8870630029464265	4.51988500309081	16.083333333333332	55
363	conventional	60	0	0	0.9398282228445964	4.307589577142446	18.533333333333335	56
364	holistic	60	5	5	0.8906956170958488	4.599055582970442	16.683333333333334	56
364	conventional	60	1	1	0.8964314610160319	3.8071732393158335	19.5	57
365	holistic	60	1	1	0.9326444064346383	4.445887822776706	17.55	57
365	conventional	60	1	1	0.9369150736534713	3.045738591452667	20.45	58
366	holistic	60	1	1	0.9139612764695287	3.684904835123987	17.583333333333332	58
366	conventional	60	2	2	0.861964105363553	3.0811245539801653	21.283333333333335	59
367	holistic	60	2	2	0.9499594506945915	3.855660217139462	18.433333333333334	59
367	conventional	60	2	2	0.9358580977737366	2.5279955150502977	21.166666666666668	57
368	holistic	60	7	7	0.8797499001950704	3.4837667137750286	17.6	57
368	conventional	60	0	0	0.829054579051606	2.2532111718092653	22.166666666666668	58
369	holistic	60	1	1	0.8779361451915224	3.527953511846912	18.45	58
369	conventional	60	2	2	0.827004513764217	2.259535546607091	23.1	59
370	holistic	60	2	2	0.8775247621933709	3.3632372765029026	19.333333333333332	59
370	conventional	60	3	3	0.800367306166111	2.065632575122028	22.033333333333335	59
371	holistic	60	3	3	0.8728844953598628	3.3193746894132463	19.083333333333332	59
371	conventional	60	1	1	0.8914023037652948	3.1218112496250683	22.033333333333335	59
372	holistic	60	3	3	0.8910948281005068	3.449618516342167	18.95	55
372	conventional	60	2	2	1.0015391678340584	6.3935410466234615	21.933333333333334	59
373	holistic	60	2	2	0.9360300383646051	3.405854585200046	19.65	56
373	conventional	60	2	2	0.878862496562325	3.116254458273005	21.916666666666668	56
374	holistic	60	2	2	0.9662027605562644	3.36823434822236	20.516666666666666	57
374	conventional	60	2	2	0.800644275464474	2.117065818893009	22.533333333333335	57
375	holistic	60	2	2	0.9966449799764836	3.4024515485975573	21.383333333333333	58
375	conventional	60	1	1	0.7404626129029496	1.6308862627829805	23.5	58
376	holistic	60	1	1	1.006325753945346	3.4948900372908156	22.316666666666666	59
376	conventional	60	3	3	0.8134565366608314	2.1701257372832714	24.35	59
377	holistic	60	2	2	0.9640647413078474	3.51764877773388	22.25	58
377	conventional	60	1	1	0.8671256161687292	2.260228359938992	24.35	58
378	holistic	60	0	0	0.936703040746791	3.3156428554536665	23.25	59
378	conventional	60	0	0	0.8796729967801035	1.7840086298665805	25.35	59
379	holistic	60	3	3	0.9434612037579296	3.187489392366429	23.116666666666667	59
379	conventional	60	3	3	0.8450572378978464	2.621353599044614	24.033333333333335	57
380	holistic	60	3	3	0.9160960700950163	3.222163844362362	22.85	59
380	conventional	60	0	0	0.8722908524643237	2.539952281987219	25.033333333333335	58
381	holistic	60	2	2	0.9274553570714904	3.205887647404108	22.783333333333335	54
381	conventional	60	0	0	0.8575025977429581	2.0889672242016672	26.033333333333335	59
382	holistic	60	2	2	0.9347617103577525	3.28200944211843	23.6	55
382	conventional	60	4	4	0.8108990486755634	2.0541796943794752	23.983333333333334	58
383	holistic	60	0	0	0.9218393431686371	3.1776454457895924	24.6	56
383	conventional	60	1	1	0.7388328881467813	1.9342537072569579	24.966666666666665	59
384	holistic	60	1	1	0.9436417798915046	3.2884560831190264	25.533333333333335	57
384	conventional	60	2	2	0.7638714496590315	2.232712371610549	24.933333333333334	58
385	holistic	60	2	2	0.9471940405611563	3.2321683181798035	26.1	58
385	conventional	60	0	0	0.7930400406083351	1.9589971657317156	25.933333333333334	59
386	holistic	60	4	4	0.940203760817747	3.141756120513667	26.433333333333334	59
386	conventional	60	1	1	0.7913626593437278	2.1872824303537444	25.933333333333334	58
387	holistic	60	1	1	1.0021701192386825	3.986088760104665	26.433333333333334	57
387	conventional	60	2	2	0.8011851587749578	2.1081994944947655	26.4	59
388	holistic	60	1	1	1.0594104031969664	3.306056534942167	27.366666666666667	58
388	conventional	60	1	1	0.767124940620522	1.9559720639225067	26.4	56
389	holistic	60	1	1	1.1176632549471195	2.9476217847466812	28.3	59
389	conventional	60	0	0	0.7877537764163556	2.210616147112305	27.4	57
390	holistic	60	2	2	1.0971705485756558	2.9069647870572632	27.3	58
390	conventional	60	1	1	0.8050377348689001	2.1434650153186494	28.35	58
391	holistic	60	1	1	1.1053893290993493	3.0028884938395786	28.233333333333334	59
391	conventional	60	2	2	0.7823156891953592	2.08551620428245	29.2	59
392	holistic	60	2	2	1.0591458154267732	3.0616025098074453	27.883333333333333	58
392	conventional	60	2	2	0.7649932852302274	1.9420011808047493	29.166666666666668	59
393	holistic	60	0	0	1.0486329648825614	3.025812372356391	28.883333333333333	59
393	conventional	60	2	2	0.7628475493557912	2.0138696704914034	29.133333333333333	58
394	holistic	60	3	3	1.0298677251426107	2.9921216225827694	27.816666666666666	59
394	conventional	60	1	1	0.8908229582474709	5.244201158031987	30.1	59
395	holistic	60	2	2	1.0569525958385586	2.9317810253198497	27.766666666666666	58
395	conventional	60	1	1	0.9493207257153582	4.268528815113937	30.1	57
396	holistic	60	0	0	1.0719829508734398	2.902642104721161	28.766666666666666	59
396	conventional	60	1	1	0.9140147004753926	2.5795904064972497	31.083333333333332	58
397	holistic	60	1	1	1.0738917888805715	2.848009968552469	28.766666666666666	59
397	conventional	60	0	0	0.8852105409045288	1.8290751182811058	32.083333333333336	59
398	holistic	60	3	3	1.036321795413951	2.769915813161925	27.7	59
398	conventional	60	4	4	0.844805996648312	1.8678116431547693	30.05	57
399	holistic	60	2	2	1.085497216341921	4.84281279260825	26.7	59
399	conventional	60	0	0	0.8829755308389143	2.2786406027860835	31.05	58
400	holistic	60	1	1	1.0693459251553634	3.3423355279043587	26.7	59
400	conventional	60	0	0	0.9483237401842685	2.2828183645316322	32.05	59
401	holistic	60	2	2	1.0373662912569368	2.8487726736540457	26.633333333333333	54
401	conventional	60	2	2	0.9236318097876937	2.614016778501131	32.0	59
402	holistic	60	0	0	1.0229305684515777	3.343476332907839	27.633333333333333	55
402	conventional	60	1	1	0.9238547464549387	3.0333641911690012	32.0	54
403	holistic	60	2	2	1.00778461866618	2.843405124224698	28.5	56
403	conventional	60	0	0	0.8772646428351208	2.2772820202717474	33.0	55
404	holistic	60	3	3	0.9765960663659048	2.7623286069955286	28.683333333333334	57
404	conventional	60	1	1	0.8603325489257546	2.447438606835718	33.13333333333333	56
405	holistic	60	1	1	1.0043296899342413	2.8094336741835932	29.616666666666667	58
405	conventional	60	1	1	0.8724741520034385	1.9975701296950137	34.016666666666666	57
406	holistic	60	1	1	1.000499165463081	2.811001226463742	30.416666666666668	59
406	conventional	60	0	0	0.9130660136772535	1.9344775020849638	35.016666666666666	58
407	holistic	60	3	3	1.0511876478083555	2.8438840309100706	30.15	59
407	conventional	60	0	0	0.9198444199540338	1.8967720568975028	36.016666666666666	59
408	holistic	60	3	3	1.077597861334635	3.0437914948444087	29.083333333333332	58
408	conventional	60	1	1	0.9138395914560107	1.7377965211603699	36.016666666666666	59
409	holistic	60	1	1	1.084240918713283	3.2979061699745142	29.266666666666666	59
409	conventional	60	1	1	0.9343538731518408	3.7061901346966777	36.016666666666666	59
410	holistic	60	3	3	1.070354784924798	3.5098918524341296	29.1	58
410	conventional	60	3	3	0.9475694990482414	3.144063744407149	34.016666666666666	59
411	holistic	60	1	1	1.0754846087714092	3.2281012452090607	30.033333333333335	59
411	conventional	60	2	2	0.942422955283617	3.191582028574605	33.85	58
412	holistic	60	2	2	1.1055353304129232	3.131580550737086	29.966666666666665	58
412	conventional	60	1	1	0.9622571166991464	3.690014310740928	34.81666666666667	59
413	holistic	60	0	0	1.1828954469269852	4.047558392163436	30.966666666666665	59
413	conventional	60	3	3	1.0182877178684304	3.20689932998559	32.81666666666667	59
414	holistic	60	3	3	1.1425075284469435	4.796954955204049	29.9	54
414	conventional	60	2	2	0.9807836179881696	2.6972018079078683	32.8	59
415	holistic	60	0	0	1.2304967799272604	4.630355443475309	30.9	55
415	conventional	60	5	5	0.8900659308958677	2.3904042147393243	29.783333333333335	57
416	holistic	60	1	1	1.2053158244422097	3.9403697587999074	31.833333333333332	56
416	conventional	60	2	2	1.0494494768564466	5.175114762482408	30.75	58
417	holistic	60	0	0	1.2075978870166524	3.6728254696817877	32.833333333333336	57
417	conventional	60	0	0	1.0284871326061158	3.3221705270849227	31.75	59
418	holistic	60	1	1	1.2087752397149563	3.464399039638637	33.7	58
418	conventional	60	4	4	0.9655699608731089	2.5139175964832634	31.633333333333333	58
419	holistic	60	0	0	1.151706040314174	3.197974626906677	34.7	59
419	conventional	60	1	1	0.8872086699278797	1.714055553711206	32.61666666666667	59
420	holistic	60	11	11	0.9269559250181856	3.161819829241739	24.7	58
420	conventional	60	14	14	0.761209453540624	1.8094256081897666	21.55	58
421	holistic	60	1	1	1.2814570965992735	5.843981592143206	25.65	59
421	conventional	60	2	2	0.9118801844585369	3.2699540175553925	22.483333333333334	59
422	holistic	60	2	2	1.1269254059474079	3.183054174001626	24.65	59
422	conventional	60	4	4	0.809287596859598	2.4361373145450234	22.383333333333333	58
423	holistic	60	1	1	1.1131911157333363	3.1772432529184726	24.65	59
423	conventional	60	2	2	1.0413303927206894	5.28556964834434	23.3	59
424	holistic	60	7	7	1.0698939941451626	2.8929712286014384	22.283333333333335	56
424	conventional	60	1	1	0.8804533558786942	2.772113010077084	23.3	55
425	holistic	60	0	0	1.109544019106336	2.940656198505398	23.283333333333335	57
425	conventional	60	5	5	0.8075037564638751	2.0349203480178857	23.85	56
426	holistic	60	1	1	1.0765040900678224	2.7397508072437775	24.183333333333334	58
426	conventional	60	2	2	0.8001231511122991	1.8930879307252528	24.65	57
427	holistic	60	1	1	1.0397307086348402	2.631872348504024	25.133333333333333	59
427	conventional	60	0	0	0.8472313929548968	2.3087577209747763	25.65	58
428	holistic	60	5	5	1.0023868706994044	2.588082190972897	23.0	56
428	conventional	60	2	2	0.8909597596011744	2.397487875554521	26.566666666666666	59
429	holistic	60	1	1	1.0617304488296027	2.7138431726486787	23.783333333333335	57
429	conventional	60	3	3	0.9835240336080963	3.5311311004314283	25.5	59
430	holistic	60	1	1	1.097420587117082	2.8457775018204585	24.716666666666665	58
430	conventional	60	3	3	0.9274083143925512	1.9905637586671063	23.5	59
431	holistic	60	1	1	1.100530415521994	2.9062863695500583	25.65	59
431	conventional	60	1	1	0.9472910693379432	1.7778763732968303	23.5	57
432	holistic	60	4	4	1.0667182392748904	2.9273660184804537	23.95	59
432	conventional	60	1	1	1.0790070316685423	5.406768727764678	24.4	58
433	holistic	60	1	1	1.0987668688269423	2.920931782169073	23.95	56
433	conventional	60	0	0	0.9927719944145478	3.4542842822034765	25.4	59
434	holistic	60	1	1	1.074435477399064	2.8454327928529537	24.883333333333333	57
434	conventional	60	1	1	0.9743252580661171	2.4634136148893275	25.4	59
435	holistic	60	1	1	1.0856212207889222	2.9534663047876935	25.766666666666666	58
435	conventional	60	1	1	0.9362959427595848	1.7288134705739366	25.4	59
436	holistic	60	4	4	1.0841735173271323	2.9769339027330526	26.433333333333334	59
436	conventional	60	3	3	0.8455538497350633	1.666895978544058	23.4	59
437	holistic	60	1	1	1.1086136481830131	2.922160908384756	26.433333333333334	58
437	conventional	60	1	1	0.85667098899975	1.635323206873942	23.4	58
438	holistic	60	0	0	1.073127581756343	2.895126923561309	27.433333333333334	59
438	conventional	60	2	2	0.9566736053453664	2.4274528866062486	24.05	59
439	holistic	60	4	4	1.0891839075141125	3.188613045208709	26.3	59
439	conventional	60	2	2	0.930028788474939	2.169085930313253	23.05	57
440	holistic	60	4	4	1.0662748776372175	3.488756619507075	26.1	59
440	conventional	60	0	0	0.9377271652110531	2.2589257125633924	24.05	58
441	holistic	60	1	1	1.126113109134587	3.5601300857778475	26.1	59
441	conventional	60	1	1	0.9147058923727814	1.7439522878607365	25.0	59
442	holistic	60	2	2	1.0898837472810812	3.363697530837077	26.066666666666666	57
442	conventional	60	1	1	0.9574468493014086	2.432759978987718	25.0	59
443	holistic	60	3	3	1.1322260497070038	3.877528165126315	26.866666666666667	58
443	conventional	60	1	1	0.9321977956510032	2.1318824757680503	25.0	59
444	holistic	60	1	1	1.2466668398677423	3.68860573389183	27.6	59
444	conventional	60	3	3	0.9210823971377284	2.1531987099049625	23.966666666666665	56
445	holistic	60	2	2	1.1637217579901038	3.443239493885659	27.533333333333335	59
445	conventional	60	1	1	0.8699528799376903	1.864338119349139	24.95	57
446	holistic	60	5	5	1.046543367470942	3.2387183222837805	24.466666666666665	58
446	conventional	60	0	0	0.9453470911291092	2.3724340921851854	25.95	58
447	holistic	60	1	1	1.0598734078655752	3.2194661980432153	25.4	59
447	conventional	60	2	2	0.9252107138623245	2.0902545568963062	26.633333333333333	59
448	holistic	60	2	2	1.1244944323534656	3.287510685988718	25.333333333333332	59
448	conventional	60	2	2	0.879090728376435	2.0225091608158103	26.566666666666666	57
449	holistic	60	3	3	1.0760411239871075	3.0937065095660983	25.2	59
449	conventional	60	0	0	1.0340769364669062	4.253488921400862	27.566666666666666	58
450	holistic	60	2	2	1.128278955877371	3.1606942311391197	25.133333333333333	59
450	conventional	60	1	1	1.0178875341613725	3.754702325085268	28.383333333333333	59
451	holistic	60	1	1	1.1334506170533207	3.052514937532049	25.133333333333333	59
451	conventional	60	2	2	1.028786587439207	3.589171216974169	28.1	59
452	holistic	60	2	2	1.1766819769513897	2.9562790918926507	25.083333333333332	57
452	conventional	60	2	2	1.0237615868898395	2.756315531173953	28.066666666666666	59
453	holistic	60	0	0	1.1407076165306924	2.8996502914306808	26.083333333333332	58
453	conventional	60	3	3	0.9399226268920294	2.0572596109273333	27.033333333333335	59
454	holistic	60	0	0	1.1898647816727028	2.898676740036033	27.083333333333332	59
454	conventional	60	3	3	0.8626669978569392	1.7679941110324016	26.416666666666668	56
455	holistic	60	3	3	1.2270729868380963	2.9298755373384657	26.75	57
455	conventional	60	1	1	1.032518828692	7.285042601140552	27.383333333333333	57
456	holistic	60	1	1	1.2774690082172206	2.8557863380079227	27.616666666666667	58
456	conventional	60	1	1	1.028912110698208	3.78208618536324	28.366666666666667	58
457	holistic	60	0	0	1.2495306254592369	3.0523841939316356	28.616666666666667	59
457	conventional	60	1	1	1.004650146972583	2.944280680116887	29.316666666666666	59
458	holistic	60	3	3	1.1000964441829937	3.0342878430117173	26.616666666666667	57
458	conventional	60	3	3	0.9696104525314028	2.7790382172540764	28.233333333333334	57
459	holistic	60	3	3	1.1001839655380246	2.963625980174083	27.383333333333333	58
459	conventional	60	1	1	0.9090077402306616	2.4827265609189935	29.216666666666665	58
460	holistic	60	0	0	1.1072038717789932	2.952980644837486	28.383333333333333	59
460	conventional	60	1	1	0.9676844005337482	2.1195922398430214	30.183333333333334	59
461	holistic	60	2	2	1.1267455400018593	3.102936703054612	28.183333333333334	57
461	conventional	60	1	1	1.0145999530074503	3.3760549405113682	30.183333333333334	59
462	holistic	60	3	3	1.2007591203089383	2.9933948440643063	29.0	58
462	conventional	60	2	2	0.9802666581247255	1.7510091656356002	30.133333333333333	58
463	holistic	60	0	0	1.295176896900435	3.9283590684968095	30.0	59
463	conventional	60	2	2	0.9975312301549396	2.760545516404173	31.033333333333335	59
464	holistic	60	1	1	1.218589001489041	3.0129448314715432	30.0	59
464	conventional	60	2	2	1.0077511641856098	2.3321071625145353	31.0	59
465	holistic	60	2	2	1.1656957390657385	3.045476432966249	29.933333333333334	58
465	conventional	60	1	1	1.032640507019802	3.323963074162058	31.0	57
466	holistic	60	2	2	1.1479307080250796	2.949999195953922	30.733333333333334	59
466	conventional	60	1	1	1.0192716691431989	2.655810788964648	31.95	58
467	holistic	60	2	2	1.1231594679271135	2.984170272355068	29.733333333333334	59
467	conventional	60	0	0	1.0059745939043054	2.0725113809574975	32.95	59
468	holistic	60	3	3	1.116983983255923	2.9755274412179484	28.666666666666668	59
468	conventional	60	1	1	0.9743031639405825	1.5582293965358003	32.95	59
469	holistic	60	1	1	1.0838371275019116	2.893596614894654	28.666666666666668	59
469	conventional	60	2	2	0.9679329619359756	1.6541905589328418	32.86666666666667	59
470	holistic	60	3	3	1.044881779077967	2.781826512709834	28.533333333333335	59
470	conventional	60	2	2	0.8991005403575401	1.5676105237103313	31.866666666666667	59
